2
3
5
6
8
9
11
12
13
14
15
16
17
18
19
20
21
22
24
25
26
27
28
33
35
38
55
58
59
62
63
64
65
66
67
68
69
70
71
73
74
75
76
77
78
79
80
81
82
83
85
86
87
88
89
90
91
92
93
94
95
96
97
98
99
100
101
102
103
104
105
106
107
109
110
111
112
113
114
115
116
117
118
120
121
122
123
124
125
126
127
128
129
132
133
134
135
136
137
138
139
140
141
142
143
144
145
146
147
148
149
150
152
153
154
155
156
157
158
159
160
161
162
163
164
165
166
168
169
170
171
172
173
174
175
176
177
178
179
180
182
183
184
185
186
187
189
190
191
192
193
194
195
196
197
198
199
200
201
203
204
205
206
207
211
212
213
214
215
216
217
218
219
220
221
222
223
224
225
226
227
228
229
231
232
233
234
235
236
237
238
239
240
241
242
243
244
245
246
247
248
249
250
251
252
253
254
255
256
257
258
259
260
261
262
265
266
267
268
269
270
271
272
273
274
275
276
277
278
279
280
281
284
285
286
287
288
289
290
291
292
293
294
296
297
298
299
300
301
302
303
306
307
308
309
310
311
312
313
315
316
317
318
319
320
321
322
326
327
329
330
331
332
333
334
335
336
337
338
339
340
341
342
343
344
345
346
347
348
349
350
351
363
364
377
378
379
380
381
383
387
388
389
390
391
392
393
395
396
397
398
400
401
402
403
404
405
406
407
408
409
410
411
414
415
419
421
422
423
424
425
426
427
428
429
430
431
433
434
435
436
437
438
439
440
441
442
445
446
451
452
453
454
455
457
458
459
460
462
464
465
466
467
468
469
470
471
473
475
476
479
480
481
482
483
488
489
490
491
492
493
494
496
497
499
500
501
502
503
504
505
506
507
508
509
510
511
512
513
521
522
523
524
525
526
527
530
531
532
533
534
535
536
537
538
539
540
541
542
543
544
546
547
548
549
550
551
552
553
554
555
557
558
559
560
561
562
563
564
565
567
568
570
571
572
573
574
575
576
577
578
579
580
581
582
583
584
585
586
587
588
590
591
592
593
594
595
596
597
598
599
600
601
602
603
604
605
606
607
608
609
612
613
614
615
616
617
618
619
620
621
622
623
624
625
626
627
628
629
630
631
632
633
634
635
636
637
638
639
640
641
642
643
644
646
647
648
649
651
652
653
654
655
657
658
659
660
661
662
663
664
665
666
668
669
670
671
672
673
674
675
676
677
678
679
680
681
682
685
686
687
688
689
690
691
692
693
694
695
696
697
698
699
700
701
703
704
705
706
707
708
709
710
711
712
713
714
742
743
744
745
746
747
750
751
752
753
754
755
756
757
758
759
760
761
762
763
764
765
766
767
768
769
770
771
772
773
774
775
776
777
778
779
780
781
782
783
784
785
786
787
788
789
790
791
792
793
794
795
796
797
798
799
800
801
802
803
804
805
806
807
808
809
810
811
812
813
814
815
816
817
818
819
820
821
822
823
824
825
826
827
828
829
830
831
832
833
834
836
837
838
839
840
841
842
843
844
845
846
847
848
849
850
851
852
853
854
855
856
857
858
859
860
861
862
863
864
865
866
867
868
869
870
871
872
873
874
875
877
878
879
880
881
882
883
884
885
886
887
888
889
890
891
892
893
894
895
896
897
898
899
900
901
902
903
904
905
906
907
908
909
910
911
912
913
914
916
917
918
919
920
921
922
923
924
925
926
927
928
929
930
931
932
933
934
936
938
939
940
941
942
943
944
946
947
948
949
950
951
953
954
955
956
957
961
962
963
964
965
966
967
968
975
976
977
978
979
980
981
982
983
984
985
986
987
988
989
990
991
992
993
994
995
996
1018
1023
1024
1039
1040
1049
1050
1051
1052
1058
1059
1073
1075
1088
1089
1090
1091
1092
1093
1103
1114
1115
1116
1123
1124
1125
1126
1127
1162
1163
1164
1165
1213
1244
1245
1246
1247
1248
1249
1250
1251
1252
1253
1254
1255
1256
1257
1259
1260
1262
1263
1264
1265
1266
1267
1268
1269
1271
1272
1273
1277
1278
1279
1280
1281
1282
1283
1284
1285
1294
1358
1359
1360
1361
1362
1363
1364
1365
1366
1367
1368
1369
1370
1371
1372
1373
1374
1375
1376
1377
1378
1379
1380
1381
1382
1386
1387
1388
1389
1391
1392
1393
1394
1396
1397
1398
1402
1403
1404
1405
1406
1407
1408
1410
1411
1412
1413
1414
1415
1416
1417
1418
1419
1420
1421
1422
1423
1424
1426
1427
1428
1429
1430
1433
1435
1436
1437
1438
1439
1440
1441
1442
1443
1444
1448
1450
1452
1479
1480
1481
1482
1483
1484
1485
1487
1488
1490
1491
1492
1493
1494
1495
1496
1497
1498
1499
1523
1534
1535
1537
1538
1539
1540
1541
1542
1543
1544
1546
1547
1548
1549
1550
1551
1552
1553
1554
1556
1557
1558
1559
1560
1561
1562
1563
1564
1566
1567
1568
1569
1571
1572
1573
1574
1577
1578
1579
1580
1581
1583
1584
1585
1586
1587
1588
1589
1590
1591
1592
1593
1594
1595
1596
1597
1598
1599
1600
1607
1608
1609
1610
1611
1612
1613
1615
1616
1618
1619
1620
1621
1622
1623
1624
1626
1627
1628
1629
1630
1631
1632
1633
1634
1635
1636
1637
1639
1640
1641
1642
1643
1644
1645
1646
1647
1648
1649
1650
1651
1652
1653
1654
1655
1656
1658
1659
1660
1661
1662
1663
1665
1666
1667
1669
1670
1672
1673
1675
1676
1677
1678
1679
1680
1682
1683
1684
1685
1686
1687
1688
1689
1690
1691
1693
1694
1696
1697
1698
1699
1700
1701
1702
1705
1710
1711
1712
1713
1714
1715
1716
1717
1718
1719
1720
1721
1722
1723
1724
1725
1726
1727
1729
1730
1731
1732
1734
1735
1736
1738
1739
1740
1770
1771
1772
1773
1774
1775
1776
1777
1778
1779
1781
1782
1783
1785
1786
1787
1788
1789
1790
1791
1792
1793
1802
1803
1807
1808
1809
1810
1811
1812
1813
1814
1815
1816
1817
1818
1819
1824
1825
1826
1829
1830
1831
1832
1833
1834
1835
1836
1837
1838
1839
1840
1841
1842
1843
1844
1845
1846
1847
1848
1849
1850
1851
1852
1853
1854
1855
1857
1858
1859
1860
1861
1862
1864
1865
1868
1870
1871
1872
1873
1874
1875
1876
1877
1878
1879
1880
1882
1883
1884
1885
1887
1888
1889
1890
1891
1892
1893
1894
1895
1896
1899
1900
1901
1902
1903
1904
1905
1906
1907
1908
1909
1910
1911
1912
1913
1914
1915
1918
1919
1920
1921
1922
1923
1924
1925
1926
1927
1930
1931
1933
1934
1935
1936
1937
1938
1939
1940
1941
1942
1943
1944
1945
1946
1947
1948
1949
1950
1951
1954
1955
1956
1957
1958
1959
1961
1962
1963
1964
1965
1966
1967
1968
1969
1970
1975
1976
1977
1978
1979
1980
1984
1985
1986
1987
1988
1989
1990
1991
1992
1993
1994
1995
1996
1997
1998
1999
2000
2001
2002
2003
2004
2005
2006
2007
2008
2009
2010
2011
2012
2013
2014
2015
2016
2017
2018
2019
2020
2021
2022
2023
2024
2025
2026
2028
2029
2030
2031
2032
2033
2034
2035
2036
2037
2038
2039
2042
2043
2044
2045
2046
2047
2048
2049
2054
2055
2056
2057
2058
2059
2060
2061
2062
2064
2065
2067
2069
2070
2071
2072
2074
2075
2076
2077
2078
2079
2080
2082
2083
2084
2085
2086
2087
2088
2089
2090
2091
2092
2093
2094
2095
2096
2097
2098
2099
2100
2101
2102
2103
2105
2106
2107
2108
2110
2111
2112
2114
2115
2116
2117
2118
2119
2120
2122
2123
2124
2125
2126
2131
2132
2133
2134
2135
2136
2137
2138
2139
2140
2141
2142
2143
2144
2145
2148
2149
2151
2152
2153
2154
2155
2156
2157
2160
2161
2162
2163
2164
2165
2166
2168
2169
2170
2171
2172
2173
2175
2176
2177
2178
2179
2180
2181
2182
2183
2184
2185
2186
2187
2188
2189
2191
2192
2193
2194
2195
2196
2197
2198
2199
2200
2202
2203
2204
2205
2206
2207
2209
2210
2211
2212
2213
2214
2215
2216
2217
2218
2219
2220
2221
2222
2223
2225
2226
2227
2228
2229
2231
2232
2233
2234
2235
2236
2237
2238
2239
2240
2241
2242
2244
2245
2246
2247
2249
2250
2251
2252
2253
2254
2255
2257
2258
2259
2260
2261
2262
2263
2264
2265
2266
2267
2268
2269
2270
2274
2275
2277
2280
2282
2284
2285
2286
2287
2288
2289
2290
2291
2292
2293
2294
2295
2296
2297
2298
2299
2300
2301
2302
2303
2304
2306
2307
2309
2310
2311
2312
2313
2314
2316
2318
2319
2320
2321
2322
2323
2324
2325
2330
2331
2332
2333
2334
2335
2336
2337
2346
2348
2349
2355
2357
2358
2359
2360
2362
2363
2370
2371
2373
2374
2375
2376
2377
2378
2379
2380
2381
2382
2383
2385
2386
2387
2388
2389
2390
2391
2392
2393
2394
2395
2397
2398
2399
2400
2401
2402
2405
2410
2411
2412
2414
2415
2416
2417
2428
2429
2430
2431
2433
2435
2436
2437
2438
2440
2441
2442
2443
2444
2447
2448
2449
2452
2453
2454
2455
2456
2457
2459
2460
2462
2463
2464
2469
2470
2486
2487
2493
2501
2502
2503
2516
2517
2525
2526
2527
2528
2536
2537
2538
2539
2546
2565
2566
2567
2574
2575
2576
2577
2587
2588
2593
2594
2604
2605
2608
2609
2610
2611
2612
2613
2614
2616
2617
2619
2620
2621
2623
2625
2636
2637
2639
2640
2642
2644
2645
2646
2647
2648
2649
2652
2654
2655
2657
2661
2662
2665
2666
2667
2668
2669
2671
2672
2674
2675
2687
2690
2692
2694
2696
2698
2700
2701
2702
2703
2707
2712
2718
2719
2721
2722
2728
2731
2732
2734
2735
2740
2742
2747
2748
2749
2750
2751
2752
2753
2754
2755
2756
2757
2758
2759
2760
2761
2762
2764
2767
2768
2769
2770
2771
2772
2773
2774
2775
2776
2777
2778
2779
2784
2786
2787
2788
2789
2790
2791
2792
2793
2796
2797
2798
2800
2802
2804
2805
2807
2813
2814
2815
2817
2819
2820
2821
2824
2830
2832
2837
2840
2841
2844
2845
2846
2847
2848
2849
2851
2852
2854
2855
2856
2857
2858
2859
2860
2861
2863
2882
2887
2890
2891
2892
2893
2894
2895
2896
2897
2898
2899
2900
2901
2903
2907
2908
2909
2911
2912
2914
2922
2923
2924
2925
2926
2927
2928
2929
2956
2957
2958
2959
2960
2961
2962
2963
2964
2965
2967
2968
2969
2970
2971
2972
2973
2974
2976
2977
2978
2979
2981
2982
2983
2984
2985
2986
2987
2988
2989
2990
2991
2992
2993
2994
2995
2996
2997
2998
3001
3002
3003
3004
3006
3007
3008
3009
3010
3011
3012
3013
3014
3015
3016
3017
3019
3021
3022
3023
3024
3025
3026
3027
3028
3029
3030
3031
3032
3033
3034
3035
3036
3037
3040
3041
3042
3043
3048
3049
3050
3051
3052
3053
3054
3055
3056
3059
3060
3061
3062
3063
3064
3065
3066
3067
3068
3069
3070
3071
3072
3073
3074
3075
3076
3077
3078
3079
3080
3081
3082
3083
3084
3085
3086
3087
3088
3089
3090
3092
3093
3094
3095
3096
3097
3098
3099
3100
3101
3102
3103
3104
3105
3107
3109
3110
3111
3112
3113
3114
3115
3116
3117
3118
3119
3121
3122
3124
3125
3126
3127
3131
3132
3133
3134
3144
3145
3146
3147
3148
3149
3150
3151
3152
3159
3160
3161
3162
3163
3164
3165
3166
3168
3170
3171
3172
3173
3174
3175
3176
3177
3178
3179
3199
3200
3201
3202
3203
3204
3205
3206
3208
3209
3210
3214
3215
3216
3217
3218
3286
3287
3288
3290
3291
3293
3305
3306
3309
3343
3344
3345
3346
3347
3348
3349
3350
3351
3361
3396
3397
3398
3399
3400
3401
3402
3403
3404
3405
3406
3407
3408
3409
3410
3411
3412
3413
3414
3416
3417
3418
3419
3420
3421
3422
3423
3424
3425
3426
3427
3432
3437
3469
3470
3471
3472
3473
3474
3475
3476
3477
3478
3479
3480
3481
3482
3483
3484
3485
3486
3488
3489
3490
3508
3509
3510
3511
3512
3513
3514
3515
3516
3517
3518
3519
3520
3521
3522
3523
3524
3525
3526
3527
3528
3529
3536
3537
3538
3539
3540
3541
3542
3543
3544
3545
3546
3547
3548
3549
3554
3555
3556
3557
3558
3559
3560
3561
3562
3563
3564
3565
3572
3573
3574
3575
3576
3577
3578
3579
3580
3581
3582
3583
3584
3585
3586
3587
3588
3589
3590
3591
3592
3593
3594
3595
3596
3597
3598
3602
3603
3604
3631
3632
3635
3638
3640
3641
3679
3681
3682
3683
3684
3685
3686
3687
3688
3689
3690
3691
3692
3693
3694
3695
3696
3697
3698
3699
3700
3701
3716
3717
3763
3764
3766
3767
3777
3780
3782
3783
3784
3785
3786
3787
3845
3846
3851
3865
3866
3867
3870
3875
3877
3899
3901
3902
3920
3921
3922
3923
3924
3929
3930
3931
3933
3934
3935
3936
3937
3938
3939
3940
3941
3942
3943
3944
3959
3960
3961
3962
3966
3967
3968
3969
3970
3976
3977
3978
3979
3980
3981
3982
3983
3984
3985
3986
3987
3988
3989
4011
4012
4023
4024
4025
4031
4032
4033
4034
4043
4044
4049
4050
4051
4073
4104
4105
4106
4107
4108
4110
4111
4112
4113
4114
4132
4133
4134
4140
4141
4146
4147
4148
4153
4154
4155
4156
4157
4162
4169
4170
4171
4173
4174
4175
4176
4179
4180
4181
4182
4191
4192
4193
4194
4195
4196
4199
4201
4202
4203
4204
4205
4208
4213
4217
4226
4227
4228
4229
4230
4231
4232
4233
4234
4235
4237
4238
4239
4240
4241
4242
4243
4244
4247
4248
4249
4250
4251
4252
4253
4254
4255
4256
4257
4258
4260
4261
4266
4267
4268
4269
4270
4271
4272
4279
4281
4282
4283
4284
4285
4286
4287
4288
4289
4290
4291
4292
4295
4296
4297
4300
4307
4311
4322
4323
4324
4325
4326
4327
4337
4338
4339
4344
4347
4348
4349
4351
4352
4364
4365
4366
4367
4368
4369
4370
4371
4373
4374
4375
4376
4377
4378
4379
4380
4382
4383
4384
4386
4387
4391
4393
4394
4395
4396
4397
4398
4399
4402
4407
4408
4410
4412
4413
4415
4416
4419
4421
4423
4435
4436
4437
4439
4440
4441
4442
4443
4451
4452
4453
4454
4455
4457
4458
4459
4460
4461
4462
4463
4464
4465
4466
4467
4470
4474
4475
4476
4477
4478
4480
4481
4482
4483
4484
4485
4486
4489
4494
4495
4496
4497
4498
4499
4500
4501
4507
4512
4513
4515
4516
4517
4518
4519
4520
4523
4526
4527
4528
4529
4532
4533
4534
4535
4536
4537
4538
4539
4540
4541
4542
4543
4544
4546
4547
4550
4551
4552
4553
4554
4555
4556
4557
4558
4559
4560
4561
4562
4564
4565
4566
4567
4568
4569
4570
4571
4572
4573
4574
4578
4579
4580
4584
4587
4588
4592
4593
4595
4597
4599
4610
4611
4612
4613
4614
4615
4616
4627
4628
4629
4630
4633
4635
4638
4639
4641
4643
4644
4645
4652
4653
4654
4655
4656
4657
4658
4659
4660
4676
4678
4679
4680
4681
4682
4683
4684
4685
4688
4689
4695
4700
4701
4702
4703
4704
4705
4706
4707
4708
4709
4710
4719
4722
4723
4727
4728
4729
4730
4731
4732
4733
4734
4735
4736
4738
4739
4746
4747
4750
4762
4764
4765
4766
4767
4771
4772
4780
4781
4782
4785
4786
4787
4788
4789
4790
4791
4792
4798
4799
4800
4806
4807
4808
4809
4813
4814
4815
4816
4820
4822
4823
4824
4825
4826
4832
4834
4835
4836
4837
4838
4839
4840
4841
4857
4858
4868
4879
4880
4881
4882
4883
4885
4886
4887
4888
4889
4890
4893
4896
4897
4898
4899
4900
4901
4902
4903
4909
4910
4911
4912
4913
4916
4917
4918
4921
4922
4923
4924
4925
4926
4927
4928
4929
4930
4931
4932
4933
4934
4936
4937
4938
4939
4940
4942
4944
4946
4947
4948
4949
4950
4951
4952
4953
4954
4955
4956
4958
4959
4960
4961
4962
4963
4964
4965
4966
4967
4968
4970
4971
4972
4973
4974
4975
4976
4977
4978
4979
4981
4982
4983
4984
4985
4986
4987
4988
4989
4990
4991
4992
4993
4995
4996
4997
4998
4999
5000
5001
5002
5003
5004
5033
5034
5035
5036
5037
5038
5040
5041
5046
5047
5048
5049
5050
5051
5052
5053
5054
5055
5056
5057
5058
5060
5061
5062
5063
5064
5065
5066
5067
5068
5070
5071
5072
5073
5074
5075
5076
5077
5078
5079
5080
5081
5082
5083
5084
5085
5086
5087
5121
5122
5123
5124
5125
5126
5127
5128
5137
5139
5143
5144
5145
5146
5147
5150
5151
5152
5153
5155
5156
5157
5161
5165
5168
5171
5172
5174
5175
5176
5177
5178
5179
5181
5182
5183
5184
5185
5186
5187
5188
5201
5203
5204
5205
5206
5227
5228
5229
5232
5233
5234
5235
5236
5237
5241
5243
5244
5245
5246
5247
5248
5249
5252
5255
5256
5257
5258
5259
5261
5263
5279
5282
5284
5286
5289
5302
5319
5332
5333
5334
5335
5336
5338
5353
5354
5375
5393
5413
5421
5422
5424
5425
5434
5442
5445
5458
5459
5460
5461
5462
5463
5464
5465
5469
5470
5471
5472
5473
5479
5481
5482
5483
5484
5485
5486
5488
5489
5491
5492
5493
5494
5495
5497
5501
5503
5506
5507
5508
5509
5510
5511
5513
5514
5515
5516
5517
5518
5519
5520
5521
5522
5523
5524
5525
5526
5527
5528
5544
5546
5548
5549
5550
5551
5552
5558
5559
5562
5589
5590
5591
5592
5593
5594
5595
5596
5597
5598
5599
5600
5601
5602
5606
5608
5609
5618
5619
5620
5621
5622
5623
5624
5625
5626
5630
5631
5632
5634
5635
5636
5637
5638
5640
5642
5643
5645
5646
5647
5649
5650
5651
5652
5653
5655
5656
5657
5658
5660
5661
5662
5669
5674
5675
5676
5677
5678
5679
5680
5683
5684
5686
5688
5689
5690
5691
5692
5693
5694
5698
5699
5700
5701
5702
5704
5706
5707
5708
5709
5710
5711
5714
5715
5716
5717
5718
5719
5720
5721
5722
5723
5724
5725
5726
5727
5728
5729
5730
5731
5732
5733
5734
5735
5741
5742
5743
5744
5745
5746
5747
5748
5749
5750
5751
5752
5753
5754
5755
5756
5757
5759
5760
5761
5762
5763
5764
5765
5766
5767
5768
5770
5771
5772
5773
5774
5776
5777
5778
5780
5781
5796
5799
5800
5801
5802
5803
5804
5805
5816
5817
5818
5820
5822
5825
5826
5828
5829
5830
5831
5832
5833
5834
5835
5839
5840
5842
5843
5844
5845
5846
5848
5849
5850
5851
5852
5853
5854
5855
5856
5857
5858
5859
5868
5869
5870
5871
5873
5874
5875
5876
5879
5881
5886
5887
5888
5889
5890
5891
5892
5893
5894
5896
5897
5898
5899
5900
5901
5902
5905
5906
5909
5910
5911
5912
5913
5914
5915
5916
5917
5919
5920
5921
5922
5923
5924
5925
5926
5927
5928
5929
5930
5931
5932
5933
5935
5936
5937
5938
5939
5941
5950
5951
5952
5953
5954
5955
5956
5957
5958
5959
5960
5961
5965
5966
5967
5968
5969
5970
5971
5972
5973
5990
5991
5992
5994
5995
5996
5998
5999
6000
6001
6002
6003
6004
6005
6006
6007
6008
6009
6010
6011
6012
6013
6014
6016
6017
6018
6019
6020
6021
6022
6023
6026
6027
6028
6029
6030
6032
6037
6038
6056
6057
6058
6059
6060
6068
6069
6071
6072
6073
6074
6075
6076
6077
6078
6079
6080
6081
6083
6103
6104
6105
6106
6107
6108
6109
6110
6112
6114
6115
6116
6117
6118
6122
6123
6124
6131
6145
6146
6147
6148
6149
6153
6154
6155
6156
6158
6159
6160
6162
6163
6165
6166
6167
6168
6169
6171
6172
6173
6174
6175
6176
6177
6178
6179
6180
6181
6182
6183
6185
6186
6187
6196
6200
6202
6203
6204
6205
6206
6207
6208
6209
6210
6213
6214
6215
6216
6217
6222
6224
6225
6226
6227
6228
6230
6231
6232
6233
6236
6264
6277
6278
6279
6281
6282
6283
6296
6304
6309
6310
6312
6317
6318
6319
6322
6334
6335
6341
6346
6359
6360
6361
6363
6364
6365
6366
6367
6368
6369
6372
6373
6374
6382
6383
6384
6385
6386
6391
6393
6396
6397
6398
6399
6400
6401
6404
6414
6415
6416
6417
6418
6420
6435
6436
6439
6440
6441
6442
6443
6444
6460
6461
6462
6463
6464
6465
6466
6467
6468
6469
6470
6471
6472
6473
6474
6476
6477
6478
6479
6480
6485
6486
6487
6488
6489
6497
6498
6499
6500
6501
6502
6509
6510
6511
6512
6513
6514
6519
6520
6521
6523
6524
6525
6526
6528
6529
6535
6536
6537
6538
6547
6548
6552
6553
6554
6556
6557
6558
6575
6578
6580
6581
6582
6584
6585
6587
6588
6589
6590
6591
6592
6593
6603
6608
6609
6610
6614
6615
6618
6619
6620
6621
6623
6624
6628
6630
6632
6633
6634
6635
6636
6637
6639
6641
6643
6644
6645
6646
6647
6656
6658
6663
6687
6688
6689
6690
6691
6692
6693
6695
6696
6697
6699
6703
6715
6720
6723
6733
6792
6793
6794
6795
6844
6845
6877
6878
6881
6882
6883
6884
6905
6913
6914
6915
6916
6917
6933
6934
6935
6936
6945
6946
6947
6948
6949
6950
6951
6955
6956
6957
6958
6959
6960
6961
6962
6963
6964
6965
6966
6967
6968
6969
6970
6971
6972
6973
6974
6975
6976
6977
6978
6979
6980
6981
6982
6983
6984
7006
7007
7008
7009
7010
7011
7012
7014
7015
7057
7070
7085
7088
7090
7091
7092
7093
7095
7131
7177
7178
7180
7181
7182
7183
7191
7193
7210
7211
7213
7214
7215
7216
7217
7218
7219
7220
7227
7228
7229
7230
7233
7234
7237
7249
7266
7267
7268
7269
7270
7271
7272
7273
7274
7275
7276
7277
7278
7279
7280
7281
7282
7288
7289
7290
7291
7292
7294
7295
7296
7297
7298
7299
7300
7301
7302
7303
7304
7305
7325
7326
7327
7340
7341
7342
7343
7344
7345
7346
7347
7348
7349
7350
7351
7353
7364
7392
7442
7443
7445
7446
7449
7450
7451
7452
7453
7454
7456
7457
7458
7459
7460
7461
7462
7483
7484
7485
7500
7501
7502
7504
7506
7507
7508
7509
7510
7511
7512
7513
7514
7515
7516
7517
7518
7520
7547
7548
7549
7550
7551
7552
7553
7554
7555
7734
7735
7736
7737
7738
7797
7837
7839
7840
7857
7858
7859
7860
7861
7862
7863
7864
7865
7866
7867
7868
7869
7870
7871
7872
7873
7874
7913
7914
7915
7916
7942
7944
7972
7973
7974
7975
7978
7979
7980
7981
7983
7984
7985
7987
7988
7992
8005
8007
8008
8009
8010
8011
8012
8014
8015
8016
8017
8043
8044
8045
8046
8047
8048
8049
8051
8052
8053
8054
8055
8056
8057
8059
8060
8061
8062
8063
8064
8065
8066
8067
8068
8069
8070
8071
8072
8073
8074
8075
8076
8077
8078
8079
8080
8088
8089
8090
8092
8093
8094
8095
8128
8129
8130
8141
8143
8144
8193
8194
8195
8197
8198
8199
8200
8201
8202
8204
8205
8208
8209
8211
8212
8213
8214
8216
8217
8219
8220
8221
8222
8223
8224
8247
8265
8266
8267
8268
8269
8270
8271
8272
8273
8274
8275
8276
8277
8279
8280
8281
8282
8283
8284
8285
8286
8287
8288
8289
8290
8291
8292
8293
8316
8317
8319
8321
8324
8325
8326
8327
8328
8329
8332
8333
8336
8337
8338
8340
8342
8343
8344
8345
8346
8347
8348
8349
8351
8352
8353
8355
8356
8357
8358
8359
8363
8366
8367
8368
8370
8371
8372
8373
8374
8379
8380
8382
8383
8386
8387
8388
8390
8391
8392
8393
8394
8398
8400
8408
8409
8410
8413
8414
8415
8416
8417
8418
8419
8420
8421
8422
8424
8425
8426
8427
8428
8429
8430
8434
8435
8436
8437
8438
8439
8440
8441
8442
8443
8444
8445
8446
8447
8452
8453
8456
8457
8460
8461
8462
8463
8464
8465
8467
8468
8469
8470
8471
8487
8488
8489
8490
8491
8494
8512
8536
8545
8546
8555
8556
8557
8558
8583
8584
8585
8587
8588
8592
8602
8617
8618
8619
8643
8644
8645
8646
8648
8649
8651
8652
8653
8656
8664
8665
8668
8669
8672
8675
8676
8680
8681
8688
8689
8690
8691
8692
8693
8694
8696
8697
8698
8699
8701
8703
8704
8705
8736
8737
8738
8739
8740
8741
8743
8744
8745
8747
8748
8749
8764
8765
8766
8767
8768
8769
8770
8771
8772
8773
8776
8777
8778
8779
8780
8781
8784
8785
8809
8810
8813
8814
8816
8818
8820
8821
8827
8831
8832
8833
8834
8835
8836
8837
8838
8839
8840
8841
8842
8843
8844
8845
8846
8847
8848
8849
8850
8851
8852
8853
8854
8856
8859
8860
8863
8866
8867
8868
8869
8870
8871
8872
8873
8874
8875
8877
8878
8879
8880
8881
8882
8883
8884
8885
8886
8887
8888
8889
8890
8891
8892
8893
8895
8896
8897
8898
8899
8900
8901
8902
8903
8904
8905
8906
8907
8908
8909
8910
8913
8914
8915
8916
8920
8922
8923
8925
8926
8927
8928
8929
8930
8931
8932
8933
8934
8935
8937
8938
8939
8940
8941
8942
8943
8944
8947
8948
8951
8952
8953
8954
8959
8960
8961
8963
8964
8965
8966
8967
8968
8970
8972
8973
8974
8975
8976
8977
8978
8980
8981
8982
8983
8984
8985
8986
8987
8988
8989
8990
8991
8992
8995
8996
8997
8998
8999
9003
9005
9007
9008
9009
9010
9011
9012
9013
9016
9017
9021
9022
9023
9024
9025
9026
9027
9028
9029
9030
9031
9032
9033
9034
9035
9036
9037
9038
9039
9040
9041
9042
9043
9044
9045
9047
9048
9050
9051
9052
9053
9054
9056
9057
9058
9059
9060
9061
9062
9063
9064
9065
9066
9067
9069
9070
9071
9072
9073
9074
9075
9076
9077
9078
9079
9080
9081
9082
9084
9085
9086
9089
9090
9091
9092
9093
9095
9096
9097
9098
9099
9100
9101
9102
9103
9104
9208
9252
9254
9255
9256
9257
9258
9259
9260
9261
9262
9263
9264
9265
9266
9267
9268
9269
9270
9271
9272
9273
9274
9275
9276
9277
9278
9279
9280
9281
9282
9283
9284
9285
9286
9287
9288
9289
9290
9291
9292
9293
9294
9295
9296
9297
9298
9299
9300
9301
9302
9303
9304
9305
9306
9308
9310
9311
9312
9313
9314
9315
9316
9317
9318
9319
9320
9321
9322
9323
9325
9326
9327
9330
9331
9333
9334
9335
9336
9337
9339
9340
9341
9342
9343
9344
9345
9346
9347
9348
9349
9350
9352
9353
9354
9355
9356
9357
9358
9359
9360
9361
9362
9364
9366
9367
9368
9369
9370
9371
9372
9373
9374
9375
9377
9378
9379
9381
9382
9383
9384
9385
9386
9387
9388
9389
9390
9391
9392
9393
9394
9395
9396
9397
9398
9399
9400
9401
9402
9403
9404
9405
9406
9407
9408
9409
9410
9411
9412
9413
9414
9415
9416
9417
9418
9419
9420
9421
9422
9423
9424
9425
9426
9427
9428
9429
9430
9431
9432
9433
9434
9437
9438
9439
9440
9441
9442
9443
9444
9445
9446
9447
9448
9449
9450
9451
9452
9453
9454
9455
9456
9458
9459
9460
9461
9462
9463
9464
9465
9466
9468
9469
9470
9471
9472
9473
9474
9475
9476
9477
9478
9479
9480
9481
9482
9483
9486
9487
9488
9489
9490
9491
9493
9494
9495
9496
9497
9499
9501
9502
9503
9504
9506
9507
9508
9509
9510
9511
9512
9513
9514
9515
9516
9517
9519
9520
9522
9523
9524
9526
9527
9528
9529
9530
9531
9532
9533
9534
9535
9536
9537
9538
9539
9540
9541
9542
9543
9544
9545
9546
9547
9548
9549
9550
9551
9552
9553
9554
9555
9556
9557
9558
9559
9560
9561
9562
9563
9564
9565
9566
9567
9568
9569
9570
9571
9572
9573
9574
9576
9577
9579
9580
9581
9582
9583
9584
9585
9586
9587
9588
9589
9591
9592
9593
9594
9595
9596
9597
9598
9599
9600
9601
9602
9603
9604
9605
9606
9607
9608
9609
9610
9611
9612
9613
9614
9615
9616
9617
9618
9619
9620
9621
9622
9623
9624
9625
9626
9627
9628
9629
9630
9631
9632
9633
9634
9635
9636
9637
9638
9639
9640
9641
9642
9643
9644
9645
9646
9647
9648
9650
9651
9652
9653
9654
9655
9656
9657
9659
9660
9662
9663
9664
9665
9666
9667
9669
9671
9672
9673
9674
9675
9676
9677
9678
9679
9680
9681
9682
9683
9684
9685
9686
9687
9688
9689
9690
9691
9692
9693
9694
9695
9696
9697
9698
9699
9701
9702
9703
9704
9705
9706
9707
9708
9709
9710
9711
9713
9714
9715
9716
9717
9718
9719
9721
9722
9724
9725
9726
9727
9728
9729
9730
9731
9732
9736
9737
9738
9739
9740
9741
9742
9745
9746
9748
9749
9750
9751
9753
9754
9755
9756
9757
9759
9760
9761
9762
9763
9764
9765
9766
9767
9768
9769
9770
9771
9772
9773
9774
9775
9776
9777
9778
9779
9781
9782
9783
9784
9785
9786
9787
9788
9789
9791
9792
9793
9794
9796
9797
9798
9799
9800
9801
9802
9803
9804
9805
9806
9807
9809
9810
9812
9813
9814
9815
9816
9817
9819
9820
9821
9822
9823
9824
9825
9826
9828
9829
9830
9832
9833
9834
9835
9836
9837
9838
9839
9840
9841
9842
9843
9844
9845
9846
9847
9849
9867
9868
9869
9870
9871
9872
9873
9874
9875
9876
9877
9878
9879
9880
9881
9882
9883
9884
9885
9886
9889
9890
