1005059
1005060
1005061
1005062
1005063
1005064
1005065
1005066
1005067
1005068
1005069
100507
1005070
1005071
1005072
1005076
1005077
1005078
1005079
1005080
1005081
1005082
1005083
1005084
1005085
1005086
1005087
1005088
1005089
1005090
1005091
1005092
1005093
1005094
1005096
1005098
10051
100510
1005100
1005101
1005102
1005103
1005104
1005105
1005106
1005107
1005108
1005109
1005111
1005112
1005113
1005114
1005115
1005116
1005117
1005118
1005119
100512
1005120
1005121
1005122
1005123
1005124
1005125
1005126
1005127
1005128
1005129
100513
1005130
1005131
1005132
1005133
1005136
1005137
100514
1005140
1005141
1005142
1005143
1005144
1005145
1005146
1005147
1005148
1005149
1005150
1005151
1005152
1005153
1005154
1005155
1005156
1005157
1005158
1005159
100516
1005160
1005161
1005162
1005163
1005164
1005165
1005166
1005167
1005168
1005169
1005170
1005171
1005172
1005173
1005174
1005175
1005176
1005177
1005178
1005179
1005180
1005181
1005182
1005183
1005184
1005185
1005186
1005187
1005188
1005189
1005190
1005191
1005192
1005193
1005194
1005195
1005196
1005197
1005198
1005199
10052
1005200
1005201
1005202
1005203
1005204
1005205
1005206
1005207
1005208
1005209
100521
1005210
1005211
1005212
1005213
1005214
1005215
1005216
1005217
1005218
1005219
1005220
1005221
1005222
1005223
1005224
1005225
1005226
1005227
1005228
1005229
100523
1005230
1005231
1005232
1005233
1005235
1005236
1005237
1005238
1005239
1005240
1005241
1005242
1005243
1005244
1005245
1005246
1005247
1005248
1005249
1005250
1005251
1005252
1005253
1005254
1005255
1005256
1005257
1005258
1005259
100526
1005260
1005261
1005262
1005263
1005264
1005265
1005266
1005268
1005269
100527
1005270
1005271
1005272
1005273
1005274
1005275
1005276
1005277
1005278
1005279
100528
1005280
1005281
1005282
1005283
1005284
1005285
1005286
1005287
1005288
1005289
100529
1005290
1005291
1005292
1005293
1005295
1005297
1005298
1005299
10053
100530
1005300
1005301
1005302
1005303
1005304
1005305
1005306
1005307
1005308
1005309
1005311
1005312
1005313
1005314
1005315
1005316
1005317
1005318
1005319
100532
1005320
1005321
1005322
1005323
1005324
1005325
1005326
1005327
1005328
1005329
1005330
1005332
1005333
1005334
1005335
1005338
1005339
1005340
1005341
1005342
1005343
1005344
1005345
1005346
1005347
1005348
1005349
1005350
1005351
1005352
1005353
1005354
1005355
1005356
1005357
100536
1005360
1005361
1005362
1005363
1005364
1005365
1005366
1005367
1005368
1005369
1005370
1005371
1005373
1005374
1005375
1005376
1005377
1005378
1005379
1005380
1005381
1005382
1005384
1005385
1005386
1005387
1005388
1005389
100539
1005390
1005391
1005392
1005393
1005394
1005395
1005396
1005397
1005398
1005399
10054
100540
1005400
1005402
1005403
1005404
1005405
1005406
1005407
1005408
1005409
100541
1005410
1005411
1005412
1005413
1005414
1005415
1005416
1005417
1005418
1005419
100542
1005420
1005421
1005422
1005423
1005424
1005425
1005426
1005427
1005428
1005429
1005430
1005431
1005433
1005434
1005435
1005436
1005437
1005438
1005439
100544
1005440
1005441
1005442
1005443
1005444
1005445
1005446
1005447
1005448
1005449
100545
1005450
1005451
1005452
1005453
1005454
1005455
1005457
1005458
1005459
100546
1005460
1005461
1005462
1005463
1005464
1005465
1005466
1005467
1005468
1005469
1005470
1005471
1005472
1005473
1005474
1005475
1005476
1005477
1005478
1005479
1005480
1005481
1005482
1005483
1005484
1005485
1005486
1005487
1005488
1005489
1005490
1005491
1005492
1005493
1005494
1005495
1005496
1005497
1005498
1005499
10055
1005500
1005501
1005502
1005503
1005504
1005505
1005507
1005508
1005509
100551
1005510
1005511
1005512
1005513
1005514
1005515
1005516
1005517
1005518
1005519
1005520
1005522
1005523
1005524
1005526
1005527
1005528
1005529
100553
1005531
1005532
1005533
1005534
1005535
1005537
1005538
1005539
100554
1005540
1005541
1005542
1005544
1005545
1005546
1005547
1005548
1005549
1005551
1005552
1005553
1005554
1005555
1005556
1005557
1005558
1005559
100556
1005560
1005561
1005562
1005563
1005564
1005565
1005566
1005567
1005568
1005569
100557
1005570
1005571
1005572
1005573
1005575
1005576
1005577
1005578
1005579
100558
1005580
1005581
1005582
1005584
1005585
1005587
1005589
1005590
1005591
1005592
1005593
1005595
1005596
1005597
1005598
1005599
10056
100560
1005600
1005601
1005602
1005604
1005606
1005607
1005608
1005609
1005610
1005612
1005613
1005614
1005615
1005616
1005617
1005618
1005619
100562
1005620
1005621
1005622
1005623
1005624
1005625
1005626
1005628
1005629
1005630
1005631
1005632
1005633
1005634
1005636
1005637
1005639
100564
1005640
1005641
1005642
1005643
1005644
1005645
1005646
1005647
1005648
1005649
100565
1005650
1005651
1005652
1005653
1005654
1005655
1005656
1005657
1005658
1005659
100566
1005660
1005661
1005662
1005663
1005664
1005665
1005666
1005667
1005668
1005669
1005670
1005671
1005672
1005673
1005674
1005675
1005676
1005677
1005678
1005679
100568
1005680
1005681
1005682
1005683
1005684
1005685
1005686
1005687
1005688
1005689
1005691
1005692
1005693
1005694
1005695
1005696
1005697
1005698
1005699
10057
100570
1005700
1005701
1005702
1005705
1005706
1005707
1005708
1005711
1005713
1005714
1005715
1005716
1005719
1005720
1005722
1005723
1005724
1005725
1005726
1005727
1005728
1005729
100573
1005730
1005731
1005732
1005733
1005734
1005735
1005736
1005737
1005739
1005740
1005741
1005742
1005743
1005744
1005745
1005746
1005747
1005748
1005749
100575
1005750
1005751
1005752
1005753
1005754
1005756
1005757
1005758
1005759
1005760
1005761
1005762
1005763
1005764
1005765
1005766
1005767
1005768
1005769
1005770
1005771
1005772
1005773
1005774
1005775
1005776
1005777
1005778
1005779
1005780
1005781
1005782
1005783
1005784
1005785
1005787
1005788
1005789
1005790
1005791
1005792
1005793
1005794
1005795
1005796
1005797
1005799
1005800
1005801
1005802
1005803
1005804
1005805
1005806
1005807
1005808
1005809
1005810
1005811
1005812
1005813
1005814
1005815
1005816
1005818
1005819
1005820
1005821
1005822
1005824
1005825
1005828
1005829
100583
1005830
1005833
1005835
1005836
1005837
1005838
1005839
1005840
1005841
1005842
1005843
1005846
1005847
1005849
1005851
1005852
1005853
1005854
1005855
1005856
1005858
1005859
100586
1005860
1005861
1005862
1005863
1005864
1005865
1005866
1005867
1005868
1005869
100587
1005870
1005871
1005872
1005873
1005874
1005875
1005876
1005877
1005878
1005879
1005880
1005881
1005882
1005883
1005884
1005885
1005886
1005887
1005888
1005889
100589
1005890
1005891
1005892
1005893
1005894
1005895
1005896
1005897
1005898
1005899
100590
1005900
1005901
1005902
1005903
1005904
1005905
1005906
1005907
1005908
1005909
1005910
1005911
1005912
1005913
1005914
1005915
1005916
1005917
1005918
1005919
100592
1005920
1005921
1005922
1005923
1005924
1005925
1005926
1005927
1005928
1005929
1005930
1005931
1005932
1005934
1005935
1005937
1005938
1005939
100594
1005940
1005942
1005943
1005944
1005945
1005946
1005948
1005949
1005950
1005951
1005952
1005953
1005954
1005955
1005956
1005957
1005958
1005959
1005960
1005961
1005964
1005965
1005966
1005967
1005968
1005969
1005970
1005971
1005972
1005973
1005974
1005975
1005976
1005977
1005978
1005979
100598
1005980
1005981
1005982
1005983
1005984
1005985
1005988
1005989
100599
1005991
1005992
1005993
1005994
1005995
1005996
1005997
1005998
1005999
10060
100600
1006000
1006001
1006002
1006003
1006004
1006005
1006006
1006008
1006009
1006010
1006011
1006012
1006013
1006014
1006015
1006016
1006017
1006019
100602
1006020
1006022
1006023
1006024
1006025
1006026
1006027
1006028
1006029
1006030
1006031
1006032
1006033
1006034
1006035
1006036
1006037
1006038
1006039
1006040
1006041
1006042
1006044
1006045
1006046
1006047
1006048
1006049
100605
1006051
1006052
1006053
1006054
1006055
1006056
1006057
1006058
1006059
1006060
1006061
1006062
1006063
1006064
1006065
1006066
1006067
1006068
1006069
100607
1006070
1006071
1006072
1006073
1006074
1006075
1006076
1006077
1006078
1006079
100608
1006080
1006081
1006082
1006083
1006084
1006085
1006086
1006087
1006088
1006089
1006090
1006091
1006092
1006093
1006096
1006097
1006098
1006099
10061
1006100
1006102
1006103
1006104
1006105
1006106
1006107
1006108
1006109
1006110
1006112
1006113
1006115
1006116
1006117
1006118
1006119
1006120
1006121
1006122
1006123
1006124
1006125
1006126
1006127
1006128
1006129
100613
1006130
1006131
1006132
1006133
1006134
1006135
1006136
1006137
1006138
1006139
1006140
1006141
1006142
1006143
1006144
1006145
1006146
1006147
1006148
1006149
100615
1006151
1006152
1006153
1006154
1006157
1006158
1006159
1006160
1006161
1006162
1006163
1006164
1006165
1006168
1006169
100617
1006170
1006171
1006172
1006173
1006174
1006175
1006176
1006177
1006178
1006179
1006180
1006181
1006182
1006183
1006185
1006186
1006187
1006188
1006189
1006190
1006191
1006192
1006193
1006194
1006195
1006196
1006197
1006198
1006199
10062
1006200
1006201
1006202
1006203
1006204
1006205
1006206
1006207
1006208
1006209
1006210
1006211
1006212
1006213
1006214
1006215
1006216
1006218
1006219
1006220
1006221
1006222
1006223
1006224
1006225
1006227
1006228
1006229
1006231
1006232
1006234
1006235
1006236
1006237
1006238
1006239
1006240
1006241
1006242
1006243
1006244
1006245
1006246
1006248
1006249
100625
1006250
1006252
1006253
1006254
1006255
1006257
1006258
100626
1006260
1006261
1006262
1006263
1006264
1006265
1006266
1006267
1006268
1006269
100627
1006270
1006271
1006272
1006273
1006274
1006275
1006276
1006277
1006280
1006282
1006284
1006285
1006286
1006289
100629
1006292
1006293
1006294
1006295
1006296
1006297
1006298
1006299
10063
1006300
1006301
1006302
1006303
1006304
1006305
1006306
1006307
1006309
100631
1006310
1006311
1006312
1006313
1006314
1006315
1006316
1006317
1006318
1006319
100632
1006320
1006321
1006322
1006323
1006324
1006325
1006326
1006327
1006328
1006329
100633
1006330
1006332
1006333
1006334
1006335
1006336
100634
1006341
1006342
1006343
1006344
1006345
1006346
1006347
1006348
1006349
100635
1006350
1006351
1006352
1006353
1006354
1006355
1006356
1006357
1006358
1006359
100636
1006360
1006361
1006362
1006364
1006365
1006366
1006367
1006368
1006369
1006370
1006371
1006372
1006373
1006374
1006375
1006376
1006377
1006378
1006379
100638
1006380
1006381
1006382
1006383
1006384
1006385
1006386
1006387
1006388
1006389
100639
1006390
1006391
1006392
1006393
1006394
1006395
1006396
1006397
1006398
1006399
10064
100640
1006400
1006401
1006402
1006403
1006404
1006405
1006406
1006407
1006408
1006409
1006410
1006411
1006413
1006414
1006415
1006416
1006417
1006418
1006419
100642
1006420
1006421
1006422
1006423
1006424
1006425
1006426
1006427
1006428
1006429
1006430
1006431
1006432
1006433
1006434
1006435
1006436
1006437
1006438
1006439
1006440
1006441
1006442
1006443
1006444
1006445
1006446
1006447
1006448
1006449
1006450
1006451
1006452
1006453
1006454
1006455
1006456
1006458
1006459
1006461
1006462
1006463
1006464
1006465
1006466
1006467
1006468
1006469
1006470
1006471
1006472
1006473
1006474
1006475
1006476
1006477
1006478
1006479
1006480
1006481
1006482
1006483
1006484
1006485
1006486
1006488
1006489
1006490
1006491
1006492
1006493
1006494
1006495
1006496
1006497
1006498
10065
1006502
1006503
1006504
1006505
1006506
1006507
1006508
1006510
1006513
1006514
1006515
1006516
1006517
1006518
1006519
1006520
1006521
1006523
1006524
1006525
1006526
1006527
1006528
1006529
1006530
1006531
1006532
1006533
1006534
1006537
1006538
1006539
100654
1006540
1006541
1006542
1006543
1006544
1006545
1006547
1006548
1006550
1006551
1006552
1006553
1006554
1006555
1006556
1006557
1006558
1006559
100656
1006560
1006561
1006562
1006563
1006564
1006565
1006566
1006567
1006568
100657
1006570
1006571
1006572
1006573
1006574
1006575
1006576
1006577
1006579
1006580
1006581
1006582
1006583
1006585
1006586
1006587
1006588
1006589
1006590
1006591
1006593
1006594
1006595
1006596
1006597
1006598
1006599
10066
1006600
1006601
1006602
1006603
1006604
1006605
1006606
1006607
1006608
1006609
100661
1006610
1006611
1006612
1006613
1006614
1006615
1006616
1006617
1006618
1006619
100662
1006620
1006622
1006623
1006624
1006625
1006626
1006627
1006628
1006629
100663
1006630
1006631
1006633
1006634
1006635
1006636
1006637
1006638
1006639
1006640
1006641
1006643
1006644
1006645
1006646
1006647
1006648
1006650
1006651
1006652
1006653
1006654
1006655
1006656
1006657
1006658
1006659
100666
1006660
1006661
1006662
1006663
1006664
1006665
1006666
1006667
1006668
1006669
1006671
1006672
1006673
1006674
1006675
1006676
1006677
1006679
100668
1006680
1006681
1006682
1006683
1006684
1006685
1006686
1006688
1006689
100669
1006690
1006691
1006693
1006694
1006695
1006696
1006697
1006698
1006699
10067
100670
1006700
1006701
1006702
1006703
1006705
1006706
1006709
100671
1006710
1006711
1006712
1006713
1006714
1006715
1006716
1006717
1006719
100672
1006721
1006724
1006725
1006726
1006727
1006728
1006729
100673
1006730
1006731
1006732
1006733
1006734
1006736
1006737
1006738
1006739
1006740
1006741
1006742
1006743
1006744
1006745
1006746
1006747
1006749
1006750
1006751
1006752
1006753
1006754
1006756
1006757
1006758
1006759
1006760
1006761
1006762
1006763
1006764
1006765
1006766
1006767
1006768
1006769
1006770
1006771
1006772
1006773
1006774
1006775
1006777
1006778
1006779
1006780
1006781
1006782
1006783
1006784
1006785
1006786
1006787
1006788
1006789
100679
1006790
1006791
1006792
1006793
1006794
1006795
1006796
1006797
1006798
1006799
10068
1006800
1006803
1006804
1006805
1006806
1006807
1006808
1006809
100681
1006810
1006811
1006812
1006813
1006814
1006815
1006816
1006817
1006818
1006819
1006820
1006821
1006822
1006823
1006824
1006825
1006826
1006827
1006828
1006829
100683
1006830
1006831
1006832
1006833
1006834
1006835
1006836
1006837
1006838
1006839
100684
1006840
1006841
1006843
1006844
1006845
1006846
1006847
1006848
100685
1006850
1006851
1006852
1006853
1006854
1006855
1006857
1006859
1006860
1006861
1006862
1006863
1006864
1006865
1006866
1006867
1006868
1006869
1006870
1006871
1006873
1006874
1006876
1006877
1006879
100688
1006880
1006881
1006882
1006883
1006884
1006885
1006886
1006887
1006888
1006889
100689
1006890
1006891
1006892
1006893
1006894
1006895
1006896
1006897
1006898
1006899
10069
1006901
1006902
1006903
1006904
1006905
1006906
1006907
1006908
1006909
1006910
1006911
1006912
1006913
1006914
1006915
1006916
1006917
1006920
1006921
1006922
1006923
1006924
1006925
1006926
1006927
1006928
1006929
1006930
1006931
1006932
1006934
1006935
1006936
1006937
1006938
1006939
1006940
1006941
1006942
1006943
1006944
1006945
1006946
1006947
1006948
1006949
1006950
1006951
1006952
1006953
1006954
1006955
1006956
1006957
1006958
1006959
1006960
1006961
1006962
1006963
1006964
1006965
1006966
1006967
1006968
1006969
100697
1006970
1006971
1006972
1006973
1006975
1006976
1006977
1006978
1006980
1006981
1006983
1006984
1006985
1006986
1006987
1006988
1006989
100699
1006990
1006991
1006992
1006993
1006994
1006995
1006996
1006997
1006998
1006999
10070
1007000
1007001
1007002
1007003
1007007
1007009
1007011
1007012
1007013
1007014
1007015
1007016
1007017
1007018
1007019
100702
1007020
1007021
1007022
1007023
1007024
1007025
1007026
1007027
1007028
1007029
1007030
1007032
1007034
1007035
1007037
1007038
1007039
1007040
1007041
1007042
1007043
1007044
1007045
1007046
1007047
1007048
1007049
100705
1007051
1007052
1007053
1007054
1007055
1007056
1007057
1007058
1007059
1007060
1007061
1007062
1007063
1007064
1007065
1007066
1007067
1007068
1007069
100707
1007071
1007072
1007073
1007074
1007075
1007077
1007078
1007079
100708
1007080
1007081
1007082
1007083
1007084
1007086
1007087
1007088
1007089
1007090
1007091
1007092
1007093
1007095
1007096
1007097
1007098
1007099
10071
100710
1007101
1007102
1007103
1007104
1007105
1007106
1007107
1007108
100711
1007110
1007111
1007112
1007113
1007114
1007115
1007116
1007117
1007118
1007119
100712
1007120
1007121
1007122
1007125
1007126
1007127
1007128
1007129
1007130
1007131
1007132
1007133
1007136
1007137
1007138
1007139
100714
1007140
1007142
1007143
1007144
1007145
1007146
1007147
1007148
1007149
1007150
1007151
1007152
1007153
1007154
1007155
1007156
1007157
1007158
1007159
1007160
1007161
1007162
1007163
1007164
1007165
1007166
1007167
1007169
100717
1007170
1007171
1007172
1007173
1007174
1007175
1007176
1007177
1007178
1007179
100718
1007180
1007181
1007182
1007183
1007184
1007185
1007186
1007188
1007189
1007190
1007191
1007192
1007193
1007194
1007195
1007196
1007197
1007198
1007199
10072
1007201
1007202
1007203
1007204
1007205
1007206
1007207
1007208
1007209
1007210
1007211
1007212
1007213
1007214
1007215
1007216
1007217
1007218
1007219
1007220
1007221
1007222
1007223
1007224
1007225
1007226
1007228
1007229
100723
1007230
1007231
1007232
1007233
1007234
1007235
1007236
1007237
1007238
1007239
100724
1007240
1007241
1007242
1007243
1007244
1007245
1007246
1007247
1007248
1007249
1007250
1007251
1007252
1007253
1007254
1007255
1007256
1007257
1007258
1007259
1007260
1007262
1007263
1007264
1007266
1007267
1007268
1007269
1007270
1007271
1007272
1007273
1007274
1007275
1007276
1007277
1007278
100728
1007280
1007281
1007282
1007283
1007284
1007285
1007286
1007287
1007289
1007290
1007291
1007292
1007293
1007294
1007295
1007296
1007297
1007298
1007299
10073
100730
1007300
1007301
1007302
1007303
1007304
1007305
1007306
1007307
1007308
1007309
1007310
1007311
1007312
1007313
1007314
1007315
1007316
1007317
1007318
1007319
1007320
1007321
1007322
1007323
1007324
1007325
1007326
1007327
1007328
1007330
1007331
1007332
1007333
1007334
1007336
1007337
1007340
1007341
1007343
1007344
1007345
1007346
1007347
1007348
1007349
1007350
1007351
1007352
1007355
1007357
1007358
1007359
1007360
1007361
1007362
1007363
1007364
1007365
1007366
1007367
1007368
1007369
1007370
1007371
1007372
1007373
1007374
1007375
1007376
1007377
1007378
1007379
100738
1007380
1007381
1007382
1007383
1007384
1007385
1007386
1007387
1007388
1007389
100739
1007390
1007391
1007393
1007394
1007395
1007396
1007397
1007398
1007399
10074
100740
1007400
1007401
1007402
1007403
1007404
1007405
1007406
1007407
1007408
1007409
1007410
1007411
1007412
1007413
1007414
1007415
1007416
1007417
1007418
1007419
100742
1007420
1007421
1007423
1007424
1007425
1007427
1007429
100743
1007430
1007431
1007434
1007435
1007436
1007437
100744
1007440
1007441
1007442
1007443
1007446
1007447
1007448
1007449
1007450
1007451
1007453
1007454
1007455
1007456
1007457
1007458
1007459
100746
1007460
1007461
1007462
1007463
1007464
1007465
1007466
1007467
1007468
1007469
100747
1007470
1007471
1007472
1007473
1007475
1007476
1007477
1007478
1007479
1007480
1007481
1007482
1007483
1007484
1007485
1007486
1007488
1007489
1007490
1007491
1007492
1007493
1007494
1007495
1007496
10075
100750
1007500
1007501
1007502
1007503
1007504
1007505
1007506
1007507
1007508
1007509
1007510
1007511
1007512
1007513
1007514
1007515
1007516
1007517
1007518
1007519
1007520
1007521
1007522
1007523
1007524
1007525
1007526
1007527
1007528
1007529
100753
1007530
1007531
1007532
1007533
1007534
1007535
1007536
1007537
1007538
1007539
100754
1007540
1007542
1007543
1007545
1007546
1007547
1007548
1007549
100755
1007550
1007551
1007552
1007553
1007554
1007555
1007556
1007557
1007558
1007559
1007560
1007561
1007562
1007563
1007564
1007565
1007566
1007567
1007568
1007569
100757
1007570
1007572
1007574
1007575
1007577
1007579
1007580
1007581
1007582
1007583
1007584
1007585
1007587
1007588
1007589
1007590
1007591
1007592
1007593
1007594
1007595
1007596
1007598
1007599
10076
1007601
1007603
1007604
1007607
100761
1007610
1007611
1007613
1007614
1007615
1007616
1007617
1007618
1007619
100762
1007620
1007621
1007622
1007623
1007624
1007625
1007626
1007627
1007628
1007629
1007630
1007631
1007632
1007633
1007634
1007635
1007636
1007637
1007638
100764
1007640
1007641
1007642
1007644
1007645
1007646
1007647
1007648
1007649
100765
1007650
1007651
1007652
1007653
1007654
1007655
1007656
1007657
1007658
1007659
1007660
1007661
1007662
1007663
1007664
1007665
1007666
1007667
1007668
1007669
100767
1007670
1007671
1007672
1007673
1007674
1007675
1007676
1007677
1007678
1007679
100768
1007680
1007681
1007682
1007683
1007684
1007685
1007686
1007687
1007688
1007689
100769
1007690
1007691
1007692
1007693
1007694
1007695
1007696
1007697
1007698
1007699
10077
1007700
1007702
1007703
1007704
1007705
1007706
1007707
1007708
1007709
100771
1007710
1007711
1007712
1007713
1007714
1007715
1007716
1007717
1007718
1007719
1007720
1007721
1007722
1007723
1007724
1007725
1007726
1007729
1007730
1007731
1007732
1007733
1007734
1007735
1007736
1007737
1007738
1007739
1007740
1007741
1007742
1007744
1007745
1007746
1007747
1007748
1007749
100775
1007750
1007751
1007752
1007753
1007754
1007755
1007756
1007757
1007758
1007759
100776
1007760
1007762
1007763
1007764
1007765
1007766
1007767
1007768
1007769
1007770
1007771
1007772
1007773
1007774
1007775
1007776
1007777
1007778
1007779
1007780
1007781
1007782
1007783
1007784
1007785
1007786
1007787
1007788
1007789
100779
1007790
1007791
1007792
1007793
1007794
1007795
1007796
1007797
1007798
1007799
1007800
1007801
1007802
1007803
1007804
1007805
1007806
1007807
1007808
1007809
1007810
1007811
1007812
1007813
1007815
1007816
1007817
1007818
1007819
100782
1007820
1007821
1007822
1007823
1007824
1007825
1007826
1007827
1007828
1007829
100783
1007830
1007832
1007833
1007834
1007835
1007836
1007837
1007838
1007839
100784
1007840
1007841
1007842
1007843
1007845
1007846
1007847
1007848
1007849
1007850
1007851
1007852
1007854
1007855
1007856
1007857
1007858
1007859
100786
1007860
1007862
1007863
1007864
1007865
1007866
1007867
1007868
1007869
1007870
1007871
1007872
1007873
1007874
1007875
1007877
1007878
1007879
100788
1007880
1007881
1007882
1007883
1007885
1007887
1007888
1007889
1007890
1007891
1007892
1007894
1007895
1007896
1007897
1007898
10079
1007900
1007901
1007902
1007904
1007906
1007907
1007908
1007909
100791
1007910
1007911
1007912
1007913
1007914
1007915
1007916
1007917
1007918
1007919
100792
1007920
1007921
1007922
1007924
1007926
1007927
1007928
1007929
1007930
1007931
1007932
1007933
1007935
1007936
1007937
1007938
1007939
100794
1007940
1007941
1007942
1007943
1007944
1007945
1007946
1007948
1007949
1007951
1007952
1007953
1007954
1007955
1007956
1007957
1007958
1007959
100796
1007960
1007961
1007962
1007963
1007965
1007966
1007967
1007968
1007969
1007970
1007971
1007972
1007973
1007974
1007975
1007976
1007977
1007978
1007979
1007980
1007981
1007982
1007983
1007984
1007985
1007986
1007987
1007988
1007989
100799
1007990
1007991
1007992
1007993
1007994
1007995
1007996
1007997
1007999
10080
1008000
1008001
1008002
1008003
1008004
1008006
1008007
1008008
1008009
100801
1008010
1008011
1008012
1008013
1008014
1008015
1008016
1008017
1008018
1008019
1008020
1008021
1008022
1008023
1008024
1008025
1008026
1008027
1008028
1008029
100803
1008030
1008031
1008032
1008033
1008034
1008035
1008037
1008038
1008039
1008040
1008041
1008042
1008043
1008044
1008046
1008048
100805
1008051
1008052
1008053
1008054
1008055
1008056
1008057
1008059
1008060
1008061
1008062
1008063
1008064
1008065
1008067
1008068
1008069
100807
1008071
1008072
1008073
1008075
1008076
1008077
1008078
1008079
1008080
1008081
1008082
1008086
1008088
1008090
1008091
1008092
1008093
1008094
1008095
1008096
1008097
1008098
10081
1008101
1008102
1008103
1008104
1008105
1008107
1008108
1008109
100811
1008110
1008112
1008113
1008114
1008115
1008116
100812
1008120
1008123
1008124
1008126
1008127
1008128
1008129
100813
1008130
1008131
1008132
1008133
1008134
1008135
1008136
1008138
1008139
100814
1008140
1008141
1008142
1008143
1008144
1008145
1008146
1008147
1008148
100815
1008151
1008152
1008153
1008154
1008155
1008156
1008157
1008158
1008161
1008162
1008163
1008164
1008165
1008166
1008167
1008168
1008169
100817
1008170
1008171
1008172
1008173
1008174
1008175
1008176
1008177
1008178
1008179
100818
1008181
1008182
1008183
1008184
1008185
1008187
1008189
100819
1008191
1008192
1008193
1008194
1008195
1008197
1008198
1008199
100820
1008200
1008201
1008202
1008203
1008204
1008205
1008206
1008207
1008208
1008209
100821
1008210
1008211
1008212
1008213
1008214
1008215
1008216
1008217
1008218
1008219
1008220
1008221
1008222
1008224
1008225
1008226
1008227
1008228
1008229
100823
1008230
1008232
1008233
1008234
1008235
1008236
1008237
1008238
100824
1008240
1008241
1008242
1008243
1008244
1008245
1008246
1008247
1008248
1008249
100825
1008250
1008251
1008253
1008254
1008255
1008256
1008257
1008258
1008259
1008260
1008261
1008262
1008263
1008265
1008266
1008267
1008268
1008269
100827
1008270
1008271
1008272
1008273
1008274
1008275
1008276
1008279
100828
1008280
1008281
1008282
1008283
1008284
1008285
1008286
1008287
1008288
1008289
100829
1008291
1008293
1008294
1008295
1008296
1008297
1008298
1008299
10083
100830
1008300
1008301
1008302
1008303
1008304
1008305
1008306
1008307
1008308
1008309
1008310
1008311
1008312
1008313
1008314
1008315
1008316
1008317
1008318
1008319
1008320
1008321
1008322
1008324
1008325
1008326
1008327
1008328
1008329
100833
1008330
1008331
1008332
1008333
1008334
1008335
1008336
1008337
1008338
1008339
100834
1008340
1008341
1008343
1008344
1008345
1008346
1008347
1008348
1008349
1008350
1008351
1008353
1008354
1008355
1008356
1008357
1008358
100836
1008360
1008361
1008363
1008364
1008365
1008366
1008367
1008368
1008369
1008370
1008371
1008372
1008373
1008374
1008375
1008376
1008377
1008378
1008379
100838
1008380
1008381
1008382
1008383
1008384
1008385
1008386
1008387
1008388
1008389
100839
1008390
1008392
1008393
1008395
1008396
1008397
1008398
1008399
10084
1008400
1008401
1008402
1008404
1008406
1008407
1008408
1008409
100841
1008412
1008413
1008414
1008415
1008416
1008418
100842
1008420
1008421
1008422
1008423
1008424
1008425
1008427
1008429
1008430
1008431
1008432
1008433
1008434
1008435
1008436
1008437
1008438
1008439
1008440
1008441
1008442
1008443
1008444
1008445
1008446
1008447
1008448
1008449
1008451
1008452
1008454
1008455
1008456
1008457
1008458
1008459
1008460
1008461
1008462
1008463
1008464
1008465
1008466
1008467
1008468
1008469
1008470
1008471
1008472
1008473
1008474
1008475
1008476
1008477
1008478
1008479
1008480
1008481
1008482
1008483
1008484
1008485
1008486
1008487
1008488
1008489
100849
1008490
1008491
1008492
1008493
1008494
1008495
1008496
1008497
1008498
1008499
10085
100850
1008500
1008501
1008502
1008503
1008504
1008505
1008506
1008507
1008508
1008509
1008510
1008511
1008512
1008513
1008514
1008515
1008516
1008517
1008518
1008519
100852
1008520
1008521
1008522
1008523
1008524
1008525
1008527
1008528
1008529
1008530
1008531
1008532
1008533
1008534
1008535
1008536
1008537
1008538
1008539
100854
1008542
1008543
1008544
1008545
1008546
1008547
1008548
1008549
1008550
1008551
1008552
1008553
1008554
1008555
1008556
1008557
1008558
1008559
100856
1008560
1008561
1008562
1008563
1008564
1008565
1008566
1008567
1008568
1008569
100857
1008570
1008571
1008572
1008573
1008574
1008575
1008576
1008577
1008578
1008579
100858
1008580
1008581
1008582
1008583
1008584
1008586
1008587
1008588
1008589
1008590
1008591
1008592
1008593
1008594
1008595
1008596
1008597
1008598
1008599
10086
1008600
1008601
1008602
1008603
1008604
1008605
1008606
1008607
1008608
1008609
1008610
1008611
1008612
1008614
1008615
1008616
1008617
1008618
1008619
100862
1008621
1008622
1008623
1008624
1008626
1008627
1008628
1008629
1008630
1008631
1008632
1008633
1008635
1008637
1008638
1008639
1008640
1008641
1008642
1008644
1008645
1008646
1008647
1008648
1008649
1008650
1008651
1008652
1008653
1008654
1008655
1008656
1008657
1008658
1008659
100866
1008660
1008661
1008662
1008663
1008664
1008666
1008667
1008668
1008669
1008670
1008671
1008672
1008673
1008674
1008675
1008676
1008677
1008678
1008679
100868
1008680
1008681
1008682
1008683
1008684
1008685
1008686
1008687
1008688
1008689
1008690
1008691
1008692
1008693
1008694
1008695
1008696
1008697
1008698
10087
1008700
1008701
1008703
1008704
1008706
1008707
1008708
1008709
100871
1008710
1008711
1008712
1008713
1008714
1008716
1008717
1008718
1008719
100872
1008720
1008721
1008722
1008723
1008724
1008725
1008726
1008727
1008729
1008730
1008731
1008732
1008733
1008734
1008735
1008737
1008738
1008739
1008740
1008741
1008742
1008743
1008744
1008745
1008746
1008747
1008748
1008749
100875
1008750
1008751
1008752
1008753
1008754
1008755
1008756
1008757
1008758
1008759
100876
1008760
1008761
1008763
1008764
1008765
1008766
1008768
100877
1008771
1008772
1008773
1008774
1008775
1008776
1008777
1008779
1008780
1008781
1008782
1008784
1008785
1008786
1008787
1008788
1008789
100879
1008790
1008791
1008792
1008793
1008794
1008795
1008796
1008797
1008798
1008799
10088
1008800
1008801
1008802
1008803
1008804
1008805
1008806
1008807
1008808
1008809
100881
1008811
1008812
1008813
1008814
1008815
1008816
1008817
1008818
1008819
1008820
1008821
1008822
1008823
1008824
1008825
1008826
1008827
1008828
1008829
1008831
1008832
1008833
1008834
1008835
1008836
1008837
1008838
1008839
1008840
1008841
1008842
1008843
1008845
1008846
1008847
1008848
1008849
1008850
1008851
1008852
1008853
1008854
1008856
1008857
1008858
1008860
1008862
1008863
1008864
1008865
1008866
1008867
1008868
1008869
100887
1008870
1008871
1008872
1008873
1008874
1008875
1008876
1008877
1008878
1008879
100888
1008880
1008881
1008882
1008883
1008884
1008885
1008886
1008887
1008888
1008889
100889
1008890
1008891
1008892
1008893
1008894
1008895
1008896
1008897
1008899
10089
1008900
1008901
1008902
1008903
1008904
1008905
1008906
1008907
1008912
1008913
1008915
1008917
1008918
1008922
1008923
1008924
1008925
1008926
1008927
1008928
1008929
100893
1008930
1008931
1008932
1008933
1008934
1008935
1008936
1008937
1008939
1008940
1008941
1008942
1008943
1008944
1008945
1008946
1008947
1008948
1008949
100895
1008950
1008951
1008953
1008955
1008956
1008957
1008958
1008959
1008960
1008961
1008963
1008964
1008965
1008966
1008967
1008968
1008969
1008970
1008971
1008972
1008974
1008975
1008976
1008977
1008978
1008979
100898
1008980
1008981
1008983
1008985
1008989
1008990
1008991
1008992
1008993
1008994
1008995
1008996
1008997
1008998
1008999
10090
100900
1009000
1009001
1009002
1009003
1009004
1009005
1009006
1009007
1009008
1009009
100901
1009010
1009011
1009012
1009013
1009014
1009015
1009016
1009017
1009018
1009019
1009020
1009021
1009022
1009023
1009024
1009025
1009026
1009028
1009029
100903
1009030
1009031
1009033
1009034
1009036
1009037
1009038
1009039
100904
1009040
1009041
1009042
1009043
1009045
1009046
1009047
1009048
1009050
1009051
1009052
1009053
1009055
1009056
1009057
1009058
1009059
1009060
1009061
1009062
1009064
1009065
1009066
1009067
1009069
1009070
1009071
1009072
1009073
1009074
1009075
1009076
1009077
1009078
1009079
1009080
1009081
1009082
1009083
1009084
1009085
1009086
1009087
1009088
1009089
100909
1009090
1009091
1009092
1009093
1009094
1009095
1009096
1009097
1009098
1009099
10091
100910
1009100
1009101
1009102
1009103
1009104
1009105
1009109
1009110
1009111
1009112
1009113
1009114
1009115
1009116
1009117
1009118
1009119
1009120
1009121
1009122
1009123
1009124
1009125
1009126
1009127
1009128
1009129
1009130
1009131
1009132
1009133
1009134
1009135
1009136
1009137
1009138
1009139
100914
1009140
1009141
1009142
1009143
1009144
1009145
1009146
1009148
1009149
100915
1009150
1009151
1009152
1009153
1009154
1009155
1009156
1009157
1009158
1009159
1009160
1009161
1009162
1009163
1009164
1009165
1009166
1009167
1009168
1009169
1009170
1009171
1009172
1009173
1009174
1009175
1009176
1009177
1009178
1009179
1009180
1009181
1009182
1009183
1009184
1009185
1009186
1009187
1009189
100919
1009190
1009191
1009192
1009193
1009194
1009195
1009196
1009197
1009198
1009199
10092
1009200
1009201
1009202
1009203
1009204
1009205
1009206
1009207
1009208
1009209
1009210
1009211
1009213
1009214
1009215
1009216
1009217
1009218
1009219
100922
1009220
1009221
1009222
1009223
1009224
1009225
1009227
1009228
1009229
100923
1009230
1009231
1009232
1009233
1009234
1009235
1009236
1009237
1009238
1009239
1009240
1009241
1009242
1009243
1009244
1009246
1009247
1009248
1009249
100925
1009250
1009251
1009252
1009253
1009254
1009255
1009256
1009257
1009258
1009259
1009260
1009261
1009262
1009263
1009264
1009266
1009267
1009268
1009269
1009270
1009271
1009272
1009274
1009275
1009276
1009277
1009278
1009279
1009280
1009281
1009282
1009283
1009284
1009285
1009286
1009287
1009288
1009289
100929
1009290
1009291
1009292
1009293
1009294
1009295
1009296
1009297
1009299
10093
1009300
1009301
1009302
1009303
1009304
1009305
1009306
1009307
1009308
1009309
100931
1009310
1009311
1009312
1009313
1009314
1009315
1009316
1009317
1009318
1009319
1009320
1009321
1009322
1009323
1009324
1009325
1009326
1009327
1009328
1009329
1009330
1009331
1009332
1009333
1009334
1009338
1009339
1009342
1009343
1009344
1009345
1009348
1009349
1009350
1009353
1009354
1009355
1009356
1009357
1009358
1009359
1009360
1009361
1009362
1009363
1009364
1009365
1009366
1009367
1009368
1009369
1009370
1009371
1009372
1009373
1009374
1009375
1009376
1009377
1009378
1009379
1009380
1009381
1009382
1009383
1009384
1009385
1009386
1009387
1009388
1009390
1009391
1009392
1009393
1009394
1009395
1009396
1009397
1009398
1009399
10094
1009400
1009401
1009402
1009403
1009404
1009405
1009406
1009407
1009409
100941
1009410
1009411
1009412
1009413
1009414
1009415
1009416
1009417
1009418
1009420
1009421
1009422
1009423
1009424
1009425
1009426
1009427
1009428
1009429
100943
1009430
1009431
1009432
1009433
1009434
1009435
1009436
1009437
1009438
1009439
1009440
1009441
1009442
1009443
1009444
1009446
1009447
1009448
1009449
1009450
1009452
1009453
1009455
1009456
1009457
1009458
1009459
1009460
1009461
1009462
1009463
1009464
1009465
1009466
1009467
1009468
1009469
1009470
1009471
1009472
1009473
1009474
1009475
1009476
1009477
1009478
1009479
1009480
1009481
1009482
1009483
1009484
1009485
1009486
1009487
1009488
1009489
1009490
1009491
1009492
1009493
1009494
1009495
1009496
1009497
1009498
1009499
10095
100950
1009500
1009501
1009502
1009504
1009505
1009506
1009507
1009508
1009509
1009510
1009511
1009512
1009513
1009514
1009515
1009516
1009517
1009518
1009519
1009520
1009521
1009522
1009523
1009524
1009525
1009526
1009527
1009528
1009530
1009531
1009532
1009533
1009534
1009535
1009536
1009537
1009539
100954
1009540
1009541
1009542
1009543
1009545
1009546
1009547
1009548
1009549
1009550
1009551
1009552
1009553
1009554
1009556
1009557
1009558
1009559
100956
1009560
1009561
1009562
1009563
1009565
1009566
1009567
1009568
1009569
1009570
1009571
1009572
1009573
1009574
1009575
1009576
1009577
1009578
1009579
1009580
1009581
1009582
1009583
1009584
1009585
1009586
1009587
1009588
1009589
1009590
1009591
1009592
1009593
1009594
1009595
1009596
1009597
1009598
1009599
10096
100960
1009600
1009601
1009602
1009604
1009605
1009606
1009607
1009608
1009609
1009610
1009612
1009613
1009614
1009615
1009616
1009618
1009619
1009620
1009621
1009622
1009623
1009624
1009625
1009626
1009627
1009628
1009629
1009630
1009631
1009632
1009633
1009635
1009636
1009637
1009638
1009639
1009640
1009642
1009644
1009645
1009646
1009647
1009648
1009649
1009651
1009652
1009653
1009654
1009655
1009656
1009657
1009658
1009659
1009661
1009662
1009663
1009664
1009665
1009666
1009667
1009668
1009669
1009670
1009672
1009673
1009674
1009675
1009676
1009677
1009678
1009679
1009680
1009682
1009683
1009684
1009685
1009686
1009687
1009688
1009689
1009690
1009692
1009693
1009694
1009695
1009696
1009697
1009698
1009699
10097
1009700
1009701
1009702
1009704
1009705
1009706
1009707
1009708
1009709
1009710
1009711
1009712
1009713
1009714
1009715
1009716
1009717
1009719
100972
1009720
1009721
1009722
1009723
1009724
1009726
1009727
1009728
1009729
100973
1009730
1009731
1009732
1009733
1009734
1009735
1009736
1009737
1009738
1009739
1009740
1009741
1009742
1009744
1009745
1009746
1009747
1009748
100975
1009750
1009751
1009752
1009753
1009754
1009755
1009756
1009760
1009761
1009762
1009763
1009764
1009765
1009766
1009768
1009769
100977
1009771
1009772
1009773
1009774
1009775
1009776
1009777
1009778
1009779
1009780
1009781
1009782
1009783
1009784
1009785
1009786
1009787
1009788
1009790
1009791
1009792
1009793
1009795
1009796
1009797
1009798
1009799
10098
100980
1009801
1009802
1009803
1009804
1009805
1009806
1009807
1009808
1009809
1009810
1009811
1009812
1009813
1009814
1009816
1009817
1009818
1009819
1009820
1009821
1009822
1009823
1009824
1009826
1009827
1009828
1009829
100983
1009830
1009831
1009832
1009834
1009835
1009836
1009837
1009838
1009839
100984
1009840
1009841
1009842
1009843
1009844
1009845
1009846
1009847
1009848
1009849
1009850
1009851
1009852
1009853
1009854
1009856
1009857
1009858
1009859
100986
1009860
1009861
1009862
1009863
1009865
1009866
1009867
1009868
1009869
1009871
1009872
1009873
1009874
1009875
1009877
1009878
1009879
100988
1009881
1009882
1009883
1009884
1009885
1009888
1009889
1009890
1009891
1009892
1009893
1009894
1009895
1009896
1009897
1009898
1009899
100990
1009900
1009901
1009903
1009904
1009905
1009906
1009907
1009908
1009909
1009910
1009912
1009913
1009914
1009916
1009917
1009919
1009920
1009921
1009923
1009924
1009925
1009927
1009928
1009929
1009930
1009931
1009932
1009933
1009934
1009935
1009937
1009938
1009939
1009940
1009941
1009943
1009945
1009946
1009947
1009948
1009950
1009951
1009952
1009953
1009954
1009955
1009957
1009958
1009959
1009960
1009961
1009962
1009964
1009965
1009966
1009968
1009969
1009970
1009971
1009972
1009973
1009974
1009975
1009977
1009978
1009979
1009980
1009981
1009982
1009983
1009984
1009985
1009987
1009988
1009989
1009990
1009992
1009993
1009994
1009995
1009996
1009997
1009998
1009999
101
10100
1010000
1010001
1010002
1010003
1010004
1010005
1010007
1010009
1010010
1010011
1010013
1010014
1010015
1010016
1010017
1010018
1010019
1010020
1010021
1010022
1010023
1010024
1010025
1010026
1010027
1010028
1010029
1010030
1010031
1010032
1010033
1010034
1010035
1010036
1010037
1010038
1010039
101004
1010040
1010041
1010042
1010043
1010044
1010045
1010046
1010047
1010048
1010049
1010050
1010051
1010052
1010053
1010054
1010055
1010056
1010057
1010058
1010059
101006
1010060
1010061
1010062
1010063
1010064
1010065
1010066
1010067
1010068
1010069
1010070
1010071
1010073
1010074
1010075
1010076
1010077
1010078
1010079
1010080
1010081
1010082
1010083
1010084
1010085
1010086
1010088
1010089
1010091
1010092
1010093
1010094
1010095
1010096
1010097
1010098
1010099
101010
1010100
1010101
1010102
1010103
1010104
1010105
1010106
1010107
1010108
1010109
101011
1010110
1010111
1010112
1010113
1010114
1010115
1010116
1010117
1010118
1010119
1010120
1010121
1010122
1010123
1010124
1010126
1010127
1010128
1010129
101013
1010130
1010132
1010133
1010134
1010135
1010136
1010137
1010138
1010139
101014
1010140
1010141
1010142
1010143
1010144
1010145
1010146
1010147
1010148
1010149
1010150
1010151
1010152
1010153
1010154
1010155
1010156
1010157
1010158
1010159
1010160
1010161
1010162
1010163
1010164
1010165
1010166
1010167
1010168
1010170
1010171
1010172
1010173
1010174
1010175
1010176
1010177
1010178
1010179
101018
1010180
1010182
1010183
1010184
1010185
1010187
1010189
1010190
1010191
1010192
1010193
1010194
1010195
1010196
1010198
10102
1010200
1010201
1010203
1010204
1010205
1010208
1010209
101021
1010210
1010211
1010212
1010213
1010214
1010215
1010216
1010217
1010221
1010222
1010223
1010224
1010225
1010226
1010227
1010228
1010229
1010230
1010231
1010232
1010233
1010234
1010235
1010236
1010237
1010238
1010239
101024
1010240
1010241
1010242
1010243
1010244
1010245
1010247
1010248
1010249
1010250
1010251
1010252
1010253
1010254
1010255
1010256
1010257
1010258
1010259
1010260
1010261
1010262
1010263
1010264
1010265
1010266
1010267
1010268
