70371
70372
70373
70374
70375
70376
70377
70378
70380
70382
70383
70385
70386
70388
70389
70391
70392
70393
70396
70397
70398
70401
70402
70404
70405
70406
70407
70408
70409
70410
70411
70412
70414
70415
70417
70418
70419
70420
70422
70423
70424
70425
70426
70427
70428
70429
70430
70432
70434
70435
70436
70437
70438
70439
70440
70441
70442
70443
70447
70448
70449
70450
70451
70452
70453
70454
70455
70456
70457
70458
70460
70461
70462
70463
70464
70465
70466
70467
70468
70469
70470
70471
70472
70473
70474
70475
70476
70478
70479
70480
70481
70482
70484
70485
70486
70487
70488
70489
70490
70491
70492
70493
70494
70495
70496
70497
70498
70499
70500
70501
70502
70503
70506
70508
70509
70510
70511
70512
70513
70514
70515
70516
70517
70518
70519
70520
70521
70522
70523
70524
70525
70526
70527
70528
70529
70530
70531
70532
70534
70535
70536
70537
70538
70539
70541
70542
70543
70544
70545
70546
70547
70548
70550
70551
70552
70553
70554
70555
70556
70557
70558
70559
70560
70561
70562
70563
70564
70565
70566
70567
70568
70569
70570
70571
70572
70573
70574
70575
70576
70577
70578
70579
70580
70581
70582
70583
70584
70585
70586
70587
70588
70590
70591
70592
70593
70596
70597
70598
70599
70600
70601
70602
70603
70604
70605
70606
70607
70608
70609
70610
70611
70612
70613
70614
70616
70617
70618
70619
70620
70621
70622
70623
70624
70625
70626
70627
70628
70629
70631
70632
70634
70635
70636
70637
70638
70639
70640
70642
70644
70648
70650
70653
70655
70656
70657
70658
70659
70660
70661
70662
70663
70664
70665
70666
70667
70668
70669
70670
70672
70673
70674
70675
70676
70677
70678
70679
70680
70682
70683
70684
70685
70686
70687
70688
70689
70690
70691
70692
70693
70694
70695
70697
70698
70699
70700
70701
70702
70703
70704
70705
70706
70707
70708
70709
70711
70712
70713
70714
70715
70716
70717
70718
70720
70721
70722
70723
70724
70725
70726
70729
70731
70732
70733
70734
70735
70736
70737
70738
70739
70740
70741
70742
70744
70745
70746
70747
70748
70749
70750
70751
70752
70753
70755
70757
70758
70759
70760
70761
70762
70763
70765
70766
70767
70768
70770
70772
70773
70774
70776
70777
70778
70779
70780
70781
70783
70784
70785
70787
70788
70789
70790
70791
70792
70793
70794
70795
70796
70797
70798
70799
70800
70801
70802
70803
70804
70805
70806
70807
70808
70809
70810
70811
70812
70813
70814
70815
70816
70817
70818
70819
70820
70821
70822
70823
70824
70825
70826
70827
70828
70829
70830
70831
70832
70833
70834
70835
70836
70837
70838
70839
70840
70841
70842
70843
70844
70845
70846
70847
70849
70851
70852
70853
70854
70856
70857
70858
70859
70860
70861
70862
70863
70864
70865
70866
70867
70868
70869
70870
70871
70872
70874
70875
70876
70877
70878
70879
70880
70881
70882
70883
70884
70885
70886
70889
70890
70891
70892
70894
70895
70896
70897
70898
70899
70900
70901
70902
70903
70904
70905
70906
70907
70908
70909
70910
70911
70912
70913
70914
70915
70916
70917
70918
70919
70920
70921
70922
70923
70924
70925
70926
70927
70928
70929
70930
70931
70932
70934
70936
70937
70938
70939
70940
70941
70942
70943
70944
70945
70946
70947
70948
70949
70950
70951
70952
70954
70955
70956
70957
70958
70959
70960
70961
70963
70964
70965
70966
70967
70968
70969
70970
70971
70972
70973
70974
70975
70976
70977
70978
70979
70980
70981
70982
70983
70984
70985
70986
70987
70988
70989
70990
70991
70993
70995
70996
70997
70998
70999
71001
71002
71004
71005
71006
71007
71010
71011
71012
71013
71016
71017
71018
71019
71020
71021
71022
71023
71024
71025
71026
71027
71028
71029
71030
71031
71032
71033
71034
71035
71036
71037
71038
71039
71040
71041
71042
71043
71044
71045
71046
71047
71048
71050
71051
71053
71055
71056
71057
71058
71059
71061
71062
71063
71064
71065
71066
71067
71068
71069
71070
71072
71073
71074
71075
71076
71077
71078
71079
71080
71081
71082
71090
71091
71092
71093
71094
71097
71098
71099
71101
71102
71103
71105
71106
71107
71108
71109
71110
71111
71112
71113
71114
71115
71116
71117
71118
71120
71125
71126
71127
71128
71129
71132
71133
71134
71137
71138
71139
71141
71142
71143
71144
71145
71147
71148
71149
71150
71151
71152
71153
71154
71155
71156
71157
71158
71159
71160
71163
71164
71165
71166
71168
71169
71170
71171
71172
71173
71174
71175
71177
71179
71180
71181
71183
71184
71185
71186
71187
71188
71189
71190
71191
71192
71193
71196
71198
71199
71200
71201
71202
71203
71204
71205
71206
71207
71208
71209
71211
71212
71213
71222
71233
71234
71235
71236
71239
71240
71241
71243
71244
71245
71246
71248
71249
71251
71252
71253
71254
71255
71257
71258
71259
71260
71261
71262
71264
71265
71266
71268
71270
71271
71272
71273
71274
71275
71276
71277
71278
71279
71280
71281
71282
71283
71284
71285
71286
71287
71288
71290
71291
71292
71293
71294
71295
71296
71297
71298
71299
71300
71301
71302
71303
71304
71305
71306
71307
71308
71309
71310
71311
71312
71313
71314
71315
71316
71317
71318
71320
71321
71322
71323
71324
71325
71328
71329
71330
71331
71332
71333
71334
71336
71337
71338
71339
71340
71341
71342
71343
71344
71345
71346
71347
71348
71349
71350
71351
71352
71353
71354
71355
71356
71357
71358
71359
71361
71362
71363
71364
71365
71366
71367
71368
71369
71370
71371
71372
71373
71374
71375
71376
71377
71378
71379
71380
71381
71382
71383
71384
71385
71386
71387
71388
71389
71390
71391
71392
71393
71394
71395
71396
71397
71399
71401
71402
71404
71405
71407
71410
71411
71412
71413
71414
71415
71416
71418
71419
71420
71421
71422
71424
71425
71426
71427
71428
71429
71430
71431
71432
71433
71434
71435
71436
71437
71438
71439
71440
71441
71442
71443
71444
71445
71446
71447
71448
71449
71450
71451
71453
71455
71456
71457
71458
71460
71461
71463
71464
71465
71467
71468
71469
71470
71471
71472
71473
71474
71475
71476
71477
71479
71480
71481
71482
71483
71484
71485
71486
71487
71488
71489
71490
71491
71492
71493
71494
71495
71496
71498
71499
71503
71504
71507
71508
71509
71510
71511
71512
71513
71514
71515
71516
71517
71518
71519
71520
71521
71522
71523
71524
71525
71526
71527
71528
71529
71530
71531
71532
71533
71536
71538
71539
71540
71542
71543
71544
71546
71547
71548
71550
71551
71552
71553
71554
71555
71557
71558
71559
71560
71561
71562
71563
71564
71565
71566
71567
71570
71571
71572
71573
71574
71575
71576
71577
71578
71579
71580
71581
71582
71583
71585
71586
71587
71589
71590
71591
71592
71593
71596
71597
71598
71600
71601
71603
71604
71606
71612
71614
71615
71617
71618
71619
71620
71621
71622
71623
71625
71626
71627
71628
71629
71631
71632
71634
71636
71638
71641
71642
71643
71644
71646
71647
71648
71651
71652
71653
71654
71655
71656
71657
71658
71660
71661
71662
71663
71664
71665
71666
71667
71668
71669
71670
71671
71672
71673
71675
71676
71677
71678
71679
71680
71681
71682
71685
71686
71687
71688
71689
71690
71691
71692
71693
71694
71695
71696
71697
71698
71700
71701
71702
71704
71706
71707
71708
71709
71710
71714
71715
71716
71719
71720
71721
71722
71723
71724
71725
71726
71727
71728
71729
71730
71732
71733
71734
71735
71736
71740
71741
71742
71743
71744
71747
71748
71749
71750
71752
71753
71756
71757
71758
71759
71760
71761
71762
71763
71764
71765
71766
71767
71768
71769
71770
71771
71772
71773
71774
71775
71776
71777
71778
71779
71780
71781
71782
71783
71784
71785
71786
71787
71788
71789
71790
71791
71792
71793
71795
71796
71797
71799
71801
71802
71803
71804
71805
71806
71807
71808
71809
71810
71812
71813
71814
71815
71816
71817
71819
71820
71821
71822
71825
71826
71827
71828
71829
71830
71831
71832
71833
71834
71835
71836
71837
71838
71839
71840
71841
71842
71843
71844
71845
71846
71847
71848
71849
71850
71851
71852
71853
71854
71855
71856
71857
71858
71859
71860
71861
71862
71863
71864
71865
71866
71867
71868
71869
71870
71871
71872
71873
71874
71875
71876
71877
71879
71880
71881
71882
71883
71884
71885
71886
71887
71890
71891
71892
71893
71900
71901
71902
71903
71904
71905
71907
71909
71910
71911
71913
71914
71915
71916
71917
71918
71919
71920
71921
71922
71923
71924
71925
71927
71928
71929
71930
71931
71932
71933
71934
71935
71936
71937
71938
71939
71940
71941
71942
71943
71944
71945
71946
71947
71948
71949
71950
71951
71952
71956
71959
71960
71961
71962
71963
71964
71965
71967
71969
71970
71971
71972
71973
71974
71975
71976
71977
71978
71979
71980
71981
71982
71983
71984
71985
71986
71987
71988
71989
71990
71991
71992
71993
71994
71995
71996
71997
71998
71999
72000
72002
72003
72004
72005
72007
72008
72009
72010
72011
72012
72013
72014
72015
72016
72017
72018
72019
72021
72022
72023
72024
72025
72026
72027
72028
72029
72031
72032
72034
72035
72036
72037
72039
72040
72042
72043
72044
72045
72047
72049
72050
72051
72053
72054
72056
72057
72058
72059
72062
72063
72064
72066
72067
72068
72069
72070
72071
72072
72073
72074
72075
72076
72077
72078
72079
72080
72081
72082
72083
72084
72086
72087
72088
72090
72091
72092
72096
72097
72098
72099
72100
72101
72102
72103
72105
72109
72110
72111
72113
72114
72115
72116
72117
72118
72120
72121
72123
72124
72127
72128
72131
72132
72133
72134
72135
72136
72137
72138
72139
72140
72142
72143
72144
72145
72146
72148
72150
72151
72152
72153
72155
72156
72157
72158
72160
72161
72162
72163
72164
72165
72169
72172
72174
72175
72176
72177
72178
72179
72180
72181
72182
72183
72184
72185
72186
72187
72188
72189
72190
72192
72193
72194
72196
72197
72198
72199
72200
72201
72202
72203
72204
72205
72207
72208
72209
72210
72211
72212
72213
72214
72215
72216
72217
72218
72219
72220
72221
72222
72223
72224
72225
72228
72230
72231
72232
72233
72234
72236
72237
72238
72240
72241
72242
72243
72244
72245
72246
72247
72248
72249
72250
72251
72252
72253
72254
72255
72256
72257
72258
72259
72260
72261
72262
72263
72264
72265
72268
72269
72270
72271
72272
72274
72275
72277
72278
72279
72280
72282
72283
72284
72286
72287
72290
72293
72295
72300
72301
72302
72303
72304
72305
72306
72307
72308
72309
72310
72311
72312
72313
72314
72315
72317
72318
72319
72320
72321
72322
72323
72324
72325
72327
72328
72329
72330
72331
72334
72335
72336
72338
72339
72340
72341
72342
72343
72344
72345
72346
72348
72349
72350
72351
72352
72353
72354
72355
72356
72358
72359
72360
72361
72362
72363
72364
72365
72366
72367
72368
72370
72371
72373
72374
72376
72377
72379
72380
72381
72383
72384
72385
72387
72389
72390
72391
72392
72393
72394
72395
72396
72397
72398
72399
72400
72401
72402
72403
72404
72406
72407
72408
72409
72410
72411
72412
72413
72414
72415
72416
72418
72419
72420
72421
72422
72424
72425
72426
72427
72428
72429
72430
72431
72432
72433
72434
72435
72439
72440
72441
72442
72443
72444
72445
72447
72448
72449
72450
72451
72452
72453
72454
72455
72456
72457
72458
72459
72460
72461
72462
72463
72464
72465
72466
72467
72468
72469
72471
72472
72473
72474
72475
72476
72477
72478
72479
72480
72481
72482
72483
72485
72486
72487
72488
72489
72490
72491
72492
72493
72494
72495
72496
72497
72498
72499
72500
72502
72503
72505
72506
72507
72508
72509
72513
72515
72519
72520
72524
72525
72529
72536
72538
72541
72542
72544
72545
72548
72549
72550
72551
72552
72553
72554
72555
72556
72557
72558
72559
72560
72561
72562
72563
72564
72565
72566
72567
72568
72569
72570
72571
72572
72573
72574
72575
72576
72577
72578
72579
72580
72581
72582
72583
72585
72586
72587
72588
72589
72590
72591
72592
72593
72594
72595
72596
72598
72599
72601
72602
72603
72605
72607
72608
72609
72610
72611
72612
72613
72614
72615
72616
72617
72618
72619
72620
72621
72622
72623
72625
72626
72627
72628
72629
72630
72631
72632
72633
72634
72635
72636
72638
72639
72640
72641
72642
72643
72644
72645
72646
72648
72649
72650
72652
72653
72654
72655
72656
72657
72658
72659
72660
72661
72662
72663
72664
72665
72667
72668
72669
72670
72671
72672
72673
72674
72675
72676
72677
72678
72679
72680
72681
72682
72683
72684
72685
72686
72687
72689
72690
72692
72693
72694
72695
72696
72697
72698
72700
72701
72702
72703
72704
72705
72706
72707
72708
72710
72711
72712
72713
72714
72715
72716
72717
72719
72720
72721
72722
72723
72724
72728
72729
72730
72732
72733
72734
72735
72737
72738
72740
72743
72744
72747
72748
72750
72751
72752
72753
72754
72755
72756
72757
72758
72759
72760
72761
72762
72765
72766
72767
72768
72769
72770
72771
72772
72773
72774
72776
72777
72778
72779
72780
72781
72782
72784
72785
72786
72787
72788
72789
72790
72792
72793
72795
72796
72797
72798
72799
72800
72801
72802
72803
72804
72805
72806
72807
72808
72809
72810
72811
72812
72813
72814
72815
72816
72817
72818
72819
72820
72821
72822
72823
72824
72825
72826
72827
72828
72829
72830
72831
72832
72833
72834
72835
72836
72838
72839
72840
72841
72842
72843
72844
72845
72846
72847
72848
72849
72850
72851
72852
72853
72854
72855
72856
72857
72858
72859
72860
72862
72863
72864
72865
72866
72867
72869
72870
72871
72872
72873
72874
72875
72876
72877
72878
72879
72880
72881
72882
72883
72884
72885
72886
72887
72888
72889
72890
72891
72892
72893
72894
72896
72897
72898
72899
72900
72901
72902
72903
72904
72907
72908
72909
72911
72912
72913
72914
72916
72917
72918
72919
72920
72921
72922
72923
72924
72925
72926
72927
72928
72929
72930
72931
72932
72933
72934
72935
72936
72938
72940
72941
72942
72943
72944
72945
72946
72947
72948
72949
72950
72951
72952
72953
72954
72955
72956
72957
72958
72959
72960
72961
72962
72963
72964
72965
72966
72967
72968
72970
72972
72973
72974
72975
72976
72977
72978
72979
72980
72982
72983
72984
72985
72986
72987
72988
72989
72990
72991
72992
72993
72994
72995
72996
72997
72998
72999
73000
73018
73026
73027
73029
73030
73034
73035
73036
73037
73038
73041
73042
73043
73044
73045
73046
73047
73050
73051
73052
73053
73054
73055
73056
73057
73058
73059
73062
73064
73065
73066
73067
73068
73069
73070
73071
73072
73073
73074
73075
73076
73077
73078
73079
73080
73081
73083
73085
73086
73087
73088
73089
73090
73091
73092
73094
73095
73098
73099
73100
73101
73102
73103
73104
73105
73106
73107
73108
73109
73110
73111
73112
73116
73117
73118
73119
73120
73121
73122
73123
73125
73127
73128
73129
73130
73131
73132
73133
73134
73135
73136
73137
73138
73139
73140
73142
73143
73144
73146
73147
73148
73149
73150
73151
73152
73154
73155
73156
73157
73158
73160
73161
73162
73164
73165
73166
73168
73169
73170
73172
73174
73175
73177
73179
73183
73184
73185
73189
73190
73191
73192
73194
73196
73197
73198
73199
73200
73201
73202
73203
73204
73205
73207
73208
73209
73210
73211
73213
73215
73216
73217
73218
73219
73220
73222
73224
73225
73226
73230
73231
73232
73236
73237
73238
73239
73241
73242
73244
73245
73246
73247
73249
73250
73252
73253
73254
73256
73257
73259
73262
73263
73265
73266
73267
73269
73271
73272
73273
73274
73275
73280
73281
73282
73283
73286
73288
73289
73290
73293
73294
73295
73296
73297
73298
73299
73300
73301
73302
73303
73304
73305
73306
73307
73308
73309
73310
73312
73313
73314
73315
73316
73317
73318
73319
73320
73321
73323
73324
73326
73328
73329
73330
73331
73332
73333
73334
73335
73336
73337
73338
73339
73340
73341
73342
73343
73344
73345
73347
73348
73350
73351
73353
73354
73355
73357
73358
73359
73361
73362
73363
73365
73366
73368
73369
73370
73371
73372
73375
73376
73377
73378
73379
73381
73382
73383
73384
73386
73391
73392
73393
73394
73395
73396
73397
73398
73400
73403
73404
73405
73406
73407
73408
73409
73411
73412
73413
73414
73416
73417
73419
73420
73421
73422
73423
73424
73425
73426
73428
73429
73430
73431
73432
73435
73437
73438
73440
73441
73442
73443
73444
73445
73446
73447
73448
73449
73450
73452
73453
73454
73455
73456
73457
73458
73459
73460
73461
73462
73463
73464
73465
73467
73468
73469
73471
73473
73474
73475
73476
73477
73478
73479
73480
73481
73482
73483
73484
73485
73486
73487
73488
73489
73490
73491
73492
73493
73494
73495
73496
73497
73498
73499
73500
73501
73503
73507
73509
73511
73512
73515
73516
73517
73518
73519
73521
73522
73523
73524
73525
73526
73527
73528
73529
73530
73532
73533
73534
73536
73537
73538
73539
73540
73541
73543
73544
73545
73546
73547
73548
73549
73550
73551
73552
73554
73556
73557
73558
73560
73561
73562
73563
73564
73565
73568
73569
73571
73574
73575
73576
73577
73578
73579
73580
73582
73583
73584
73585
73586
73587
73588
73589
73590
73591
73594
73595
73599
73600
73601
73602
73603
73604
73605
73606
73607
73608
73610
73611
73612
73613
73614
73615
73616
73618
73619
73620
73621
73624
73625
73626
73627
73628
73629
73630
73631
73632
73634
73635
73636
73637
73638
73640
73641
73642
73643
73644
73645
73646
73647
73648
73649
73650
73651
73652
73653
73654
73655
73656
73657
73658
73659
73661
73662
73664
73665
73666
73667
73668
73669
73671
73672
73673
73674
73675
73676
73677
73678
73679
73680
73681
73682
73683
73684
73686
73688
73689
73690
73691
73692
73693
73694
73695
73696
73697
73699
73700
73703
73704
73705
73706
73707
73708
73709
73710
73711
73712
73713
73714
73715
73716
73717
73718
73719
73720
73721
73722
73723
73724
73725
73727
73728
73729
73731
73732
73733
73734
73735
73737
73738
73739
73740
73741
73743
73744
73745
73746
73747
73748
73749
73750
73751
73752
73753
73754
73755
73758
73759
73760
73761
73762
73763
73764
73765
73766
73767
73768
73769
73770
73771
73772
73774
73775
73776
73777
73778
73779
73780
73781
73782
73783
73784
73785
73786
73787
73788
73789
73790
73791
73792
73793
73794
73795
73796
73797
73798
73799
73800
73801
73802
73803
73804
73805
73806
73807
73808
73809
73810
73811
73814
73815
73816
73817
73818
73819
73820
73821
73822
73823
73824
73825
73826
73827
73828
73829
73830
73831
73832
73833
73834
73835
73836
73837
73838
73839
73840
73841
73842
73843
73844
73845
73846
73847
73848
73849
73850
73852
73853
73856
73857
73858
73859
73860
73861
73862
73863
73864
73865
73866
73867
73868
73869
73870
73871
73872
73873
73874
73875
73876
73878
73879
73881
73883
73884
73885
73886
73887
73888
73889
73892
73894
73895
73896
73897
73898
73899
73900
73901
73902
73903
73904
73905
73906
73907
73908
73909
73910
73911
73912
73913
73914
73915
73916
73918
73919
73920
73921
73922
73923
73924
73926
73927
73928
73929
73930
73931
73932
73933
73934
73935
73936
73937
73938
73939
73940
73941
73942
73943
73944
73945
73946
73947
73948
73949
73950
73951
73952
73953
73954
73955
73956
73957
73958
73960
73961
73962
73963
73964
73965
73966
73967
73968
73969
73970
73971
73972
73973
73975
73976
73977
73978
73979
73980
73981
73983
73984
73985
73986
73987
73988
73989
73990
73992
73993
73994
73995
73996
73997
73998
73999
74000
74001
74002
74003
74004
74005
74006
74007
74008
74009
74010
74011
74012
74013
74014
74015
74016
74017
74018
74019
74020
74021
74022
74023
74024
74025
74026
74027
74028
74029
74032
74033
74034
74035
74036
74037
74038
74040
74041
74042
74043
74044
74045
74048
74049
74050
74051
74052
74053
74054
74055
74056
74057
74058
74060
74061
74062
74063
74064
74065
74066
74067
74068
74070
74071
74072
74074
74075
74076
74077
74078
74080
74081
74082
74084
74085
74086
74087
74088
74089
74090
74091
74092
74093
74095
74097
74098
74099
74100
74101
74102
74103
74105
74107
74108
74109
74110
74111
74113
74114
74116
74118
74119
74120
74121
74122
74124
74126
74128
74129
74130
74132
74133
74135
74137
74138
74139
74140
74141
74143
74147
74149
74154
74158
74160
74161
74162
74164
74165
74167
74168
74169
74170
74171
74173
74174
74175
74176
74177
74178
74179
74180
74181
74183
74184
74186
74187
74188
74189
74190
74191
74192
74193
74194
74195
74196
74197
74198
74199
74204
74205
74207
74208
74210
74211
74213
74214
74215
74216
74217
74218
74219
74220
74221
74223
74224
74225
74227
74228
74229
74231
74233
74236
74237
74238
74239
74240
74241
74242
74243
74244
74245
74246
74247
74248
74249
74250
74252
74253
74254
74255
74257
74258
74259
74260
74262
74263
74264
74265
74266
74267
74268
74269
74270
74271
74272
74273
74274
74275
74276
74279
74280
74281
74283
74286
74287
74288
74289
74292
74293
74294
74295
74296
74297
74300
74301
74302
74303
74304
74305
74306
74307
74308
74309
74310
74311
74312
74313
74314
74315
74316
74317
74318
74319
74320
74321
74322
74323
74324
74325
74326
74327
74328
74329
74330
74332
74333
74334
74335
74336
74337
74339
74340
74341
74342
74343
74344
74345
74346
74347
74348
74349
74350
74352
74353
74354
74355
74356
74359
74360
74363
74364
74365
74367
74368
74369
74370
74371
74372
74373
74374
74378
74379
74380
74381
74382
74383
74384
74386
74387
74389
74390
74391
74392
74394
74395
74397
74398
74399
74400
74401
74402
74403
74404
74405
74406
74408
74409
74410
74412
74413
74414
74415
74416
74417
74419
74420
74421
74422
74423
74424
74425
74426
74427
74428
74429
74430
74431
74432
74433
74434
74435
74436
74437
74438
74439
74440
74441
74442
74443
74444
74445
74447
74448
74449
74451
74452
74453
74454
74455
74456
74457
74458
74459
74460
74461
74463
74464
74465
74466
74467
74468
74469
74470
74471
74472
74473
74474
74475
74476
74477
74478
74479
74480
74481
74482
74484
74485
74486
74487
74488
74489
74490
74491
74492
74493
74494
74495
74496
74497
74498
74499
74500
74502
74504
74505
74507
74510
74511
74512
74513
74514
74517
74519
74520
74522
74523
74524
74525
74526
74527
74529
74530
74533
74534
74535
74536
74537
74538
74539
74540
74541
74543
74544
74545
74546
74547
74548
74549
74550
74551
74553
74554
74555
74556
74558
74559
74560
74561
74562
74564
74565
74566
74567
74568
74569
74570
74571
74572
74573
74574
74575
74576
74577
74578
74579
74580
74581
74582
74583
74584
74585
74586
74587
74589
74591
74592
74593
74594
74595
74596
74597
74598
74599
74601
74602
74603
74604
74605
74606
74607
74608
74609
74610
74611
74612
74613
74614
74615
74616
74617
74618
74619
74620
74621
74622
74623
74624
74627
74628
74629
74630
74631
74632
74633
74634
74635
74636
74637
74638
74639
74640
74641
74642
74643
74644
74645
74646
74647
74648
74649
74650
74651
74652
74654
74655
74656
74657
74658
74659
74660
74661
74662
74663
74664
74665
74666
74668
74669
74672
74673
74674
74675
74676
74677
74678
74679
74680
74681
74682
74683
74684
74685
74687
74689
74690
74691
74692
74693
74695
74696
74697
74698
74700
74701
74702
74703
74704
74705
74706
74707
74708
74709
74710
74711
74712
74713
74714
74715
74717
74718
74719
74722
74723
74724
74725
74726
74727
74729
74730
74731
74732
74734
74735
74736
74737
74738
74739
74740
74741
74742
74744
74745
74746
74747
74748
74749
74750
74753
74754
74755
74756
74757
74758
74759
74760
74761
74762
74763
74764
74765
74766
74767
74768
74769
74770
74771
74772
74773
74774
74776
74777
74778
74779
74781
74782
74783
74784
74785
74786
74787
74788
74789
74790
74791
74793
74794
74795
74796
74797
74798
74799
74800
74801
74802
74803
74804
74805
74807
74808
74809
74810
74811
74812
74813
74815
74816
74819
74820
74821
74822
74823
74824
74825
74826
74827
74828
74829
74830
74832
74834
74835
74836
74837
74838
74839
74840
74841
74842
74844
74845
74847
74848
74849
74852
74853
74854
74856
74857
74858
74859
74860
74861
74862
74863
74864
74865
74866
74868
74869
74870
74871
74872
74873
74874
74876
74877
74878
74879
74881
74882
74883
74884
74885
74886
74887
74888
74889
74890
74892
74893
74894
74895
74896
74898
74899
74900
74901
74902
74903
74904
74906
74907
74908
74910
74911
74912
74913
74914
74915
74916
74917
74918
74919
74921
74922
74923
74924
74925
74926
74927
74929
74930
74931
74932
74933
74934
74935
74936
74938
74940
74941
74942
74943
74944
74945
74946
74947
74948
74949
74950
74951
74952
74953
74955
74956
74958
74959
74960
74961
74962
74963
74964
74965
74966
74969
74970
74971
74972
74973
74974
74975
74976
74979
74980
74981
74982
74983
74984
74985
74986
74987
74988
74989
74990
74991
74992
74993
74994
74995
74996
74997
74998
74999
75000
75001
75004
75006
75007
75008
75009
75010
75011
75012
75013
75015
75016
75019
75020
75023
75024
75025
75026
75027
75028
75029
75030
75031
75032
75033
75034
75036
75038
75039
75040
75041
75042
75043
75044
75045
75046
75047
75048
75049
75050
75053
75054
75056
75058
75059
75060
75061
75063
75064
75065
75066
75067
75068
75070
75071
75072
75074
75075
75076
75077
75078
75079
75080
75081
75085
75086
75087
75088
75089
75090
75091
75092
75094
75097
75098
75099
75100
75101
75102
75105
75106
75107
75109
75110
75114
75115
75116
75117
75118
75119
75120
75121
75126
75129
75130
75131
75132
75133
75134
75135
75136
75137
75138
75139
75140
75141
75142
75143
75145
75146
75147
75149
75151
75152
75154
75155
75156
75157
75158
75159
75161
75162
75163
75164
75168
75169
75170
75172
75174
75175
75177
75178
75179
75181
75182
75183
75184
75185
75186
75187
75188
75189
75190
75191
75193
75194
75195
75196
75197
75198
75199
75201
75202
75203
75204
75205
75206
75208
75210
75211
75212
75213
75214
75217
75219
75220
75221
75222
75224
75225
75226
75227
75229
75230
75231
75232
75233
75234
75235
75237
75244
75250
75252
75253
75255
75256
75257
75258
75259
75260
75262
75263
75265
75267
75268
75269
75270
75271
75272
75273
75274
75275
75276
75277
75278
75279
75280
75282
75283
75284
75285
75286
75287
75288
75289
75290
75291
75292
75293
75294
75295
75297
75298
75300
75301
75302
75303
75304
75305
75306
75307
75308
75309
75310
75311
75312
75313
75314
75315
75316
75317
75318
75321
75322
75323
75326
75327
75328
75329
75331
75333
75334
75336
75337
75338
75339
75340
75341
75343
75344
75345
75350
75352
75353
75354
75355
75358
75360
75361
75362
75363
75364
75365
75366
75368
75369
75370
75371
75372
75373
75374
75376
75377
75378
75379
75381
75382
75383
75384
75385
75386
75387
75388
75389
75390
75391
75392
75393
75395
75396
75397
75398
75399
75400
75401
75402
75403
75404
75406
75407
75408
75409
75410
75412
75418
75419
75420
75421
75422
75423
75424
75427
75428
75429
75430
75431
75432
75433
75436
75437
75438
75439
75440
75441
75442
75443
75444
75445
75446
75447
75448
75449
75450
75451
75452
75453
75454
75455
75456
75457
75459
75460
75461
75462
75463
75464
75465
75466
75467
75468
75469
75470
75471
75472
75473
75474
75475
75476
75477
75478
75479
75480
75481
75482
75483
75485
75487
75489
75490
75491
75492
75493
75494
75495
75496
75498
75499
75500
75501
75502
75503
75505
75506
75507
75508
75509
75510
75511
75512
75513
75514
75515
75516
75519
75520
75521
75523
75525
75527
75528
75531
75532
75533
75535
75536
75537
75539
75540
75541
75542
75543
75546
75547
75548
75549
75550
75551
75552
75553
75554
75555
75556
75557
75558
75559
75560
75561
75562
75563
75564
75565
75567
75568
75569
75570
75571
75573
75574
75576
75577
75578
75579
75581
75583
75584
75586
75587
75588
75589
75590
75591
75592
75593
75594
75595
75596
75597
75598
75600
75601
75602
75605
75606
75607
75608
75610
75612
75613
75617
75619
75621
75622
75623
75624
75625
75626
75627
75628
75629
75630
75632
75633
75634
75635
75636
75637
75638
75639
75640
75641
75642
75643
75644
75645
75646
75647
75648
75650
75651
75652
75653
75654
75655
75656
75657
75658
75659
75660
75661
75662
75663
75664
75665
75668
75669
75670
75671
75672
75674
75675
75677
75678
75679
75680
75681
75683
75684
75685
75686
75687
75688
75689
75690
75691
75692
75693
75694
75695
75696
75697
75698
75699
75700
75701
75702
75703
75704
75705
75706
75707
75708
75709
75710
75712
75713
75714
75716
75717
75718
75719
75720
75721
75722
75723
75724
75725
75728
75729
75730
75731
75732
75733
75734
75735
75736
75737
75738
75740
75741
75742
75743
75744
75745
75746
75747
75748
75749
75750
75751
75752
75753
75754
75755
75756
75757
75758
75759
75760
75761
75762
75763
75764
75765
75766
75767
75768
75769
75770
75771
75772
75774
75775
75777
75778
75779
75780
75781
75784
75785
75786
75788
75789
75790
75791
75792
75793
75794
75795
75796
75797
75798
75799
75800
75801
75802
75803
75804
75805
75806
75808
75809
75810
75811
75812
75813
75814
75815
75816
75817
75818
75819
75820
75821
75822
75823
75824
75825
75826
75827
75828
75829
75830
75831
75832
75833
75834
75835
75836
75837
75838
75839
75840
75841
75842
75843
75844
75845
75846
75847
75848
75849
75850
75851
75852
75853
75854
75855
75856
75857
75858
75859
75860
75861
75862
75863
75864
75865
75866
75867
75868
75869
75870
75872
75873
75874
75875
75876
75877
75879
75880
75881
75882
75883
75884
75885
75886
75887
75888
75889
75890
75891
75892
75893
75894
75896
75897
75899
75900
75901
75902
75903
75904
75905
75907
75908
75909
75910
75911
75912
75913
75914
75915
75916
75917
75918
75919
75920
75921
75922
75923
75924
75925
75926
75927
75928
75929
75930
75932
75933
75934
75935
75936
75937
75938
75939
75940
75941
75942
75943
75944
75945
75946
75947
75948
75949
75950
75951
75952
75953
75954
75955
75956
75957
75958
75959
75960
75961
75962
75963
75964
75966
75967
75968
75969
75970
75971
75972
75973
75974
75975
75976
75977
75978
75979
75980
75981
75982
75983
75984
75985
75986
75987
75988
75989
75990
75991
75992
75993
75994
75995
75996
75997
75998
76000
76002
76006
76007
76008
76009
76010
76011
76012
76013
76015
76016
76018
76020
76022
76023
76024
76025
76026
76027
76028
76029
76030
76031
76032
76034
76035
76036
76037
76038
76040
76042
76043
76044
76045
76047
76053
76054
76055
76058
76059
76062
76064
76065
76066
76067
76068
76069
76070
76071
76072
76073
76074
76075
76076
76077
76080
76081
76082
76083
76084
76086
76087
76088
76089
76090
76091
76093
76094
76095
76096
76097
76098
76099
76100
76101
76102
76103
76104
76105
76106
76107
76108
76109
76110
76111
76112
76113
76115
76116
76117
76118
76119
76120
76121
76122
76123
76125
76127
76128
76129
76130
76131
76132
76133
76134
76135
76136
76137
76138
76139
76140
76141
76142
76143
76144
76146
76147
76148
76150
76151
76152
76154
76155
76156
76157
76159
76160
76161
76163
76164
76165
76166
76167
76168
76169
76170
76171
76172
76174
76175
76176
76177
76178
76179
76180
76181
76182
76183
76186
76187
76189
76190
76191
76192
76194
76195
76196
76197
76198
76199
76200
76201
76202
76203
76205
76206
76207
76208
76209
76211
76212
76214
76216
76217
76225
76226
76227
76229
76231
76233
76234
76235
76237
76238
76239
76240
76241
76242
76243
76244
76245
76246
76247
76248
76249
76252
76253
76254
76255
76256
76257
76258
76259
76261
76263
76264
76265
76266
76267
76268
76269
76270
76271
76272
76274
76275
76276
76277
76279
76280
76281
76282
76283
76284
76285
76286
76287
76288
76289
76292
76293
76294
76295
76300
76302
76304
76305
76306
76309
76310
76312
76314
76315
76316
76317
76318
76319
76321
76322
76323
76324
76325
76326
76327
76328
76329
76330
76333
76335
76336
76337
76338
76340
76341
76342
76343
76344
76345
76346
76347
76348
76349
76350
76351
76352
76353
76359
76360
76361
76362
76363
76364
76365
76366
76369
76370
76371
76372
76373
76374
76375
76376
