546916
546917
546918
54692
546920
546921
546922
546923
546924
546925
546926
546927
546928
546929
54693
546930
546931
546932
546933
546934
546935
546936
546937
546938
546939
54694
546940
546941
546942
546943
546944
546945
546946
546947
546948
546949
54695
546950
546951
546952
546953
546954
546955
546956
546957
546958
546959
54696
546960
546961
546962
546963
546964
546965
546966
546967
546968
546969
546970
546971
546972
546973
546974
546975
546976
546977
546978
546979
54698
546980
546981
546983
546984
546985
546986
546987
546988
546989
54699
546990
546991
546992
546993
546994
546995
546996
546998
546999
547
5470
54700
547000
547001
547002
547003
547004
547006
547007
547008
547009
547010
547011
547012
547013
547014
547015
547016
547017
547018
547019
54702
547020
547021
547022
547023
547024
547025
547026
547027
547028
547029
547030
547031
547032
547033
547034
547035
547036
547037
547038
547039
54704
547040
547041
547042
547043
547044
547045
547046
547047
547048
547049
54705
547051
547052
547053
547054
547055
547056
547057
547058
547059
547060
547061
547062
547063
547064
547065
547066
547067
547068
547069
54707
547070
547071
547072
547073
547074
547075
547076
547077
547078
547079
54708
547080
547081
547082
547083
547085
547086
547087
547088
547089
54709
547090
547091
547092
547093
547094
547095
547096
547097
547098
547099
5471
54710
547100
547102
547103
547104
547105
547106
547107
547108
547110
547111
547112
547113
547114
547116
547117
547118
547119
54712
547120
547121
547122
547123
547124
547125
547128
547129
54713
547130
547131
547132
547133
547134
547135
547136
547137
547138
547139
54714
547140
547142
547143
547144
547145
547146
547147
547148
547149
54715
547150
547151
547152
547153
547154
547155
547156
547157
547158
547159
54716
547160
547161
547162
547163
547164
547165
547166
547167
547168
547169
547170
547171
547172
547173
547174
547175
547176
547177
547178
547179
54718
547180
547181
547182
547183
547184
547185
547186
547187
547188
547189
54719
547190
547191
547192
547193
547196
547198
547199
5472
54720
547200
547201
547202
547203
547204
547205
547206
547207
547208
547209
54721
547210
547211
547213
547214
547215
547216
547217
547218
547219
54722
547220
547221
547222
547223
547226
547227
547228
547229
54723
547230
547231
547232
547233
547234
547235
547238
547239
54724
547240
547241
547242
547243
547244
547245
547246
547247
547248
547249
54725
547250
547251
547252
547253
547254
547255
547256
547257
547258
547259
547260
547261
547262
547263
547264
547265
547266
547267
547268
547270
547271
547272
547274
547275
547276
547277
547278
547279
54728
547280
547281
547282
547283
547284
547286
547287
547288
547289
54729
547290
547292
547293
547294
547295
547296
547297
547298
547299
5473
54730
547300
547301
547302
547303
547304
547305
547306
54731
547310
547311
547312
547313
547314
547315
547316
547317
547318
547319
54732
547321
547322
547323
547324
547325
547326
547327
547328
547329
54733
547330
547331
547332
547333
547334
547335
547336
547338
547339
54734
547340
547341
547342
547343
547344
547345
547346
547347
547348
547349
54735
547350
547351
547352
547353
547354
547355
547356
54736
547360
547361
547363
547364
547365
547366
547367
547368
547369
54737
547370
547371
547372
547373
547374
547375
547376
547377
547379
54738
547380
547382
547384
547385
547386
547387
547388
54739
547390
547391
547392
547394
547395
547396
547397
547398
547399
54740
547400
547401
547402
547403
547404
547405
547406
547407
547408
547409
54741
547410
547411
547412
547413
547415
547416
547417
547418
547419
54742
547420
547421
547422
547423
547424
547425
547426
547427
547428
547429
54743
547430
547431
547432
547433
547434
547435
547436
547437
547438
547439
54744
547440
547441
547442
547443
547444
547445
547446
547447
547448
547449
54745
547451
547452
547453
547454
547456
547457
547458
547459
54746
547460
547461
547462
547463
547464
547465
547466
547467
547468
547469
54747
547471
547472
547473
547474
547475
547476
547478
547479
54748
547480
547481
547482
547483
547484
547485
547487
547488
547489
547490
547491
547492
547493
547494
547495
547496
547497
547498
547499
54750
547500
547502
547503
547504
547505
547506
547507
547508
547509
547510
547511
547512
547513
547514
547515
547516
547517
547518
547519
54752
547520
547522
547523
547524
547525
547526
547527
547528
547529
54753
547530
547531
547532
547533
547535
547536
547537
547538
547539
54754
547541
547542
547543
547544
547545
547546
547547
547548
547549
54755
547550
547551
547552
547553
547554
547555
547556
547557
547558
547559
54756
547560
547561
547562
547563
547564
547565
547566
547568
547569
54757
547570
547571
547573
547574
547575
547576
547577
547578
547579
54758
547580
547581
547582
547583
547584
547585
547587
547588
547589
54759
547590
547591
547592
547593
547594
547595
547596
547597
547598
547599
54760
547600
547601
547602
547603
547604
547605
547606
547608
547609
54761
547610
547611
547612
547613
547614
547615
547616
547617
547618
547619
547620
547621
547622
547623
547624
547625
547626
547627
547629
54763
547631
547632
547634
547635
547636
547637
547638
547639
54764
547640
547641
547642
547643
547644
547645
547646
547647
547648
547649
54765
547650
547651
547652
547653
547654
547656
547657
547658
547659
54766
547660
547661
547662
547663
547666
547667
547668
547669
54767
547670
547671
547672
547673
547674
547676
547677
547678
547679
54768
547680
547681
547683
547684
547685
547686
547687
547688
547689
54769
547691
547692
547693
547694
547695
547696
547697
547698
547699
54770
547700
547701
547702
547703
547704
547705
547706
547707
547708
547709
54771
547710
547711
547712
547713
547715
547716
547717
547718
547719
54772
547720
547722
547723
547724
547725
547726
547727
547728
547729
54773
547730
547731
547732
547733
547734
547735
547736
547737
547738
547739
547740
547741
547742
547743
547744
547745
547746
547747
547748
547749
547750
547751
547752
547753
547754
547755
547756
547757
547758
547759
54776
547760
547761
547762
547763
547764
547765
547766
547767
547768
547769
54777
547770
547771
547772
547773
547774
547775
547777
547778
547779
54778
547780
547781
547782
547783
547784
547785
547786
547787
547788
547789
54779
547790
547791
547792
547793
547794
547795
547796
547797
547798
547799
54780
547800
547801
547802
547803
547804
547805
547806
547807
547808
547809
547810
547811
547812
547813
547814
547815
547816
547817
547819
54782
547820
547821
547822
547823
547824
547825
547826
547827
547828
547829
547830
547831
547832
547833
547834
547835
547836
547837
547838
547839
54784
547841
547842
547843
547844
547845
547847
547848
547849
54785
547851
547852
547853
547854
547855
547856
547857
547858
54786
547860
547861
547862
547863
547865
547866
547867
547868
547869
547870
547871
547872
547873
547874
547875
547876
547878
547879
54788
547880
547881
547882
547883
547884
547885
547886
547887
547888
547889
547890
547891
547892
547893
547894
547895
547896
547897
547898
547899
5479
54790
547900
547901
547902
547903
547904
547905
547906
547907
547908
547910
547911
547912
547913
547914
547915
547916
547917
547918
547919
54792
547920
547921
547922
547923
547924
547925
547926
547927
547928
547929
54793
547930
547931
547932
547933
547934
547935
547936
547937
547938
547939
54794
547940
547941
547942
547943
547944
547945
547946
547947
547948
547949
54795
547950
547951
547952
547953
547954
547955
547956
547957
547958
547959
54796
547960
547961
547962
547963
547964
547965
547966
547967
547968
547969
54797
547970
547971
547973
547974
547975
547976
547977
547978
547979
54798
547980
547981
547982
547983
547984
547985
547986
547987
547988
547989
54799
547990
547991
547992
547993
547996
547997
547998
547999
548
54800
548000
548001
548002
548003
548004
548005
548006
548008
548009
54801
548010
548011
548012
548013
548014
548015
548016
548017
548018
548019
54802
548021
548022
548023
548025
548026
548027
548028
548029
54803
548030
548031
548032
548033
548034
548035
548036
548037
548038
548039
54804
548040
548041
548042
548043
548044
548045
548046
548047
548048
548049
54805
548050
548051
548052
548053
548054
548055
548056
548057
548058
548059
548060
548061
548062
548063
548064
548065
548066
548067
548068
548069
54807
548070
548071
548072
548073
548074
548075
548077
548078
548079
548080
548081
548082
548083
548084
548085
548086
548087
548088
548089
548090
548091
548092
548093
548094
548095
548096
548097
548098
548099
5481
54810
548100
548101
548102
548103
548104
548105
548106
548107
548108
548109
54811
548110
548111
548113
548114
548115
548116
548117
548118
548119
54812
548120
548121
548122
548123
548124
548125
548126
548127
548128
548129
54813
548130
548131
548132
548133
548134
548135
548136
548137
548138
548139
54814
548140
548141
548142
548143
548144
548145
548146
548147
548148
548149
54815
548150
548151
548152
548153
548155
548156
548157
548158
548159
548160
548161
548162
548163
548164
548165
548166
548167
548168
548169
54817
548170
548171
548172
548173
548175
548176
548177
548178
548179
54818
548180
548181
548182
548183
548184
548185
548186
548187
548188
548189
54819
548190
548191
548192
548193
548194
548195
548196
548197
548198
548199
5482
548200
548202
548203
548204
548205
548206
548207
548208
548209
54821
548210
548211
548212
548213
548214
548215
548216
548217
548218
54822
548220
548221
548222
548223
548224
548225
548226
548228
548229
54823
548230
548231
548232
548233
548236
548237
548238
548239
54824
548240
548241
548242
548243
548244
548246
548247
548248
548249
54825
548250
548251
548253
548254
548255
548256
548257
548258
548259
54826
548260
548261
548262
548263
548265
548266
548267
548268
548269
54827
548270
548271
548272
548273
548274
548275
548276
548277
548278
548279
548280
548282
548283
548284
548285
548286
548287
548288
548290
548291
548292
548293
548294
548295
548296
548297
548298
548299
5483
54830
548300
548301
548302
548303
548304
548305
548306
548307
548308
548309
548310
548311
548312
548313
548315
548316
548317
548318
548319
54832
548320
548321
548322
548324
548325
548326
548327
548328
548329
54833
548330
548331
548332
548333
548334
548335
548336
548337
548338
548339
548340
548341
548342
548343
548344
548345
548346
548347
548349
54835
548350
548351
548352
548353
548354
548355
548356
548357
548358
548359
54836
548360
548361
548363
548364
548365
548366
548367
548368
548369
54837
548370
548371
548372
548373
548374
548375
548376
548377
548378
548379
54838
548380
548381
548382
548383
548384
548385
548386
548387
548388
548389
548390
548391
548392
548393
548394
548395
548396
548397
548398
548399
5484
54840
548400
548401
548402
548403
548404
548405
548406
548407
548409
54841
548410
548411
548412
548413
548414
548415
548416
548417
548418
548419
54842
548420
548421
548422
548423
548425
548426
548427
548428
548429
54843
548430
548431
548432
548433
548434
548435
548436
548437
548439
54844
548440
548441
548442
548444
548445
548446
548448
548449
54845
548450
548451
548452
548453
548454
548455
548456
548457
548458
548459
54846
548460
548461
548462
548464
548465
548466
548467
548468
54847
548470
548471
548472
548473
548474
548475
548476
548477
548478
548479
54848
548480
548481
548482
548483
548484
548485
548486
548487
548488
548489
548490
548491
548492
548493
548494
548495
548496
548497
548499
5485
54850
548500
548501
548502
548503
548505
548506
548507
548508
548509
54851
548510
548511
548512
548513
548514
548515
548516
548517
548518
548519
54852
548520
548521
548522
548524
548525
548526
548527
548529
54853
548530
548531
548532
548533
548534
548536
548537
548538
548539
548541
548542
548543
548544
548545
548546
548547
548549
54855
548551
548552
548553
548554
548555
548556
548557
548558
548559
54856
548560
548561
548562
548563
548564
548565
548566
548567
548568
548569
54857
548570
548571
548572
548573
548574
548575
548576
548577
548578
548579
54858
548580
548581
548582
548583
548585
548586
548587
548588
548589
54859
548590
548591
548592
548593
548594
548595
548596
548597
548598
548599
5486
54860
548600
548601
548602
548603
548604
548605
548606
548608
548609
54861
548610
548611
548612
548613
548614
548616
548617
548618
548619
54862
548620
548622
548623
548624
548625
548626
548627
548628
548629
54863
548630
548631
548633
548634
548635
548636
548637
548638
548639
54864
548640
548641
548642
548643
548644
548645
548646
548647
548648
548649
54865
548650
548651
548652
548653
548654
548655
548656
548657
548658
548659
54866
548660
548661
548662
548663
548665
548666
548668
548669
54867
548670
548672
548674
548676
548677
54868
548680
548681
548682
548683
548684
548685
548686
548688
548689
54869
548690
548691
548692
548693
548694
548695
548697
548698
548699
54870
548701
548702
548703
548705
548707
548708
548709
54871
548710
548711
548713
548714
548715
548719
54872
548721
548725
548726
548727
548728
54873
548730
548731
548733
548734
548738
54874
548741
548745
548746
548749
54875
548750
548751
548752
548754
548755
548756
548757
548758
548759
54876
548760
548761
548762
548763
548764
548765
548766
548767
548768
548769
54877
548770
548772
548773
548774
548775
548776
548777
548778
548779
548780
548781
548782
548784
548785
548786
548787
548788
548789
54879
548791
548792
548793
548794
548795
548796
548797
548798
5488
54880
548800
548801
548802
548803
548804
548806
548807
548808
548809
54881
548810
548811
548812
548813
548814
548816
548817
548818
548819
54882
548820
548821
548822
548823
548824
548825
548826
548827
548828
548829
548830
548831
548832
548833
548834
548837
548838
548839
54884
548840
548841
548842
548843
548844
548845
548846
548847
548848
548849
548850
548851
548852
548853
548854
548855
548856
548857
548859
54886
548861
548862
548863
548865
548866
548867
548868
548869
54887
548870
548871
548872
548873
548874
548875
548877
548878
548879
54888
548880
548881
548882
548883
548885
548886
548887
548888
548889
54889
548891
548892
548894
548895
548896
548897
548898
548899
5489
54890
548900
548901
548902
548903
548904
548905
548906
548907
548908
548909
54891
548910
548911
548912
548913
548914
548915
548916
548917
548919
54892
548920
548923
548925
548926
548927
548928
548929
54893
548930
548931
548932
548934
548935
548936
548937
548938
548939
54894
548940
548941
548943
548944
548945
548946
548947
548948
548949
548950
548951
548952
548953
548954
548955
548956
548957
548958
548960
548961
548962
548963
548964
548965
548966
548967
548968
548969
54897
548970
548971
548972
548973
548974
548975
548976
548977
548978
548979
54898
548980
548981
548982
548983
548984
548985
548987
548988
548989
548990
548992
548993
548995
548996
548997
548998
548999
549
54900
549000
549001
549002
549003
549004
549005
549006
549007
549008
54901
549010
549011
549012
549013
549014
549015
549016
549017
549018
549019
54902
549020
549021
549022
549023
549024
549025
549026
549027
549028
549029
549030
549031
549032
549033
549034
549035
549036
549037
549038
549039
549040
549041
549043
549044
549045
549046
549048
549049
54905
549050
549051
549052
549053
549054
549056
549057
549058
549059
549060
549061
549062
549063
549064
549065
549066
549067
549068
549069
549070
549071
549072
549073
549074
549075
549076
549077
549078
549079
54908
549080
549081
549082
549083
549084
549085
549086
549087
549088
549089
54909
549090
549091
549092
549093
549094
549095
549096
549097
549098
549099
5491
54910
549100
549101
549102
549103
549104
549105
549106
549107
549108
549109
54911
549110
549111
549112
549113
549115
549116
549117
549118
549119
54912
549120
549121
549122
549123
549125
549126
549128
549129
54913
549132
549133
549134
549135
549136
549137
549139
54914
549140
549141
549142
549143
549144
549145
549146
549147
549148
549149
54915
549151
549152
549154
549155
549156
549157
549158
549159
549160
549161
549162
549164
549165
549166
549167
549168
549169
54917
549170
549171
549172
549173
549174
549176
549177
549178
549179
54918
549180
549182
549183
549184
549185
549186
549187
549188
549189
54919
549190
549191
549192
549193
549194
549195
549196
549197
549198
549199
5492
54920
549200
549201
549202
549203
549204
549205
549206
549207
549208
549209
549211
549212
549213
549214
549215
549216
549217
549218
549219
54922
549220
549221
549222
549223
549224
549225
549226
549227
549228
549229
54923
549230
549231
549232
549233
549234
549235
549236
549237
549238
549239
54924
549240
549241
549242
549243
549244
549245
549246
549247
549248
549249
54925
549250
549251
549252
549253
549254
549255
549256
549257
549258
549259
54926
549260
549261
549262
549263
549264
549265
549266
549267
549268
549269
54927
549271
549272
549273
549274
549275
549276
549277
549278
549279
54928
549280
549281
549282
549283
549284
549285
549286
549287
549288
549289
54929
549290
549291
549292
549293
549294
549295
549296
549297
549298
5493
54930
549300
549301
549302
549303
549304
549305
549306
549307
549308
549309
54931
549310
549311
549312
549313
549314
549315
549316
549317
549318
549319
54932
549320
549321
549322
549324
549325
549326
549327
549328
549329
54933
549333
549334
549335
549336
549337
549338
549339
54934
549340
549341
549342
549343
549344
549345
549346
549347
549348
54935
549350
549351
549352
549353
549354
549355
549356
549357
549358
549359
54936
549360
549361
549363
549364
549366
549367
549368
549369
54937
549370
549371
549372
549374
549375
549376
549377
549378
549379
54938
549380
549381
549382
549383
549384
549385
549386
549387
549388
549389
54939
549390
549391
549392
549393
549394
549395
549396
549397
549398
5494
54940
549400
549401
549402
549403
549406
549407
549408
549409
54941
549410
549411
549412
549413
549414
549415
549416
549417
549418
549419
54942
549420
549421
549422
549423
549424
549425
549426
549427
549428
549429
54943
549430
549432
549433
549434
549435
549436
549437
549439
549440
549441
549442
549443
549444
549445
549447
549448
549449
54945
549450
549451
549452
549453
549454
549455
549456
549457
549459
54946
549460
549461
549462
549463
549464
549465
549466
549467
549468
549469
549470
549471
549472
549473
549474
549475
549476
549477
549478
549479
54948
549480
549481
549482
549483
549484
549485
549486
549487
549488
549489
54949
549490
549491
549492
549493
549494
549496
549497
549498
549499
5495
549500
549501
549502
549503
549504
549505
549506
549507
549508
549509
54951
549510
549511
549512
549513
549514
549515
549516
549517
549518
549519
54952
549520
549521
549522
549523
549524
549525
549526
549527
549528
549529
54953
549530
549531
549532
549533
549534
549535
549536
549537
549538
549539
54954
549540
549541
549542
549543
549544
549546
549547
549548
549549
54955
549550
549551
549552
549553
549554
549555
549556
549557
549558
549559
54956
549560
549561
549562
549563
549564
549565
549566
549567
549568
549569
54957
549570
549571
549572
549573
549574
549575
549577
549578
549579
549580
549581
549582
549583
549584
549585
549586
549587
54959
549590
549592
549593
549594
549595
549596
549597
549598
549599
549600
549601
549602
549603
549604
549605
549607
549609
54961
549610
549612
549613
549614
549615
549616
549617
549618
549619
54962
549620
549621
549622
549623
549624
549625
549626
549627
549628
549629
54963
549630
549631
549632
549633
549634
549635
549636
549637
549638
549639
54964
549640
549641
549642
549643
549644
549645
549646
549647
549648
549649
54965
549650
549651
549652
549654
549655
549656
549657
549658
549659
54966
549661
549662
549663
549664
549665
549667
549668
549669
549670
549671
549672
549673
549674
549675
549676
549677
549678
549679
54968
549680
549681
549683
549684
549685
549686
549687
549688
549689
54969
549690
549691
549692
549693
549694
549695
549696
549697
549698
549699
5497
54970
549700
549701
549702
549703
549704
549705
549706
549707
549708
549709
549710
549711
549712
549713
549714
549715
549716
549717
549718
549719
549720
549721
549722
549723
549724
549725
549726
549727
549728
549729
54973
549730
549731
549732
549733
549734
549735
549736
549737
549738
549739
54974
549740
549741
549742
549743
549744
549745
549746
549747
549748
549750
549751
549752
549753
549754
549755
549756
549757
549758
549759
54976
549760
549761
549762
549763
549764
549765
549766
549767
549768
549769
54977
549770
549771
549772
549773
549775
549776
549777
549778
549780
549781
549782
549783
549784
549785
549786
549787
549788
549789
54979
549790
549791
549792
549793
549794
549795
549797
549798
549799
54980
549800
549801
549802
549803
549804
549805
549806
549807
549808
549809
54981
549810
549811
549812
549813
549814
549815
549816
549817
549818
549819
54982
549820
549821
549822
549823
549824
549825
549826
549827
549828
549829
549830
549832
549833
549835
549836
549837
549838
549839
54984
549840
549841
549842
549843
549844
549845
549846
549847
549848
549849
54985
549850
549851
549852
549853
549854
549855
549856
549858
549859
54986
549860
549861
549862
549863
549864
549865
549866
549867
549868
549869
54987
549870
549871
549872
549874
549875
549876
549877
549878
549879
549880
549881
549882
549883
549884
549885
549886
549887
549888
549889
54989
549890
549891
549892
549893
549894
549895
549896
549897
549898
549899
54990
549900
549901
549902
549903
549904
549905
549906
549907
549908
549909
54991
549910
549911
549912
549913
549914
549915
549916
549917
549918
549919
54992
549920
549921
549922
549923
549924
549925
549926
549927
549928
549929
54993
549930
549931
549932
549933
549934
549935
549936
549937
549938
549939
54994
549940
549941
549942
549944
549945
549946
549947
549948
549949
54995
549950
549951
549952
549953
549954
549955
549956
549957
549958
549959
54996
549960
549961
549962
549963
549964
549965
549966
549967
549968
549969
54997
549971
549972
549973
549974
549975
549976
549977
549978
549979
54998
549980
549981
549982
549983
549984
549985
549986
549987
549988
549989
54999
549990
549991
549992
549993
549994
549995
549996
549997
549998
549999
55
550
55000
550000
550001
550002
550003
550004
550005
550006
550007
550008
550009
55001
550010
550011
550012
550013
550014
550015
550016
550017
550018
550020
550021
550022
550023
550024
550025
550026
550027
550028
550029
55003
550030
550031
550032
550033
550034
550035
550036
550037
550038
550039
55004
550040
550041
550042
550043
550044
550045
550046
550047
550048
550049
55005
550050
550051
550052
550053
550054
550056
550057
550058
550059
55006
550060
550061
550062
550063
550064
550065
550066
550067
550068
550069
55007
550070
550071
550072
550073
550074
550075
550076
550077
550078
550079
55008
550080
550082
550083
550084
550085
550086
550087
550089
55009
550090
550091
550092
550093
550094
550095
550096
550097
550098
550099
5501
55010
550100
550101
550102
550103
550104
550105
550106
550107
550108
550109
55011
550110
550112
550113
550114
550115
550116
550118
550119
55012
550120
550121
550122
550123
550124
550126
550127
550128
550129
55013
550130
550131
550132
550133
550134
550135
550136
550137
550138
550139
55014
550140
550142
550143
550144
550145
550146
550147
550148
550149
55015
550152
550154
550155
550156
550157
550158
550159
55016
550160
550161
550162
550163
550164
550165
550166
550167
550168
550169
55017
550170
550172
550173
550174
550175
550176
550177
550178
550179
55018
550180
550181
550182
550184
550185
550187
550188
550189
55019
550190
550192
550193
550194
550195
550196
550197
550198
550199
550200
550201
550202
550203
550204
550205
550206
550207
550208
550209
55021
550210
550211
550212
550213
550214
550215
550216
550217
550218
55022
550220
550221
550222
550223
550224
550225
550226
550227
550229
55023
550230
550231
550232
550233
550234
550235
550236
550237
550238
550239
550240
550241
550242
550243
550244
550245
550247
550248
550249
55025
550250
550251
550252
550253
550255
550256
550258
550259
55026
550261
550262
550263
550264
550265
550266
550268
550269
55027
550270
550271
550272
550273
550274
550275
550277
550278
550279
55028
550280
550281
550282
550283
550284
550285
550286
550287
550288
55029
550290
550291
550292
550293
550294
550296
550297
550298
550299
5503
55030
550300
550302
550303
550304
550306
550307
550308
550309
55031
550310
550311
550312
550313
550314
550315
550316
550317
550318
550319
55032
550320
550321
550322
550323
550325
550326
550327
550328
550329
55033
550330
550331
550332
550333
550334
550335
550337
550339
55034
550340
550341
550343
550344
550346
550347
550348
550349
55035
550350
550351
550352
550353
550354
550355
550356
550357
55036
550360
550361
550362
550363
550364
550365
550366
550367
550368
550369
55037
550370
550371
550372
550373
550374
550375
550376
550377
550378
550379
550380
550381
550382
550383
550384
550385
550386
550387
550388
550389
55039
550390
550391
550393
550394
550395
550396
550397
550398
550399
55040
550400
550401
550402
550403
550404
550405
550406
550407
550408
550409
55041
550410
550411
550412
550413
550414
550415
550416
550417
550418
550419
55042
550420
550421
550422
550423
550424
550425
550426
550429
55043
550430
550432
550433
550436
550437
550438
550439
55044
550440
550441
550442
550443
550444
550445
550446
550447
550448
550449
55045
550450
550451
550452
550453
550454
550455
550456
550458
550459
55046
550461
550462
550464
550465
550466
550467
550468
550469
55047
550470
550471
550472
550473
550474
550475
550476
550477
550478
550479
55048
550480
550481
550482
550483
550484
550485
550486
550487
550488
55049
550490
550491
550492
550493
550494
550495
550496
550497
550498
550499
55050
550500
550501
550502
550503
550504
550505
550506
550507
550508
550509
550510
550511
550512
550513
550514
550515
550516
550517
550518
550519
55052
550521
550522
550523
550524
550525
550526
550528
550529
550530
550531
550532
550533
550534
550537
550538
550539
55054
550540
550541
550542
550543
550544
550545
550546
550547
550548
550550
550551
550552
550553
550554
550556
550557
550558
550559
550560
550561
550562
550563
550565
550566
550567
550568
550569
55057
550571
550572
550573
550574
550575
550576
550577
550579
55058
550582
550584
550585
550586
550587
550588
55059
550591
550592
550593
550594
550595
550596
550597
550598
5506
55060
550600
550601
550602
550603
550604
550605
550606
550608
550609
55061
550610
550611
550612
550613
550614
550616
550618
550619
550620
550621
550622
550623
550624
550625
550626
550627
550628
550629
55063
550630
550633
550634
550635
550636
550637
550639
55064
550640
550641
550642
550644
550645
550646
550647
550648
550649
550650
550651
550652
550653
550654
550655
550656
550657
550658
550659
55066
550660
550661
550663
550664
550667
550668
550669
55067
550670
550671
550672
550673
550674
550675
550676
550677
550678
550679
55068
550680
550681
550682
550684
550685
550686
550687
550689
55069
550690
550691
550692
550693
550694
550695
550696
550697
550699
5507
550700
550701
550702
550703
550704
550705
550706
550707
55071
550711
550712
550713
550714
550715
550716
550717
550719
55072
550720
550721
550722
550723
550724
550725
550726
550727
550728
550729
55073
550730
550731
550732
550733
550734
550735
550737
550738
550739
55074
550740
550741
550742
550743
550744
550745
550746
550748
550749
55075
550750
550751
550752
550753
550754
550755
550756
550757
550758
550759
55076
550760
550761
550762
550764
550765
550766
550767
550768
550769
55077
550770
550771
550772
550773
550774
550775
550776
550778
550779
55078
550780
550782
550783
550784
550785
550786
550787
550788
55079
550791
550792
550793
550794
550796
550797
550798
550799
5508
55080
550802
550803
550805
550807
550808
550809
55081
550810
550812
550815
550816
550817
550818
550819
55082
550820
550821
550822
550823
550824
550825
550826
550827
550828
550829
55083
550830
550832
550833
550834
550835
550836
550837
550838
550839
55084
550840
550842
550843
550844
550845
550846
550847
550848
550849
55085
550850
550851
550852
550853
550854
550855
550856
550858
550859
55086
550860
550861
550862
550863
550864
550865
550866
550867
550868
550869
55087
550870
550871
550872
550873
550874
550875
550876
550877
550878
550879
55088
550880
550881
550883
550884
550885
550886
550887
550888
550889
55089
550890
550891
550892
550893
550894
550895
550896
550898
550899
5509
55090
550900
550901
550902
550904
550905
550906
550907
550908
550909
550910
550911
550912
550913
550914
550915
550916
550917
550918
550919
55092
550920
550921
550922
550923
550924
550925
550926
550927
550928
550929
55093
550930
550931
550932
550933
550934
550935
550936
550937
550938
550939
55094
550940
550941
550942
550943
550944
550945
550946
550947
550948
550949
55095
550950
550951
550952
550953
550954
550955
550956
550957
550958
550959
550960
550961
550962
550963
550964
550965
550967
550968
550969
550970
550971
550972
550973
550974
550975
550976
550977
550978
550979
55098
550980
550981
550982
550983
550984
550985
550986
550987
550988
550989
55099
550990
550991
550992
550993
550995
550996
550997
550998
550999
551
5510
55100
551000
551001
551002
551003
551004
551005
551006
551007
551008
551009
55101
551010
551011
551012
551013
551014
551015
551016
551017
551018
551019
55102
551021
551022
551023
551024
551025
551026
551027
551028
551029
55103
551030
551031
551032
551033
551034
551035
551036
551037
551038
551039
55104
551040
551041
551043
551044
551045
551046
551047
551048
551049
55105
551050
551051
551052
551053
551054
551055
551056
551057
551058
551059
55106
551060
551061
551062
551064
551065
551066
551067
551068
551069
55107
551070
551071
551072
551074
551075
551076
551077
551078
551079
551080
551081
551082
551083
551084
551085
551086
551087
551088
551090
551091
551092
551093
551094
551096
551097
551098
551099
5511
55110
551101
551102
551104
551105
551107
551108
551109
551110
551111
551112
551113
551114
551115
551116
551117
551118
551119
551120
551121
551122
551123
551124
551125
551126
551127
551128
551129
55113
551130
551131
551132
551133
551134
551135
551136
551137
551138
55114
551140
551141
551142
551143
551144
551145
551146
551147
551148
551149
55115
551150
551152
551153
551154
551155
551156
551157
551158
551159
55116
551160
551161
551163
551164
551165
551166
551167
551168
551169
55117
551170
551172
551173
551174
551175
551176
551177
551178
551179
55118
551184
551186
551187
551188
551189
55119
551190
551191
551192
551193
551195
551196
551197
551198
551199
55120
551200
551201
551202
551203
551204
551205
551206
551207
551208
551209
55121
551210
551211
551212
551213
551214
551215
551216
551217
551218
551219
55122
551220
551221
551222
551223
551224
551225
551226
551227
551228
551229
55123
551230
551231
551232
551233
551234
551235
551236
551237
551238
55124
551240
551241
551243
551244
551245
551246
551247
551249
55125
551251
551256
551257
551258
55126
551260
551261
551262
551263
551264
551265
551267
551268
551269
551270
551271
551273
551275
551276
551279
551280
551281
551282
551283
551284
551285
551286
551287
551288
551289
55129
551290
551291
551292
551293
551295
551296
551297
551298
551299
5513
55130
551300
551302
551303
551305
551306
551307
551308
551309
55131
551310
551311
551312
551313
551314
551315
551316
551318
551319
55132
551320
551321
551322
551323
551324
551325
551326
551327
551328
551329
55133
551330
551331
551332
551333
551334
551335
551336
551338
551339
55134
551340
551341
551342
551343
551345
551346
551347
551348
551349
55135
551350
551351
551353
551354
551355
551356
551357
551358
551359
55136
551361
551362
551364
551368
551369
55137
551370
551371
551372
551373
551374
551375
551376
551378
551379
55138
551380
551381
551382
551383
551384
551385
551386
551387
551388
551389
55139
551390
551391
551393
551394
551395
551396
551397
551398
551399
5514
551400
551401
551402
551403
551404
551405
551406
551407
551408
551409
55141
551410
551411
551412
551413
551414
551415
551417
551418
551419
55142
551420
551421
551422
551424
551425
551426
551427
551428
551429
55143
551430
551431
551432
551433
551434
551435
551436
551437
551438
551439
55144
551440
551441
551442
551443
551444
551446
551447
551448
551449
55145
551450
551451
551452
551453
551454
551455
551456
551458
551459
55146
551460
551461
551462
551463
551464
551465
551466
551467
551468
551469
55147
551470
551472
551473
551474
551476
551477
551478
551479
55148
551480
551481
551482
551483
551485
551486
551487
551488
551489
55149
551490
551492
551493
551494
551496
551497
551498
551499
5515
55150
551500
551501
551502
551503
551504
551505
551506
551507
551508
551509
55151
551511
551512
551513
551514
551515
551516
551517
551518
551519
55152
551520
551521
551522
551523
551526
551527
551528
55153
551530
551531
551532
551533
551534
551535
551536
551537
551539
55154
551540
551541
551542
551543
551544
551545
551546
551547
551548
551549
55155
551550
551551
551552
551553
551554
551555
551556
551557
551558
55156
551561
551562
551563
551564
551565
551566
551568
551569
55157
551570
551571
551572
551574
551575
551576
551577
551578
551579
55158
551581
551582
551583
551584
551585
551586
551587
551588
551589
551590
551591
551592
551593
551594
551595
551596
551598
551599
5516
55160
551600
551601
551602
551603
551604
551605
551607
551608
55161
551610
551611
551614
551616
551618
551619
55162
551620
551621
551623
551625
551626
551627
551628
551629
551630
551631
551632
551633
551634
551635
551636
551637
551638
551639
55164
551640
551641
551642
551643
551644
551645
551646
551647
551648
551649
55165
551650
551651
551652
551653
551654
551655
551656
551657
551658
55166
551660
551661
551662
551663
551664
551665
551666
551667
551668
551669
55167
551670
551671
551672
551673
551674
551675
551676
551677
551678
55168
551680
551681
551682
551683
551684
551685
551686
551687
551688
551689
551690
551691
551692
551693
551694
551695
551696
551697
551698
551699
5517
55170
551700
551701
551702
551703
551704
551705
551706
551707
551708
551709
55171
551710
551711
551712
551713
551714
551715
551716
551717
551718
551719
55172
551720
551721
551722
551723
551726
551727
551728
551729
55173
551730
551731
551732
551733
551734
551735
551736
551737
551738
551739
55174
551740
551741
551742
551743
551744
551745
551746
551747
551748
551749
55175
551750
551751
551752
551753
551754
551755
551757
551758
551759
55176
551760
551761
551762
551763
551765
551766
551767
551768
551769
55177
551771
551772
551773
551774
551775
551776
551777
551778
551779
55178
551780
551782
551783
551785
551786
551787
551788
551789
55179
551790
551791
551792
551793
551794
551795
551797
551798
5518
55180
551801
551802
551803
551804
551805
551806
551808
551809
55181
551810
551811
551812
551813
551814
551816
551818
551819
55182
551820
551821
551822
551823
551824
551825
551826
551827
551828
551829
55183
551830
551831
551832
551834
551835
551836
551837
551838
551839
55184
551840
551841
551842
551843
551844
551845
551846
551847
551848
551849
551851
551852
551853
551854
551855
551856
551857
551858
551859
55186
551860
551861
551862
551863
551864
551865
551866
551867
551868
551869
55187
551870
551871
551872
551873
551875
551876
551877
551878
551879
55188
551880
