652243
652244
652245
652246
652247
652248
652249
652250
652251
652252
652253
652254
652255
652257
652258
652259
652260
652261
652262
652263
652265
652266
652267
652268
652269
652270
652271
652272
652273
652274
652275
652276
652277
652278
652279
652282
652283
652284
652285
652286
652287
652288
652289
652292
652294
652295
652296
652297
652298
652299
652300
652302
652303
652304
652305
652306
652307
652308
652309
652310
652311
652312
652313
652314
652315
652316
652318
652319
652320
652321
652322
652323
652324
652325
652326
652327
652328
652329
652330
652331
652332
652334
652335
652336
652338
652340
652341
652342
652343
652344
652345
652346
652347
652348
652349
652350
652351
652352
652353
652354
652355
652356
652357
652358
652359
652360
652361
652362
652363
652364
652365
652366
652367
652368
652369
652370
652371
652372
652373
652374
652375
652376
652377
652378
652379
652380
652381
652382
652383
652384
652385
652386
652387
652388
652389
652390
652391
652392
652393
652394
652395
652396
652397
652398
652399
652400
652401
652402
652403
652404
652405
652406
652407
652408
652411
652412
652413
652414
652415
652416
652417
652418
652419
652420
652421
652422
652423
652424
652425
652427
652428
652429
652430
652431
652432
652433
652434
652435
652436
652438
652439
652440
652441
652442
652443
652444
652445
652446
652447
652448
652449
652450
652451
652452
652453
652454
652455
652456
652457
652458
652459
652460
652461
652462
652464
652465
652466
652467
652468
652469
652470
652471
652472
652473
652474
652475
652476
652477
652478
652479
652480
652482
652483
652484
652485
652486
652487
652488
652489
652490
652491
652493
652495
652496
652497
652498
652499
652500
652501
652503
652504
652505
652506
652507
652508
652509
652510
652511
652512
652513
652514
652515
652516
652517
652518
652519
652520
652521
652522
652523
652524
652525
652526
652527
652528
652529
652530
652531
652532
652533
652534
652535
652536
652537
652538
652539
652540
652541
652542
652543
652544
652545
652546
652547
652548
652549
652550
652551
652552
652553
652554
652555
652556
652557
652558
652559
652560
652561
652562
652563
652564
652565
652566
652567
652568
652569
652570
652571
652572
652573
652574
652575
652576
652579
652580
652584
652585
652586
652587
652589
652590
652591
652592
652593
652594
652595
652596
652597
652598
652599
652600
652601
652602
652605
652606
652608
652609
652611
652613
652614
652615
652616
652617
652618
652619
652620
652621
652622
652623
652624
652625
652626
652627
652628
652630
652631
652632
652634
652635
652636
652637
652638
652639
652641
652642
652643
652645
652646
652648
652649
652650
652651
652652
652653
652655
652656
652658
652659
652660
652661
652662
652663
652664
652665
652666
652667
652668
652669
652671
652672
652673
652674
652675
652676
652677
652678
652679
652680
652681
652682
652683
652684
652685
652686
652688
652689
652690
652691
652692
652693
652694
652696
652697
652698
652699
652701
652702
652703
652704
652705
652706
652707
652708
652709
652710
652711
652712
652713
652714
652715
652716
652717
652718
652719
652720
652721
652722
652723
652724
652725
652726
652727
652728
652729
652730
652731
652733
652734
652735
652736
652737
652738
652739
652740
652741
652742
652743
652744
652745
652746
652747
652749
652750
652751
652752
652753
652754
652756
652757
652758
652759
652760
652761
652762
652763
652764
652766
652767
652768
652770
652772
652775
652776
652777
652778
652779
652780
652781
652782
652783
652785
652786
652787
652788
652789
652790
652791
652792
652793
652794
652795
652796
652797
652798
652799
652800
652801
652802
652803
652804
652805
652806
652807
652808
652809
652810
652811
652812
652813
652814
652815
652816
652817
652818
652819
652820
652821
652822
652823
652824
652826
652827
652828
652829
652830
652831
652833
652834
652835
652836
652837
652838
652839
652840
652841
652842
652843
652844
652845
652846
652847
652848
652849
652850
652851
652852
652853
652854
652855
652856
652857
652858
652859
652860
652861
652862
652863
652864
652865
652866
652867
652868
652869
652870
652871
652872
652873
652874
652875
652876
652877
652878
652879
652880
652881
652882
652883
652884
652885
652886
652887
652888
652889
652890
652891
652892
652893
652894
652895
652896
652897
652898
652899
652900
652901
652902
652903
652904
652905
652906
652907
652908
652909
652910
652911
652912
652913
652914
652915
652916
652917
652918
652919
652920
652921
652922
652924
652925
652926
652927
652928
652929
652930
652931
652932
652933
652934
652935
652936
652937
652938
652939
652941
652942
652943
652944
652945
652946
652947
652949
652950
652951
652952
652954
652955
652956
652957
652958
652959
652960
652962
652963
652964
652965
652966
652967
652968
652969
652970
652971
652972
652973
652974
652975
652976
652977
652978
652979
652980
652981
652982
652983
652984
652985
652986
652988
652989
652990
652991
652992
652993
652994
652995
652996
652997
652998
652999
653000
653001
653002
653003
653004
653005
653006
653007
653008
653009
653010
653011
653012
653013
653014
653016
653017
653018
653019
653020
653022
653023
653024
653025
653026
653027
653028
653029
653030
653031
653032
653033
653034
653035
653036
653037
653038
653039
653040
653041
653042
653043
653044
653045
653046
653047
653048
653049
653050
653051
653052
653053
653054
653055
653056
653057
653059
653060
653061
653063
653064
653065
653066
653067
653068
653070
653071
653072
653073
653074
653075
653076
653077
653079
653080
653081
653082
653083
653084
653085
653086
653087
653088
653089
653090
653091
653092
653093
653094
653095
653096
653097
653098
653099
653100
653101
653102
653104
653105
653106
653108
653109
653110
653111
653112
653113
653114
653116
653117
653118
653119
653120
653121
653122
653123
653124
653125
653126
653127
653128
653129
653130
653131
653133
653134
653135
653136
653137
653138
653139
653140
653141
653142
653143
653144
653145
653146
653147
653148
653149
653150
653151
653152
653153
653154
653155
653156
653157
653158
653159
653160
653161
653162
653163
653164
653165
653166
653167
653168
653169
653170
653171
653172
653173
653174
653175
653176
653177
653178
653179
653180
653181
653182
653183
653184
653186
653187
653188
653189
653190
653191
653192
653193
653194
653195
653196
653197
653198
653199
653200
653201
653202
653203
653204
653206
653207
653208
653209
653210
653211
653212
653213
653214
653215
653216
653217
653218
653219
653220
653221
653224
653225
653226
653227
653228
653229
653230
653231
653232
653233
653234
653235
653236
653237
653238
653240
653241
653242
653243
653244
653245
653246
653247
653248
653249
653250
653251
653252
653253
653254
653256
653257
653258
653259
653260
653261
653263
653264
653265
653266
653267
653268
653269
653272
653273
653274
653275
653276
653277
653278
653279
653280
653281
653282
653283
653284
653285
653286
653287
653288
653289
653290
653291
653292
653293
653294
653297
653298
653299
653300
653301
653302
653303
653304
653305
653306
653307
653308
653309
653310
653311
653312
653313
653314
653315
653316
653317
653318
653321
653322
653323
653324
653325
653326
653327
653328
653329
653330
653331
653332
653333
653334
653335
653336
653337
653338
653339
653340
653341
653342
653343
653344
653345
653346
653347
653348
653349
653350
653351
653352
653353
653354
653355
653356
653357
653358
653359
653360
653361
653362
653364
653365
653366
653368
653370
653371
653372
653373
653374
653375
653376
653377
653378
653379
653380
653381
653383
653384
653385
653386
653387
653388
653389
653390
653391
653392
653393
653394
653395
653397
653398
653399
653400
653401
653402
653404
653405
653406
653407
653408
653409
653410
653411
653412
653413
653414
653415
653416
653417
653418
653419
653420
653421
653422
653423
653424
653425
653426
653427
653428
653429
653430
653431
653432
653433
653434
653435
653436
653437
653438
653439
653440
653441
653442
653443
653444
653445
653446
653447
653448
653449
653450
653451
653453
653454
653455
653456
653457
653458
653459
653460
653461
653462
653463
653464
653465
653467
653468
653469
653470
653471
653472
653473
653474
653475
653476
653477
653479
653480
653481
653482
653483
653484
653485
653486
653488
653489
653490
653491
653492
653493
653494
653495
653496
653497
653498
653499
653500
653501
653502
653503
653504
653505
653506
653507
653508
653509
653510
653511
653512
653513
653514
653515
653516
653517
653518
653519
653520
653521
653522
653523
653524
653525
653526
653527
653528
653529
653530
653531
653533
653534
653535
653536
653537
653538
653539
653540
653541
653542
653543
653544
653545
653546
653547
653548
653549
653550
653552
653553
653554
653555
653556
653557
653558
653559
653560
653561
653562
653563
653564
653565
653566
653567
653568
653569
653570
653571
653572
653573
653574
653575
653577
653578
653579
653580
653581
653582
653583
653584
653585
653586
653587
653588
653589
653591
653593
653594
653595
653596
653597
653598
653599
653600
653601
653602
653603
653604
653605
653606
653607
653608
653609
653610
653611
653612
653613
653614
653615
653616
653617
653618
653619
653620
653621
653622
653623
653624
653626
653627
653628
653629
653630
653631
653632
653633
653635
653636
653637
653638
653639
653640
653641
653642
653643
653644
653645
653646
653647
653648
653649
653650
653651
653652
653653
653654
653655
653656
653657
653658
653659
653660
653661
653662
653663
653664
653665
653666
653667
653668
653669
653670
653671
653672
653673
653674
653675
653676
653677
653678
653679
653680
653681
653682
653683
653684
653685
653686
653687
653688
653689
653690
653691
653692
653693
653694
653695
653696
653697
653698
653700
653701
653703
653704
653705
653706
653707
653708
653709
653710
653711
653712
653713
653714
653715
653716
653717
653718
653719
653720
653721
653723
653724
653725
653727
653728
653729
653730
653731
653732
653733
653734
653735
653736
653737
653738
653739
653740
653741
653742
653743
653744
653745
653746
653747
653748
653749
653750
653751
653752
653753
653754
653755
653756
653757
653758
653759
653760
653761
653762
653763
653765
653766
653767
653768
653769
653770
653772
653774
653775
653776
653777
653778
653779
653780
653781
653782
653783
653785
653786
653788
653789
653790
653791
653792
653793
653794
653795
653797
653798
653799
653800
653801
653803
653804
653805
653806
653807
653808
653809
653810
653811
653813
653814
653815
653816
653817
653818
653819
653820
653821
653822
653824
653825
653827
653828
653829
653830
653831
653832
653833
653834
653835
653836
653837
653838
653839
653841
653842
653843
653844
653845
653846
653847
653848
653849
653850
653851
653852
653854
653855
653856
653857
653858
653859
653860
653861
653862
653863
653864
653866
653867
653868
653870
653871
653872
653873
653874
653875
653876
653877
653878
653879
653880
653881
653883
653884
653885
653886
653887
653888
653889
653890
653891
653893
653894
653895
653896
653897
653898
653900
653901
653902
653903
653904
653905
653906
653907
653908
653909
653910
653911
653912
653913
653914
653915
653917
653918
653919
653922
653926
653927
653928
653929
653931
653932
653933
653934
653935
653936
653937
653938
653940
653941
653942
653944
653946
653947
653948
653949
653950
653951
653952
653953
653954
653955
653956
653957
653958
653959
653960
653961
653962
653963
653964
653966
653967
653968
653969
653970
653971
653972
653973
653974
653975
653976
653977
653978
653979
653980
653981
653982
653983
653984
653985
653986
653987
653988
653989
653990
653991
653992
653993
653994
653995
653996
653997
653998
653999
654000
654001
654002
654003
654004
654005
654006
654007
654008
654009
654010
654011
654012
654013
654014
654015
654016
654017
654018
654020
654021
654022
654023
654024
654025
654026
654027
654028
654029
654030
654031
654032
654034
654035
654036
654039
654040
654041
654042
654043
654044
654045
654046
654047
654048
654049
654050
654051
654052
654054
654055
654056
654057
654058
654059
654060
654061
654062
654063
654064
654065
654066
654067
654068
654069
654070
654071
654072
654073
654074
654076
654077
654079
654080
654081
654082
654083
654084
654085
654086
654087
654088
654089
654090
654091
654092
654094
654095
654096
654097
654098
654099
654100
654101
654102
654103
654104
654105
654106
654107
654109
654110
654111
654112
654113
654114
654115
654116
654117
654118
654119
654120
654121
654122
654123
654124
654125
654126
654127
654128
654130
654131
654132
654133
654134
654136
654137
654139
654140
654141
654142
654143
654144
654145
654146
654147
654148
654150
654151
654152
654153
654154
654156
654157
654158
654159
654160
654161
654162
654163
654164
654165
654166
654167
654168
654169
654170
654171
654172
654173
654174
654175
654176
654177
654178
654179
654180
654181
654182
654183
654185
654186
654187
654189
654190
654191
654192
654194
654196
654197
654198
654199
654200
654201
654202
654203
654204
654206
654207
654208
654209
654210
654211
654212
654213
654214
654215
654216
654217
654219
654220
654221
654222
654223
654224
654225
654226
654227
654228
654229
654230
654231
654232
654233
654234
654235
654237
654238
654239
654240
654241
654242
654243
654244
654245
654247
654248
654249
654250
654251
654252
654254
654255
654256
654257
654258
654259
654260
654261
654262
654263
654264
654265
654267
654268
654269
654270
654271
654272
654273
654274
654275
654276
654277
654278
654279
654280
654281
654282
654283
654284
654285
654286
654287
654288
654289
654290
654291
654292
654293
654294
654295
654297
654298
654299
654300
654301
654302
654304
654306
654308
654309
654310
654311
654312
654313
654314
654315
654316
654317
654318
654319
654320
654321
654322
654323
654324
654325
654326
654327
654329
654330
654331
654332
654333
654334
654335
654336
654337
654338
654339
654341
654342
654343
654344
654345
654346
654347
654348
654349
654350
654351
654352
654355
654356
654357
654358
654359
654360
654361
654362
654363
654364
654365
654366
654367
654368
654369
654371
654372
654373
654374
654375
654376
654377
654378
654379
654380
654381
654382
654383
654384
654385
654386
654387
654388
654389
654390
654391
654392
654393
654394
654395
654396
654397
654398
654399
654400
654401
654402
654403
654404
654405
654406
654407
654408
654409
654411
654412
654413
654415
654416
654417
654418
654419
654420
654421
654422
654423
654424
654425
654426
654427
654428
654429
654430
654431
654432
654433
654434
654435
654436
654437
654438
654439
654440
654441
654442
654443
654445
654446
654447
654448
654449
654450
654451
654452
654453
654454
654455
654456
654457
654458
654459
654460
654461
654462
654463
654464
654465
654466
654468
654469
654470
654471
654472
654473
654474
654476
654477
654478
654479
654480
654481
654482
654484
654485
654486
654487
654488
654489
654490
654491
654492
654493
654494
654495
654496
654497
654498
654499
654500
654502
654503
654504
654505
654506
654507
654508
654509
654510
654511
654512
654513
654514
654515
654516
654517
654518
654519
654520
654521
654522
654523
654524
654525
654526
654527
654528
654529
654530
654532
654533
654534
654536
654537
654538
654539
654540
654542
654543
654544
654545
654546
654547
654548
654549
654550
654551
654552
654553
654554
654555
654556
654557
654558
654559
654560
654561
654562
654563
654564
654565
654566
654567
654568
654569
654570
654571
654574
654576
654577
654578
654579
654580
654581
654582
654583
654584
654585
654586
654587
654588
654590
654591
654592
654593
654594
654595
654596
654597
654598
654599
654600
654601
654602
654603
654604
654605
654606
654607
654608
654609
654610
654611
654612
654613
654614
654615
654616
654617
654618
654619
654620
654621
654622
654623
654624
654625
654626
654627
654628
654629
654631
654632
654633
654634
654636
654637
654638
654639
654640
654641
654642
654643
654644
654645
654646
654647
654648
654649
654650
654651
654652
654653
654654
654655
654656
654657
654659
654663
654664
654665
654666
654667
654668
654669
654670
654671
654672
654674
654675
654676
654677
654678
654679
654680
654681
654682
654683
654684
654685
654686
654687
654688
654689
654690
654691
654692
654693
654694
654695
654696
654697
654698
654699
654700
654701
654702
654703
654704
654705
654706
654707
654708
654709
654710
654711
654712
654713
654714
654715
654716
654717
654718
654719
654720
654721
654722
654723
654724
654725
654726
654727
654728
654729
654730
654731
654732
654733
654735
654736
654738
654739
654740
654741
654742
654743
654746
654747
654748
654749
654750
654751
654752
654753
654754
654756
654757
654758
654759
654761
654762
654763
654764
654766
654767
654768
654769
654770
654771
654773
654775
654776
654777
654779
654780
654781
654782
654783
654784
654785
654786
654788
654790
654791
654792
654793
654794
654795
654796
654797
654798
654799
654800
654801
654802
654803
654804
654806
654807
654808
654809
654810
654811
654812
654814
654815
654816
654817
654818
654819
654820
654821
654822
654823
654824
654825
654826
654827
654828
654829
654830
654831
654832
654833
654835
654836
654837
654838
654839
654840
654841
654842
654843
654844
654845
654846
654847
654848
654849
654850
654851
654852
654854
654855
654856
654857
654858
654859
654860
654861
654862
654863
654864
654865
654866
654867
654868
654869
654870
654871
654872
654874
654875
654877
654878
654879
654880
654881
654882
654883
654884
654885
654886
654887
654889
654890
654891
654892
654893
654894
654895
654896
654897
654898
654899
654900
654901
654902
654903
654904
654905
654906
654907
654908
654909
654910
654911
654912
654913
654916
654917
654918
654919
654920
654921
654922
654923
654924
654926
654927
654929
654930
654931
654932
654933
654934
654935
654936
654937
654938
654939
654940
654941
654942
654943
654944
654945
654946
654947
654948
654949
654950
654951
654952
654953
654954
654955
654957
654958
654959
654960
654961
654962
654963
654964
654965
654966
654967
654968
654969
654970
654971
654972
654973
654974
654975
654976
654977
654978
654979
654980
654981
654982
654983
654984
654985
654986
654988
654989
654990
654991
654992
654993
654995
654996
654997
654998
654999
655000
655002
655004
655009
655010
655011
655012
655016
655019
655020
655021
655025
655026
655027
655028
655029
655030
655031
655032
655033
655034
655035
655036
655037
655038
655039
655040
655041
655044
655045
655046
655047
655048
655049
655050
655051
655052
655053
655054
655055
655056
655057
655058
655061
655062
655063
655064
655065
655066
655067
655068
655070
655071
655072
655073
655074
655076
655077
655078
655079
655080
655081
655082
655083
655084
655085
655086
655087
655088
655089
655090
655092
655093
655094
655095
655096
655097
655098
655099
655100
655101
655102
655103
655104
655105
655106
655107
655108
655109
655111
655112
655113
655114
655115
655116
655117
655118
655119
655120
655121
655122
655123
655124
655125
655126
655127
655128
655129
655130
655131
655132
655133
655134
655135
655136
655137
655138
655139
655140
655141
655142
655143
655144
655145
655146
655147
655148
655149
655150
655151
655152
655153
655154
655155
655156
655158
655159
655160
655161
655162
655163
655164
655165
655166
655167
655168
655169
655170
655171
655172
655173
655174
655175
655176
655177
655178
655179
655180
655181
655182
655183
655184
655185
655186
655187
655188
655189
655190
655191
655192
655193
655195
655196
655197
655198
655199
655200
655201
655204
655205
655206
655207
655208
655209
655210
655211
655212
655213
655214
655215
655216
655218
655219
655220
655221
655222
655223
655224
655225
655228
655229
655230
655231
655232
655233
655234
655236
655238
655239
655241
655242
655243
655244
655245
655246
655247
655248
655249
655250
655251
655252
655253
655254
655255
655256
655257
655258
655259
655260
655262
655263
655264
655266
655267
655268
655269
655270
655271
655272
655273
655274
655275
655276
655277
655278
655279
655280
655281
655282
655283
655284
655285
655286
655287
655288
655289
655290
655291
655292
655293
655294
655295
655297
655299
655300
655301
655302
655303
655304
655305
655306
655307
655308
655309
655310
655311
655312
655313
655314
655315
655316
655317
655318
655319
655320
655321
655323
655324
655325
655326
655327
655328
655329
655330
655331
655332
655333
655334
655335
655336
655337
655338
655339
655340
655341
655342
655343
655344
655345
655346
655347
655348
655349
655350
655351
655352
655353
655354
655355
655356
655357
655358
655359
655360
655361
655362
655363
655364
655365
655366
655367
655368
655369
655370
655371
655372
655373
655374
655375
655376
655377
655378
655379
655380
655381
655382
655383
655384
655385
655386
655387
655388
655389
655390
655391
655392
655393
655394
655395
655396
655397
655398
655400
655401
655402
655403
655404
655405
655406
655407
655408
655409
655410
655411
655412
655413
655414
655415
655416
655417
655418
655419
655420
655421
655422
655423
655424
655425
655426
655427
655428
655429
655430
655431
655432
655433
655434
655435
655436
655437
655438
655440
655441
655442
655443
655444
655445
655446
655447
655448
655449
655450
655451
655453
655454
655459
655460
655461
655462
655463
655464
655465
655466
655467
655468
655469
655470
655471
655472
655473
655474
655475
655476
655477
655478
655479
655480
655481
655483
655484
655485
655486
655487
655489
655490
655491
655492
655493
655494
655495
655496
655497
655498
655499
655500
655501
655502
655503
655504
655505
655506
655507
655508
655509
655510
655511
655512
655513
655514
655515
655516
655517
655518
655519
655520
655521
655522
655523
655524
655525
655526
655527
655528
655529
655530
655531
655532
655533
655534
655535
655536
655537
655539
655540
655541
655543
655544
655545
655546
655547
655548
655549
655550
655551
655552
655553
655554
655555
655556
655557
655558
655559
655560
655561
655562
655563
655564
655565
655567
655568
655569
655571
655572
655573
655574
655575
655576
655577
655578
655579
655580
655581
655582
655583
655584
655585
655586
655587
655588
655589
655590
655591
655592
655593
655594
655596
655598
655599
655601
655602
655604
655605
655606
655607
655608
655609
655610
655611
655613
655614
655615
655617
655618
655620
655621
655622
655623
655624
655625
655626
655627
655628
655629
655630
655631
655632
655633
655634
655635
655636
655637
655638
655639
655640
655641
655643
655644
655645
655646
655647
655648
655649
655650
655651
655653
655654
655655
655656
655657
655658
655659
655660
655661
655662
655663
655664
655665
655666
655667
655668
655669
655670
655671
655672
655673
655674
655675
655676
655677
655678
655679
655680
655681
655682
655683
655684
655685
655686
655687
655688
655689
655690
655691
655692
655693
655694
655695
655696
655697
655699
655700
655702
655703
655704
655705
655706
655707
655708
655709
655710
655711
655712
655713
655714
655715
655716
655717
655718
655719
655720
655721
655722
655724
655725
655726
655727
655728
655729
655730
655731
655732
655733
655734
655735
655736
655737
655738
655739
655740
655741
655742
655743
655744
655745
655746
655747
655748
655749
655750
655751
655752
655753
655754
655755
655756
655757
655758
655760
655761
655762
655763
655764
655765
655766
655767
655768
655769
655770
655771
655772
655773
655774
655775
655777
655778
655780
655782
655783
655784
655785
655786
655787
655788
655789
655790
655791
655792
655793
655794
655795
655796
655797
655798
655799
655801
655802
655803
655804
655805
655807
655808
655809
655811
655812
655813
655814
655815
655816
655817
655818
655819
655820
655821
655822
655823
655824
655825
655826
655827
655828
655829
655830
655831
655832
655833
655834
655835
655836
655837
655838
655840
655842
655843
655845
655847
655848
655849
655850
655851
655852
655853
655854
655855
655856
655857
655858
655859
655861
655862
655863
655864
655865
655866
655867
655868
655870
655871
655872
655873
655874
655875
655876
655877
655878
655879
655880
655881
655882
655884
655885
655886
655887
655888
655889
655890
655891
655892
655893
655894
655896
655897
655898
655899
655900
655901
655902
655903
655904
655905
655906
655908
655909
655910
655911
655912
655914
655915
655916
655917
655918
655919
655920
655921
655922
655923
655925
655926
655927
655928
655929
655930
655931
655932
655933
655934
655935
655937
655938
655939
655940
655941
655942
655943
655944
655945
655946
655947
655948
655949
655950
655951
655952
655953
655954
655955
655956
655957
655958
655960
655961
655965
655966
655967
655968
655969
655970
655972
655973
655974
655975
655976
655977
655978
655979
655980
655982
655983
655984
655985
655986
655987
655988
655989
655990
655991
655992
655993
655994
655995
655996
655997
655999
656000
656001
656003
656004
656005
656006
656007
656009
656010
656011
656012
656013
656014
656015
656016
656020
656021
656022
656023
656024
656027
656028
656029
656030
656031
656032
656033
656034
656035
656036
656037
656038
656039
656040
656041
656042
656043
656044
656045
656047
656048
656049
656050
656051
656052
656053
656054
656055
656056
656057
656058
656059
656060
656061
656062
656063
656065
656066
656067
656068
656069
656070
656071
656072
656073
656074
656075
656076
656077
656078
656079
656080
656081
656082
656083
656084
656085
656086
656087
656088
656089
656090
656091
656092
656093
656094
656095
656096
656097
656098
656099
656101
656102
656103
656104
656105
656106
656107
656108
656109
656110
656111
656113
656114
656115
656116
656117
656118
656119
656120
656121
656122
656123
656124
656125
656126
656127
656128
656129
656130
656131
656132
656133
656134
656135
656136
656137
656138
656139
656140
656141
656142
656143
656144
656145
656146
656147
656148
656149
656150
656151
656152
656153
656154
656156
656157
656158
656159
656160
656161
656162
656163
656164
656165
656167
656170
656171
656172
656173
656174
656175
656176
656177
656178
656179
656180
656182
656183
656184
656185
656186
656187
656188
656189
656190
656191
656192
656193
656194
656195
656196
656197
656198
656199
656200
656201
656202
656203
656204
656205
656206
656207
656208
656209
656210
656211
656212
656213
656214
656215
656216
656217
656218
656219
656221
656222
656223
656224
656225
656226
656227
656228
656229
656230
656231
656232
656233
656234
656235
656236
656237
656238
656240
656241
656242
656243
656244
656245
656246
656247
656248
656249
656250
656251
656252
656253
656254
656255
656256
656257
656258
656259
656260
656261
656262
656263
656264
656265
656266
656267
656268
656269
656270
656271
656272
656273
656274
656276
656277
656278
656279
656281
656283
656284
656285
656287
656290
656291
656292
656294
656296
656297
656298
656299
656300
656301
656302
656303
656304
656306
656307
656308
656309
656310
656312
656313
656314
656315
656316
656317
656318
656320
656322
656323
656324
656329
656330
656331
656332
656333
656334
656335
656338
656339
656342
656348
656350
656351
656352
656353
656354
656355
656356
656357
656358
656359
656360
656361
656362
656363
656364
656365
656366
656367
656368
656369
656370
656371
656372
656373
656374
656375
656376
656377
656378
656379
656380
656381
656382
656383
656384
656385
656386
656387
656388
656389
656390
656391
656392
656393
656394
656395
656396
656397
656398
656399
656400
656401
656402
656403
656404
656405
656406
656407
656408
656409
656410
656411
656412
656413
656414
656415
656417
656418
656419
656420
656421
656422
656423
656425
656426
656428
656429
656430
656431
656432
656433
656434
656435
656436
656437
656438
656439
656440
656441
656442
656444
656445
656446
656447
656448
656450
656451
656452
656453
656454
656455
656456
656457
656458
656459
656460
656461
656462
656463
656464
656465
656466
656467
656468
656469
656470
656471
656472
656473
656474
656475
656476
656477
656478
656479
656480
656481
656482
656483
656484
656485
656486
656487
656488
656489
656490
656491
656492
656493
656494
656495
656496
656497
656498
656499
656500
656501
656502
656503
656504
656505
656506
656507
656508
656509
656510
656513
656514
656517
656518
656519
656520
656521
656522
656523
656524
656525
656526
656527
656528
656529
656530
656531
656532
656533
656534
656535
656536
656537
656538
656540
656541
656542
656543
656544
656545
656546
656547
656548
656549
656550
656551
656552
656553
656554
656555
656556
656557
656558
656559
656560
656561
656562
656563
656564
656565
656566
656567
656568
656569
656570
656571
656572
656573
656574
656575
656576
656577
656578
656579
656580
656581
656582
656583
656584
656585
656586
656587
656589
656590
656591
656592
656593
656595
656597
656599
656600
656601
656602
656603
656604
656605
656606
656607
656608
656609
656611
656612
656613
656614
656615
656616
656617
656618
656619
656620
656621
656622
656623
656624
656625
656626
656628
656629
656631
656633
656634
656635
656636
656637
656638
656639
656640
656641
656642
656643
656644
656645
656646
656647
656648
656649
656650
656651
656652
656653
656654
656655
656656
656657
656659
656660
656661
656662
656663
656664
656665
656666
656667
656668
656669
656671
656672
656673
656676
656677
656678
656679
656680
656681
656682
656683
656684
656685
656686
656687
656688
656689
656690
656691
656692
656693
656694
656696
656698
656699
656700
656701
656702
656703
656704
656705
656706
656707
656709
656710
656711
656712
656713
656714
656715
656716
656717
656718
656719
656720
656721
656723
656724
656725
656726
656727
656728
656729
656730
656731
656732
656733
656735
656736
656737
656738
656739
656740
656741
656742
656743
656744
656746
656747
656748
656749
656750
656751
656752
656753
656754
656755
656756
656757
656758
656759
656760
656761
656762
656763
656764
656765
656766
656768
656769
656770
656771
656772
656773
656775
656776
656777
656778
656779
656780
656781
656782
656783
656784
656785
656786
656787
656788
656789
656790
656791
656792
656793
656795
656796
656797
656799
656800
656801
656802
656803
656804
656805
656806
656808
656809
656810
656811
656812
656813
656814
656815
656816
656817
656818
656819
656821
656822
656823
656825
656826
656827
656829
656830
656831
656832
656833
656834
656835
656836
656837
656838
656839
656840
656841
656842
656843
656844
656845
656848
656849
656850
656851
656852
656853
656854
656855
656856
656857
656858
656859
656860
656861
656862
656863
656864
656865
656866
656867
656868
656869
656870
656871
656872
656873
656874
656875
656876
656877
656878
656879
656880
656881
656882
656883
656884
656886
656887
656888
656889
656890
656891
656892
656893
656894
656895
656896
656897
656898
656900
656901
656902
656903
656904
656905
656906
656907
656908
656909
656910
656911
656915
656916
656917
656918
656919
656920
656921
656922
656923
656924
656925
656926
656927
656928
656930
656931
656932
656933
656934
656935
656936
656937
656938
656940
656941
656943
656944
656945
656946
656947
656948
656949
656950
656951
656952
656953
656955
656956
656957
656958
656959
656960
656961
656962
656964
656965
656966
656967
656968
656969
656971
656972
656973
656974
656975
656976
656977
656978
656979
656980
656981
656982
656983
656984
656985
656986
656987
656988
656989
656991
656992
656993
656994
656995
656998
656999
657000
657001
657002
657004
657005
657006
657007
657008
657009
657010
657011
657012
657013
657014
657015
657016
657017
657018
657019
657020
657021
657022
657023
657024
657026
657027
657028
657029
657030
657031
657032
657033
657034
657035
657036
657037
657039
657040
657041
657042
657043
657044
657045
657047
657048
657049
657050
657051
657052
657053
657054
657055
657056
657057
657058
657059
657060
657062
657063
657064
657066
657067
657069
657070
657071
657072
657073
657075
657077
657078
657079
657081
657082
657085
657086
657087
657088
657089
657090
657091
657092
657093
657094
657095
657097
657099
657100
657101
657102
657103
657104
657105
657106
657107
657109
657110
657112
657113
657114
657115
657116
657117
657118
657119
657120
657121
657122
657123
657124
657125
657126
657127
657128
657129
657130
657132
657133
657134
657135
657136
657137
657138
657139
657140
657141
657144
657145
657146
657147
657148
657149
657150
657152
657154
657155
657156
657157
657158
657159
657160
657161
657162
657163
657166
657168
657169
657170
657171
657172
657173
657174
657176
657177
657178
657179
657180
657181
657182
657183
657185
657186
657187
657188
657190
657191
657192
657193
657195
657196
657197
657198
657199
657200
657201
657202
657203
657204
657205
657206
657207
657208
657209
657210
657211
657212
657213
657214
657215
657216
657217
657218
657219
657221
657222
657223
657224
657225
657226
657227
657228
657229
657230
657231
657232
657233
657234
657236
657237
657239
657240
657241
657242
657243
657244
657245
657246
657247
657248
657249
657250
657251
657252
657253
657254
657255
657256
657257
657259
657260
657261
657262
657263
657264
657266
657267
657268
657269
657270
657271
657272
657273
657274
657275
657276
657277
657278
657279
657280
657281
657282
657283
657284
657285
657286
657287
657288
657289
657290
657291
657292
657293
657294
657295
657296
657297
657298
657299
657300
657301
657302
657303
657304
657305
657306
657307
657308
657309
657310
657311
657312
657314
657315
657316
657317
657318
657319
657320
657321
657322
657323
657325
657326
657327
657328
657329
657330
657331
657332
657333
657334
657335
657336
657337
657338
657339
657340
657341
657342
657343
657344
657345
657346
657347
657348
657349
657350
657352
657353
657354
657355
657356
657357
657358
657359
657360
657361
657362
657363
657365
657367
657369
657370
657371
657372
657373
657374
657375
657376
657377
657378
657379
657380
657381
657382
657383
657384
657385
657386
657387
657388
657389
657390
657393
657395
657400
657401
657403
657405
657406
657407
657408
657409
657410
657411
657412
657413
657414
657415
657416
657417
657418
657420
657421
657422
657423
657424
657425
657426
657427
657428
657429
657430
657431
657432
657433
657434
657435
657436
657437
657438
657439
657440
657441
657442
657444
657445
657446
657447
657448
657451
657452
657453
657455
657456
657457
657459
657460
657461
657462
657463
657464
657465
657466
657467
657468
657469
657470
657471
657473
657474
657475
657476
657477
657478
657479
657480
657481
657482
657483
657484
657485
657486
657487
657488
657489
657490
657492
657494
657495
657496
657497
657498
657499
657500
657501
657502
657503
657504
657505
657506
657508
657509
657510
657512
657513
657514
657515
657516
657517
657518
657519
657520
657521
657522
657523
657524
657525
657526
657527
657528
657529
657530
657531
657534
657535
657536
657538
657539
657540
657541
657542
657544
657546
657547
657548
657549
657550
657551
657552
657553
657554
657555
657556
657557
657558
657559
657561
657563
657564
657565
657566
657567
657568
657569
657570
657571
657573
657574
657575
657577
657578
657582
657583
657584
657585
657586
657587
657588
657589
657590
657591
657592
657593
657594
657595
657596
657597
657598
657599
657600
657602
657603
657604
657605
657606
657607
657608
657609
657610
657611
657612
657613
657614
657615
657616
657617
657618
657619
657620
657621
657622
657623
657624
657625
657627
657629
657630
657631
657632
657633
657634
657636
657637
657638
657639
657640
657641
657642
657643
657644
657645
657647
657648
657649
657650
657651
657654
657657
657659
657661
657663
657664
657665
657666
657668
657669
657670
657671
657672
657673
657674
657675
657676
657677
657678
657679
657680
657681
657682
657683
657684
657686
657687
657688
657689
657690
657692
657693
657694
657696
657698
657700
657701
657702
657703
657704
657705
657706
657708
657710
657712
657713
657714
657715
657716
657717
657718
657720
657721
657722
657724
657726
657730
657731
657732
657733
657735
657736
657737
