657738
657739
657740
657741
657744
657745
657746
657747
657749
657750
657752
657753
657754
657755
657756
657757
657759
657761
657762
657763
657764
657765
657766
657767
657768
657769
657770
657771
657772
657774
657775
657776
657777
657778
657779
657780
657781
657783
657785
657786
657787
657788
657789
657790
657791
657793
657794
657796
657797
657799
657800
657801
657802
657803
657804
657805
657806
657807
657808
657809
657810
657811
657812
657813
657814
657815
657816
657817
657818
657819
657820
657824
657825
657826
657827
657828
657829
657830
657831
657832
657833
657835
657836
657837
657838
657839
657840
657841
657842
657843
657844
657845
657846
657847
657848
657849
657850
657851
657852
657853
657854
657857
657858
657859
657860
657862
657863
657864
657866
657868
657869
657870
657871
657872
657873
657874
657875
657876
657877
657878
657879
657880
657881
657882
657883
657884
657885
657886
657887
657888
657890
657891
657892
657893
657894
657896
657897
657898
657899
657900
657901
657902
657903
657904
657905
657906
657908
657909
657910
657911
657912
657913
657914
657915
657916
657917
657918
657919
657920
657921
657922
657923
657924
657925
657926
657927
657928
657929
657930
657932
657933
657934
657935
657936
657937
657938
657939
657940
657941
657942
657943
657944
657945
657946
657947
657948
657949
657950
657951
657952
657953
657954
657955
657956
657957
657958
657959
657960
657961
657962
657963
657964
657965
657966
657967
657968
657969
657970
657971
657972
657973
657974
657975
657976
657977
657978
657979
657980
657981
657982
657983
657984
657985
657987
657988
657989
657990
657991
657993
657994
657995
657996
657997
657998
657999
658000
658001
658003
658004
658005
658006
658007
658009
658010
658011
658013
658014
658015
658016
658017
658018
658019
658020
658021
658022
658023
658024
658025
658026
658027
658029
658030
658032
658033
658035
658036
658037
658038
658039
658042
658043
658044
658045
658046
658047
658048
658049
658050
658051
658052
658053
658054
658055
658056
658057
658058
658059
658060
658062
658063
658064
658065
658066
658067
658068
658069
658070
658071
658072
658073
658074
658075
658076
658077
658078
658079
658081
658083
658084
658085
658086
658087
658089
658091
658092
658093
658094
658095
658096
658097
658098
658099
658100
658101
658102
658103
658104
658105
658106
658107
658108
658109
658110
658111
658112
658113
658114
658115
658116
658117
658118
658119
658120
658121
658122
658123
658124
658125
658126
658127
658128
658129
658130
658131
658133
658134
658135
658136
658137
658138
658139
658140
658141
658142
658143
658144
658145
658146
658147
658148
658149
658150
658151
658152
658153
658154
658155
658156
658157
658158
658159
658160
658161
658162
658163
658164
658165
658166
658167
658168
658169
658170
658171
658172
658173
658174
658175
658176
658177
658178
658179
658180
658181
658182
658184
658185
658186
658188
658189
658191
658192
658193
658194
658195
658196
658198
658199
658200
658201
658202
658203
658204
658205
658206
658208
658209
658210
658211
658212
658213
658214
658215
658216
658217
658219
658220
658221
658223
658224
658225
658226
658227
658228
658229
658230
658231
658232
658233
658234
658235
658236
658237
658238
658239
658241
658242
658243
658244
658245
658246
658247
658249
658250
658251
658253
658254
658255
658256
658257
658258
658259
658260
658261
658262
658263
658265
658266
658267
658269
658270
658271
658272
658274
658276
658277
658278
658280
658281
658282
658283
658284
658285
658286
658287
658288
658289
658290
658291
658292
658293
658294
658295
658296
658297
658298
658300
658301
658302
658303
658304
658306
658307
658309
658310
658312
658313
658314
658315
658316
658317
658318
658319
658320
658321
658322
658323
658325
658326
658327
658329
658330
658332
658334
658335
658336
658338
658339
658341
658343
658344
658345
658347
658348
658349
658350
658351
658352
658353
658355
658357
658358
658359
658360
658362
658363
658365
658366
658367
658368
658369
658370
658371
658372
658373
658374
658375
658376
658378
658379
658381
658383
658384
658385
658386
658387
658388
658389
658390
658392
658393
658394
658395
658396
658397
658398
658400
658401
658402
658403
658404
658405
658408
658410
658411
658412
658414
658415
658416
658418
658419
658420
658421
658422
658423
658424
658425
658426
658427
658428
658429
658430
658431
658432
658433
658434
658435
658436
658437
658438
658439
658440
658441
658442
658443
658444
658445
658446
658447
658448
658449
658450
658451
658452
658453
658454
658455
658456
658458
658459
658460
658461
658462
658463
658464
658465
658466
658467
658468
658469
658470
658471
658472
658473
658474
658475
658476
658477
658478
658479
658480
658481
658482
658483
658484
658485
658486
658488
658489
658490
658491
658492
658493
658494
658495
658496
658497
658498
658499
658500
658501
658502
658503
658504
658505
658506
658507
658508
658509
658510
658511
658512
658513
658514
658515
658516
658517
658518
658519
658520
658521
658522
658523
658524
658525
658526
658527
658528
658529
658530
658531
658532
658533
658534
658535
658536
658537
658538
658541
658542
658544
658545
658546
658547
658548
658549
658550
658551
658552
658554
658555
658556
658557
658558
658560
658561
658562
658563
658564
658565
658566
658567
658568
658569
658570
658571
658572
658573
658574
658575
658577
658578
658579
658580
658581
658582
658583
658584
658585
658586
658587
658588
658589
658590
658591
658592
658593
658594
658595
658596
658597
658598
658599
658600
658601
658602
658603
658604
658605
658606
658607
658608
658609
658610
658611
658612
658613
658614
658615
658616
658617
658618
658619
658620
658621
658622
658623
658624
658625
658626
658627
658628
658629
658630
658631
658632
658633
658634
658635
658636
658637
658638
658639
658640
658641
658642
658643
658645
658646
658647
658648
658650
658651
658652
658653
658654
658655
658656
658657
658658
658659
658660
658661
658662
658663
658664
658665
658667
658668
658669
658670
658671
658672
658673
658674
658675
658676
658677
658678
658679
658681
658682
658683
658684
658685
658686
658687
658688
658689
658691
658692
658695
658696
658697
658698
658699
658700
658701
658702
658703
658704
658706
658707
658708
658709
658710
658711
658712
658713
658714
658715
658716
658717
658718
658719
658720
658721
658722
658723
658724
658725
658726
658727
658728
658729
658730
658731
658732
658733
658734
658735
658736
658737
658738
658739
658740
658741
658742
658743
658744
658745
658746
658747
658748
658749
658750
658751
658752
658753
658754
658755
658756
658757
658758
658759
658760
658761
658762
658763
658764
658765
658766
658767
658768
658769
658770
658771
658772
658773
658775
658776
658777
658778
658779
658780
658781
658782
658783
658784
658785
658787
658788
658789
658790
658792
658793
658794
658795
658796
658798
658799
658800
658801
658802
658804
658805
658806
658809
658810
658811
658812
658813
658814
658815
658816
658817
658818
658819
658820
658821
658822
658823
658824
658825
658826
658827
658828
658829
658830
658831
658832
658833
658834
658835
658836
658837
658838
658839
658840
658841
658842
658843
658845
658846
658847
658848
658849
658850
658852
658853
658854
658855
658857
658858
658859
658860
658861
658862
658863
658864
658865
658866
658867
658869
658871
658872
658873
658875
658876
658877
658878
658879
658880
658881
658882
658883
658884
658885
658886
658887
658889
658890
658891
658893
658894
658895
658896
658897
658898
658899
658900
658901
658902
658903
658904
658905
658906
658907
658908
658909
658910
658911
658912
658913
658914
658915
658916
658918
658919
658920
658921
658922
658923
658924
658926
658927
658928
658930
658932
658933
658934
658935
658936
658937
658938
658939
658940
658941
658942
658944
658945
658946
658947
658948
658950
658951
658952
658953
658954
658955
658956
658957
658958
658959
658961
658962
658963
658964
658965
658966
658967
658968
658969
658970
658971
658972
658973
658974
658975
658976
658977
658978
658979
658980
658981
658982
658983
658984
658985
658986
658987
658988
658989
658990
658991
658992
658993
658994
658995
658996
658997
658998
658999
659000
659001
659002
659003
659004
659005
659006
659007
659008
659009
659010
659011
659012
659013
659014
659015
659016
659017
659018
659019
659020
659021
659022
659024
659025
659026
659027
659028
659029
659033
659036
659037
659038
659039
659040
659041
659042
659044
659045
659046
659047
659048
659049
659051
659052
659053
659054
659056
659057
659058
659059
659060
659061
659062
659063
659064
659065
659066
659067
659068
659070
659071
659072
659073
659074
659075
659076
659077
659078
659079
659080
659081
659082
659083
659084
659085
659086
659087
659088
659089
659090
659091
659092
659093
659094
659095
659096
659098
659099
659100
659101
659102
659103
659104
659105
659106
659107
659108
659109
659110
659111
659112
659113
659114
659115
659116
659117
659118
659119
659120
659121
659122
659123
659125
659126
659127
659128
659129
659130
659131
659132
659133
659134
659135
659136
659137
659138
659139
659140
659141
659142
659144
659145
659146
659147
659148
659149
659150
659151
659152
659153
659154
659155
659156
659157
659158
659159
659160
659161
659162
659163
659164
659166
659167
659168
659169
659172
659173
659175
659176
659177
659178
659179
659180
659181
659184
659185
659186
659187
659188
659189
659190
659191
659192
659193
659194
659196
659197
659198
659199
659200
659201
659202
659203
659204
659205
659206
659207
659208
659209
659210
659211
659212
659213
659214
659215
659216
659218
659219
659220
659221
659222
659223
659224
659225
659226
659227
659228
659229
659230
659231
659232
659233
659234
659235
659237
659238
659239
659240
659241
659242
659243
659244
659245
659246
659247
659248
659249
659250
659251
659252
659253
659254
659255
659256
659258
659259
659260
659261
659262
659263
659264
659265
659266
659267
659268
659269
659270
659271
659272
659273
659274
659275
659276
659277
659278
659279
659280
659281
659282
659284
659285
659286
659287
659290
659291
659292
659293
659294
659296
659297
659298
659299
659300
659301
659302
659303
659304
659305
659307
659308
659309
659310
659311
659312
659313
659314
659315
659316
659317
659318
659319
659320
659321
659322
659323
659324
659326
659327
659328
659329
659330
659333
659334
659335
659336
659337
659338
659339
659340
659341
659342
659343
659344
659345
659346
659347
659348
659349
659351
659352
659353
659354
659355
659356
659357
659358
659359
659360
659361
659362
659364
659365
659366
659367
659368
659369
659370
659371
659372
659373
659374
659376
659377
659378
659379
659380
659381
659382
659384
659385
659386
659387
659388
659389
659390
659391
659392
659395
659396
659397
659398
659399
659400
659402
659403
659404
659405
659406
659407
659408
659409
659411
659412
659413
659414
659415
659416
659417
659418
659419
659420
659421
659423
659424
659425
659427
659428
659429
659430
659431
659432
659433
659434
659435
659436
659437
659438
659439
659440
659441
659442
659443
659444
659445
659446
659447
659448
659449
659451
659452
659453
659454
659455
659456
659457
659458
659460
659461
659462
659463
659464
659465
659466
659467
659468
659469
659470
659471
659472
659473
659474
659476
659477
659478
659479
659481
659482
659483
659484
659485
659486
659487
659488
659490
659491
659492
659493
659494
659495
659496
659497
659498
659499
659500
659501
659502
659503
659504
659505
659506
659507
659508
659509
659510
659511
659512
659514
659515
659516
659517
659518
659519
659520
659521
659522
659525
659526
659527
659528
659529
659531
659532
659533
659534
659535
659536
659537
659540
659541
659542
659543
659544
659545
659546
659547
659548
659549
659551
659552
659553
659554
659555
659556
659557
659558
659560
659561
659562
659564
659565
659566
659567
659568
659570
659571
659572
659573
659574
659575
659576
659577
659578
659581
659583
659584
659585
659586
659587
659588
659591
659592
659593
659595
659596
659597
659598
659599
659600
659603
659604
659607
659608
659609
659610
659611
659612
659613
659614
659615
659616
659617
659619
659620
659621
659622
659623
659624
659625
659626
659627
659628
659629
659630
659631
659632
659633
659634
659636
659637
659638
659639
659640
659641
659642
659643
659644
659645
659646
659647
659648
659649
659651
659653
659654
659655
659656
659657
659658
659659
659660
659661
659662
659663
659664
659665
659666
659667
659668
659669
659670
659671
659672
659673
659674
659676
659677
659678
659679
659680
659681
659682
659683
659684
659685
659686
659687
659688
659689
659690
659691
659692
659693
659694
659695
659696
659697
659698
659699
659701
659702
659703
659704
659705
659706
659707
659708
659709
659711
659713
659714
659715
659716
659718
659719
659720
659721
659722
659723
659724
659725
659726
659727
659728
659729
659730
659731
659732
659733
659734
659735
659736
659737
659738
659740
659741
659742
659744
659745
659746
659747
659748
659749
659750
659751
659752
659753
659754
659755
659756
659757
659758
659759
659760
659761
659762
659763
659764
659765
659766
659770
659771
659772
659773
659774
659775
659776
659777
659778
659779
659780
659781
659782
659783
659784
659785
659786
659787
659788
659789
659790
659791
659792
659793
659794
659795
659796
659797
659798
659799
659800
659801
659802
659803
659804
659805
659806
659808
659809
659810
659811
659812
659813
659814
659815
659816
659817
659818
659819
659820
659821
659822
659823
659824
659825
659826
659827
659828
659829
659830
659831
659833
659834
659836
659837
659838
659839
659840
659841
659842
659843
659844
659845
659846
659847
659848
659849
659850
659851
659852
659853
659854
659855
659856
659857
659859
659860
659861
659862
659863
659864
659865
659866
659867
659868
659869
659870
659871
659872
659873
659874
659875
659876
659877
659878
659879
659880
659881
659882
659883
659884
659885
659887
659888
659889
659890
659891
659892
659893
659894
659895
659896
659898
659899
659900
659901
659902
659903
659904
659905
659906
659907
659908
659909
659910
659911
659912
659913
659914
659915
659916
659917
659918
659919
659920
659921
659922
659923
659924
659925
659926
659927
659928
659929
659930
659931
659932
659933
659935
659936
659937
659938
659940
659941
659942
659943
659944
659945
659946
659947
659948
659949
659950
659951
659952
659954
659955
659956
659957
659958
659959
659960
659961
659962
659963
659964
659965
659966
659967
659968
659969
659970
659971
659973
659974
659976
659977
659978
659979
659980
659981
659982
659983
659984
659985
659986
659987
659988
659989
659990
659991
659992
659993
659994
659995
659997
659998
660000
660001
660002
660004
660005
660006
660007
660008
660009
660010
660011
660012
660013
660014
660015
660016
660017
660018
660019
660020
660022
660023
660024
660025
660026
660028
660029
660030
660031
660033
660034
660035
660036
660037
660038
660039
660040
660041
660042
660043
660044
660045
660046
660047
660048
660049
660051
660053
660054
660055
660056
660058
660059
660060
660061
660062
660063
660064
660065
660067
660069
660070
660071
660072
660073
660074
660075
660076
660077
660078
660079
660080
660081
660082
660083
660084
660085
660086
660087
660088
660089
660090
660091
660092
660093
660094
660095
660096
660097
660098
660099
660100
660101
660102
660103
660104
660105
660106
660107
660108
660109
660110
660111
660112
660113
660116
660117
660118
660119
660120
660121
660122
660123
660124
660126
660127
660128
660129
660130
660131
660132
660133
660134
660135
660136
660137
660138
660139
660140
660141
660142
660143
660144
660145
660146
660147
660148
660149
660150
660151
660152
660153
660154
660155
660156
660157
660158
660160
660161
660162
660163
660164
660165
660166
660167
660169
660170
660171
660172
660173
660174
660175
660176
660178
660179
660180
660181
660182
660183
660185
660186
660187
660188
660189
660190
660191
660192
660193
660194
660195
660196
660197
660198
660199
660200
660202
660203
660204
660205
660206
660207
660208
660209
660210
660211
660212
660213
660214
660215
660216
660217
660218
660219
660220
660221
660222
660223
660224
660226
660227
660228
660229
660230
660231
660232
660233
660234
660235
660236
660237
660238
660239
660240
660241
660242
660243
660244
660245
660246
660248
660249
660250
660251
660252
660254
660255
660257
660258
660259
660260
660261
660262
660263
660264
660265
660266
660267
660268
660269
660270
660271
660272
660273
660274
660275
660276
660277
660278
660279
660280
660281
660282
660283
660284
660285
660286
660287
660288
660289
660291
660292
660293
660295
660296
660297
660298
660299
660300
660301
660302
660303
660304
660305
660306
660307
660308
660309
660310
660311
660312
660313
660314
660315
660316
660317
660318
660319
660320
660321
660322
660324
660325
660326
660327
660328
660329
660330
660331
660332
660333
660334
660335
660336
660337
660338
660339
660341
660342
660343
660344
660345
660346
660347
660348
660349
660350
660351
660352
660353
660354
660355
660358
660359
660360
660361
660362
660363
660364
660365
660366
660367
660368
660369
660370
660371
660372
660373
660374
660375
660376
660377
660378
660380
660381
660382
660383
660384
660385
660386
660388
660389
660390
660391
660392
660393
660394
660395
660396
660397
660398
660399
660400
660401
660402
660403
660404
660405
660406
660407
660408
660409
660410
660411
660412
660414
660415
660417
660418
660419
660420
660421
660422
660423
660424
660425
660426
660427
660428
660429
660430
660431
660432
660433
660434
660435
660436
660437
660438
660439
660440
660441
660442
660443
660445
660446
660447
660448
660449
660450
660451
660452
660453
660454
660455
660456
660458
660459
660460
660461
660462
660464
660465
660467
660468
660469
660470
660471
660473
660474
660475
660476
660477
660478
660479
660481
660482
660484
660487
660489
660490
660491
660492
660493
660494
660495
660496
660497
660498
660499
660501
660502
660503
660504
660505
660506
660507
660508
660509
660510
660511
660512
660513
660514
660515
660516
660517
660518
660519
660520
660521
660522
660523
660524
660525
660526
660527
660528
660529
660530
660531
660532
660533
660534
660535
660536
660537
660538
660539
660541
660542
660543
660546
660547
660548
660549
660550
660551
660552
660553
660554
660555
660556
660557
660558
660559
660560
660561
660562
660563
660564
660565
660566
660567
660568
660569
660570
660571
660572
660573
660574
660575
660576
660577
660578
660580
660581
660582
660583
660584
660585
660587
660588
660589
660590
660592
660594
660595
660596
660597
660598
660599
660600
660602
660603
660604
660605
660606
660607
660608
660609
660611
660613
660614
660615
660616
660617
660618
660619
660620
660621
660623
660624
660626
660627
660628
660629
660631
660632
660634
660635
660636
660637
660638
660639
660640
660641
660642
660643
660644
660645
660646
660648
660649
660650
660651
660652
660653
660655
660657
660658
660659
660660
660661
660662
660663
660664
660665
660666
660667
660668
660669
660670
660671
660672
660673
660674
660675
660676
660677
660678
660679
660680
660681
660682
660683
660684
660685
660686
660687
660688
660689
660690
660691
660692
660693
660694
660695
660696
660697
660698
660699
660700
660701
660702
660704
660705
660706
660707
660708
660709
660710
660711
660712
660713
660714
660715
660716
660717
660718
660719
660720
660722
660723
660724
660725
660726
660727
660728
660729
660730
660731
660732
660734
660735
660736
660737
660738
660739
660740
660741
660743
660744
660745
660746
660747
660748
660749
660750
660751
660752
660753
660754
660755
660756
660757
660758
660760
660761
660762
660763
660765
660767
660768
660769
660770
660773
660774
660775
660776
660777
660778
660779
660780
660781
660782
660783
660784
660786
660787
660788
660790
660791
660792
660793
660794
660795
660798
660799
660800
660801
660802
660803
660804
660808
660809
660811
660812
660813
660814
660815
660816
660817
660818
660819
660820
660821
660824
660827
660828
660830
660831
660832
660833
660837
660838
660840
660841
660842
660843
660844
660846
660848
660849
660850
660851
660852
660853
660855
660856
660857
660858
660859
660860
660861
660862
660863
660864
660865
660866
660867
660868
660871
660872
660873
660874
660875
660876
660877
660878
660879
660880
660881
660882
660883
660884
660885
660886
660887
660889
660892
660893
660894
660896
660898
660899
660900
660901
660902
660903
660905
660907
660908
660909
660910
660911
660912
660913
660914
660915
660917
660918
660919
660920
660921
660922
660923
660924
660925
660926
660927
660928
660929
660930
660931
660932
660933
660935
660936
660937
660939
660941
660942
660943
660945
660946
660948
660949
660950
660951
660953
660954
660955
660956
660957
660958
660960
660961
660962
660963
660964
660965
660966
660968
660969
660970
660971
660972
660973
660975
660977
660978
660979
660980
660981
660982
660983
660984
660985
660986
660987
660988
660989
660990
660991
660992
660993
660994
660995
660996
660997
660998
661003
661004
661006
661007
661008
661010
661011
661013
661014
661015
661016
661018
661019
661020
661021
661022
661023
661024
661026
661027
661030
661031
661032
661033
661034
661035
661036
661037
661038
661039
661040
661041
661042
661043
661044
661046
661047
661048
661049
661051
661052
661053
661054
661055
661056
661057
661058
661059
661060
661061
661063
661064
661065
661066
661067
661069
661070
661071
661072
661073
661074
661075
661076
661077
661078
661079
661080
661081
661082
661083
661084
661085
661086
661087
661089
661090
661091
661092
661093
661094
661095
661096
661097
661098
661099
661100
661101
661102
661104
661105
661106
661108
661109
661110
661114
661115
661116
661117
661118
661119
661120
661121
661122
661123
661124
661125
661126
661127
661129
661130
661131
661132
661133
661134
661135
661136
661137
661138
661139
661140
661141
661142
661143
661144
661145
661146
661147
661148
661149
661150
661151
661153
661154
661156
661158
661160
661161
661162
661163
661164
661165
661167
661169
661171
661172
661173
661174
661175
661176
661177
661178
661179
661180
661181
661182
661183
661184
661185
661186
661187
661188
661189
661190
661191
661192
661193
661194
661195
661196
661198
661200
661201
661202
661203
661205
661207
661208
661209
661210
661211
661212
661216
661217
661218
661219
661220
661222
661223
661224
661225
661226
661227
661228
661229
661230
661231
661232
661234
661235
661236
661237
661239
661240
661241
661242
661243
661244
661245
661246
661247
661248
661249
661250
661251
661252
661253
661254
661255
661256
661257
661258
661259
661260
661262
661263
661265
661266
661267
661268
661269
661270
661271
661272
661273
661274
661275
661276
661277
661278
661279
661280
661281
661283
661285
661286
661289
661290
661291
661293
661294
661295
661296
661297
661300
661301
661302
661303
661304
661305
661306
661308
661309
661313
661314
661315
661316
661317
661318
661319
661321
661322
661323
661324
661325
661326
661327
661328
661329
661331
661332
661333
661334
661335
661336
661337
661338
661339
661340
661341
661342
661343
661344
661345
661346
661347
661348
661349
661351
661352
661354
661355
661357
661358
661360
661361
661362
661363
661364
661365
661366
661367
661368
661369
661370
661371
661372
661373
661374
661375
661376
661377
661378
661379
661380
661381
661382
661383
661384
661385
661386
661387
661388
661389
661391
661392
661393
661394
661395
661396
661397
661399
661400
661401
661402
661404
661405
661406
661407
661408
661409
661410
661411
661412
661413
661416
661417
661418
661419
661421
661424
661425
661426
661430
661431
661432
661434
661435
661436
661437
661438
661439
661440
661441
661442
661443
661444
661445
661446
661447
661448
661449
661450
661451
661452
661453
661455
661457
661458
661459
661460
661461
661462
661463
661464
661465
661466
661467
661468
661469
661470
661471
661472
661473
661475
661476
661477
661480
661481
661482
661483
661484
661485
661486
661487
661488
661489
661490
661492
661494
661501
661502
661504
661505
661506
661507
661509
661510
661511
661513
661514
661515
661518
661520
661524
661525
661526
661527
661528
661529
661530
661531
661532
661533
661534
661535
661536
661537
661538
661539
661541
661542
661543
661544
661545
661546
661547
661548
661550
661551
661553
661554
661555
661556
661558
661559
661560
661561
661562
661563
661564
661565
661566
661567
661568
661569
661572
661574
661575
661576
661577
661578
661579
661580
661581
661582
661583
661585
661586
661587
661588
661591
661592
661594
661595
661599
661601
661603
661604
661605
661607
661608
661609
661610
661612
661615
661616
661617
661619
661620
661621
661622
661625
661626
661627
661628
661629
661630
661632
661633
661634
661635
661636
661637
661638
661639
661640
661641
661643
661644
661645
661646
661647
661648
661649
661650
661651
661652
661653
661654
661655
661656
661657
661658
661659
661660
661661
661662
661663
661664
661665
661666
661667
661668
661670
661671
661672
661673
661674
661675
661676
661677
661678
661679
661680
661681
661685
661686
661688
661689
661690
661691
661692
661693
661694
661695
661696
661697
661699
661700
661701
661702
661703
661704
661706
661707
661708
661709
661710
661711
661712
661713
661714
661715
661716
661717
661718
661720
661721
661722
661723
661724
661725
661726
661727
661728
661729
661731
661733
661734
661735
661736
661737
661738
661739
661740
661741
661742
661743
661744
661745
661746
661747
661748
661749
661750
661751
661752
661753
661754
661755
661756
661757
661758
661759
661760
661761
661762
661763
661764
661765
661766
661767
661769
661771
661772
661773
661775
661776
661777
661778
661779
661780
661781
661782
661783
661784
661785
661786
661787
661788
661789
661790
661791
661792
661793
661794
661795
661796
661797
661798
661799
661800
661801
661802
661803
661804
661805
661806
661807
661808
661809
661810
661811
661812
661813
661814
661815
661816
661817
661818
661819
661820
661821
661822
661823
661824
661825
661826
661827
661828
661830
661831
661832
661833
661834
661835
661836
661837
661838
661839
661840
661841
661842
661843
661844
661845
661846
661847
661848
661851
661852
661853
661854
661855
661856
661857
661858
661859
661860
661861
661862
661863
661864
661865
661866
661867
661868
661869
661870
661872
661873
661874
661876
661877
661879
661880
661881
661882
661883
661885
661886
661887
661889
661891
661892
661893
661895
661896
661897
661898
661899
661900
661901
661902
661903
661904
661905
661906
661907
661908
661909
661910
661911
661913
661914
661915
661916
661917
661918
661919
661920
661921
661922
661923
661924
661925
661926
661927
661928
661929
661930
661931
661932
661933
661935
661936
661937
661938
661939
661940
661941
661942
661943
661944
661945
661946
661947
661948
661949
661950
661951
661952
661953
661954
661955
661956
661957
661958
661959
661961
661962
661963
661964
661965
661966
661967
661969
661970
661971
661972
661973
661974
661975
661976
661977
661978
661979
661980
661982
661983
661985
661987
661989
661990
661992
661993
661994
661995
661996
661997
661998
661999
662001
662003
662004
662005
662007
662009
662010
662011
662012
662013
662014
662015
662016
662017
662018
662019
662020
662021
662022
662023
662024
662025
662026
662027
662028
662029
662030
662032
662033
662034
662035
662036
662037
662038
662039
662040
662041
662042
662043
662044
662045
662046
662047
662048
662049
662050
662051
662052
662053
662054
662055
662056
662057
662059
662060
662061
662063
662065
662066
662068
662069
662070
662071
662072
662074
662075
662076
662077
662078
662079
662080
662081
662082
662084
662085
662086
662087
662088
662089
662090
662091
662092
662094
662095
662096
662097
662098
662099
662100
662101
662103
662104
662105
662106
662107
662108
662109
662110
662111
662112
662114
662115
662116
662117
662118
662119
662120
662121
662122
662123
662124
662125
662126
662127
662128
662129
662130
662131
662132
662133
662134
662135
662136
662138
662141
662142
662143
662144
662145
662146
662147
662148
662149
662150
662151
662152
662153
662154
662155
662156
662157
662158
662159
662160
662161
662162
662163
662165
662166
662167
662168
662169
662170
662171
662172
662173
662174
662175
662176
662177
662178
662181
662182
662183
662184
662187
662188
662189
662190
662191
662193
662194
662196
662197
662199
662200
662203
662204
662205
662207
662208
662209
662210
662211
662212
662213
662214
662215
662216
662217
662218
662219
662220
662221
662222
662223
662224
662225
662227
662228
662229
662230
662231
662232
662234
662235
662237
662239
662240
662241
662242
662243
662244
662246
662248
662249
662250
662252
662254
662262
662265
662267
662269
662272
662273
662275
662276
662277
662278
662280
662281
662283
662284
662285
662286
662288
662289
662290
662291
662292
662294
662295
662297
662298
662299
662300
662303
662304
662305
662307
662308
662309
662310
662311
662312
662314
662315
662317
662318
662319
662320
662321
662322
662323
662324
662326
662327
662328
662329
662330
662331
662332
662333
662334
662335
662336
662337
662340
662341
662342
662343
662344
662345
662346
662347
662348
662350
662352
662353
662355
662356
662357
662358
662360
662363
662364
662365
662367
662369
662370
662371
662372
662373
662375
662376
662377
662378
662379
662380
662381
662382
662383
662384
662385
662386
662387
662388
662389
662390
662391
662393
662394
662395
662396
662397
662398
662399
662400
662401
662402
662404
662405
662407
662408
662409
662410
662411
662412
662413
662415
662416
662417
662418
662419
662421
662422
662423
662424
662426
662427
662428
662429
662430
662433
662435
662436
662437
662438
662439
662440
662443
662444
662445
662447
662448
662449
662451
662453
662454
662457
662458
662460
662462
662463
662464
662466
662467
662468
662470
662471
662472
662473
662474
662475
662476
662478
662479
662480
662481
662483
662484
662485
662486
662487
662489
662492
662495
662496
662497
662498
662499
662500
662501
662502
662505
662508
662509
662510
662511
662512
662513
662514
662516
662517
662518
662519
662520
662521
662522
662525
662526
662527
662528
662529
662530
662531
662532
662533
662534
662537
662538
662539
662540
662541
662542
662543
662544
662546
662547
662548
662553
662554
662555
662557
662558
662561
662564
662566
662569
662571
662573
662574
662576
662578
662579
662581
662583
662589
662590
662591
662592
662593
662594
662597
662598
662600
662601
662602
662603
662604
662605
662607
662609
662610
662612
662617
662625
662626
662628
662629
662630
662631
662632
662633
662634
662635
662636
662637
662638
662639
662641
662642
662643
662644
662645
662646
662647
662648
662649
662650
662651
662652
662653
662654
662655
662656
662657
662658
662659
662660
662661
662662
662664
662665
662666
662667
662668
662669
662670
662671
662672
662673
662674
662675
662676
662677
662678
662679
662680
662681
662682
662683
662684
662685
662686
662687
662688
662689
662690
662691
662693
662694
662695
662696
662697
662698
662702
662703
662704
662705
662706
662707
662708
662709
662711
662712
662713
662714
662715
662716
662717
662719
662720
662721
662722
662723
662724
662725
662726
662727
662728
662729
662730
662731
662732
662733
662734
662735
662736
662737
662738
662739
662740
662741
662743
662744
662745
662746
662748
662750
662751
662752
662753
662756
662757
662758
662759
662760
662761
662762
662763
662764
662765
662766
662767
662768
662769
662770
662771
662772
662773
662775
662776
662777
662778
662779
662780
662781
662782
662784
662785
662786
662788
662790
662791
662792
662793
662794
662796
662797
662798
662799
662800
662801
662803
662804
662805
662806
662807
662808
662809
662810
662811
662812
662813
662814
662816
662817
662818
662819
662820
662821
662822
662824
662825
662826
662827
662829
662832
662833
662834
662835
662836
662837
662838
662839
662841
662843
662844
662845
662846
662847
662848
662850
662851
662852
662853
662854
662855
662857
662858
662860
662863
662864
662866
662867
662868
662869
662870
662871
662873
662876
662877
662879
662880
662881
662882
662883
662884
662885
662886
662887
662889
662891
662892
662893
662894
662895
662896
662897
662898
662899
662900
662901
662902
662903
662904
662905
662906
662907
662908
662910
662911
662912
662913
662914
662915
662916
662917
662918
662919
662920
662921
662922
662924
662925
662926
662927
662928
662929
662930
662931
662932
662933
662934
662935
662936
662937
662938
662939
662940
662941
662942
662943
662944
662945
662946
662947
662948
662949
662950
662951
662952
662953
662955
662956
662957
662958
662963
662965
662966
662968
662970
662971
662972
662974
662975
662977
662978
662979
662980
662981
662982
662983
662984
662985
662986
662988
662989
662990
662991
662992
662993
662994
662995
662996
662997
662999
663000
663001
663002
663003
663004
663005
663006
663007
663008
663009
663010
663011
663012
663013
663014
663015
663016
663018
663019
663020
663022
663024
663025
663027
663028
663029
663030
663031
663032
663034
663035
663036
663037
663038
663041
663042
663043
663046
663047
663048
663049
663050
663051
663052
663053
663055
663056
663057
663058
663059
663060
663063
663064
663065
663066
663067
663068
663069
663071
663072
663073
663074
663075
663076
663077
663078
663079
663080
663081
663082
663084
663085
663086
663087
663088
663089
663091
663092
663093
663094
663095
663096
663097
663098
663099
663100
663101
663105
663106
663107
663108
663111
663113
663114
663115
663116
663117
663118
663119
663120
663121
663122
663123
663124
663125
663126
663127
663128
663129
663130
663131
663132
663133
663134
663135
663137
663138
663140
663141
663142
663143
663144
663145
663147
663148
663149
663150
663151
663152
663153
663154
663155
663156
663157
663158
663159
663160
663161
663162
663163
663164
663165
663166
663167
663168
663169
663170
663171
663172
663173
663174
663175
663176
663177
663178
663179
663180
663182
663183
663185
663186
663187
663188
663189
663190
663191
663192
663193
663194
663195
663196
663197
663198
663199
663200
663201
663203
663204
663205
663206
663208
663209
663210
663212
663213
663214
663215
663216
663217
663218
663232
663233
663234
663235
663236
663237
663238
663239
663240
663241
663243
663244
663245
663246
663247
663248
663249
663250
663251
663252
663253
663254
663255
663256
663257
663259
663260
663261
663262
663263
663265
663266
663267
663268
663269
663271
663274
663275
663276
663277
663278
663279
663280
663281
663282
663283
663284
663285
663288
663289
663290
663291
663292
663293
663294
663295
663296
663297
663298
663299
663300
663301
663302
663305
663308
663309
663311
663312
663313
663314
663315
663317
663318
663319
663320
663322
663323
663324
663325
663326
663327
663328
663329
663330
663331
663332
663333
663334
663335
663337
663338
663339
663341
663342
663343
663344
663345
663346
663347
663348
663349
663350
663352
663353
663354
663355
663356
663357
663358
663359
663360
663363
663364
663365
663366
663367
663368
663369
663370
663371
663372
663373
663374
663375
663376
663377
663378
663379
663383
663386
663387
663388
663389
663390
663391
663393
663394
663395
663396
663397
663398
663399
663400
663401
663404
663406
663407
663408
663409
663410
663411
663412
663413
663414
663415
663416
663417
663418
663419
663420
663421
663422
663423
663426
663427
663428
663429
663430
663431
663432
663433
663434
663435
663436
663438
663439
663440
663441
663442
663443
663444
663446
663447
663451
663452
663453
663454
663455
663456
663457
663458
663459
663460
663461
663462
663463
663464
663465
663466
663467
663469
663470
663471
663472
663474
663475
663476
663478
663479
663480
663481
663482
663483
663484
663485
663486
663487
663488
663489
663491
