572391
572392
572393
572394
572395
572398
5724
57240
572400
572401
572402
572403
572404
572405
572406
572407
572408
57241
572410
572411
572412
572413
572414
572415
572416
572417
572418
57242
572421
572422
572423
572425
572426
572427
572428
572429
57243
572430
572431
572432
572433
572434
572435
572436
572437
572438
572439
57244
572440
572441
572442
572443
572444
572445
572446
572447
572448
572449
572450
572451
572452
572453
572454
572455
572456
572457
572458
572459
572460
572461
572462
572463
572464
572466
572467
572468
57247
572470
572472
572473
572474
572475
572476
572477
572478
572479
57248
572480
572481
572482
572484
572485
572486
572487
572488
572489
57249
572490
572491
572492
572494
572495
572496
572497
572498
572499
5725
57250
572500
572501
572502
572503
572504
572505
572506
572507
572509
57251
572510
572512
572513
572514
572515
572516
572517
572518
572519
57252
572520
572521
572522
572523
572524
572526
572527
572528
572529
57253
572530
572531
572532
572533
572534
572535
572536
572537
572538
572539
57254
572540
572541
572542
572543
572544
572546
572547
572548
572549
57255
572550
572551
572552
572553
572554
572555
572556
572557
572558
572559
57256
572560
572561
572562
572563
572566
572568
572569
57257
572571
572572
572573
572574
572575
572576
572577
572578
572579
57258
572580
572581
572582
572583
572584
572585
572586
572587
572589
57259
572590
572591
572592
572593
572594
572595
572596
572598
572599
5726
572600
572601
572602
572603
572604
572605
572606
572607
572608
572609
57261
572610
572611
572612
572613
572614
572615
572616
572617
572618
572619
57262
572620
572621
572622
572623
572624
572625
572626
572627
572628
572629
57263
572630
572631
572632
572633
572634
572635
572636
572637
572639
57264
572640
572644
572645
572646
572647
572648
57265
572650
572652
572653
572654
572655
572656
572657
57266
572660
572661
572662
572663
572664
572665
572666
572667
572669
57267
572670
572672
572673
572674
572675
572676
572677
572678
572679
572680
572681
572682
572683
572686
572687
572688
572689
57269
572690
572691
572692
572693
572694
572695
572696
572697
572698
572699
5727
57270
572700
572701
572702
572703
572704
572705
572706
572707
572708
572709
57271
572710
572711
572712
572713
572714
572715
572717
572718
572719
57272
572720
572721
572722
572723
572724
572725
572726
572727
572728
572730
572731
572732
572733
572734
572735
572736
572737
572738
572739
572740
572741
572742
572743
572744
572745
572746
572747
572748
572749
57275
572750
572751
572753
572754
572755
572756
572757
572758
572759
57276
572760
572761
572762
572763
572764
572765
572766
572767
572768
572769
57277
572770
572771
572772
572773
572775
572777
572778
572779
57278
572781
572782
572783
572784
572785
572786
572789
57279
572790
572791
572792
572794
572795
572796
572798
572799
5728
57280
572800
572801
572802
572803
572804
572805
572806
572808
572809
57281
572810
572812
572813
572814
572815
572816
572817
572818
572819
57282
572820
572821
572822
572823
572824
572825
572826
572827
572828
572829
57283
572830
572831
572832
572834
572835
572836
572837
572838
572839
57284
572840
572841
572842
572843
572844
572845
572846
572847
572848
572849
572850
572851
572852
572853
572854
572855
572856
572857
572858
572859
57286
572860
572861
572862
572863
572864
572865
572867
572868
572870
572871
572872
572873
572874
572875
572877
572878
572879
572880
572881
572882
572883
572884
572885
572886
572887
572888
572889
57289
572890
572891
572892
572893
572894
572895
572896
572897
572898
572899
5729
572900
572901
572902
572903
572904
572905
572906
572907
572908
572909
572910
572911
572912
572913
572914
572915
572919
57292
572921
572922
572923
572925
572926
572927
572928
572929
572930
572931
572932
572933
572935
572936
572937
572938
572939
57294
572940
572941
572942
572943
572944
572945
572946
572947
572948
572949
57295
572950
572951
572953
572954
572955
572956
572957
572958
572959
57296
572960
572961
572962
572963
572964
572965
572966
572967
572968
572969
57297
572970
572971
572972
572973
572974
572975
572976
572977
572978
572979
57298
572980
572981
572983
572984
572986
572987
572988
572989
572990
572991
572992
572993
572994
572995
572996
572997
572999
573
5730
57300
573000
573001
573002
573003
573004
573005
573006
573007
573008
573009
57301
573010
573011
573012
573013
573014
573015
573016
573017
573018
573019
57302
573020
573021
573022
573023
573025
573026
573027
573028
573029
573030
573031
573032
573033
573034
573035
573036
573037
573038
573039
573040
573041
573042
573043
573044
573045
573046
573047
573048
573049
57305
573051
573052
573053
573054
573055
573056
573057
573058
573059
57306
573060
573061
573062
573063
573064
573065
573066
573067
573068
573069
57307
573070
573071
573073
573074
573076
573077
573078
573079
57308
573080
573081
573082
573083
573084
573085
573086
573087
573089
57309
573090
573091
573092
573093
573095
573096
573098
5731
57310
573100
573101
573102
573103
573104
573105
573106
573107
573109
57311
573110
573111
573112
573113
573114
573115
573116
573117
573118
573119
573120
573121
573122
573123
573125
573126
573127
573128
573129
57313
573130
573131
573132
573133
573134
573135
573137
573138
573139
573141
573142
573143
573144
573145
573146
573147
573148
573149
573150
573151
573152
573153
573155
573157
573158
573159
57316
573161
573162
573163
573164
573165
573168
573169
573171
573172
573173
573174
573176
573177
573178
573179
573180
573181
573182
573183
573184
573185
573186
573187
573188
573189
57319
573191
573192
573194
573195
573196
573198
573199
5732
57320
573200
573201
573202
573203
573204
573205
573206
573207
573208
573209
57321
573210
573211
573212
573213
573214
573215
573216
573217
573218
573219
57322
573220
573221
573222
573223
573224
573225
573226
573227
573228
573229
57323
573230
573231
573232
573233
573234
573235
573236
573237
573238
573239
573240
573241
573242
573243
573244
573245
573246
573247
573248
573249
57325
573250
573252
573253
573254
573255
573256
573257
573258
573259
57326
573260
573261
573262
573263
573264
573265
573266
573267
573268
573269
57327
573270
573271
573272
573273
573274
573275
573276
573277
573278
573279
573280
573281
573282
573283
573284
573285
573286
573287
573288
573289
573290
573291
573292
573293
573294
573295
573296
573297
573298
573299
5733
57330
573300
573301
573302
573303
573304
573305
573306
573307
573308
57331
573310
573311
573312
573313
573314
573315
573316
573317
573318
573319
573320
573321
573322
573323
573324
573325
573326
573327
573328
573329
57333
573330
573331
573332
573333
573334
573335
573336
573337
573338
573339
57334
573340
573341
573342
573343
573344
573345
573346
573347
573348
573349
57335
573350
573351
573352
573353
573355
573356
573357
573358
573359
573360
573361
573363
573364
573365
573366
573367
573368
573369
57337
573370
573371
573372
573373
573374
573375
573376
573377
573378
573379
573380
573381
573382
573383
573384
573385
573386
573387
573388
573389
573390
573391
573392
573393
573394
573395
573396
573399
5734
573400
573401
573402
573403
573404
573405
573406
573407
573408
573409
57341
573410
573411
573412
573413
573414
573415
573416
573417
573418
573419
57342
573420
573421
573422
573423
573424
573425
573426
573427
573429
57343
573430
573433
573434
573435
573436
573437
573438
57344
573440
573441
573442
573443
573444
573445
573448
573449
573450
573451
573452
573453
573455
573456
573457
573458
573459
573461
573462
573463
573464
573465
573466
573467
573468
573469
573470
573471
573472
573473
573474
573475
573476
573477
573478
573479
57348
573480
573481
573482
573483
573484
573486
573487
57349
573490
573491
573492
573493
573494
573495
573496
573497
573498
573499
5735
573501
573502
573503
573504
573505
573506
573507
573508
57351
573510
573511
573514
573515
573516
573517
573519
57352
573520
573522
573524
573525
573526
573527
573528
573529
57353
573530
573531
573532
573533
573534
573535
573536
573537
573538
573539
573540
573542
573543
573544
573546
573547
573548
573549
57355
573550
573552
573553
573554
573555
573558
573559
57356
573560
573561
573562
573563
573564
573566
573567
573568
573569
573570
573571
573572
573573
573574
573575
573576
573577
573578
573579
573580
573581
573582
573583
573584
573585
573586
573587
573588
573589
573590
573591
573592
573593
573594
573595
573596
573597
573598
573599
573600
573601
573602
573603
573604
573605
573606
573609
57361
573610
573611
573612
573613
573614
573615
573616
573617
573618
573619
573620
573621
573622
573623
573624
573625
573627
573629
573630
573631
573632
573633
573634
573635
573636
573637
573638
573639
573640
573641
573643
573644
573645
573646
573648
573649
573650
573651
573652
573653
573654
573655
573656
573657
573658
573659
573660
573661
573662
573663
573665
573666
573667
573668
573669
573670
573671
573672
573674
573675
573676
573677
573678
573679
573680
573681
573682
573683
573684
573685
573686
573687
573688
573689
573690
573691
573692
573695
573698
573700
573701
573702
573703
573704
573706
573707
573708
573709
573710
573711
573712
573713
573714
573715
573716
573717
573718
573719
573721
573722
573724
573725
573726
573727
573728
573729
573730
573731
573732
573734
573735
573736
573737
573738
573739
573740
573741
573742
573743
573744
573746
573747
573748
573749
573750
573751
573752
573753
573754
573755
573757
573758
573759
573761
573762
573763
573764
573766
573767
573768
573769
573770
573771
573772
573773
573774
573775
573776
573777
573778
573779
573781
573783
573784
573785
573786
573787
573788
573789
573790
573791
573792
573793
573794
573795
573797
573798
573799
573800
573801
573802
573803
573804
573805
573806
573807
573808
573809
573811
573812
573813
573814
573815
573816
573817
573818
573819
57382
573820
573821
573822
573824
573825
573826
573827
573828
573829
57383
573830
573831
573832
573833
573834
573836
573837
573838
57384
573840
573841
573842
573843
573844
573845
573846
573847
573851
573852
573854
573855
573856
573857
573858
573859
57386
573860
573861
573862
573863
573864
573866
573867
573868
57387
573870
573871
573872
573873
573874
573875
573876
573877
573878
573879
57388
573882
573883
573884
573885
573886
573887
573889
57389
573890
573891
573892
573893
573894
573895
573896
573897
573898
573899
57390
573900
573902
573903
573904
573906
573907
573909
57391
573910
573911
573912
573915
573917
573918
573919
57392
573920
573921
573922
573923
573924
573925
573926
573927
573928
573929
57393
573930
573931
573932
573933
573934
573935
573937
573938
573939
57394
573940
573941
573942
573943
573944
573945
573946
573947
573948
573949
57395
573950
573951
573952
573953
573954
573955
573956
573957
573958
573959
57396
573960
573961
573962
573963
573964
573965
573966
573967
573968
573969
57397
573970
573972
573973
573975
573976
573977
573978
573979
57398
573980
573981
573982
573984
573985
573986
573987
573988
573989
57399
573990
573991
573992
573993
573994
573995
573996
573997
573998
573999
574
57400
574000
574001
574002
574003
574004
574005
574006
574007
574008
574009
57401
574011
574012
574013
574014
574016
574017
574018
574019
57402
574020
574021
574023
574024
574025
574026
574027
574028
574029
57403
574030
574031
574032
574033
574034
574036
574037
574038
574039
57404
574040
574041
574042
574043
574044
574045
574046
574047
574048
574049
57405
574050
574051
574052
574054
574055
574056
574057
574058
574059
57406
574060
574061
574062
574063
574064
574065
574066
574067
574069
57407
574070
574071
574072
574073
574074
574075
574076
574077
574078
574079
57408
574081
574082
574083
574085
574086
574087
574088
574089
57409
574090
574091
574092
574093
574094
574095
574096
574097
574098
574099
5741
57410
574100
574101
574102
574103
574104
574105
574106
574107
574108
574109
57411
574110
574111
574112
574113
574114
574115
574116
574118
574119
57412
574120
574121
574122
574123
574124
574125
574126
574127
574128
574129
57413
574130
574131
574132
574133
574134
574135
574136
574137
574138
574139
57414
574141
574142
574143
574144
574145
574146
574147
574148
574149
57415
574150
574151
574152
574153
574154
574155
574156
574157
574158
57416
574162
574163
574164
574165
574166
574168
57417
574170
574171
574172
574176
574178
574179
57418
574180
574181
574182
574183
574184
574185
574186
574187
574188
574189
57419
574190
574192
574194
574198
574199
5742
57420
574200
574201
574203
574204
574205
574206
574207
574208
574209
57421
574210
574211
574212
574213
574214
574215
574216
574217
574218
574219
57422
574220
574222
574223
574224
574225
574226
574227
574228
574229
57423
574230
574231
574232
574233
574234
574235
574236
574237
574238
574239
57424
574240
574241
574242
574243
574244
574245
574246
574247
574248
574249
57425
574250
574251
574252
574253
574254
574255
574258
574259
57426
574260
574261
574263
574264
574265
574266
574267
574268
574269
57427
574270
574271
574272
574273
574274
574275
574277
574278
574279
574280
574281
574282
574283
574284
574285
574286
574288
574289
57429
574290
574291
574292
574293
574294
574295
574296
574297
574298
574299
5743
57430
574301
574302
574303
574304
574305
574306
574307
574308
574309
57431
574310
574311
574312
574313
574314
574315
574316
574317
574318
574319
57432
574320
574321
574322
574323
574324
574325
574326
574327
574328
574329
57433
574330
574331
574332
574333
574334
574335
574336
574337
574338
574339
57434
574340
574341
574342
574343
574344
574346
574347
574348
574349
57435
574350
574351
574352
574353
574354
574355
574356
574357
574358
574359
57436
574360
574361
574362
574363
574364
574365
574366
574367
574368
574369
57437
574370
574371
574372
574373
574374
574375
574376
574377
574378
574379
57438
574380
574381
574382
574383
574384
574385
574386
574388
574389
57439
574391
574393
574394
574395
574396
574397
574398
574399
5744
574400
574401
574402
574403
574404
574405
574407
574408
57441
574410
574411
574412
574413
574414
574415
574416
574417
574418
574419
574420
574421
574422
574423
574424
574425
574426
574427
574429
57443
574430
574431
574432
574433
574434
574435
574436
574437
574438
574439
57444
574440
574441
574442
574443
574444
574445
574446
574447
574448
574449
57445
574450
574451
574452
574453
574454
574455
574456
574457
574458
574459
57446
574460
574462
574463
574464
574466
574467
574469
57447
574470
574471
574472
574473
574474
574475
574476
574477
574478
574479
57448
574480
574481
574482
574483
574484
574485
574486
574487
574488
574489
57449
574490
574491
574492
574493
574494
574495
574496
574497
574498
574499
5745
57450
574500
574501
574502
574503
574504
574505
574506
574507
574508
574509
574511
574512
574513
574514
574515
574516
574517
574518
574519
574520
574521
574523
574525
574526
574527
574528
574530
574531
574532
574533
574534
574535
574537
574538
574539
57454
574540
574541
574542
574543
574545
574546
574547
574548
574549
574550
574551
574552
574553
574554
574555
574556
574557
574558
574559
57456
574560
574561
574562
574563
574564
574565
574566
574567
574568
574569
57457
574570
574571
574572
574573
574574
574575
574576
574577
574578
574579
57458
574580
574581
574582
574583
574584
574585
574586
574587
574588
574589
574590
574591
574592
574593
574594
574595
574596
574597
574598
574599
5746
574600
574601
574602
574603
574604
574605
574606
574607
574608
574609
574610
574611
574612
574613
574614
574615
574616
574617
574618
574619
57462
574620
574621
574622
574623
574624
574625
574627
574628
574629
57463
574630
574631
574632
574633
574634
574635
574636
574637
574638
574639
57464
574640
574641
574642
574643
574644
574645
574646
574647
574648
574649
57465
574650
574651
574652
574653
574654
574655
574656
574657
574658
574659
574660
574661
574662
574663
574664
574665
574666
574667
574668
574669
574670
574671
574672
574674
574675
574676
574677
574678
574679
57468
574680
574681
574682
574683
574685
574686
574687
574688
574689
57469
574690
574691
574692
574693
574694
574695
574696
574697
574698
574699
5747
574700
574701
574702
574703
574704
574705
574706
574707
574708
574709
57471
574710
574711
574712
574713
574714
574715
574716
574717
574718
574719
57472
574720
574721
574722
574723
574724
574725
574726
574727
574728
574729
57473
574730
574731
574732
574733
574734
574735
574736
574737
574738
574739
57474
574740
574741
574742
574743
574744
574745
574746
574747
574748
574749
57475
574750
574752
574753
574754
574755
574756
574757
574758
574759
57476
574760
574761
574762
574763
574764
574765
574766
574767
574768
574769
57477
574770
574771
574773
574774
574775
574776
574777
574778
574779
57478
574780
574781
574782
574783
574784
574785
574786
574787
574788
574789
57479
574790
574791
574792
574793
574794
574795
574796
574797
574798
574799
5748
57480
574800
574801
574802
574803
574804
574805
574806
574807
574808
574809
574810
574811
574812
574813
574815
574816
574818
574819
57482
574820
574821
574822
574823
574824
574825
574826
574827
574828
57483
574830
574831
574832
574833
574834
574835
574837
574838
574839
57484
574840
574841
574842
574843
574844
574845
574846
574847
574848
574849
57485
574850
574851
574852
574853
574854
574855
574856
574857
574858
574859
57486
574860
574861
574863
574864
574866
574867
574869
57487
574870
574871
574872
574873
574874
574875
574876
574877
574878
574879
57488
574880
574881
574882
574883
574884
574885
574886
574887
574888
574889
57489
574890
574891
574892
574893
574894
574895
574897
574898
574899
5749
574901
574902
574903
574906
574907
574908
574909
57491
574910
574911
574912
574913
574914
574915
574916
574917
574918
574919
57492
574920
574921
574922
574923
574924
574925
574926
574927
574929
57493
574930
574931
574932
574933
574934
574935
574936
574937
574938
574939
574940
574941
574942
574943
574944
574945
574946
574947
574949
57495
574950
574951
574952
574953
574954
574957
574959
574960
574961
574962
574963
574964
574965
574966
574967
574968
574969
574970
574971
574972
574973
574978
57498
574981
574982
574983
574984
574985
574986
574987
574988
574989
57499
574991
574992
574993
574994
574995
574996
574997
574998
574999
575
5750
57500
575000
575001
575002
575003
575004
575005
575007
575009
57501
575010
575012
575015
575017
575018
575019
575020
575021
575022
575023
575024
575026
575027
575028
575029
57503
575030
575031
575032
575033
575034
575035
575036
575037
575038
575039
57504
575040
575041
575042
575043
575044
575045
575046
575047
575048
575049
57505
575050
575051
575052
575053
575054
575055
575057
575058
575059
57506
575060
575061
575062
575063
575064
575065
575066
575067
575068
57507
575070
575071
575072
575073
575074
575075
575076
575078
575079
57508
575081
575082
575083
575084
575086
575087
575088
575089
57509
575090
575091
575092
575093
575094
575095
575096
575098
575099
5751
57510
575100
575102
575103
575104
575106
575107
575108
57511
575110
575111
575112
575113
575114
575115
575117
575118
575119
57512
575120
575121
575122
575123
575124
575125
575126
575127
575128
575129
57513
575131
575132
575133
575134
575135
575136
575137
575138
575139
575140
575141
575142
575144
575145
575146
575147
575148
575149
57515
575151
575152
575153
575154
575155
575156
575157
575158
575159
575160
575161
575162
575163
575164
575165
575166
575167
575169
57517
575170
575171
575172
575173
575174
575175
575176
575177
575178
575179
57518
575180
575181
575182
575183
575185
575186
575187
575188
575189
57519
575190
575191
575192
575193
575194
575195
575196
575197
575198
575199
5752
57520
575200
575201
575202
575203
575204
575205
575206
575207
575208
575209
57521
575210
575211
575213
575214
575215
575216
575217
575218
575219
57522
575220
575221
575222
575223
575224
575225
575226
575227
575228
575229
575230
575231
575232
575233
575234
575235
575236
575237
575238
57524
575240
575241
575242
575243
575244
575245
575246
575247
575248
575249
575250
575251
575253
575254
575255
575256
575257
575259
57526
575260
575261
575262
575263
575264
575265
575266
575268
575269
575270
575271
575278
575279
57528
575280
575281
575282
575283
575285
575287
575288
575289
57529
575290
575291
575292
575293
575294
575295
575296
575297
575298
575299
5753
575300
575301
575302
575303
575304
575305
575306
575307
575308
575309
575310
575311
575313
575314
575315
575316
575317
575319
575320
575322
575323
575324
575325
575326
575327
575328
575329
57533
575331
575332
575333
575335
575336
575337
575338
575339
57534
575340
575342
575343
575344
575345
575346
575347
575348
575349
57535
575350
575351
575352
575353
575354
575355
575356
575357
575358
575359
57536
575361
575362
575363
575364
575365
575366
575367
575368
575369
57537
575370
575373
575374
575375
575376
575377
575378
57538
575381
575383
575384
575385
575386
575387
575389
57539
575390
575392
575394
575395
575396
575397
575398
575399
5754
57540
575401
575402
575403
575404
575405
575406
575407
575408
575409
575410
575411
575412
575413
575414
575415
575416
575417
575418
575419
575421
575423
575424
575425
575426
575427
575428
575429
575430
575431
575432
575433
575434
575435
575436
575437
575438
575439
57544
575440
575441
575442
575444
575445
575446
575448
575449
575450
575451
575452
575453
575454
575456
575457
575458
575459
575460
575461
575462
575463
575464
575465
575466
575467
575468
575469
57547
575470
575471
575472
575473
575474
575475
575476
575477
575478
575479
57548
575480
575481
575482
575483
575484
575485
575486
575487
575488
575489
575490
575492
575493
575494
575495
575496
575497
575498
575499
5755
57550
575500
575501
575502
575503
575504
575506
575507
575508
575509
57551
575510
575511
575512
575513
575514
575515
575516
575517
575518
575519
575520
575521
575522
575523
575524
575525
575526
575528
575529
57553
575530
575531
575532
575534
575535
575537
575538
575539
57554
575540
575541
575542
575544
575545
575546
575548
575549
57555
575550
575551
575552
575553
575554
575555
575556
575557
575558
575559
57556
575560
575561
575562
575563
575564
575565
575566
575567
575568
575569
57557
575570
575571
575572
575573
575574
575575
575576
575577
575578
575579
57558
575580
575581
575582
575583
575584
575585
575586
575587
575588
575589
57559
575590
575591
575592
575593
575594
575595
575596
575597
575598
575599
5756
575600
575601
575602
575603
575604
575605
575606
575607
575608
575609
575610
575611
575612
575613
575614
575615
575616
575617
575618
575619
575620
575621
575622
575623
575624
575625
575626
575627
575628
575629
57563
575630
575631
575632
575633
575634
575635
575636
575637
575638
575639
57564
575640
575642
575643
575644
575645
575646
575647
575648
575649
57565
575650
575651
575653
575654
575655
575656
575657
575658
575659
57566
575661
575662
575664
575665
575669
575670
575671
575672
575673
575674
575675
575676
575677
575678
575679
57568
575680
575681
575682
575683
575684
575685
575686
575687
575688
575689
575690
575691
575693
575694
575695
575696
575697
5757
57570
575700
575701
575702
575703
575704
575705
575706
575707
575708
575709
575710
575711
575712
575713
575714
575715
575716
575717
575718
575719
57572
575720
575721
575722
575723
575724
575725
575726
575727
575728
575729
57573
575730
575731
575732
575733
575734
575735
575736
575737
575738
57574
575741
575742
575743
575745
575746
575747
575748
575749
57575
575750
575751
575752
575753
575754
575756
575758
575759
57576
575760
575762
575763
575764
575765
575766
575767
575768
575769
57577
575770
575771
575772
575773
575774
575775
575776
575777
575778
575779
57578
575780
575781
575782
575783
575784
575785
575786
575787
575788
575789
575790
575791
575792
575793
575794
575795
575796
575797
575798
575799
575800
575801
575802
575803
575804
575806
575807
575808
57581
575810
575811
575812
575813
575814
575815
575816
575817
575818
575819
575820
575821
575822
575823
575824
575825
575826
575827
575828
575829
57583
575830
575831
575832
575833
575834
575835
575836
575837
575838
575839
57584
575840
575841
575842
575843
575844
575845
575846
575847
575848
575849
57585
575850
575851
575852
575855
575857
575858
57586
575860
575861
575862
575864
575865
575866
575867
575868
575869
575871
575872
575873
575874
575875
575876
575877
575879
57588
575880
575881
575882
575883
575884
575885
575886
575887
575888
575889
575890
575891
575892
575893
575894
575895
575896
575897
575898
575899
5759
57590
575900
575901
575902
575903
575904
575905
575906
575907
57591
575910
575911
575912
575913
575914
575915
575916
575917
575918
575919
57592
575920
575921
575922
575923
575924
575925
575926
575928
575931
575934
575935
575936
575937
575938
575939
57594
575940
575941
575942
575943
575944
575946
575950
575951
575953
575955
575956
575957
575958
575959
575960
575961
575962
575963
575964
575965
575966
575967
575968
575969
57597
575970
575971
575972
575973
575974
575975
575976
575977
575979
57598
575980
575981
575982
575983
575984
575985
575986
575988
575989
57599
575990
575991
575992
575993
575994
575995
575996
575997
575998
575999
576
5760
57600
576000
576001
576002
576003
576004
576005
576006
576007
576008
576009
57601
576010
576011
576013
576014
576015
576016
576017
576018
576019
57602
576020
576021
576024
576025
576026
576027
576028
576029
57603
576030
576031
576032
576033
576035
576037
576038
576039
57604
576040
576041
576042
576043
576045
576046
576047
576048
576049
57605
576050
576051
576052
576053
576054
576055
576056
576057
576058
576059
57606
576060
576061
576062
576063
576064
576066
576067
576068
576069
57607
576070
576071
576072
576073
576074
576075
576076
576078
576079
57608
576080
576081
576082
576084
576085
576086
576087
576089
57609
576090
576091
576092
576093
576094
576095
576096
576098
576099
5761
576100
576101
576102
576103
576104
576105
576106
576107
576108
576109
576110
576111
576112
576113
576114
576115
576116
576117
576118
576119
57612
576120
576121
576122
576123
576124
576125
576126
576127
576128
576129
57613
576130
576131
576132
576134
576135
576136
576137
576138
576139
576140
576141
576142
576143
576144
576146
576147
576148
576149
576150
576151
576152
576153
576154
576155
576156
576157
576158
576159
57616
576160
576161
576162
576163
576164
576165
576166
576167
576168
576169
57617
576170
576171
576172
576173
576174
576175
576176
576177
576178
576179
57618
576180
576181
576183
576184
576185
576186
576187
576188
576189
57619
576190
576191
576193
576194
576195
576196
576197
5762
57620
576200
576201
576202
576203
576204
576205
576206
576207
576208
576209
57621
576211
576212
576213
576214
576215
576216
576217
576218
576219
576220
576221
576222
576223
576224
576225
576226
576227
576228
576229
57623
576230
576231
576232
576233
576234
576235
576236
576237
576238
576239
576240
576242
576244
576245
576246
576247
576248
576249
576250
576251
576252
576253
576254
576255
576256
576257
576258
576259
57626
576260
576261
576262
576264
576265
576269
57627
576270
576271
576272
576273
576274
576275
576276
576277
576278
576279
57628
576280
576281
576282
576283
576284
576285
576286
576287
576288
576289
576290
576292
576293
576294
576295
576296
576298
576299
5763
57630
576300
576301
576302
576304
576305
576306
576307
576308
576309
57631
576310
576311
576312
576313
576314
576315
576316
576317
576318
576319
57632
576320
576321
576322
576323
576324
576325
576326
576327
576328
576329
576330
576331
576332
576333
576334
576335
576336
576337
576338
576339
57634
576341
576342
576343
576344
576345
576346
576347
576348
576349
57635
576350
576351
576352
576353
576354
576356
576357
576358
576359
57636
576360
576362
576363
576365
576366
576367
576368
576369
57637
576370
576371
576372
576373
576374
576375
576376
576377
576378
576379
57638
576380
576381
576382
576383
576386
576387
576389
57639
576390
576391
576392
576393
576394
576395
576396
576397
576398
576399
5764
57640
576400
576401
576402
576403
576404
576405
576406
576407
576408
576409
576410
576411
576412
576413
576414
576415
576416
576417
576418
576419
57642
576420
576421
576422
576423
576424
576425
576426
576427
576428
576429
576431
576432
576433
576434
576435
576436
576438
576439
57644
576440
576441
576442
576443
576445
576446
576447
576448
576449
57645
576450
576451
576452
576453
576454
576455
576457
576458
576459
57646
576460
576461
576462
576464
576465
576466
576467
576469
576470
576471
576472
576473
576474
576475
576476
576477
576478
576479
576480
576481
576482
576483
576484
576485
576486
576487
576488
576489
57649
576491
576492
576493
576494
576495
576496
576497
576498
576499
5765
57650
576500
576501
576502
576503
576504
576505
576507
576508
576509
57651
576510
576511
576512
576513
576514
576515
576516
576518
576519
57652
576520
576521
576522
576523
576524
576525
576526
576527
576528
576529
576530
576531
576532
576533
576534
576535
576536
576538
57654
576540
576541
576542
576543
576544
576545
576546
576547
576548
576549
57655
576550
576551
576552
576553
576554
576555
576556
576557
576558
576559
57656
576560
576561
576562
576563
576564
576566
576567
576568
576569
57657
576570
576571
576572
576573
576574
576575
576576
576577
576578
576579
57658
576580
576581
576582
576583
576585
576586
576589
576590
576592
576593
576594
576595
576596
576597
576598
576599
5766
57660
576600
576602
576605
576606
576607
576608
576609
57661
576610
576611
576612
576613
576614
576616
576617
576618
576619
57662
576620
576621
576622
576623
576624
576625
576626
576627
576628
576629
57663
576630
576631
576632
576633
576634
576635
576636
576637
576638
576639
57664
576640
576642
576643
576644
576645
576646
576647
576649
57665
576651
576652
576654
576656
576657
576658
57666
576660
576661
576662
576663
576664
576666
576667
576668
576669
57667
576670
576671
576672
576673
576674
576675
576677
576678
576679
576680
576681
576682
576683
576684
576685
576686
576687
576688
576689
57669
576690
576691
576692
576694
576695
576697
576698
576699
5767
57670
576700
576701
576702
576703
576704
576705
576706
576707
576708
576709
57671
576710
576711
576712
576713
576714
576715
576716
576718
576719
57672
576720
576721
576722
576723
576726
576727
576728
576729
57673
576730
576731
576732
576733
576736
576737
576738
576739
57674
576740
576741
576742
576743
576744
576745
576746
576747
576748
576749
576750
576751
576752
576753
576754
576755
576756
576757
576758
576759
57676
576760
576761
576762
576763
576764
576765
576766
576767
576768
576769
57677
576770
576771
576772
576773
576774
576775
576776
576777
576778
576779
57678
576780
576782
576783
576784
576785
576786
576787
576788
576789
57679
576790
576791
576792
576793
576794
576795
576796
576797
576798
576799
5768
57680
576800
576801
576802
576803
576804
576805
576806
576807
576808
57681
576811
576812
576815
576816
576817
576818
576819
57682
576820
576821
576822
576823
576824
576825
576826
576827
576828
57683
576830
576831
576832
576833
576834
576835
576836
576837
576839
57684
576840
576841
576843
576844
576845
576847
576848
576849
57685
576850
576851
576852
576853
576854
576855
576856
576857
576858
576859
57686
576861
576862
576863
576864
576865
576866
576867
576868
576869
57687
576870
576871
576872
576873
576875
576876
576877
576878
576879
576880
576882
576883
576884
576885
576886
576887
576888
576889
57689
576890
576891
576892
576893
576894
576895
576896
576898
576900
576901
576902
576903
576904
576905
576906
576907
576908
576910
576911
576912
576913
576915
576916
576917
576918
576919
576920
576921
576922
576925
576926
576927
576928
576929
57693
576930
576931
576932
576933
576934
576935
576936
576938
576939
576940
576941
576943
576944
576945
576946
576947
576948
576949
57695
576951
576952
576953
576954
576955
576956
576957
576958
576959
576960
576961
576962
576964
576965
576967
576968
576969
57697
576970
576971
576972
576973
576974
576975
576976
576977
576978
576979
57698
576980
576982
576983
576984
576985
576986
576987
576988
576989
57699
576990
576991
576992
576993
576994
576995
576996
576997
576998
577
5770
57700
577000
577001
577002
577003
577004
577005
577006
577008
577009
57701
577010
577011
577012
577013
577015
577016
577017
577018
577019
57702
577020
577021
577023
577024
577025
577026
577027
577028
577029
57703
577030
577031
577032
577033
577034
577035
577036
577037
577038
577039
57704
577040
577041
577042
577043
577044
577045
577047
577049
57705
577050
577051
577053
577054
577055
577056
577057
577058
577059
57706
577060
577061
577062
577063
577064
577065
577066
577067
577068
577069
57707
577070
577071
577072
577073
577074
577075
577076
577077
577078
577079
577080
577081
577082
577083
577084
577085
577086
577087
577088
577089
57709
577090
577091
577092
577093
577094
577095
577096
577097
577098
577099
5771
57710
577100
577101
577102
577103
577104
577106
577107
577108
577109
57711
577110
577111
577112
577113
577114
577115
577116
577117
577118
577119
57712
577120
577121
577122
577124
577125
577126
577127
577128
577129
57713
577130
577131
577132
577133
577134
577135
577136
577137
577138
577139
57714
577140
577141
577142
577143
577144
577145
577146
577147
577148
577149
57715
577150
577151
577152
577153
577154
577155
577156
577157
577158
577159
577160
577162
577163
577164
577165
577166
577167
577168
577169
577170
577171
577173
577174
577175
577176
577177
577178
577179
57718
577180
577181
577182
577183
577184
577185
577186
577188
577189
57719
577190
577191
577192
577193
577194
577196
577198
577199
5772
577200
577201
577202
577203
577204
577205
577206
577208
577209
57721
577211
577212
577213
577214
577215
577216
577217
577218
577219
57722
577220
577221
577222
577223
577224
577225
577226
577227
577228
577229
57723
577230
577231
577232
577233
577234
577235
577236
577237
577238
577239
57724
577240
577241
577242
577243
577244
577245
577246
577247
577248
577249
57725
577250
577251
577252
577253
577254
577255
577256
577257
577258
577259
57726
577260
577261
577262
577263
577264
577265
577266
577267
577268
577269
57727
577270
577271
577272
577273
577274
577275
577276
577277
577278
577279
57728
577280
577281
577282
577283
577284
577285
577286
577287
577288
577289
57729
577290
577291
577292
577293
577294
577295
577296
577297
577298
577299
5773
577300
577301
577302
577303
577304
577305
577306
577307
577308
577309
57731
577310
577311
577312
577313
577314
577315
577316
577317
577318
577319
577320
577321
577322
577323
577324
577326
577328
577329
57733
577331
577332
577333
577334
577335
577336
577337
577338
577339
57734
577340
577341
577342
577343
577344
577345
577346
577347
577348
577349
57735
577350
577351
577352
577353
577354
577356
577357
577359
57736
577360
577361
577362
577363
577364
577365
577366
577368
577369
57737
577370
577372
577373
577374
577376
577379
57738
577380
577381
577382
577383
577384
577385
577386
577387
577388
577389
57739
577390
577391
577392
577393
577394
577395
577396
577397
577398
577399
5774
57740
577400
577401
577402
577403
577404
577405
577406
577407
577408
577409
57741
577410
577411
577412
577413
577414
577415
577416
577417
577418
577419
57742
577420
577421
577422
577423
577424
577425
577426
577427
577428
577429
57743
