577430
577431
577432
577433
577434
577435
577436
577437
577438
577439
57744
577440
577441
577442
577443
577444
577445
577446
577447
577448
577449
57745
577451
577452
577453
577454
577455
577456
577457
577458
577459
57746
577460
577462
577463
577465
577467
577468
577469
57747
577470
577471
577472
577473
577475
577477
577478
577479
57748
577480
577481
577484
577485
577486
577487
577488
577489
57749
577490
577491
577492
577493
577494
577495
577496
577497
577498
577499
57750
577500
577501
577502
577503
577504
577505
577507
577508
577509
57751
577510
577512
577513
577514
577515
577516
577517
577518
577519
57752
577520
577521
577522
577523
577524
577526
577527
577528
577529
57753
577530
577531
577532
577533
577535
577536
577537
577538
577539
57754
577540
577541
577542
577543
577544
577545
577546
577547
577548
577549
57755
577550
577551
577552
577553
577554
577555
577556
577557
577558
577560
577561
577562
577563
577564
577565
577566
577567
577568
577569
57757
577570
577572
577573
577574
577575
577576
577578
57758
577581
577582
577584
577585
577586
577587
577588
577589
57759
577590
577591
577592
577593
577594
577595
577596
577597
577598
577599
5776
57760
577600
577601
577602
577603
577604
577605
577606
577607
577608
577609
57761
577610
577611
577612
577613
577614
577615
577616
577617
577618
577619
57762
577620
577621
577622
577623
577624
577626
577627
577628
577629
57763
577631
577632
577633
577635
577636
577637
577638
577639
57764
577640
577641
577642
577643
577644
577645
577646
577647
577648
577649
57765
577650
577651
577652
577653
577654
577655
577656
577657
577658
57766
577660
577661
577662
577663
577664
577665
577667
577668
577669
57767
577670
577671
577672
577673
577674
577675
577676
577677
577678
577679
57768
577680
577681
577682
577683
577684
577685
577686
577687
577688
577689
57769
577690
577691
577692
577693
577694
577695
577696
577697
577698
577699
5777
57770
577700
577702
577703
577704
577705
577706
577707
577708
577709
577710
577711
577712
577713
577714
577715
577716
577717
577718
577719
57772
577720
577721
577722
577723
577724
577727
577728
577729
57773
577730
577731
577732
577734
577735
577736
577737
577738
577739
57774
577740
577741
577743
577744
577745
577746
577747
577748
577749
57775
577750
577751
577752
577753
577754
577755
577756
577757
577758
577759
57776
577760
577761
577762
577763
577764
577765
577766
577767
577768
577769
577770
577771
577772
577773
577774
577776
577777
577778
577779
57778
577780
577781
577782
577783
577784
577785
577786
577787
577788
577789
57779
577790
577791
577792
577793
577794
577795
577796
577797
577798
577799
5778
57780
577800
577801
577802
577803
577804
577805
577806
577807
577808
577809
57781
577810
577811
577812
577814
577815
577816
577817
577818
577819
57782
577820
577821
577822
577823
577824
577825
577826
577827
577828
577829
57783
577830
577831
577832
577834
577835
577836
577837
577838
57784
577840
577841
577842
577843
577844
577845
577846
577847
577848
577849
57785
577850
577851
577852
577853
577854
577855
577856
577857
577858
577859
577860
577861
577862
577863
577864
577865
577866
577867
577868
577869
57787
577870
577871
577872
577873
577874
577875
577876
577877
577878
577879
57788
577880
577881
577882
577884
577885
577886
577887
577888
577889
57789
577890
577891
577892
577893
577894
577895
577896
577897
577898
577899
57790
577900
577901
577902
577904
577905
577906
577907
577908
577909
57791
577910
577911
577912
577913
577914
577916
577917
577918
577919
57792
577920
577921
577922
577923
577924
577925
577926
577927
577928
577929
57793
577930
577931
577932
577933
577934
577935
577936
577937
577938
577939
57794
577940
577941
577942
577943
577944
577945
577946
577947
577948
57795
577950
577951
577952
577953
577954
577955
577956
577957
577958
577959
57796
577960
577961
577962
577963
577964
577966
577967
577968
577969
577970
577971
577972
577973
577974
577975
577977
57798
577980
577981
577982
577983
577984
577986
577987
577988
577989
57799
577990
577991
577993
577994
577995
577996
577997
577999
578
5780
57800
578001
578002
578003
578004
578005
578006
578007
578008
578009
57801
578010
578012
578013
578014
578015
578016
578017
578018
578019
57802
578021
578022
578023
578024
578025
578026
578027
578028
578029
57803
578030
578031
578032
578033
578034
578035
578036
578037
578038
578039
57804
578040
578041
578042
578043
578044
578045
578046
578047
578048
578049
578050
578051
578052
578053
578054
578055
578056
578058
57806
578060
578061
578062
578063
578064
578065
578066
578067
578068
578069
57807
578070
578071
578072
578073
578074
578075
578076
578077
578078
578079
578080
578081
578082
578083
578084
578085
578086
578087
578088
578089
57809
578090
578091
578092
578093
578094
578095
578096
578097
578098
578099
5781
57810
578100
578101
578103
578104
578105
578106
578107
578108
578109
57811
578110
578112
578114
578115
578116
578117
578118
578119
57812
578120
578121
578122
578123
578124
578125
578126
578127
578128
578129
57813
578130
578131
578132
578133
578134
578135
578136
578137
578138
578139
57814
578141
578142
578143
578144
578145
578146
578147
578148
578149
578150
578151
578152
578153
578154
578155
578156
578157
578159
57816
578160
578161
578162
578163
578164
578165
578166
578167
578168
578169
57817
578170
578171
578172
578173
578174
578175
578176
578177
578178
578179
57818
578180
578181
578182
578183
578184
578185
578186
578187
578188
578189
57819
578190
578192
578193
578194
578195
578196
578198
578199
578200
578201
578203
578204
578205
578206
578207
578208
578209
57821
578210
578211
578212
578213
578214
578215
578216
578217
578218
578219
57822
578220
578221
578222
578223
578224
578225
57823
578230
578232
578233
578235
578236
578238
57824
578241
578242
578243
578245
578246
578248
57825
578252
578254
578257
578258
578260
578261
578262
578264
578265
578266
578268
578269
57827
578270
578271
578272
578273
578275
578276
578277
578278
57828
578280
578281
578282
578283
578284
578285
578286
578287
578288
578289
57829
578290
578291
578292
578293
578294
578295
578296
578297
578298
578299
57830
578300
578301
578302
578303
578304
578305
578306
578307
578308
578309
57831
578310
578311
578312
578313
578314
578315
578316
578317
578318
578319
578320
578321
578322
578323
578324
578325
578326
578328
578329
57833
578330
578331
578332
578333
578334
578335
578337
578338
578339
57834
578340
578341
578342
578343
578344
578345
578346
578347
578348
578349
57835
578350
578351
578352
578353
578354
578355
578356
578357
578358
578359
57836
578360
578361
578362
578363
578364
578365
578366
578367
578368
578369
57837
578370
578371
578373
578374
578375
578376
578377
578378
578379
57838
578380
578382
578383
578384
578385
578386
578387
578388
578389
578390
578392
578394
578395
578396
578397
578399
57840
578400
578402
578403
578404
578405
578406
578407
578408
578409
57841
578410
578411
578412
578413
578414
578415
578416
578417
578419
57842
578420
578421
578422
578423
578424
578425
578426
578427
578428
578429
57843
578430
578431
578432
578433
578435
578436
578437
578438
578439
57844
578440
578441
578442
578443
578444
578445
578446
578447
578448
578449
57845
578450
578451
578452
578453
578454
578455
578456
578457
578458
578459
57846
578460
578461
578463
578464
578469
578470
578471
578472
578473
578475
578476
578477
578478
578479
57848
578480
578481
578482
578483
578484
578485
578488
578489
57849
578490
578491
578492
578493
578494
578495
578496
578497
578498
578499
578500
578501
578502
578503
578504
578506
578507
578508
578509
57851
578510
578511
578513
578514
578515
578516
578517
578518
578519
57852
578520
578521
578522
578523
578525
578526
578527
578528
578529
57853
578530
578531
578532
578533
578534
578535
578536
578537
578538
578539
57854
578540
578541
578542
578543
578544
578545
578546
578547
578548
578549
57855
578550
578551
578552
578553
578554
578555
578556
578557
578558
578559
57856
578560
578561
578562
578563
578564
578565
578566
578567
578569
57857
578570
578571
578572
578573
578574
578575
578576
578577
578578
578579
57858
578580
578581
578582
578583
578584
578585
578586
578587
578588
578589
57859
578590
578591
578592
578593
578594
578595
578596
578597
578598
578599
57860
578600
578601
578602
578603
578604
578605
578606
578607
578608
578609
57861
578610
578611
578612
578613
578614
578615
578616
578617
578618
578619
57862
578620
578621
578623
578624
578625
578626
578627
578628
578629
57863
578630
578631
578632
578633
578634
578635
578636
578637
578638
578639
57864
578640
578641
578642
578643
578644
578645
578646
578647
578648
578649
57865
578650
578651
578652
578653
578656
578657
578658
578659
57866
578660
578662
578663
578664
578665
578666
578667
578668
578669
57867
578670
578671
578672
578673
578674
578675
578676
578677
578678
578679
57868
578681
578682
578683
578684
578685
578686
578687
578688
578689
57869
578690
578692
578693
578694
578695
578696
578697
578698
578699
578700
578701
578702
578703
578704
578705
578706
578707
578709
57871
578710
578711
578712
578713
578714
578716
578717
578718
578719
57872
578720
578721
578722
578723
578724
578725
578726
578727
578728
578729
57873
578730
578731
578732
578734
578735
578736
578737
578738
578739
578740
578741
578742
578743
578744
578745
578746
578747
578748
57875
578750
578751
578752
578753
578754
578755
578756
578757
578758
578759
57876
578761
578762
578763
578764
578765
578766
578767
578768
578769
578770
578771
578772
578773
578774
578775
578776
578777
578778
578779
578780
578781
578782
578783
578784
578785
578786
578787
578788
578789
57879
578790
578791
578792
578793
578794
578795
578797
578798
578799
57880
578801
578802
578803
578804
578805
578806
578807
578808
578809
578810
578811
578812
578813
578814
578815
578816
578817
578818
578819
578820
578821
578822
578824
578825
578826
578827
578828
578829
578830
578831
578832
578833
578834
578835
578836
578837
578838
578839
57884
578840
578841
578842
578843
578844
578845
578846
578847
578848
57885
578850
578851
578852
578853
578854
578855
578856
578857
578858
578859
57886
578861
578863
578864
578865
578866
578867
578868
578869
57887
578871
578872
578873
578874
578875
578876
578877
578878
578879
57888
578880
578881
578882
578883
578884
578886
578887
578888
578889
57889
578890
578891
578892
578893
578894
578895
578896
578897
578898
578899
578900
578902
578905
578906
578907
578908
578909
57891
578910
578912
578913
578914
578915
578916
578917
578918
578919
57892
578920
578922
578923
578924
578926
578927
578929
57893
578930
578931
578932
578933
578934
578935
578936
578937
578938
578939
578940
578941
578942
578943
578944
578945
578946
578947
578948
578949
57895
578950
578951
578952
578953
578954
578955
578956
578957
578958
578959
57896
578960
578961
578962
578963
578964
578965
578966
578967
578968
578969
57897
578970
578971
578972
578973
578974
578975
578976
578977
578978
578979
57898
578980
578981
578982
578983
578984
578985
578987
578988
57899
578990
578991
578992
578993
578994
578995
578996
578997
578998
578999
579
57900
579000
579001
579002
579003
579004
579005
579006
579007
57901
579013
579014
579015
579016
579017
579018
579019
57902
579020
579021
579022
579023
579024
579025
579026
579027
579028
579029
57903
579030
579031
579032
579033
579034
579035
579036
579037
579038
579039
57904
579040
579041
579042
579043
579044
579045
579046
579047
579048
579049
57905
579050
579051
579052
579053
579054
579055
579056
579057
579058
579059
57906
579061
579062
579063
579064
579065
579066
579067
579068
579069
579070
579071
579072
579073
579074
579075
579076
579077
579079
57908
579080
579081
579083
579084
579085
579087
579089
57909
579091
579092
579093
579094
579095
579096
579097
579098
579099
57910
579100
579101
579102
579103
579104
579105
579106
579107
579108
579109
57911
579110
579111
579112
579113
579114
579116
579117
579118
579119
579120
579121
579122
579123
579124
579125
579126
579127
579128
579129
57913
579131
579132
579133
579134
579135
579136
579137
579138
579139
57914
579140
579141
579142
579143
579144
579145
579146
579147
579148
579149
57915
579150
579151
579152
579153
579154
579155
579156
579157
579158
579159
57916
579160
579161
579162
579164
579165
579166
579167
579168
579169
57917
579170
579172
579173
579174
579175
579176
579177
579178
579179
57918
579180
579181
579184
579185
579186
579187
579188
579189
57919
579190
579191
579192
579193
579194
579195
579196
579197
579198
579199
57920
579200
579201
579202
579203
579204
579205
579206
579207
579208
579209
579210
579211
579213
579214
579215
579216
579217
579218
579219
57922
579220
579221
579222
579224
579226
579227
579228
579229
57923
579230
579231
579232
579233
579234
579235
579237
579238
57924
579240
579241
579242
579243
579244
579245
579246
579247
579248
579249
579250
579251
579252
579253
579255
579256
579257
579258
579259
57926
579260
579261
579262
579263
579264
579265
579266
579267
579268
579269
579270
579271
579272
579273
579275
579276
579277
579278
579279
57928
579280
579282
579283
579284
579285
579286
579287
579288
579289
579290
579291
579292
579293
579294
579295
579296
579297
579298
579299
57930
579300
579301
579302
579304
579305
579307
579308
579309
57931
579310
579311
579312
579315
579316
579317
579318
579319
57932
579320
579321
579322
579323
579325
579326
579327
579328
579329
57933
579330
579331
579332
579333
579334
579335
579336
579337
579338
579339
579340
579341
579342
579343
579346
579347
579348
579349
579350
579351
579352
579353
579354
579355
579356
579357
579358
579359
579360
579362
579363
579364
579365
579367
579368
579369
57937
579370
579371
579373
579374
579375
579378
579379
579380
579381
579382
579385
579386
579387
579388
579389
57939
579390
579391
579392
579393
579394
579395
579396
579397
579398
579399
57940
579400
579401
579402
579403
579404
579405
579406
579407
579408
579409
57941
579410
579411
579412
579413
579414
579415
579416
579417
579418
579419
57942
579420
579421
579422
579423
579424
579425
579426
579427
579428
579429
57943
579430
579431
579432
579433
579434
579435
579436
579437
579438
579439
57944
579440
579441
579442
579443
579445
579446
579448
579449
57945
579450
579451
579452
579453
579454
579455
579456
579457
579458
579459
57946
579460
579461
579463
579464
579465
579466
579467
579468
579469
579470
579471
579472
579473
579474
579475
579476
579477
579478
579479
57948
579480
579481
579482
579483
579484
579485
579487
579488
579489
57949
579490
579491
579492
579493
579494
579495
579496
579497
579498
579499
57950
579501
579503
579504
579505
579506
579507
579508
579509
57951
579511
579512
579513
579514
579515
579516
579517
579518
579519
57952
579520
579521
579522
579523
579524
579525
579526
579527
579528
579529
57953
579530
579531
579532
579533
579534
579535
579536
579537
579538
579539
57954
579540
579541
579542
579543
579544
579545
579546
579547
579548
579549
57955
579550
579551
579552
579553
579554
579559
57956
579560
579561
579562
579563
579564
579565
579566
579567
579568
579569
57957
579570
579571
579572
579573
579574
579575
579576
579577
579578
579579
57958
579580
579581
579582
579583
579584
579585
579586
579587
579589
579591
579592
579593
579596
579597
579598
579599
5796
579600
579601
579602
579603
579604
579605
579606
579607
579608
579609
57961
579610
579611
579612
579613
579614
579615
579616
579617
579618
579619
57962
579620
579621
579622
579623
579624
579625
579626
579627
579628
579629
579630
579631
579632
579633
579634
579635
579636
579637
579638
579639
57964
579640
579641
579642
579643
579644
579645
579647
579648
579649
57965
579650
579651
579652
579653
579654
579655
579656
579657
579658
579659
57966
579660
579661
579663
579664
579665
579666
579667
579668
579669
57967
579670
579671
579672
579673
579674
579675
579676
579677
579678
579679
57968
579680
579681
579682
579683
579684
579685
579688
579689
57969
579690
579691
579692
579693
579694
579696
579697
579699
57970
579700
579701
579702
579703
579705
579706
579707
579708
579709
579710
579711
579712
579713
579714
579715
579716
579717
579718
579719
57972
579720
579721
579723
579724
579725
579726
579727
579728
579729
579730
579731
579732
579733
579734
579735
579736
579737
579739
579740
579741
579742
579743
579745
579746
579747
579748
579749
57975
579750
579751
579752
579753
579755
579758
579759
57976
579760
579761
579762
579763
579764
579765
579766
579767
579768
579769
57977
579771
579772
579773
579774
579775
579776
579777
579778
579779
579780
579782
579783
579784
579785
579786
579787
579789
57979
579791
579792
579793
579794
579795
579796
579797
579798
579799
57980
579800
579801
579805
579806
579807
579808
579809
57981
579810
579811
579812
579813
579814
579815
579816
579817
579818
579819
57982
579820
579821
579822
579823
579824
579825
579826
579827
579828
579829
57983
579830
579831
579832
579833
579835
579838
579839
57984
579841
579842
579844
579845
579846
579847
579848
579849
57985
579850
579851
579852
579853
579855
579856
579857
579858
579859
57986
579860
579861
579862
579863
579864
579865
579866
579867
579868
579869
57987
579871
579872
579874
579875
579876
579877
579878
579879
57988
579880
579881
579882
579884
579885
579886
579887
579888
579889
57989
579890
579891
579892
579893
579894
579895
579897
579898
579899
5799
57990
579900
579901
579902
579903
579904
579905
579906
579907
579908
579909
57991
579910
579911
579912
579914
579915
579916
579917
579918
579919
57992
579920
579921
579922
579923
579924
579925
579926
579927
579928
579929
57993
579930
579931
579932
579934
579935
579936
579937
579939
57994
579941
579944
579945
579946
579948
57995
579950
579952
579953
579954
579955
579956
579957
579958
579959
57996
579960
579963
579964
579965
579966
579967
579969
57997
579970
579971
579972
579973
579974
579975
579976
579977
579978
579979
57998
579980
579981
579982
579983
579984
579985
579986
579987
579989
57999
579991
579992
579993
579994
579995
579996
579997
579999
58
580
5800
58000
580000
580001
580002
580003
580004
580005
580006
580007
580008
58001
580010
580011
580012
580013
580014
580015
580016
580017
580018
58002
580020
580021
580022
580023
580024
580025
580026
580027
580029
58003
580030
580031
580032
580033
580034
580035
580036
580037
580038
580039
58004
580040
580041
580042
580043
580044
580045
580046
580047
580048
580049
58005
580050
580052
580053
580054
580055
580056
580058
580059
58006
580060
580061
580062
580064
580065
580066
580067
580068
58007
580070
580071
580073
580074
580075
580076
580077
580078
58008
580080
580081
580082
580083
580086
580087
580088
580089
58009
580090
580092
580093
580094
580095
580096
580097
580098
580099
5801
58010
580100
580101
580102
580103
580104
580107
580108
58011
580110
580112
580113
580114
580115
580116
580118
580119
58012
580120
580121
580122
580123
580124
580125
580126
580127
580128
580129
58013
580131
580132
580133
580134
580135
580136
580137
580138
580139
58014
580140
580141
580142
580143
580146
580147
580148
580149
580151
580152
580153
580154
580155
580156
580157
580158
580159
58016
580160
580162
580163
580164
580165
580166
580167
580168
58017
580172
580173
580174
580175
580176
580178
58018
580180
580181
580182
580183
580185
580186
580187
580188
580189
58019
580190
580191
580192
580193
580194
580195
580196
580197
580198
580199
5802
580200
580201
580202
580203
580204
580205
580206
580207
580208
580209
58021
580210
580211
580212
580213
580214
580216
580217
580218
580219
580220
580221
580223
580224
580225
580227
580229
58023
580231
580232
580233
580234
580235
580236
580237
580238
580239
58024
580240
580241
580243
580244
580245
580246
580247
580249
580250
580251
580252
580253
580254
580255
580256
580257
580258
580259
58026
580260
580261
580262
580263
580264
580265
580266
580267
580268
580269
58027
580270
580272
580273
580274
580275
580276
580277
580278
580279
58028
580282
580283
580285
580286
580287
580288
580289
58029
580290
580291
580292
580293
580294
580295
580296
580297
580298
580299
5803
580300
580301
580302
580303
580304
580305
580306
580307
580308
580309
58031
580310
580311
580312
580313
580314
580315
580316
580317
580318
58032
580320
580321
580322
580323
580324
580325
580328
580329
58033
580330
580331
580333
580334
580335
580336
580337
580338
580339
58034
580340
580341
580342
580343
580344
580345
580346
580347
580348
580349
58035
580350
580352
580353
580354
580355
580356
580357
580358
580359
58036
580360
580361
580362
580363
580364
580365
580366
580367
580368
580369
58037
580370
580371
580372
580373
580374
580375
580376
580377
580378
580379
58038
580381
580382
580383
580385
580386
580387
580388
580389
58039
580390
580391
580392
580393
580394
580395
580396
580397
580398
580399
5804
580400
580401
580402
580403
580404
580405
580406
580407
580408
580409
58041
580410
580411
580412
580413
580414
580415
580416
580417
580419
58042
580420
580421
580422
580423
580424
580425
580426
580427
580428
580429
58043
580430
580431
580432
580433
580434
580435
580436
580437
580438
580439
58044
580440
580441
580442
580443
580444
580445
580446
580447
580448
580449
58045
580450
580451
580453
580454
580455
580456
580457
580458
580459
58046
580460
580461
580462
580463
580464
580465
580466
580467
580468
580469
58047
580470
580471
580472
580473
580475
580476
580477
580478
580479
58048
580480
580481
580482
580483
580484
580486
580487
580488
580489
58049
580490
580491
580492
580493
580494
580495
580496
580497
580498
580499
5805
580500
580501
580502
580503
580504
580505
580506
580507
580508
580509
58051
580510
580512
580513
580514
580515
580516
580517
580518
58052
580520
580521
580522
580523
580524
580525
580526
580529
58053
580530
580531
580532
580533
580534
580535
580536
580537
580538
580539
58054
580540
580541
580542
580543
580544
580545
580546
580547
580548
580549
58055
580550
580551
580552
580553
580554
580555
580556
580557
580558
580559
58056
580560
580561
580562
580563
580564
580565
580566
580567
580568
580569
58057
580570
580571
580573
580574
580575
580576
580577
580578
580579
58058
580580
580581
580582
580583
580584
580585
580586
580587
580588
580589
580590
580591
580592
580593
580594
580595
580596
580597
580598
580599
58060
580600
580601
580602
580603
580605
580606
580607
580608
580609
58061
580610
580611
580612
580613
580614
580615
580616
580617
580618
580619
58062
580620
580621
580622
580623
580624
580625
580626
580627
580628
580629
58063
580630
580631
580632
580633
580634
580635
580636
580637
580638
580639
580640
580641
580642
580643
580644
580645
580646
580647
580648
580649
580650
580653
580654
580655
580656
580657
580658
580659
580660
580661
580662
580663
580664
580665
580666
580667
580668
580670
580673
580674
580676
580678
580679
58068
580680
580681
580682
580683
580684
580685
580686
580687
580688
580689
58069
580690
580691
580692
580693
580694
580695
580696
580699
58070
580700
580703
580705
580706
580708
580709
58071
580710
580711
580712
580713
580714
580715
580716
580717
580718
580719
58072
580720
580721
580722
580723
580724
580725
580726
580727
580728
580729
58073
580730
580731
580732
580733
580734
580735
580736
580737
580738
580739
58074
580740
580741
580742
580743
580744
580745
580746
580747
580748
580749
58075
580750
580751
580753
580754
580755
580756
580757
580758
580759
58076
580760
580764
580765
580766
58077
580770
580771
580772
580773
580774
580775
580776
580777
580779
58078
580780
580781
580782
580784
580787
580788
580789
58079
580790
580792
580793
580794
580795
580796
580797
580798
580799
58080
580800
580801
580802
580803
580804
580805
580806
580807
580808
580809
58081
580811
580813
580814
580815
580816
580817
580818
580819
58082
580821
580822
580823
580824
580825
580827
580828
580829
58083
580830
580831
580832
580833
580834
580835
580837
580838
580839
58084
580840
580841
580843
580844
580845
580846
580849
58085
580850
580851
580852
580853
580854
580855
580856
580857
580858
580859
58086
580860
580861
580862
580863
580864
580865
580866
580867
58087
580872
580873
580876
58088
580880
580882
580883
580884
580885
580886
580887
58089
580890
580891
580892
580893
580894
580896
580897
580898
580899
58090
580900
580901
580902
580903
580904
580905
580906
580907
580908
58091
580910
580911
580912
580913
580914
580915
580916
580917
580918
580919
580920
580921
580922
580923
580924
580925
580926
580928
580929
58093
580930
580931
580934
580935
580936
580937
580938
580939
58094
580940
580941
580942
580944
580945
580946
580947
580948
580949
58095
580950
580951
580952
580953
580955
580956
580957
580959
58096
580960
580962
580963
580964
580965
580966
580967
580968
580969
58097
580971
580972
580973
580974
580975
580976
580977
580978
580979
58098
580980
580981
580982
580983
580984
580985
580986
580987
580988
580989
58099
580990
580991
580992
580993
580994
580996
580997
580998
580999
581
58100
581000
581001
581002
581003
581004
581005
581007
581009
58101
581010
581011
581012
581013
581015
581016
581017
581018
58102
581020
581022
581023
581024
581025
581026
581027
581028
581029
58103
581032
581033
581034
581035
581037
581038
581039
58104
581040
581041
581042
581043
581044
581045
581046
581047
581048
581049
58105
581050
581051
581052
581053
581054
581055
581056
581057
581059
58106
581060
581061
581062
581063
581064
581065
581067
581068
581069
58107
581070
581072
581073
581074
581075
581076
581077
581079
581080
581081
581082
581083
581084
581085
581086
581087
581089
581090
581091
581092
581093
581094
581095
581098
581099
581101
581102
581104
581106
581107
581108
581110
581111
581112
581114
581115
581116
581117
581118
581119
581120
581121
581122
581124
581125
581127
581128
581129
581130
581131
581132
581133
581134
581135
581136
581137
581138
581139
581140
581141
581142
581143
581144
581145
581146
581147
581148
581149
581151
581152
581153
581154
581155
581156
581157
581158
581159
581160
581161
581162
581163
581164
581165
581166
581168
581170
581171
581172
581173
581174
581175
581176
581177
581178
581179
581180
581181
581182
581186
581188
581189
581191
581192
581195
581196
581198
581199
581200
581201
581202
581204
581205
581206
581207
581208
581209
581212
581214
581215
581216
581217
581218
581219
581220
581221
581222
581223
581224
581226
581227
581228
581229
581230
581231
581232
581235
581237
581238
581239
581240
581241
581243
581244
581245
581246
581247
581248
581249
581250
581251
581252
581253
581254
581255
581256
581257
581259
581260
581261
581262
581263
581264
581265
581266
581267
581268
581269
581270
581271
581272
581273
581274
581275
581276
581277
581278
581279
58128
581281
581282
581283
581285
581286
581287
581289
58129
581291
581292
581293
581295
581296
581297
581298
581299
581300
581301
581302
581303
581304
581305
581307
581308
581309
58131
581310
581311
581313
581315
581316
581317
581318
581319
58132
581320
581321
581322
581323
581324
581325
581326
581327
581328
581329
58133
581330
581331
581332
581333
581334
581335
581336
581339
58134
581341
581346
581347
581348
58135
581350
581351
581352
581354
581355
581356
581357
581358
581359
58136
581361
581362
581363
581364
581365
581366
581367
581368
581369
581370
581371
581373
581374
581375
581376
581377
581378
581379
581380
581381
581382
581383
581384
581385
581386
581387
581388
581389
58139
581390
581391
581392
581393
581394
581395
581396
581397
581399
581400
581401
581402
581403
581404
581405
581406
581407
581408
58141
581412
581413
581414
581416
581417
581418
581419
581420
581422
581424
581425
581427
581429
58143
581430
581431
581432
581433
581434
581435
581436
581437
581438
581439
58144
581440
581441
581442
581443
581444
581445
581446
581449
581450
581451
581452
581453
581454
581455
581456
581457
581458
581459
581460
581461
581462
581463
581465
581466
581468
581469
58147
581470
581471
581472
581473
581474
581475
581476
581477
581478
581480
581481
581483
581484
581485
581486
581487
581488
581489
58149
581490
581491
581492
581493
581494
581495
581497
581499
581500
581501
581502
581503
581504
581505
581506
581507
581508
581509
58151
581510
581511
581512
581513
581515
581516
581517
581518
58152
581520
581521
581522
581523
581524
581525
581526
581527
581528
581529
58153
581530
581531
581532
581533
581534
581535
581538
581539
58154
581540
581541
581542
581543
581544
581545
581546
581547
581548
581549
58155
581550
581551
581552
581553
581554
581556
581557
581558
581559
58156
581560
581561
581562
581563
581564
581565
581567
581568
581569
581570
581571
581572
581573
581574
581575
581576
581577
581578
581579
581580
581581
581582
581583
581585
581586
581587
581588
581589
58159
581590
581591
581592
581593
581594
581595
581596
581597
581598
581599
5816
58160
581600
581602
581603
581604
581605
581606
581607
581608
581609
581610
581611
581613
581614
581615
581616
581617
581618
581619
581620
581621
581623
581624
581625
581628
581629
581630
581632
581633
581634
581636
581639
58164
581640
581641
581642
581644
581645
581646
581647
581648
581650
581651
581652
581653
581654
581655
581656
581657
581658
581659
58166
581661
581662
581663
581664
581665
581666
581667
581668
581669
58167
581670
581671
581673
581674
581675
581676
581677
581679
581680
581681
581682
581683
581685
581686
581687
581688
58169
581690
581691
581692
581693
581696
581698
5817
58170
581700
581701
581703
581704
581707
581708
581709
58171
581710
581711
581712
581713
581714
581715
581716
581717
581718
581719
58172
581720
581721
581722
581723
581724
581725
581726
581727
581728
581729
581730
581731
581732
581733
581734
581735
581736
581737
581739
58174
581740
581741
581742
581743
581744
581745
581746
581747
581748
581749
58175
581750
581751
581752
581753
581755
581756
581757
581758
581759
581760
581761
581762
581763
581764
581765
581766
581767
581768
581769
581770
581771
581772
581774
581775
581776
581777
581778
581780
581781
581782
581784
581786
581788
581789
58179
581790
581791
581792
581793
581794
581796
581797
581799
5818
58180
581800
581801
581804
581805
581806
581807
581809
58181
581810
581811
581813
581815
581816
581817
581818
581819
58182
581820
581821
581822
581823
581824
581825
581826
581827
581828
581829
58183
581830
581831
581832
581833
581834
581835
581836
581837
581838
581839
581840
581841
581842
581843
581845
581846
581847
581848
581849
58185
581850
581851
581852
581854
581855
581856
581858
581859
58186
581860
581861
581862
581863
581864
581865
581866
581867
581868
581869
58187
581870
581871
581872
581873
581874
581875
581876
581877
581878
581879
58188
581880
581881
581882
581883
581884
581885
581886
581887
581888
581889
58189
581890
581891
581892
581893
581894
581895
581896
581897
581898
58190
581900
581902
581904
581905
581906
581907
581908
581909
58191
581910
581911
581912
581913
581914
581915
581916
581917
581918
58192
581920
581921
581922
581923
581924
581925
581926
581927
581928
581929
58193
581930
581931
581932
581933
581934
581935
581936
581937
581938
581939
58194
581940
581942
581943
581944
581945
581946
581947
581949
58195
581950
581951
581953
581955
581956
581957
581958
581959
58196
581960
581961
581962
581963
581964
581965
581967
581968
581969
58197
581970
581971
581972
581973
581974
581975
581976
581977
581978
581979
581981
581982
581983
581984
581989
581990
581992
581993
581994
581996
581997
581998
581999
582
5820
582000
582001
582005
582006
582007
582008
582009
58201
582010
582011
582012
582014
582015
582016
582017
582018
582019
582021
582022
582023
582024
582025
582026
582027
582028
582029
58203
582030
582031
582032
582033
582034
582036
582037
582039
58204
582040
582041
582042
582043
582044
582045
582046
582047
582048
582049
582050
582051
582052
582053
582054
582055
582056
582057
582058
582059
58206
582061
582062
582063
582064
582066
582067
582069
582070
582072
582073
582074
582075
582076
582077
582078
582079
582080
582083
582084
582085
582086
582087
582088
582089
58209
582090
582091
582092
582093
582094
582096
582097
582098
582099
58210
582100
582103
582105
582108
58211
582110
582111
582112
582113
582114
582115
582116
582117
582118
582119
58212
582120
582121
582122
582123
582124
582125
582126
582129
58213
582130
582131
582132
582133
582134
582135
582136
582138
582139
582140
582141
582142
582143
582144
582145
582146
582147
582148
582149
58215
582150
582151
582152
582153
582154
582155
582156
582157
582159
58216
582160
582161
582164
582165
582166
582167
582168
582169
58217
582170
582171
582172
582174
582175
582176
582177
582178
582179
58218
582180
582181
582182
582183
582184
582185
582186
582187
582188
582189
58219
582190
582191
582192
582193
582194
582195
582196
582197
582198
582199
5822
58220
582200
582201
582202
582203
582204
582205
582206
582207
582209
58221
582210
582212
582213
582214
582215
582216
582218
582219
582220
582221
582222
582223
582224
582225
582226
582227
582228
582229
58223
582230
582232
582233
582234
582235
582236
582237
582238
582239
58224
582240
582241
582242
582243
582244
582245
582246
582247
582248
582249
582251
582252
582253
582254
582255
582256
582257
582258
582259
58226
582260
582261
582262
582264
582265
58227
582271
582273
582274
582275
582276
582277
582278
582279
582280
582282
582283
582284
582285
582286
582287
582288
58229
582291
582292
582293
582294
582296
582297
582298
582299
58230
582300
582301
582302
582303
582304
582306
582308
582309
58231
582311
582313
582315
582316
582317
582318
582319
58232
582320
582321
582322
582323
582324
582325
582326
582327
582328
582329
58233
582330
582331
582332
582333
582334
582335
582336
582337
582338
582339
582340
582341
582343
582344
582345
582346
582347
582349
58235
582350
582351
582352
582353
582355
582356
582357
582358
582359
58236
582360
582361
582362
582363
582364
582365
582366
582367
582368
582370
582371
582372
582373
582375
582376
582377
582378
582379
58238
582380
582381
582382
582383
582384
582388
58239
582391
582394
582395
582397
582400
582401
582402
582403
582404
582405
582406
582407
582408
582409
582410
582411
582412
582414
582415
582416
582417
582418
582419
582422
582425
582427
582429
582430
582432
582434
582435
582436
582437
582439
58244
582441
582442
582444
582445
582446
582447
582448
582449
58245
582451
582454
582455
582456
582457
582458
582459
58246
582460
582461
582464
582465
582467
582468
582469
58247
582470
582471
582472
582473
582474
582475
582476
582477
582478
582479
58248
582480
582481
582482
582483
582485
582486
582487
582488
582489
58249
582490
582491
582492
582493
582494
582495
582496
582497
582498
582499
5825
58250
582500
582501
582502
582503
582504
582505
582506
582507
582508
582509
58251
582510
582511
582512
582513
582514
582515
582516
582517
582518
582519
58252
582520
582521
582522
582523
582524
582526
582527
58253
582530
582531
582532
582533
582535
582536
582538
58254
582540
582541
582542
582543
582544
582545
582546
582547
582548
58255
582550
582551
582552
582554
582555
582556
582557
582558
582559
582560
582562
582563
582564
582565
582566
582568
582569
58257
582570
582571
582572
582573
582574
582575
582576
