582577
582578
582579
58258
582580
582581
582582
582583
582584
582585
582588
582589
58259
582590
582591
582592
582593
582594
582595
582596
582597
582598
582599
5826
58260
582600
582601
582602
582604
582605
582606
582607
58261
582610
582611
582612
582613
582614
582615
582619
58262
582620
582621
582622
582623
582624
582625
582626
582627
582628
582629
582630
582632
582633
582634
582635
582636
582637
582638
582640
582641
582646
582647
582648
582649
58265
582650
582652
582653
582654
582655
582656
582657
582659
58266
582660
582661
582662
582663
582664
582665
582666
582667
582668
582669
58267
582671
582673
582674
582675
58268
582680
582681
582682
582683
582684
582685
582686
582687
582688
582689
582690
582691
582692
582693
582694
582695
582696
582697
582698
582699
582700
582701
582702
582703
582704
582705
582706
582707
582708
582709
582710
582711
582712
582713
582714
582715
582716
582718
582719
58272
582720
582721
582722
582723
582724
582725
582726
582727
582728
582729
58273
582730
582731
582732
582733
582734
582735
582736
582737
582738
582739
58274
582740
582741
582742
582743
582744
582745
582747
582748
582749
58275
582750
582751
582752
582753
582754
582755
582756
582757
582758
582759
58276
582760
582761
582762
582763
582764
582765
582766
582767
582768
582769
58277
582771
582772
582773
582774
582778
58278
582781
582782
582785
582793
582795
582796
582797
582798
582799
5828
58280
582800
582801
582802
582803
582805
582807
58281
582810
582811
582812
582814
582816
582817
582818
582819
582820
582821
582822
582823
582825
582827
582829
58283
582831
582832
582833
582834
582835
582836
582837
582838
582839
58284
582840
582841
582842
582843
582844
582845
582846
582847
582848
582849
58285
582850
582851
582852
582853
582854
582857
582858
582859
58286
582860
582861
582862
582863
582865
582866
582867
582868
58287
582871
582872
582873
582874
582875
582876
582877
582878
58288
582880
582881
582882
582883
582884
582885
582886
582887
582888
582889
58289
582890
582891
582892
582893
582895
582896
582897
582898
582899
5829
58290
582902
582903
582904
582905
582906
582907
582908
582909
58291
582910
582911
582912
582913
582914
582915
582916
582917
582918
582919
58292
582920
582921
582922
582923
582924
582925
582926
582927
582928
58293
582930
582931
582932
582933
582934
582935
582936
582937
582938
58294
582942
582943
582944
582945
582946
582947
582948
582949
58295
582950
582951
582953
582956
582957
582959
58296
582960
582961
582962
582963
582965
582967
582968
582969
58297
582970
582972
582974
582975
582976
582978
582979
582980
582982
582983
582985
582986
582987
582988
582989
58299
582990
582991
582992
582994
582997
582998
582999
583
5830
583000
583001
583002
583003
583004
583005
583007
58301
583010
583011
583013
583014
583016
583018
583019
58302
583020
583021
583024
583025
583026
583027
583029
58303
583030
583031
583032
583033
583034
583035
583036
583037
58304
583040
583041
583042
583043
583044
583045
583046
583047
583048
583049
583051
583052
583053
583054
583055
583056
583057
583058
583059
58306
583060
583063
583064
583065
583066
583067
583068
583069
58307
583070
583071
583072
583073
583074
583075
583077
583079
58308
583080
583081
583082
583083
583084
583085
583086
583087
583088
583089
58309
583090
583091
583092
583093
583094
583095
583096
583097
583098
583099
5831
583100
583101
583102
583103
583104
583105
583106
583107
583108
583109
58311
583110
583111
583115
583116
583118
583119
58312
583120
583121
583122
583123
583126
583127
583128
583129
58313
583130
583131
583132
583133
583134
583135
583136
583137
583138
583139
58314
583140
583141
583142
583143
583144
583145
583147
583148
583149
583150
583151
583152
583153
583154
583155
583157
583158
583159
583160
583161
583162
583163
583164
583165
583166
583168
583169
583170
583171
583172
583173
583174
583175
583176
583177
583178
583179
583180
583181
583182
583183
583184
583185
583186
583187
583188
58319
583190
583192
583193
583196
583197
583198
583199
5832
583200
583201
583202
583203
583204
583206
583207
583208
583209
583210
583211
583212
583213
583214
583215
583216
583217
583218
583219
583220
583221
583222
583223
583225
583226
583227
583228
583229
583230
583231
583232
583233
583234
583235
583237
583238
58324
583240
583241
583242
583243
583244
583245
583246
583247
583248
583249
58325
583251
583254
583256
583257
583258
58326
583261
583262
583264
583265
583266
583267
583268
583269
583270
583271
583272
583274
583276
583277
583278
583279
583280
583283
583284
583285
583286
583287
583288
583289
58329
583290
583292
583293
583294
583295
583296
583297
583298
583299
5833
583300
583301
583302
583303
583305
583307
583308
583311
583312
583313
583314
583315
583317
583318
58332
583323
583324
583325
583326
583328
58333
583330
583331
583332
583333
583334
583335
583336
583337
583338
583339
583340
583341
583342
583344
583346
583347
583348
583349
583350
583351
583352
583353
583354
583355
583356
583357
583358
583359
58336
583360
583361
583362
583363
583364
583365
583366
583367
583368
583370
583371
583372
583373
583374
583375
583376
583377
583378
583379
583380
583381
583382
583383
583384
583385
583386
583387
583388
583389
583390
583391
583392
583393
583394
583396
583397
583398
583399
5834
583400
583401
583402
583403
583404
583405
583406
583407
583408
583409
583410
583411
583412
583413
583415
583416
583417
583418
583419
583420
583421
583423
583424
583425
583426
583428
583429
583430
583431
583432
583433
583434
583435
583436
583437
583438
583439
583440
583441
583442
583443
583444
583445
583446
583447
583449
58345
583450
583451
583452
583453
583454
583455
583456
583457
583458
583459
583460
583461
583462
583463
583464
583465
583467
583468
583469
58347
583470
583471
583472
583473
583474
583475
583476
583477
583478
58348
583480
583481
583482
583483
583484
583485
583486
583487
58349
583491
583494
583495
583496
583497
583498
583499
5835
58350
583500
583501
583502
583503
583504
583505
583506
583508
583509
583510
583511
583512
583513
583514
583515
583516
583517
583518
583519
583520
583521
583522
583523
583524
583525
583526
583527
583528
583529
583530
583531
583532
583533
583534
583535
583536
583538
583539
583540
583541
583542
583544
583545
583546
583548
583549
583550
583551
583552
583553
583554
583556
583557
583559
583560
583561
583564
583565
583566
583567
583568
583569
58357
583570
583571
583572
583573
583574
583575
583576
583578
583579
58358
583580
583581
583583
583584
583585
583586
583587
583588
583589
583590
583591
583592
583593
583594
583595
583596
583597
583598
583599
58360
583600
583601
583602
583603
583604
583605
583606
583607
583608
583609
58361
583610
583611
583612
583613
583615
583616
583617
583618
583619
583620
583621
583622
583624
583625
583626
583627
583628
583629
58363
583630
583631
583632
583633
583634
583635
583636
583638
583639
58364
583640
583641
583642
583643
583645
583648
58365
583650
583653
583654
583655
583657
583658
583659
58366
583660
583661
583663
583664
583666
583667
583668
583669
583673
583674
583675
583677
583678
583679
58368
583680
583681
583682
583683
583684
583685
583686
583687
583688
583689
58369
583690
583691
583692
583693
583694
583696
583698
583699
58370
583700
583701
583702
583703
583705
583706
583707
583708
58371
583710
583711
583712
583713
583714
583715
583716
583717
583718
583719
58372
583720
583722
583723
583724
583725
583726
583727
583728
583729
58373
583730
583731
583732
583733
583734
583735
583736
583737
583738
583739
583741
583742
583743
583744
583745
583746
583747
583748
583749
58375
583750
583751
583753
583754
583755
583756
583757
583758
583759
58376
583760
583761
583762
583763
583764
583765
583766
583767
583768
583769
58377
583770
583771
583772
583773
583775
583776
583777
583778
583779
583780
583781
583783
583784
583785
583786
583788
583789
58379
583790
583791
583792
583793
583794
583795
583796
583797
583798
583799
58380
583800
583801
583802
583803
583804
583805
583806
583807
583808
583809
58381
583810
583812
583813
583814
583815
583816
583817
583818
583819
583820
583821
583822
583823
583824
583825
583826
583827
583828
583829
58383
583830
583831
583832
583833
583834
583835
583836
583838
583839
58384
583840
583841
583842
583843
583844
583845
583846
583847
583848
583849
58385
583850
583851
583852
583853
583855
583856
583857
583858
583859
583860
583861
583862
583863
583864
583865
583866
583867
583868
583869
58387
583870
583871
583872
583874
583876
583877
583878
583879
583880
583881
583884
583886
583887
583888
583889
58389
583892
583893
583894
583895
583898
583899
5839
58390
583900
583902
583903
583904
583905
583906
583907
583908
583909
58391
583911
583912
583914
583915
583916
583917
583918
583919
583920
583921
583922
583923
583925
583927
583929
58393
583933
583934
583942
583943
583944
583945
583946
583947
583948
583949
58395
583950
583951
583952
583954
583955
583957
583958
583959
58396
583963
583966
583967
583968
583969
58397
583970
583971
583972
583973
583974
583975
583976
583977
583978
583979
58398
583980
583981
583982
583984
583985
583986
583987
583988
58399
583990
583991
583992
583994
583996
583997
583998
583999
584
5840
58400
584000
584002
584003
584004
584007
584008
584009
58401
584010
584011
584013
584014
584015
584016
584017
584018
58402
584020
584021
584022
584024
584025
584026
584027
584028
584029
58403
584030
584031
584032
584033
584036
584037
584038
584039
58404
584040
584041
584042
584043
584044
584045
584046
584047
584048
584049
58405
584050
584051
584053
584054
584055
584056
584057
584058
584059
58406
584060
584061
584062
584063
584064
584065
584066
584067
584068
584069
58407
584070
584071
584072
584073
584074
584075
584076
584077
584078
584079
58408
584080
584081
584082
584083
584084
584085
584086
584087
584088
584089
58409
584090
584091
584092
584093
584094
584095
584096
584097
584098
584099
58410
584100
584101
584102
584103
584104
584105
584106
584107
584108
58411
584110
584111
584112
584116
584119
58412
584123
584127
584128
584129
58413
584130
584131
584133
584134
584135
584136
584137
584138
584139
58414
584140
584141
584142
584143
584144
584145
584146
584147
584148
584149
584150
584151
584152
584153
584154
584155
584156
584157
584158
584159
58416
584160
584161
584162
584163
584164
584165
584166
584167
584168
584169
58417
584170
584171
584172
584173
584174
584175
584176
584178
584179
584180
584185
584186
584187
584188
584189
58419
584190
584191
584192
584194
584196
584197
584198
584199
5842
58420
584200
584201
584202
584203
584204
584205
584206
584207
58421
584210
584211
584212
584213
584214
584215
584216
584217
584218
584219
58422
584220
584221
584222
584223
584224
584226
584227
584228
584229
584230
584231
584232
584233
584234
584235
584236
584237
584238
584239
58424
584240
584241
584242
584243
584244
584245
584246
584247
584248
584249
58425
584250
584251
584252
584253
584254
584255
584256
584257
584258
584259
58426
584260
584261
584262
584263
584264
584265
584266
584267
584268
584269
58427
584270
584272
584273
584274
584277
584279
58428
584280
584281
584282
584284
584287
584288
584289
58429
584290
584291
584295
584296
584297
584298
584299
5843
58430
584300
584301
584302
584303
584304
584305
584306
584307
584308
584309
58431
584310
584312
584313
584314
584315
584316
584317
584318
584319
58432
584321
584322
584323
584324
584325
584326
584327
584328
584329
58433
584331
584333
584334
584335
584338
584339
58434
584340
584341
584342
584345
584347
58435
584350
584351
584352
584353
584354
584355
584356
584357
584359
58436
584361
584362
584363
584365
584366
584369
58437
584374
584375
584377
584378
584379
58438
584380
584381
584382
584383
584386
584387
584390
584394
584397
584398
5844
58440
584402
584404
584406
584407
584408
584409
58441
584411
584413
584414
584415
584416
584417
584418
584419
58442
584420
584421
584423
584425
584426
584427
584428
584429
58443
584431
584432
584433
584435
584436
584437
584438
584439
58444
584441
584442
584443
584444
584445
584446
584447
584448
584449
58445
584450
584451
584452
584453
584454
584455
584457
58446
584461
584463
584464
584465
584466
584468
584469
58447
584470
584471
584472
584473
584474
584475
584476
584477
584478
584479
58448
584480
584481
584482
584483
584484
584485
584487
584489
58449
584490
584491
584492
584493
584494
584495
584496
584497
584498
584499
5845
58450
584501
584502
584504
584505
584506
584507
584508
584509
58451
584510
584511
584512
584514
584515
584516
584517
584518
584519
58452
584520
584521
584522
584523
584524
584525
584526
584527
584528
584529
58453
584530
584531
584532
584534
584538
584539
58454
584540
584543
584544
584545
584546
584547
584548
584549
58455
584550
584551
584552
584553
584554
584555
584556
584557
584558
584559
58456
584560
584561
584562
584563
584564
584565
584566
584567
584569
58457
584575
584576
584577
584578
584579
58458
584580
584581
584583
584585
584586
584587
584588
58459
584590
584593
584594
584595
584596
584597
584598
584599
5846
584600
584601
584602
584603
584604
584605
584607
584609
58461
584611
584612
584613
584615
584616
584619
58462
584620
584621
584622
584624
584625
584626
584627
584628
584629
58463
584631
584632
584633
584634
584635
584636
584638
584639
58464
584640
584641
584642
584643
584645
584646
584647
584648
584649
58465
584651
584653
584654
584655
584656
584657
584658
584659
58466
584660
584661
584662
584663
584665
584666
584667
584668
584669
58467
584670
584671
584672
584673
584674
584675
584677
584678
584679
584680
584682
584683
584684
584685
584687
584688
584689
58469
584690
584694
584695
584696
584697
584698
584699
58470
584700
584701
584702
584703
584704
584705
584706
584707
584708
584709
584710
584711
584712
584713
584714
584715
584716
584718
584719
58472
584720
584721
584722
584723
584724
584725
584726
584727
584728
584729
58473
584730
584731
584732
584733
584734
584736
584737
584738
584739
58474
584741
584742
584743
584744
584745
584746
584747
584748
58475
584752
584754
584755
584756
584757
584758
584759
58476
584760
584761
584762
584764
584765
584766
584767
584768
584769
58477
584770
584771
584772
584773
584774
584775
584776
584778
584779
58478
584780
584781
584782
584785
584786
584787
584788
584791
584792
584794
584795
584798
584799
5848
584800
584801
584802
584803
584804
584805
584806
584807
584808
584809
584810
584811
584812
584813
584814
584815
584816
584817
584818
584819
584820
584821
584822
584823
584824
584825
584826
584827
584828
584829
58483
584830
584831
584833
584834
584835
584836
584837
584838
584839
584840
584847
584849
58485
584850
584853
584855
584856
584857
584859
584860
584861
584862
584863
584864
584865
584866
584867
584868
584869
58487
584870
584871
584872
584873
584874
584875
584876
584877
584878
584879
584880
584881
584882
584883
584885
584889
584890
584891
584892
584893
584894
584895
584896
584897
584898
584899
5849
584900
584901
584902
584903
584904
584905
584906
584907
584908
584909
58491
584910
584911
584912
584913
584914
584916
584917
584918
584919
58492
584920
584921
584922
584923
584924
584925
584926
584927
584928
584929
58493
584930
584931
584932
584933
584934
584935
584936
584937
584938
584939
58494
584940
584941
584942
584943
584944
584945
584946
584947
584948
584949
58495
584950
584951
584952
584953
584954
584955
584956
584958
584959
58496
584960
584961
584962
584963
584964
584966
584967
584968
584969
58497
584971
584972
584973
584974
584975
584976
584977
584978
584979
58498
584980
584981
584982
584983
584984
584985
584986
584987
584988
584989
584990
584991
584992
584993
584994
584995
584996
584997
584998
584999
585
5850
58500
585000
585001
585002
585003
585004
585005
585006
585007
585008
585009
585010
585011
585017
585018
585020
585022
585024
585025
585026
585027
585028
585029
585030
585032
585033
585034
585035
585036
585037
585038
585039
58504
585040
585041
585042
585044
585045
585046
585047
585048
585049
58505
585050
585051
585052
585053
585054
585055
585056
585057
585058
585059
58506
585060
585061
585062
585063
585064
585065
585066
585067
585068
585069
58507
585071
585072
585073
585074
585075
585076
585077
585078
585079
58508
585080
585081
585082
585083
585084
585085
585086
585087
585088
585089
58509
585090
585091
585092
585093
585094
585095
585096
585097
585098
585099
5851
58510
585100
585101
585102
585103
585104
585105
585106
585107
585108
585109
58511
585110
585111
585112
585113
585114
585116
585117
585118
585119
58512
585120
585121
585122
585123
585124
585125
585126
585127
585128
585129
58513
585130
585131
585132
585133
585134
585135
585136
585137
585138
585139
585140
585141
585142
585143
585144
585145
585146
585147
585148
585149
58515
585150
585151
585152
585153
585154
585156
585157
585158
585159
58516
585160
585161
585162
585163
585164
585165
585166
585168
585169
58517
585170
585171
585172
585173
585174
585175
585176
585177
585178
585179
58518
585180
585181
585182
585183
585184
585185
585186
585187
585188
58519
585190
585191
585192
585193
585194
585195
585196
585197
585198
585199
5852
58520
585200
585201
585202
585203
585204
585205
585206
585207
585208
585209
58521
585210
585211
585212
585213
585215
585216
585217
585218
585219
58522
585220
585221
585222
585223
585224
585225
585226
585227
585228
585230
585231
585234
585235
585236
585237
585238
585239
58524
585240
585241
585242
585243
585244
585245
585246
585247
585248
585249
58525
585250
585251
585252
585253
585254
585256
585257
585258
585259
58526
585260
585261
585262
585263
585264
585265
585266
585267
585268
585269
58527
585270
585271
585272
585273
585274
585276
585277
585278
585279
58528
585280
585281
585282
585283
585284
585285
585286
585287
585288
585289
58529
585290
585291
585292
585293
585294
585295
585297
585299
5853
585300
585302
585303
585304
585305
585306
585307
585308
585309
58531
585310
585311
585312
585313
585314
585316
585317
585318
585319
58532
585320
585323
585324
585325
585326
585327
585328
585331
585332
585333
585334
585335
585337
585338
585340
585341
585342
585343
585344
585345
585347
585348
585349
58535
585350
585351
585352
585353
585354
585355
585356
585357
585358
585359
585360
585361
585362
585363
585364
585365
585366
585367
585368
585369
585370
585371
585372
585374
585375
585376
585377
585378
585379
585380
585381
585384
585386
585388
585389
58539
585390
585391
585392
585393
585397
585398
585399
5854
58540
585400
585401
585402
585403
585404
585405
585406
585408
585409
585411
585412
585414
585416
585418
58542
585420
585421
585422
585423
585424
585425
585426
585427
585428
585429
58543
585430
585431
585432
585433
585434
585435
585437
585439
585441
585442
585443
585444
585445
585446
585448
585449
58545
585450
585451
585452
585453
585454
585455
585456
585457
585458
585459
58546
585460
585461
585462
585463
585464
585465
585466
585467
585468
585469
58547
585470
585471
585472
585473
585474
585476
585477
585478
585479
58548
585480
585482
585484
585485
585486
585488
585489
58549
585491
585492
585493
585494
585495
585497
585498
585499
5855
58550
585500
585501
585502
585503
585504
585505
585506
585507
585508
585509
58551
585510
585511
585512
585513
585514
585515
585516
585517
585518
585519
58552
585520
585521
585522
585523
585524
585525
585526
585527
585528
58553
585530
585531
585532
585533
585534
585535
585537
585538
585539
585541
585542
585543
585544
585545
585546
585547
585548
58555
585550
585551
585552
585553
585554
585555
585556
585557
585558
585559
58556
585560
585561
585562
585563
585564
585565
585566
585567
585568
585569
58557
585570
585571
585572
585573
585574
585575
585576
585577
585578
58558
585580
585581
585582
585583
585584
585585
585586
585587
585588
585589
58559
585590
585591
585592
585593
585595
585596
585597
585598
585599
5856
585600
585601
585602
585603
585604
585605
585607
585608
585609
58561
585610
585611
585612
585613
585614
585615
585616
585617
585618
585619
585620
585621
585622
585623
585624
585625
585626
585627
585628
585629
585630
585631
585632
585633
585634
585635
585636
585638
585639
585642
585643
585644
585645
585646
585647
585648
585649
58565
585650
585651
585652
585653
585654
585655
585656
585657
585658
585659
58566
585660
585661
585663
585664
585666
585667
585668
585670
585671
585672
585673
585677
585678
585679
58568
585680
585681
585683
585684
585685
585686
585687
585688
585689
585690
585691
585692
585694
585695
585696
585697
5857
58570
585700
585701
585702
585703
585704
585705
585706
585707
585708
585709
58571
585710
585711
585712
585713
585714
585715
585716
585717
585718
585719
585720
585721
585722
585723
585724
585725
585726
585727
585728
585729
585730
585731
585732
585733
585734
585735
585736
585737
585738
585739
58574
585740
585741
585742
585743
585744
585745
585746
585747
585748
585749
585750
585751
585752
585754
585755
585756
585757
585758
585759
58576
585760
585761
585762
585763
585764
585765
585766
585767
585768
585769
585770
585771
585772
585773
585774
585775
585776
585777
585778
58578
585780
585781
585782
585783
585784
585785
585786
585788
585789
585790
585791
585792
585794
585795
585796
585797
585798
585799
5858
585800
585801
585802
585803
585804
585805
585806
585807
585808
585809
585810
585811
585812
585813
585814
585815
585816
585817
585818
585819
585820
585821
585822
585823
585824
585825
585826
585827
585828
585829
585830
585831
585832
585833
585834
585835
585836
585837
585838
585839
585840
585841
585842
585843
585844
585845
585846
585847
585848
585849
58585
585850
585851
585853
585854
585855
585856
585857
585858
585859
58586
585860
585861
585862
585863
585864
585865
585866
585867
585869
58587
585870
585871
585872
585873
585874
585876
585877
585878
585879
585880
585881
585882
585883
585884
585885
585886
585887
585888
585889
585890
585891
585892
585893
585894
585896
585897
5859
58590
585900
585901
585902
585903
585905
585906
585907
585908
585909
58591
585910
585912
585913
585914
585915
585916
585918
585919
58592
585920
585921
585922
585923
585924
585925
585926
585927
585928
585929
585930
585931
585932
585933
585934
585936
585937
585938
585939
585940
585941
585943
585944
585945
585946
585948
585949
58595
585950
585951
585952
585953
585954
585955
585956
585957
585958
585959
58596
585961
585962
585964
585965
585966
585967
585968
585969
58597
585970
585971
585972
585973
585974
585975
585976
585977
585978
585979
58598
585980
585981
585983
585984
585985
585986
585987
585988
585989
58599
585991
585992
585993
585994
585995
585996
585997
585998
585999
586
58600
586000
586002
586003
586004
586005
586006
586007
586008
586009
58601
586010
586011
586012
586013
586014
586015
586016
586017
586018
586019
58602
586020
586021
586022
586023
586024
586025
586026
586027
586028
586029
58603
586030
586031
586032
586033
586034
586035
586036
586037
586038
586039
58604
586040
586041
586042
586043
586044
586045
586046
586047
586048
586049
58605
586050
586051
586052
586053
586054
586055
586057
586058
58606
586060
586062
586063
586065
586066
586067
586068
586069
58607
586070
586071
586072
586073
586074
586075
586076
586077
586079
58608
586080
586082
586083
586084
586085
586086
586087
586088
586089
58609
586090
586091
586092
586093
586094
586095
586097
586098
586099
58610
586100
586101
586102
586103
586104
586106
586108
586109
58611
586110
586111
586112
586113
586114
586115
586116
586117
586118
586119
58612
586120
586121
586122
586123
586124
586125
586126
586127
586128
58613
586130
586131
586132
586133
586134
586136
586137
586138
586139
58614
586140
586141
586142
586143
586144
586145
586146
586147
586148
586149
58615
586150
586151
586152
586153
586154
586155
586156
586157
586158
586159
586160
586161
586162
586163
586164
586166
586167
586168
586169
586170
586171
586172
586173
586174
586175
586176
586177
586178
586179
58618
586181
586182
586183
586184
586185
586186
586187
586188
586189
58619
586190
586191
586192
586194
586195
586197
586198
586199
586200
586201
586202
586203
586204
586205
586206
586207
586209
58621
586210
586213
586214
586215
586218
586220
586221
586222
586223
586224
586225
586226
586227
586229
58623
586230
586231
586232
586234
586235
586236
586237
586238
586239
58624
586240
586241
586242
586243
586244
586245
586246
586247
586248
586249
58625
586250
586252
586253
586254
586255
586256
586257
586258
586259
58626
586260
586261
586262
586263
586264
586265
586266
586267
586268
586269
58627
586270
586271
586273
586274
586275
586276
586277
586278
586279
58628
586280
586281
586282
586283
586284
586285
586286
586287
586289
58629
586291
586292
586293
586294
586295
586296
586297
586298
586299
586300
586301
586302
586303
586305
586306
586307
586308
586309
58631
586310
586311
586312
586313
586314
586316
586317
586318
586319
58632
586320
586321
586322
586323
586324
586325
586326
586327
586328
586329
58633
586331
586332
586333
586334
586335
586336
586337
586338
586339
58634
586340
586341
586342
586343
586344
586345
586346
586347
586348
586349
58635
586350
586351
586352
586353
586354
586355
586356
586357
586358
586359
58636
586360
586361
586362
586364
586366
586367
586368
586369
58637
586370
586371
586372
586373
586374
586375
586376
586377
586378
586379
586380
586381
586384
586385
586386
586387
586388
586389
58639
586390
586391
586392
586393
586394
586395
586396
586397
586398
586399
586400
586401
586402
586403
586404
586405
586406
586407
586408
586409
58641
586410
586411
586412
586413
586414
586415
586416
586417
586418
586419
58642
586420
586421
586422
586423
586424
586425
586426
586427
586428
586429
58643
586430
586432
586433
586434
586435
586436
586438
586439
58644
586440
586441
586442
586443
586444
586446
586447
586448
586449
58645
586450
586451
586452
586453
586454
586455
586456
586457
586458
586459
58646
586460
586461
586462
586463
586464
586465
586466
586467
586468
586469
58647
586470
586471
586472
586473
586474
586475
586476
586477
586478
586479
58648
586480
586481
586482
586483
586484
586485
586486
586487
586488
586489
58649
586490
586491
586492
586493
586494
586495
586496
586497
586498
586499
586500
586501
586502
586503
586504
586505
586506
586507
586508
586509
58651
586510
586511
586512
586517
586518
586519
58652
586520
586521
586522
586523
586524
586525
586526
586527
586528
586529
58653
586530
586531
586532
586533
586534
586535
586536
586537
586538
586539
586540
586542
586543
586545
586546
586547
586548
586549
58655
586550
586551
586552
586553
586554
586555
586556
586557
586558
586559
58656
586561
586562
586563
586564
586566
586567
586568
586569
58657
586570
586571
586572
586573
586574
586575
586576
586577
586578
586579
58658
586580
586581
586582
586583
586584
586585
586586
586587
586589
58659
586591
586592
586593
586594
586595
586596
586597
586598
586599
58660
586600
586601
586602
586603
586604
586605
586606
586607
586608
586609
586610
586611
586612
586613
586614
586615
586616
586617
586618
586619
58662
586620
586622
586623
586624
586626
586627
586628
586629
586630
586631
586632
586633
586634
586635
586636
586637
586638
586639
58664
586640
586641
586642
586643
586644
586646
586647
586648
58665
586650
586651
586652
586653
586654
586655
586657
586659
58666
586661
586662
586663
586664
586665
586666
586667
586668
58667
586671
586672
586673
586674
586675
586676
586677
586678
586679
58668
586680
586681
586683
586684
586685
586686
586687
586688
586689
58669
586690
586691
586692
586693
586694
586695
586697
586698
586699
58670
586700
586701
586702
586703
586704
586705
586707
586708
586709
58671
586711
586712
586713
586714
586715
586716
586717
586718
586719
58672
586720
586721
586722
586723
586724
586725
586726
586727
586728
586729
58673
586730
586731
586733
586734
586735
586736
586737
586738
586739
58674
586740
586741
586742
586743
586745
586746
586747
586748
58675
586750
586751
586752
586753
586754
586755
586756
586757
586758
586759
58676
586761
586762
586763
586764
586766
586768
586769
58677
586770
586771
586772
586775
586776
586778
586779
58678
586781
586782
586783
586784
586785
586786
586787
586788
586789
58679
586790
586791
586792
586793
586795
586797
586798
586799
5868
58680
586800
586801
586802
586803
586804
586806
586807
586808
586809
58681
586810
586811
586813
586814
586816
586817
586818
586819
58682
586820
586821
586822
586823
586824
586826
586827
586828
58683
586831
586832
586833
586834
586835
586836
586837
586838
586839
586841
586842
586843
586844
586845
586847
586848
586849
58685
586850
586851
586853
586854
586856
586857
586858
58686
586860
586861
586862
586863
586864
586865
586866
586867
58687
586870
586871
586872
586873
586874
586875
586876
586877
586879
58688
586880
586881
586882
586883
586884
586885
586886
586887
586888
586889
58689
586890
586891
586892
586893
586894
586897
586898
586899
5869
58690
586900
586901
586902
586903
586904
586905
586906
586907
586908
586909
58691
586910
586911
586912
586913
586914
586915
586916
586917
586918
586919
58692
586920
586921
586922
586923
586924
586925
586926
586927
586928
586929
58693
586930
586931
586932
586933
586934
586935
586936
586937
586938
586939
58694
586940
586941
586942
586943
586944
586945
586947
586949
58695
586950
586951
586952
586953
586954
586955
586956
586957
586958
586959
586960
586961
586962
586963
586964
586965
586967
586968
586969
586970
586971
586973
586974
586975
586976
586977
586978
586979
58698
586980
586981
586982
586983
586984
586985
586986
586988
586989
58699
586990
586992
586994
586995
586996
586997
586998
587
5870
58700
587000
587001
587002
587003
587004
587005
587006
587009
58701
587010
587011
587012
587013
587014
587015
587016
587018
587019
58702
587020
587021
587023
587024
587025
587026
587027
587028
587029
58703
587030
587032
587033
587034
587035
587036
587037
587038
587039
58704
587040
587041
587042
587043
587044
587045
587046
587047
587048
587049
58705
587050
587051
587052
587053
587054
587055
587056
587057
587058
587059
58706
587060
587062
587063
587064
587065
587066
587067
587068
587069
587070
587071
587072
587074
587075
587076
587079
58708
587080
587081
587082
587083
587085
587086
587087
587089
58709
587090
587091
587092
587093
587094
587095
587096
587097
587098
587099
5871
58710
587100
587101
587102
587103
587104
587106
587107
587108
587109
58711
587110
587111
587112
587113
587114
587115
587116
587117
587118
587119
587120
587121
587122
587123
587124
587125
587126
587127
587128
587129
58713
587130
587131
587132
587133
587134
587135
587137
587138
58714
587142
587144
58715
587151
587153
587154
587155
587158
587159
58716
587160
587163
587164
587166
587167
587168
587169
587170
587171
587172
587174
587175
587176
587177
587178
587179
58718
587180
587181
587182
587183
587184
587185
587186
587187
587188
587189
58719
587190
587191
587192
587193
587195
587196
587197
587198
587199
58720
587200
587201
587202
587203
587204
587205
587206
58721
587210
587211
587213
587214
587215
587216
587217
587219
587221
587222
587223
587224
587225
587226
587227
587228
587229
58723
587230
587231
587232
587233
587234
587235
587236
587237
587239
587240
587242
587243
587244
587245
587246
587247
587248
587249
58725
587250
587252
587253
587254
587255
587256
587258
587259
587260
587261
587262
587263
587264
587265
587267
587268
587269
58727
587270
587271
587272
587273
587274
587275
587276
587278
587279
58728
587280
587281
587282
587283
587284
587285
587286
587287
587288
587289
58729
587290
587291
587292
587293
587294
587295
587296
587297
587298
587299
5873
58730
587300
587301
587302
587303
587305
587306
587307
587308
587309
58731
587310
587311
587312
587313
587314
587315
587316
587317
587319
58732
587320
587321
587322
587323
587324
587325
587326
587327
587328
587329
58733
587330
587331
587332
587333
587334
587335
587336
587337
587338
587339
58734
587340
587341
587342
587343
587344
587345
587346
587347
587348
587350
587351
587352
587353
587354
587355
587356
587357
587358
587359
58736
587361
587362
587363
587364
587365
587366
587367
587368
587369
58737
587370
587371
587372
587373
587374
587375
587377
587378
587379
587380
587381
587382
587383
587384
587385
587386
587387
587388
587389
58739
587390
587391
587392
587393
587394
587395
587396
587397
587398
587399
5874
587400
587401
587402
587403
587404
587405
587406
587407
587408
587409
58741
587410
587411
587412
587413
587414
587416
587417
587418
587419
58742
587420
587421
587422
587424
587426
587427
587429
58743
587430
587431
587432
587433
587434
587436
587437
587438
587439
58744
587441
587442
587443
587444
587445
587446
587447
587448
587449
58745
587451
587452
587453
587454
587455
587457
587458
587459
58746
587461
587462
587464
587465
587466
587467
587468
587469
58747
587470
587471
587472
587473
587474
587475
587477
587479
58748
587480
587482
587483
587484
587485
587486
587487
587488
587489
58749
587490
587491
587492
587493
587494
587495
587496
587497
587498
587499
5875
587500
587502
587504
587505
587506
587507
587509
587511
587512
587513
587514
587515
587516
587517
58752
587520
587521
587523
587524
587525
587526
587527
587528
587529
587530
587531
587532
587533
587534
587535
587536
587537
587538
587539
587540
587541
587542
587543
587544
587545
587546
587547
587548
587549
58755
587550
587552
587553
587554
587555
587557
587558
587559
587560
587561
587562
587563
587565
587566
587568
587569
58757
587570
587571
587572
587573
587574
587575
587576
587577
587578
587579
587581
587582
587583
587584
587585
587586
587587
587588
587589
587590
587591
587592
587593
587595
587596
587597
587598
587599
5876
58760
587600
587601
587602
587603
587604
587605
587606
587608
587609
58761
587610
587611
587612
587613
587614
587615
587616
587617
587618
587619
58762
587620
587621
587622
587623
587624
587625
587626
587627
587628
587629
58763
587630
587632
587633
587634
587635
587636
587637
587638
587639
58764
587640
587641
587642
587643
587644
587646
58765
587650
587651
587652
587653
587654
587655
587656
587657
587658
587659
58766
587660
587661
587662
587663
587664
587665
587666
587667
587668
587669
58767
587670
587671
587672
587673
587674
587675
587676
587677
587678
587679
58768
587680
587681
587682
587683
587684
587685
587686
587687
587688
587689
58769
587690
587693
587694
587695
587696
587697
587698
587699
587700
587701
587702
587703
587704
587705
587706
587707
587708
587709
58771
587710
587711
587712
587713
587714
587715
587716
587717
587718
587719
58772
587720
587721
587722
587723
587724
587725
587726
587728
58773
587730
587731
587732
587733
587734
587735
587736
587737
587738
587739
587740
587741
587744
587745
587746
587747
587748
587749
58775
587750
587751
587752
587753
587754
587755
587756
587757
587758
587759
58776
587761
587762
587763
587764
587765
587766
587767
587768
587769
58777
587770
587771
587772
587773
587774
587775
587776
587777
587778
587779
587780
587781
587782
587783
587784
587786
587787
587788
587789
587790
587791
587792
587793
587794
587795
587796
587797
587798
587799
587801
587802
587803
587804
587805
587806
587807
587808
587809
58781
587810
587811
587812
587813
587814
587815
587816
587817
587818
587819
