685548
685549
685550
685551
685552
685553
685554
685555
685556
685557
685558
685559
685560
685561
685562
685563
685564
685565
685566
685567
685568
685569
685571
685572
685573
685574
685575
685576
685577
685578
685580
685581
685583
685584
685585
685586
685587
685588
685589
685590
685591
685592
685594
685595
685596
685597
685598
685599
685602
685605
685606
685607
685608
685609
685610
685611
685612
685613
685614
685615
685616
685617
685618
685619
685620
685622
685624
685625
685626
685627
685628
685629
685630
685631
685632
685633
685634
685635
685636
685637
685638
685639
685640
685641
685642
685643
685644
685645
685646
685647
685648
685649
685650
685651
685652
685653
685654
685655
685657
685658
685659
685660
685661
685662
685663
685664
685665
685666
685667
685668
685669
685670
685671
685672
685673
685674
685675
685676
685677
685678
685679
685680
685681
685682
685683
685684
685685
685686
685687
685688
685689
685690
685691
685692
685693
685694
685695
685696
685697
685698
685699
685700
685702
685703
685704
685705
685706
685707
685708
685709
685710
685711
685712
685713
685714
685715
685716
685717
685718
685719
685720
685721
685722
685723
685724
685725
685726
685727
685728
685729
685730
685731
685732
685733
685734
685735
685736
685738
685739
685740
685741
685742
685743
685744
685746
685747
685748
685751
685752
685753
685754
685756
685757
685758
685760
685761
685762
685763
685764
685765
685766
685767
685768
685769
685770
685771
685772
685773
685774
685775
685776
685777
685778
685779
685780
685781
685782
685783
685784
685785
685786
685787
685788
685789
685791
685792
685793
685794
685795
685796
685797
685800
685801
685802
685803
685804
685805
685807
685808
685809
685810
685811
685812
685813
685814
685815
685816
685817
685818
685819
685820
685821
685822
685823
685824
685825
685826
685827
685828
685832
685833
685834
685836
685837
685838
685839
685840
685841
685842
685843
685844
685845
685846
685847
685848
685849
685850
685851
685852
685853
685854
685855
685856
685857
685858
685859
685860
685862
685864
685865
685866
685867
685868
685869
685870
685871
685872
685873
685874
685875
685876
685877
685878
685880
685881
685882
685883
685884
685886
685887
685888
685890
685892
685893
685894
685895
685896
685897
685898
685899
685900
685901
685902
685904
685905
685906
685907
685908
685909
685910
685911
685912
685915
685916
685917
685918
685919
685920
685921
685922
685923
685924
685925
685926
685927
685928
685929
685930
685931
685933
685934
685935
685937
685938
685939
685940
685941
685942
685944
685945
685946
685947
685948
685949
685951
685953
685954
685955
685956
685957
685958
685959
685960
685962
685963
685964
685965
685966
685967
685970
685971
685972
685973
685975
685976
685977
685978
685979
685980
685981
685982
685983
685986
685987
685988
685989
685990
685991
685992
685993
685994
685995
685996
685997
685998
685999
686000
686001
686002
686003
686004
686005
686006
686007
686008
686009
686010
686011
686012
686013
686014
686015
686017
686018
686020
686021
686022
686023
686024
686025
686026
686027
686028
686029
686030
686031
686032
686033
686034
686035
686036
686037
686038
686039
686040
686041
686042
686043
686044
686046
686047
686048
686049
686050
686052
686053
686054
686055
686056
686057
686058
686059
686060
686061
686062
686063
686064
686065
686066
686067
686068
686069
686070
686071
686072
686073
686074
686075
686076
686077
686078
686079
686080
686081
686083
686084
686085
686086
686087
686088
686089
686090
686091
686092
686093
686094
686095
686096
686098
686099
686101
686102
686103
686104
686105
686106
686107
686108
686109
686110
686111
686112
686113
686115
686116
686117
686118
686119
686120
686121
686122
686123
686124
686125
686126
686127
686128
686129
686130
686131
686132
686133
686134
686135
686136
686137
686139
686140
686141
686142
686143
686144
686145
686146
686147
686148
686149
686150
686151
686152
686153
686154
686155
686156
686157
686158
686159
686160
686161
686162
686163
686164
686165
686166
686167
686168
686169
686170
686171
686172
686173
686174
686175
686177
686178
686179
686180
686181
686182
686183
686184
686185
686186
686187
686188
686189
686190
686191
686192
686193
686194
686195
686197
686198
686199
686200
686201
686202
686203
686204
686205
686206
686207
686208
686209
686210
686211
686212
686213
686214
686215
686216
686217
686218
686219
686220
686221
686222
686223
686224
686225
686229
686230
686231
686232
686233
686234
686235
686236
686237
686238
686239
686240
686241
686242
686243
686244
686245
686246
686247
686248
686249
686250
686251
686252
686253
686254
686255
686256
686258
686259
686260
686262
686263
686264
686265
686266
686267
686268
686269
686270
686272
686273
686274
686275
686276
686277
686278
686279
686280
686281
686282
686283
686284
686285
686287
686288
686289
686290
686291
686292
686294
686295
686296
686297
686298
686299
686300
686301
686302
686303
686304
686305
686306
686307
686308
686309
686310
686311
686312
686313
686314
686315
686317
686318
686319
686320
686322
686323
686324
686325
686326
686327
686328
686329
686330
686331
686332
686333
686334
686335
686336
686337
686338
686339
686340
686341
686342
686343
686344
686345
686346
686347
686348
686349
686350
686351
686352
686353
686354
686355
686356
686357
686358
686359
686360
686361
686362
686363
686364
686365
686366
686367
686368
686369
686370
686371
686372
686373
686374
686375
686376
686378
686379
686380
686381
686382
686383
686384
686385
686386
686387
686388
686389
686391
686392
686393
686394
686395
686396
686397
686398
686400
686401
686402
686403
686404
686405
686406
686407
686408
686409
686412
686413
686414
686417
686418
686419
686420
686422
686423
686424
686426
686427
686428
686429
686431
686432
686433
686434
686435
686436
686437
686438
686439
686440
686441
686442
686444
686445
686446
686447
686448
686449
686450
686451
686452
686453
686455
686456
686457
686458
686459
686460
686461
686462
686463
686464
686467
686468
686469
686470
686471
686472
686473
686474
686476
686477
686478
686479
686480
686481
686482
686483
686484
686485
686486
686487
686489
686490
686492
686493
686494
686495
686496
686497
686498
686499
686500
686501
686502
686503
686504
686505
686506
686507
686508
686509
686510
686511
686512
686513
686514
686515
686516
686517
686518
686519
686520
686521
686523
686524
686525
686526
686528
686529
686530
686531
686532
686533
686534
686535
686536
686537
686538
686539
686540
686541
686543
686544
686545
686546
686547
686548
686549
686550
686551
686552
686553
686554
686555
686556
686557
686558
686559
686560
686561
686562
686563
686564
686565
686566
686568
686569
686570
686571
686572
686573
686574
686575
686576
686577
686578
686579
686580
686581
686582
686583
686584
686586
686588
686589
686590
686591
686592
686594
686599
686601
686602
686603
686606
686607
686608
686610
686611
686612
686613
686614
686615
686616
686617
686618
686619
686620
686621
686622
686623
686624
686625
686626
686627
686628
686629
686630
686631
686632
686633
686634
686635
686636
686637
686638
686639
686640
686641
686642
686643
686644
686645
686646
686647
686648
686650
686651
686652
686653
686654
686655
686656
686657
686658
686659
686660
686661
686662
686663
686664
686665
686667
686668
686669
686670
686671
686672
686673
686675
686676
686677
686678
686679
686680
686681
686682
686683
686684
686685
686686
686687
686689
686690
686691
686692
686693
686694
686695
686696
686697
686698
686699
686700
686701
686702
686703
686705
686706
686707
686708
686709
686710
686711
686712
686713
686714
686715
686717
686718
686719
686720
686721
686722
686723
686724
686725
686726
686727
686728
686729
686730
686731
686732
686733
686734
686735
686737
686738
686739
686740
686741
686742
686743
686744
686745
686746
686747
686748
686749
686751
686752
686753
686754
686755
686756
686757
686758
686759
686760
686761
686762
686763
686764
686765
686766
686767
686768
686769
686772
686773
686775
686776
686777
686778
686779
686780
686781
686782
686783
686784
686785
686786
686788
686789
686790
686792
686793
686795
686796
686797
686798
686799
686800
686801
686802
686803
686804
686805
686806
686807
686808
686809
686810
686811
686812
686813
686814
686815
686816
686817
686818
686819
686820
686821
686822
686823
686824
686825
686826
686827
686828
686829
686830
686831
686832
686833
686834
686835
686836
686837
686838
686839
686840
686841
686842
686843
686844
686845
686846
686847
686848
686849
686850
686851
686852
686853
686854
686855
686856
686857
686858
686859
686860
686861
686862
686863
686864
686865
686866
686867
686868
686869
686870
686871
686872
686873
686874
686875
686876
686877
686878
686880
686881
686882
686883
686884
686885
686886
686888
686889
686890
686891
686892
686893
686894
686895
686896
686897
686898
686899
686900
686901
686902
686903
686904
686905
686906
686907
686908
686909
686911
686912
686913
686914
686915
686916
686917
686918
686919
686920
686921
686922
686923
686924
686925
686926
686927
686928
686929
686930
686931
686932
686933
686936
686937
686938
686939
686940
686941
686942
686943
686944
686945
686946
686947
686948
686949
686950
686951
686952
686953
686954
686955
686956
686957
686958
686959
686960
686961
686962
686963
686964
686965
686966
686969
686970
686971
686972
686974
686976
686977
686978
686979
686980
686981
686982
686983
686984
686985
686986
686987
686988
686989
686990
686991
686992
686993
686994
686995
686996
686997
686998
686999
687000
687001
687002
687003
687004
687005
687006
687007
687008
687009
687010
687011
687013
687014
687015
687016
687017
687018
687020
687021
687022
687023
687024
687025
687026
687027
687028
687029
687030
687032
687033
687034
687036
687038
687039
687040
687041
687042
687043
687044
687046
687047
687049
687050
687052
687053
687054
687055
687056
687057
687058
687059
687060
687061
687062
687063
687064
687065
687066
687067
687068
687069
687070
687071
687072
687073
687075
687077
687078
687079
687080
687081
687082
687083
687084
687085
687086
687087
687088
687089
687090
687091
687092
687093
687094
687095
687096
687097
687098
687100
687101
687102
687103
687104
687105
687106
687107
687108
687109
687110
687111
687112
687114
687115
687116
687118
687119
687120
687121
687122
687123
687124
687125
687126
687127
687128
687130
687133
687134
687135
687136
687137
687138
687139
687140
687141
687142
687143
687144
687145
687146
687147
687148
687149
687150
687151
687152
687153
687154
687155
687156
687157
687158
687159
687160
687161
687162
687163
687164
687165
687166
687167
687168
687169
687170
687172
687173
687174
687175
687176
687177
687178
687179
687180
687181
687182
687183
687184
687186
687187
687188
687189
687190
687191
687192
687193
687194
687195
687196
687197
687198
687199
687201
687202
687203
687204
687205
687206
687207
687208
687209
687210
687212
687213
687214
687215
687216
687217
687218
687219
687220
687221
687222
687223
687225
687226
687227
687228
687229
687230
687231
687232
687233
687234
687235
687237
687238
687239
687240
687241
687242
687243
687244
687245
687246
687247
687248
687249
687250
687251
687252
687253
687254
687255
687256
687257
687258
687259
687260
687261
687262
687263
687264
687265
687266
687267
687268
687269
687270
687271
687272
687273
687276
687277
687278
687279
687280
687282
687283
687284
687285
687286
687287
687288
687289
687290
687291
687292
687293
687294
687295
687296
687297
687298
687299
687300
687301
687302
687303
687304
687305
687306
687307
687308
687309
687310
687311
687312
687313
687314
687315
687316
687317
687318
687319
687320
687321
687322
687323
687324
687325
687326
687327
687328
687329
687330
687331
687332
687333
687334
687335
687336
687337
687338
687339
687340
687341
687342
687343
687344
687345
687347
687348
687349
687350
687351
687352
687355
687356
687357
687358
687359
687361
687362
687363
687364
687365
687366
687367
687368
687370
687371
687372
687373
687374
687376
687377
687378
687379
687380
687381
687382
687383
687384
687385
687386
687387
687388
687391
687392
687394
687395
687396
687397
687399
687400
687401
687403
687404
687405
687406
687407
687408
687409
687410
687411
687412
687413
687414
687415
687416
687417
687420
687421
687422
687423
687424
687425
687426
687427
687428
687429
687430
687431
687432
687434
687435
687437
687438
687439
687440
687441
687442
687443
687444
687445
687446
687447
687449
687450
687451
687452
687453
687454
687455
687457
687458
687459
687460
687461
687462
687463
687464
687465
687466
687467
687468
687469
687470
687471
687474
687475
687476
687477
687478
687479
687480
687481
687482
687483
687484
687485
687486
687487
687488
687489
687490
687491
687494
687496
687497
687498
687499
687500
687501
687502
687503
687504
687505
687506
687507
687508
687509
687510
687512
687513
687514
687516
687517
687518
687519
687520
687521
687522
687523
687525
687526
687527
687528
687529
687530
687531
687532
687533
687534
687535
687536
687537
687539
687540
687541
687542
687543
687544
687545
687546
687547
687548
687549
687550
687551
687552
687553
687554
687555
687556
687557
687558
687559
687560
687561
687562
687563
687564
687565
687566
687567
687568
687569
687570
687572
687573
687574
687575
687576
687577
687578
687579
687580
687581
687582
687583
687584
687585
687586
687587
687588
687589
687590
687591
687592
687593
687594
687595
687596
687598
687599
687600
687601
687602
687603
687604
687605
687606
687607
687609
687610
687611
687612
687613
687614
687615
687616
687617
687618
687619
687621
687622
687623
687624
687625
687626
687627
687628
687629
687630
687631
687632
687634
687635
687636
687637
687638
687639
687640
687641
687642
687643
687644
687645
687646
687647
687648
687649
687650
687651
687652
687653
687654
687655
687656
687658
687659
687662
687663
687664
687665
687666
687667
687668
687669
687671
687672
687673
687674
687675
687676
687678
687679
687680
687681
687682
687683
687684
687685
687687
687688
687689
687690
687691
687693
687694
687695
687696
687698
687699
687700
687701
687702
687703
687704
687705
687706
687707
687709
687710
687711
687712
687713
687714
687715
687716
687717
687720
687721
687722
687724
687725
687726
687727
687728
687729
687733
687734
687735
687736
687737
687738
687739
687740
687741
687743
687744
687746
687747
687748
687749
687750
687751
687752
687753
687754
687755
687756
687757
687758
687759
687760
687761
687762
687763
687764
687765
687766
687769
687770
687771
687772
687773
687774
687775
687776
687777
687778
687779
687780
687781
687782
687784
687786
687788
687789
687790
687791
687792
687793
687794
687795
687796
687797
687798
687800
687801
687803
687804
687805
687806
687807
687809
687810
687811
687812
687813
687815
687816
687819
687820
687822
687823
687824
687825
687826
687828
687829
687830
687832
687833
687834
687835
687837
687838
687839
687840
687841
687842
687843
687844
687845
687846
687847
687848
687849
687850
687851
687852
687853
687854
687855
687856
687857
687858
687859
687860
687861
687862
687864
687865
687866
687867
687868
687869
687870
687872
687876
687877
687878
687880
687881
687882
687883
687884
687885
687886
687887
687888
687889
687890
687891
687892
687893
687895
687897
687899
687900
687901
687903
687905
687906
687908
687909
687910
687911
687912
687913
687914
687915
687916
687917
687918
687919
687920
687921
687922
687923
687924
687925
687926
687927
687928
687929
687930
687931
687932
687933
687934
687936
687937
687938
687939
687940
687941
687942
687943
687944
687945
687946
687947
687949
687950
687951
687952
687953
687956
687957
687958
687959
687960
687961
687962
687964
687965
687966
687967
687968
687969
687970
687971
687972
687973
687974
687975
687976
687977
687978
687979
687980
687981
687982
687983
687984
687985
687986
687987
687988
687989
687990
687991
687992
687993
687994
687995
687996
687997
687998
688000
688001
688002
688003
688006
688007
688008
688009
688010
688011
688012
688013
688014
688016
688017
688018
688019
688020
688021
688022
688023
688024
688026
688027
688028
688029
688030
688031
688032
688033
688034
688035
688036
688037
688038
688039
688040
688041
688042
688043
688044
688045
688046
688047
688048
688049
688051
688052
688053
688054
688056
688057
688058
688059
688060
688061
688062
688063
688064
688065
688066
688067
688068
688069
688071
688072
688073
688074
688075
688076
688077
688078
688079
688080
688081
688082
688083
688084
688085
688086
688087
688088
688089
688090
688091
688092
688093
688094
688095
688096
688097
688098
688099
688101
688102
688103
688105
688106
688107
688108
688110
688111
688112
688113
688114
688115
688116
688117
688118
688119
688120
688121
688122
688123
688124
688125
688126
688127
688128
688129
688130
688131
688132
688133
688134
688135
688136
688137
688138
688139
688140
688143
688144
688146
688147
688148
688149
688150
688151
688152
688153
688155
688156
688157
688158
688160
688161
688164
688165
688166
688167
688168
688171
688172
688173
688174
688175
688176
688177
688178
688179
688180
688181
688182
688183
688184
688186
688187
688188
688189
688190
688191
688192
688193
688194
688195
688196
688197
688198
688199
688200
688201
688203
688204
688205
688209
688210
688211
688212
688213
688214
688215
688216
688217
688218
688219
688221
688222
688223
688224
688225
688226
688227
688228
688230
688231
688232
688234
688235
688236
688237
688238
688239
688241
688242
688243
688248
688249
688250
688251
688252
688253
688254
688255
688256
688258
688259
688260
688261
688262
688264
688265
688266
688267
688268
688269
688270
688271
688272
688273
688275
688276
688279
688280
688281
688282
688284
688285
688286
688287
688288
688289
688290
688291
688292
688293
688294
688295
688297
688298
688299
688300
688301
688302
688304
688305
688306
688307
688308
688309
688312
688313
688314
688315
688316
688317
688319
688320
688321
688322
688323
688324
688325
688326
688327
688328
688329
688330
688331
688332
688333
688334
688335
688336
688337
688338
688339
688340
688341
688342
688343
688344
688345
688346
688347
688348
688349
688350
688352
688353
688354
688355
688356
688357
688358
688359
688360
688361
688363
688364
688365
688366
688367
688368
688369
688370
688371
688372
688373
688374
688377
688378
688379
688381
688382
688383
688384
688385
688386
688387
688388
688389
688390
688391
688392
688393
688394
688395
688396
688397
688398
688399
688400
688401
688402
688403
688404
688405
688406
688408
688411
688412
688416
688417
688418
688419
688420
688421
688422
688423
688424
688425
688426
688429
688430
688431
688432
688433
688435
688436
688437
688439
688441
688442
688443
688444
688445
688446
688447
688448
688449
688450
688451
688452
688453
688454
688455
688456
688457
688458
688459
688460
688461
688462
688463
688464
688465
688466
688467
688468
688469
688470
688472
688473
688474
688475
688476
688477
688478
688479
688480
688481
688482
688483
688484
688485
688486
688487
688488
688489
688491
688492
688493
688494
688496
688497
688498
688499
688500
688501
688503
688505
688506
688507
688508
688509
688510
688511
688512
688514
688515
688516
688517
688518
688520
688521
688523
688524
688526
688527
688528
688529
688530
688531
688532
688536
688537
688538
688539
688541
688542
688543
688544
688545
688546
688547
688548
688549
688550
688551
688552
688553
688554
688556
688557
688558
688559
688560
688561
688562
688563
688564
688565
688566
688567
688568
688569
688570
688571
688572
688573
688574
688575
688576
688578
688579
688580
688581
688582
688583
688584
688585
688586
688587
688588
688590
688591
688592
688593
688594
688595
688596
688597
688598
688599
688600
688601
688603
688604
688605
688606
688607
688609
688610
688611
688612
688613
688614
688615
688617
688618
688619
688620
688621
688622
688623
688624
688625
688626
688627
688628
688629
688631
688632
688633
688634
688635
688636
688637
688638
688639
688640
688641
688642
688643
688644
688646
688648
688649
688650
688651
688652
688654
688656
688657
688659
688660
688661
688662
688663
688665
688666
688667
688668
688669
688670
688673
688674
688676
688677
688678
688679
688680
688681
688682
688684
688685
688686
688688
688689
688690
688691
688692
688693
688694
688695
688696
688697
688698
688699
688700
688701
688702
688703
688704
688705
688706
688707
688708
688709
688710
688711
688713
688715
688716
688718
688719
688721
688723
688726
688727
688728
688729
688730
688731
688732
688733
688734
688735
688736
688737
688738
688739
688740
688741
688743
688744
688745
688746
688747
688748
688749
688750
688751
688753
688755
688756
688757
688758
688759
688760
688761
688762
688763
688764
688765
688766
688767
688768
688769
688770
688771
688772
688773
688774
688775
688776
688777
688778
688779
688780
688781
688782
688783
688784
688785
688786
688787
688788
688789
688790
688791
688792
688794
688795
688796
688798
688799
688800
688801
688802
688803
688804
688806
688807
688808
688809
688810
688811
688813
688814
688815
688816
688817
688819
688820
688821
688822
688824
688825
688826
688827
688828
688829
688830
688831
688832
688833
688834
688835
688836
688837
688838
688839
688840
688841
688842
688843
688844
688845
688846
688847
688848
688850
688851
688852
688853
688854
688855
688856
688857
688858
688859
688860
688861
688862
688863
688864
688865
688866
688867
688868
688869
688870
688871
688872
688873
688874
688875
688876
688877
688878
688879
688881
688882
688883
688884
688885
688886
688887
688888
688889
688890
688891
688892
688893
688894
688895
688897
688898
688899
688900
688901
688902
688905
688906
688907
688908
688909
688910
688911
688914
688915
688917
688919
688920
688921
688923
688924
688926
688927
688928
688929
688930
688931
688932
688933
688934
688935
688936
688937
688938
688939
688942
688943
688944
688945
688946
688947
688949
688950
688951
688952
688953
688954
688955
688956
688958
688960
688961
688962
688963
688964
688965
688966
688967
688968
688969
688970
688971
688972
688973
688974
688975
688976
688977
688978
688979
688980
688981
688982
688983
688984
688985
688987
688988
688989
688990
688991
688992
688993
688994
688995
688996
688997
688998
688999
689001
689002
689003
689004
689005
689006
689007
689008
689009
689010
689011
689012
689013
689014
689015
689016
689017
689018
689019
689020
689022
689023
689024
689025
689026
689027
689028
689029
689030
689031
689032
689034
689036
689037
689038
689039
689040
689041
689042
689043
689044
689048
689049
689050
689051
689052
689053
689054
689055
689056
689057
689058
689059
689060
689061
689063
689064
689065
689066
689067
689068
689069
689070
689071
689072
689073
689074
689075
689076
689077
689078
689079
689080
689081
689082
689083
689084
689085
689086
689087
689088
689089
689090
689093
689094
689095
689096
689097
689098
689099
689101
689102
689104
689105
689106
689107
689108
689109
689110
689111
689112
689114
689115
689117
689118
689119
689120
689121
689122
689123
689124
689125
689127
689128
689129
689130
689131
689132
689133
689134
689135
689136
689137
689138
689139
689140
689141
689142
689143
689144
689145
689146
689147
689148
689149
689150
689151
689152
689154
689156
689157
689158
689159
689160
689161
689162
689163
689164
689165
689166
689167
689168
689170
689171
689172
689173
689174
689175
689176
689178
689179
689180
689182
689183
689184
689185
689186
689187
689189
689190
689191
689192
689194
689195
689196
689198
689199
689200
689201
689202
689203
689204
689205
689206
689207
689208
689209
689210
689211
689212
689213
689214
689215
689216
689217
689218
689220
689221
689222
689223
689224
689227
689229
689230
689231
689232
689233
689234
689235
689239
689240
689241
689242
689243
689244
689246
689247
689248
689249
689250
689251
689252
689253
689254
689255
689256
689257
689258
689259
689260
689261
689262
689263
689264
689265
689267
689268
689269
689270
689271
689272
689273
689274
689275
689276
689277
689278
689279
689280
689281
689282
689283
689284
689285
689286
689287
689290
689291
689293
689294
689295
689296
689297
689298
689299
689300
689301
689302
689303
689304
689305
689306
689308
689309
689311
689312
689313
689314
689315
689316
689317
689318
689319
689321
689322
689323
689326
689327
689328
689329
689330
689332
689333
689334
689335
689336
689337
689338
689339
689341
689342
689343
689344
689346
689347
689348
689349
689350
689351
689352
689353
689354
689355
689356
689358
689359
689360
689361
689362
689363
689364
689365
689366
689367
689368
689369
689370
689371
689372
689373
689374
689375
689376
689377
689378
689381
689382
689383
689384
689385
689387
689388
689389
689390
689391
689392
689393
689394
689395
689396
689397
689398
689399
689400
689401
689402
689403
689405
689406
689407
689408
689409
689410
689412
689413
689414
689415
689416
689417
689418
689419
689420
689421
689422
689424
689425
689426
689427
689428
689429
689431
689432
689433
689434
689435
689436
689437
689438
689439
689440
689441
689442
689443
689444
689445
689446
689447
689448
689450
689451
689452
689453
689454
689455
689456
689457
689458
689459
689460
689461
689462
689463
689464
689465
689466
689467
689468
689469
689470
689471
689472
689473
689474
689475
689476
689477
689478
689479
689480
689481
689482
689483
689485
689486
689487
689489
689490
689491
689492
689493
689494
689495
689497
689498
689499
689500
689501
689502
689503
689505
689506
689507
689508
689509
689510
689511
689512
689515
689516
689518
689519
689522
689523
689524
689525
689526
689527
689528
689529
689531
689532
689533
689534
689535
689536
689537
689538
689540
689541
689542
689543
689544
689545
689546
689547
689548
689549
689550
689551
689552
689553
689554
689556
689557
689558
689560
689561
689562
689563
689564
689565
689566
689567
689568
689570
689571
689573
689574
689575
689576
689577
689578
689579
689580
689581
689582
689583
689584
689585
689586
689589
689590
689591
689592
689594
689595
689596
689597
689598
689599
689600
689602
689603
689604
689605
689606
689607
689608
689609
689610
689611
689612
689613
689615
689616
689617
689618
689619
689620
689621
689622
689623
689624
689625
689626
689627
689628
689629
689632
689633
689634
689635
689636
689637
689638
689639
689640
689641
689642
689643
689644
689645
689646
689647
689648
689649
689650
689652
689653
689654
689656
689657
689658
689659
689660
689661
689662
689663
689664
689665
689666
689667
689668
689669
689670
689671
689672
689673
689674
689675
689676
689677
689678
689679
689680
689681
689682
689683
689684
689685
689686
689687
689688
689689
689690
689691
689692
689693
689694
689695
689696
689697
689698
689699
689700
689701
689702
689703
689704
689705
689706
689707
689708
689709
689710
689711
689712
689713
689714
689715
689716
689718
689719
689721
689722
689723
689724
689725
689727
689728
689729
689730
689731
689732
689733
689734
689735
689736
689737
689738
689739
689740
689741
689742
689744
689745
689746
689747
689748
689749
689750
689751
689752
689753
689754
689756
689757
689759
689760
689761
689762
689763
689764
689765
689766
689767
689769
689770
689771
689772
689773
689774
689775
689776
689777
689778
689779
689780
689781
689782
689783
689784
689786
689787
689788
689789
689790
689791
689792
689793
689794
689795
689796
689797
689798
689800
689802
689803
689804
689805
689806
689807
689808
689809
689810
689811
689812
689813
689814
689815
689816
689817
689818
689819
689821
689822
689823
689825
689826
689827
689828
689829
689830
689831
689832
689833
689834
689836
689837
689838
689839
689840
689841
689842
689843
689844
689845
689846
689847
689848
689849
689850
689851
689852
689853
689854
689855
689856
689857
689859
689860
689861
689862
689863
689864
689865
689866
689867
689868
689869
689870
689871
689872
689873
689874
689875
689876
689877
689878
689879
689880
689881
689882
689883
689884
689885
689886
689887
689888
689889
689890
689891
689892
689893
689895
689896
689897
689899
689900
689901
689902
689903
689904
689905
689906
689908
689909
689912
689913
689916
689917
689918
689919
689920
689921
689922
689924
689925
689926
689927
689928
689929
689931
689932
689933
689934
689935
689936
689937
689938
689939
689940
689941
689944
689945
689947
689948
689949
689950
689951
689952
689953
689954
689955
689956
689957
689958
689959
689960
689961
689962
689963
689964
689965
689966
689967
689968
689972
689973
689975
689976
689977
689978
689979
689980
689981
689983
689984
689985
689986
689987
689988
689989
689990
689991
689992
689993
689994
689995
689996
689998
689999
690000
690001
690002
690003
690004
690005
690006
690007
690009
690010
690011
690012
690013
690014
690015
690016
690017
690019
690020
690021
690022
690026
690027
690028
690030
690031
690032
690034
690035
690036
690037
690039
690041
690042
690043
690044
690045
690046
690047
690048
690049
690051
690052
690053
690054
690057
690058
690059
690060
690062
690063
690064
690065
690066
690067
690068
690069
690070
690071
690072
690073
690074
690076
690077
690078
690079
690080
690081
690082
690083
690084
690085
690086
690087
690088
690089
690091
690092
690094
690095
690096
690097
690098
690099
690100
690101
690102
690103
690104
690105
690106
690107
690108
690109
690110
690111
690112
690113
690114
690115
690116
690117
690118
690119
690120
690121
690122
690123
690124
690126
690127
690128
690129
690130
690131
690132
690133
690134
690135
690136
690137
690138
690139
690143
690144
690145
690146
690147
690148
690149
690150
690151
690154
690155
690156
690157
690158
690159
690160
690161
690162
690163
690164
690165
690168
690169
690170
690171
690172
690173
690174
690175
690176
690177
690178
690179
690180
690181
690182
690183
690184
690185
690186
690188
690190
690191
690192
690193
690194
690195
690197
690199
690200
690201
690202
690203
690204
690206
690207
690208
690209
690210
690211
690212
690213
690214
690215
690216
690217
690218
690219
690220
690221
690222
690223
690224
690225
690226
690227
690228
690229
690230
690231
690232
690233
690234
690236
690237
690238
690239
690240
690241
690242
690243
690244
690245
690246
690247
690248
690249
690250
690251
690252
690253
690255
690256
690257
690258
690259
690260
690261
690262
690263
690264
690265
690266
690267
690268
690269
690270
690271
690272
690274
690275
690276
690278
690279
690280
690284
690285
690286
690288
690289
690290
690291
690292
690293
690294
690296
690299
690300
690301
690303
690304
690305
690306
690308
690309
690310
690311
690312
690314
690315
690316
690317
690318
690319
690320
690321
690322
690323
690324
690325
690326
690327
690328
690329
690330
690331
690332
690333
690335
690336
690338
690339
690340
690341
690343
690344
690345
690346
690347
690348
690349
690350
690351
690353
690354
690355
690356
690357
690358
690359
690360
690361
690362
690363
690364
690365
690367
690368
690369
690370
690372
690374
690375
690376
690377
690378
690379
690380
690381
690383
690384
690386
690387
690388
690389
690390
690392
690393
690397
690398
690399
690400
690401
690402
690403
690405
690407
690408
690409
690410
690411
690412
690413
690414
690415
690416
690417
690418
690419
690420
690421
690422
690423
690424
690425
690427
690428
690430
690431
690432
690434
690435
690437
690438
690439
690440
690441
690442
690443
690444
690445
690446
690447
690448
690449
690450
690451
690452
690453
690454
690455
690456
690457
690458
690459
690460
690461
690464
690465
690468
690469
690470
690471
690472
690473
690474
690475
690476
690477
690478
690479
690480
690481
690482
690483
690484
690485
690486
690487
690488
690489
690490
690491
690492
690493
690494
690495
690496
690497
690498
690499
690500
690501
690502
690503
690505
690507
690508
690509
690510
690511
690512
690513
690514
690515
690516
690517
690518
690519
690520
690521
690522
690523
690524
690525
690526
690527
690528
690529
690530
690531
690532
690533
690534
690535
690536
690537
690538
690539
690540
690541
690542
690543
690544
690545
690546
690548
690549
690550
690551
690552
690553
690554
690555
690556
690557
690558
690559
690560
690561
690562
690563
690565
690566
690567
690569
690570
690571
690572
690574
690575
690576
690577
690578
690579
690580
690581
690582
690583
690584
690585
690586
690587
690588
690589
690590
690591
690593
690594
690595
690596
690597
690598
690599
690600
690601
690603
690604
690605
690606
690607
690608
690609
690610
690614
690615
690616
690617
690619
690620
690621
690622
690623
690624
690625
690626
690627
690628
690629
690631
690632
690633
690634
690635
690636
690637
690638
690640
690642
690643
690644
690645
690646
690647
690648
690649
690650
690651
690652
690653
690654
690655
690656
690657
690658
690659
690660
690661
690662
690663
690664
690665
690666
690667
690668
690669
690670
690671
690672
690673
690674
690675
690676
690677
690678
690679
690680
690681
690682
690683
690684
690685
690686
690687
690688
690689
690690
690691
690693
690694
690696
690697
690698
690699
690700
690701
690702
690703
690704
690705
690709
690710
690711
690712
690713
690714
690715
690716
690718
690719
690720
690721
690722
690723
690724
690725
690726
690728
690729
690730
690731
690732
690733
690734
690735
690736
690737
690738
690739
690740
690742
690744
690745
690747
690748
690749
690750
690751
690752
690753
690754
690757
690758
690760
690761
690762
690763
690764
690765
690766
690767
690768
690769
690770
690771
690773
690776
690778
690779
690781
690782
690783
690784
690786
690787
690788
690792
690793
690794
690795
690796
690797
690798
690799
690800
690801
690802
690803
690804
690805
690806
690807
690808
690809
690810
690811
690812
690813
690814
690816
690817
690818
690819
690820
690821
690822
690823
690824
690826
690827
690828
690829
690830
690831
690832
690833
690834
690835
690836
690837
690838
690839
690840
690841
690842
690843
690844
690845
690846
690847
690848
690849
690850
690852
690853
690854
690855
690856
690857
690858
690859
690860
690861
690862
690863
690864
690865
690866
690867
690868
690869
690870
690871
690872
690873
690874
690876
690877
690878
690880
690881
690882
690883
690886
690887
690888
690890
690891
690892
690893
690894
690895
690896
690897
690898
690899
690900
690901
690903
690904
690905
690906
690907
690909
690910
690912
690913
690914
690915
690916
690917
690918
690919
690920
690924
690925
690927
690929
690930
690931
690932
690933
690934
690935
690936
690937
690938
690939
690940
690941
690942
690943
690944
690945
690946
690947
690949
690950
690951
690953
690954
690956
690957
690958
690959
690960
690961
690962
690963
690964
690965
690966
690968
690969
690971
690972
690973
690974
690975
690976
690978
690979
690980
690981
690983
690985
690986
690987
690988
690989
690990
690991
690992
690994
690995
690996
690998
690999
691000
691001
691002
691003
691004
691005
691006
691007
691008
691009
691010
691011
691012
691013
691014
691015
691016
691017
691018
691019
691020
691021
691023
691024
691025
691026
691027
691028
691029
691030
691032
691033
691034
691035
691036
691038
691039
691040
691041
691042
691043
691044
691045
691046
691047
691048
691049
691050
691051
691052
691053
691054
691055
691056
691057
691058
691059
691060
691061
691062
691063
691064
691065
691066
691067
691068
691069
691070
691071
691073
691074
691075
691076
691077
691078
691079
691080
691081
691083
691084
691085
691086
691087
691088
691090
691091
691092
691093
691094
691096
691097
691098
691100
691101
691102
691103
691105
691106
691107
691108
691110
691111
691112
691113
691114
691115
691116
691117
691118
691119
691120
691121
691122
691123
691124
691125
691126
691127
691128
691129
691130
691131
691132
691133
691134
691135
691136
691139
691140
691141
691142
691143
691144
691145
691146
691147
