691149
691150
691151
691152
691153
691154
691155
691156
691157
691158
691159
691161
691164
691165
691166
691167
691168
691169
691170
691172
691173
691174
691175
691177
691178
691179
691180
691181
691182
691183
691184
691185
691186
691187
691188
691189
691190
691191
691192
691193
691194
691195
691196
691197
691198
691199
691200
691201
691202
691203
691204
691205
691206
691207
691208
691209
691210
691211
691212
691213
691214
691215
691216
691217
691218
691219
691220
691221
691222
691223
691224
691225
691226
691228
691229
691230
691231
691232
691233
691235
691236
691238
691239
691241
691242
691243
691244
691245
691246
691247
691248
691249
691251
691252
691254
691255
691256
691257
691258
691259
691260
691261
691262
691263
691264
691265
691266
691267
691268
691269
691270
691271
691272
691273
691274
691275
691276
691277
691278
691279
691280
691282
691283
691284
691285
691286
691287
691288
691289
691290
691291
691292
691293
691294
691295
691296
691297
691298
691299
691300
691301
691302
691305
691306
691307
691308
691309
691310
691311
691312
691313
691315
691316
691317
691318
691319
691320
691321
691322
691324
691325
691327
691328
691329
691330
691331
691332
691333
691334
691335
691336
691337
691338
691339
691340
691341
691342
691343
691344
691346
691347
691348
691349
691351
691352
691354
691355
691356
691357
691358
691359
691360
691361
691362
691363
691364
691365
691366
691367
691368
691369
691370
691372
691373
691374
691375
691376
691378
691379
691380
691382
691383
691385
691386
691389
691390
691391
691392
691393
691394
691395
691396
691397
691398
691400
691402
691404
691405
691406
691407
691408
691409
691410
691411
691412
691415
691416
691417
691418
691419
691420
691421
691422
691423
691424
691425
691426
691427
691428
691430
691431
691432
691433
691434
691435
691436
691437
691438
691439
691440
691441
691442
691443
691444
691445
691446
691447
691448
691449
691450
691451
691452
691453
691454
691455
691456
691457
691458
691460
691461
691462
691463
691465
691466
691467
691468
691469
691470
691471
691472
691473
691474
691475
691476
691477
691478
691479
691480
691482
691483
691484
691485
691486
691487
691488
691489
691490
691491
691492
691493
691494
691495
691496
691497
691498
691499
691500
691502
691503
691504
691505
691506
691507
691509
691510
691511
691512
691513
691514
691515
691516
691517
691518
691519
691520
691521
691522
691523
691524
691526
691527
691529
691530
691531
691532
691534
691536
691537
691538
691539
691540
691541
691542
691544
691545
691546
691547
691548
691549
691550
691551
691553
691556
691557
691558
691559
691560
691561
691563
691564
691566
691567
691569
691570
691571
691572
691573
691574
691575
691577
691579
691581
691582
691584
691585
691586
691587
691588
691589
691590
691591
691592
691594
691595
691596
691597
691598
691599
691600
691601
691602
691603
691604
691605
691606
691607
691608
691609
691610
691611
691612
691613
691614
691615
691616
691617
691618
691619
691621
691622
691623
691624
691625
691626
691627
691628
691629
691630
691632
691633
691635
691636
691638
691639
691641
691642
691643
691644
691645
691646
691647
691648
691649
691650
691651
691652
691653
691654
691655
691656
691657
691658
691659
691660
691661
691662
691663
691664
691665
691666
691667
691668
691669
691671
691672
691673
691674
691675
691677
691678
691679
691680
691682
691683
691684
691685
691686
691687
691688
691689
691690
691691
691692
691693
691694
691695
691696
691697
691698
691699
691700
691701
691702
691703
691704
691705
691707
691708
691709
691710
691711
691712
691713
691714
691715
691716
691717
691719
691720
691724
691725
691726
691728
691729
691730
691731
691732
691733
691734
691735
691736
691737
691738
691740
691741
691742
691743
691744
691745
691750
691751
691752
691753
691754
691755
691756
691757
691758
691759
691760
691762
691763
691764
691766
691767
691768
691769
691770
691771
691772
691773
691774
691775
691776
691777
691778
691779
691780
691781
691782
691783
691784
691785
691786
691787
691788
691789
691790
691791
691792
691793
691794
691795
691797
691798
691800
691802
691803
691804
691805
691806
691807
691808
691809
691810
691811
691812
691813
691814
691815
691817
691818
691819
691820
691821
691823
691824
691825
691826
691827
691828
691831
691832
691833
691834
691835
691836
691837
691838
691839
691840
691841
691842
691843
691844
691845
691847
691848
691849
691850
691851
691852
691853
691854
691855
691857
691858
691859
691860
691861
691862
691863
691864
691865
691866
691867
691868
691869
691870
691871
691872
691873
691875
691876
691877
691878
691879
691880
691881
691882
691883
691884
691885
691886
691887
691889
691890
691891
691892
691893
691894
691896
691897
691898
691899
691900
691901
691902
691903
691904
691905
691906
691907
691909
691910
691911
691912
691913
691914
691915
691916
691917
691919
691920
691921
691922
691923
691924
691925
691926
691927
691928
691929
691930
691931
691932
691933
691934
691935
691936
691937
691938
691939
691940
691941
691942
691945
691946
691947
691948
691949
691950
691951
691952
691953
691954
691956
691957
691958
691959
691960
691961
691962
691963
691964
691965
691966
691967
691968
691969
691970
691972
691973
691974
691975
691976
691977
691978
691979
691980
691981
691982
691983
691984
691986
691987
691988
691989
691990
691991
691992
691993
691994
691995
691996
691998
691999
692000
692001
692003
692004
692005
692006
692007
692008
692009
692010
692011
692012
692013
692014
692015
692016
692017
692018
692019
692020
692021
692022
692023
692024
692025
692026
692027
692028
692029
692031
692032
692033
692037
692038
692039
692040
692041
692042
692043
692044
692045
692046
692047
692048
692049
692050
692051
692052
692053
692054
692055
692056
692057
692058
692059
692060
692061
692062
692063
692064
692065
692066
692067
692068
692069
692070
692071
692072
692073
692074
692077
692079
692080
692081
692082
692083
692084
692085
692086
692087
692088
692089
692090
692091
692092
692093
692094
692095
692096
692097
692099
692100
692103
692104
692105
692106
692107
692108
692109
692110
692111
692112
692113
692114
692115
692116
692117
692118
692119
692120
692121
692122
692123
692124
692125
692126
692127
692128
692129
692130
692131
692132
692134
692135
692136
692137
692138
692139
692140
692141
692142
692143
692144
692145
692146
692147
692148
692149
692150
692151
692152
692153
692154
692155
692156
692157
692158
692159
692160
692161
692162
692163
692164
692165
692167
692168
692169
692170
692171
692172
692173
692174
692175
692176
692177
692178
692179
692180
692181
692182
692183
692184
692185
692186
692187
692190
692191
692192
692193
692195
692196
692197
692198
692199
692200
692201
692202
692203
692204
692205
692206
692207
692208
692209
692210
692211
692212
692213
692214
692215
692216
692217
692218
692220
692221
692222
692225
692226
692227
692228
692229
692230
692231
692232
692233
692234
692235
692236
692238
692239
692241
692242
692243
692244
692245
692246
692249
692250
692251
692252
692253
692254
692255
692257
692259
692260
692261
692262
692263
692265
692266
692267
692269
692271
692272
692273
692274
692276
692277
692278
692279
692280
692281
692282
692283
692284
692285
692286
692287
692288
692289
692290
692291
692292
692293
692294
692295
692296
692297
692298
692299
692301
692302
692303
692304
692305
692306
692307
692308
692309
692310
692311
692312
692313
692314
692315
692316
692317
692318
692319
692320
692321
692323
692324
692325
692326
692327
692328
692329
692330
692332
692333
692334
692335
692336
692337
692338
692339
692340
692341
692342
692343
692345
692346
692347
692348
692349
692350
692351
692352
692353
692354
692355
692356
692357
692358
692360
692362
692363
692364
692365
692366
692367
692368
692369
692370
692371
692372
692373
692375
692376
692377
692378
692379
692380
692381
692382
692383
692384
692385
692386
692387
692388
692390
692391
692392
692393
692394
692395
692397
692398
692399
692400
692401
692402
692403
692405
692406
692407
692408
692409
692410
692411
692412
692413
692415
692416
692417
692418
692419
692420
692421
692422
692423
692424
692425
692426
692427
692428
692429
692430
692431
692432
692433
692434
692435
692436
692437
692438
692439
692440
692441
692442
692443
692444
692445
692446
692447
692448
692449
692450
692451
692452
692453
692454
692455
692456
692457
692458
692459
692460
692462
692463
692464
692465
692466
692467
692468
692469
692470
692471
692472
692473
692474
692475
692476
692477
692478
692479
692480
692481
692482
692483
692484
692485
692486
692487
692488
692489
692490
692491
692494
692495
692496
692497
692498
692499
692500
692501
692502
692503
692504
692505
692506
692507
692508
692509
692510
692511
692512
692513
692514
692515
692516
692517
692518
692519
692520
692521
692522
692523
692524
692525
692526
692527
692528
692529
692530
692531
692532
692533
692534
692535
692539
692542
692545
692548
692549
692550
692551
692552
692553
692554
692555
692556
692557
692558
692559
692560
692561
692562
692563
692564
692565
692566
692567
692568
692569
692570
692572
692573
692574
692575
692576
692577
692578
692579
692580
692581
692582
692583
692584
692585
692587
692588
692589
692590
692592
692593
692594
692595
692596
692597
692598
692599
692600
692601
692602
692603
692604
692605
692606
692607
692609
692610
692611
692612
692614
692615
692616
692617
692619
692620
692621
692622
692623
692624
692625
692626
692627
692628
692629
692630
692631
692632
692633
692634
692635
692636
692637
692638
692639
692640
692641
692642
692643
692644
692645
692646
692647
692648
692649
692650
692651
692653
692654
692656
692657
692658
692659
692661
692662
692663
692664
692665
692668
692669
692670
692671
692672
692673
692675
692676
692677
692678
692679
692680
692681
692682
692683
692684
692685
692687
692688
692689
692690
692691
692692
692693
692694
692695
692696
692697
692698
692699
692700
692701
692702
692703
692704
692705
692706
692707
692708
692709
692710
692711
692712
692713
692716
692717
692718
692719
692720
692721
692722
692723
692724
692725
692726
692727
692728
692729
692730
692731
692732
692733
692734
692735
692736
692738
692739
692741
692742
692743
692744
692745
692746
692747
692748
692749
692750
692753
692754
692755
692756
692757
692759
692760
692761
692762
692763
692764
692765
692766
692767
692769
692770
692774
692775
692777
692778
692779
692780
692781
692782
692784
692785
692786
692787
692788
692789
692790
692791
692792
692793
692794
692795
692796
692797
692798
692799
692800
692801
692802
692803
692804
692805
692806
692807
692808
692809
692810
692811
692812
692813
692815
692816
692817
692818
692819
692820
692821
692822
692823
692824
692825
692827
692828
692829
692830
692831
692832
692833
692834
692835
692836
692837
692838
692839
692840
692841
692842
692843
692844
692845
692846
692847
692848
692849
692850
692851
692852
692854
692855
692856
692858
692859
692860
692861
692862
692863
692864
692865
692866
692867
692868
692869
692870
692871
692872
692873
692874
692875
692876
692877
692878
692879
692880
692881
692882
692883
692884
692885
692886
692887
692889
692891
692892
692893
692894
692895
692896
692897
692898
692899
692900
692902
692905
692906
692907
692908
692909
692910
692911
692912
692914
692915
692916
692918
692919
692920
692921
692922
692923
692926
692927
692928
692929
692930
692932
692933
692934
692935
692936
692937
692938
692939
692940
692941
692942
692943
692944
692945
692946
692947
692948
692949
692950
692951
692952
692953
692954
692955
692957
692959
692960
692962
692963
692964
692965
692966
692967
692968
692969
692970
692971
692972
692973
692975
692977
692978
692979
692980
692981
692982
692983
692984
692985
692987
692989
692990
692991
692992
692993
692994
692995
692996
692999
693001
693002
693003
693004
693005
693006
693007
693009
693010
693013
693015
693016
693017
693018
693019
693021
693022
693024
693026
693027
693028
693029
693030
693031
693032
693033
693034
693035
693036
693037
693038
693039
693040
693041
693042
693043
693044
693046
693047
693048
693049
693050
693051
693052
693053
693054
693055
693056
693057
693058
693059
693060
693061
693062
693063
693064
693065
693066
693067
693068
693069
693070
693071
693072
693073
693074
693075
693076
693077
693078
693079
693080
693081
693083
693084
693085
693086
693088
693089
693090
693091
693092
693093
693094
693095
693096
693097
693098
693100
693101
693102
693103
693104
693105
693106
693107
693108
693109
693110
693111
693112
693113
693114
693115
693116
693117
693118
693119
693120
693121
693122
693123
693124
693125
693126
693127
693128
693129
693130
693131
693132
693133
693134
693135
693137
693138
693139
693140
693141
693142
693143
693144
693145
693146
693147
693150
693151
693152
693153
693154
693155
693156
693157
693158
693159
693160
693161
693163
693164
693165
693166
693167
693169
693170
693172
693173
693176
693178
693179
693181
693182
693183
693184
693185
693187
693191
693192
693193
693194
693195
693196
693197
693199
693201
693203
693204
693206
693207
693210
693212
693213
693217
693218
693219
693220
693222
693223
693224
693225
693227
693228
693229
693230
693231
693232
693233
693234
693235
693236
693237
693238
693239
693240
693241
693242
693243
693244
693245
693246
693247
693248
693249
693250
693252
693253
693254
693256
693257
693258
693259
693260
693261
693262
693263
693264
693265
693266
693267
693268
693269
693271
693272
693273
693274
693275
693276
693277
693278
693279
693280
693281
693282
693283
693284
693285
693286
693287
693288
693289
693290
693291
693292
693293
693295
693296
693297
693298
693299
693300
693301
693302
693303
693304
693306
693307
693308
693309
693310
693311
693312
693313
693314
693315
693316
693317
693318
693320
693321
693322
693323
693324
693325
693326
693327
693328
693329
693331
693332
693333
693334
693335
693336
693337
693338
693339
693340
693341
693342
693343
693344
693345
693346
693347
693348
693349
693351
693352
693353
693354
693355
693356
693357
693358
693359
693360
693362
693363
693364
693365
693367
693369
693370
693371
693372
693373
693374
693375
693376
693378
693379
693380
693381
693382
693383
693384
693385
693386
693387
693388
693389
693390
693391
693392
693393
693394
693395
693396
693397
693398
693399
693400
693401
693403
693404
693405
693406
693407
693408
693409
693410
693411
693412
693413
693414
693415
693418
693420
693421
693422
693423
693424
693425
693426
693427
693428
693429
693430
693431
693433
693435
693436
693437
693438
693439
693440
693441
693443
693444
693445
693446
693447
693448
693449
693450
693451
693452
693453
693454
693455
693456
693457
693458
693459
693460
693461
693462
693463
693464
693465
693466
693467
693468
693471
693472
693473
693474
693475
693476
693477
693478
693480
693481
693482
693483
693484
693485
693486
693487
693488
693489
693490
693491
693492
693493
693494
693495
693496
693497
693498
693499
693500
693501
693502
693503
693505
693506
693507
693508
693509
693510
693511
693512
693513
693514
693515
693516
693517
693518
693519
693520
693522
693523
693524
693525
693526
693527
693528
693529
693530
693531
693532
693533
693534
693535
693536
693537
693538
693540
693541
693542
693543
693544
693546
693547
693548
693549
693550
693551
693552
693553
693554
693555
693557
693558
693559
693560
693561
693562
693564
693565
693566
693567
693568
693569
693570
693571
693572
693573
693575
693577
693579
693580
693581
693582
693583
693584
693585
693586
693587
693588
693589
693590
693591
693592
693593
693594
693595
693596
693597
693598
693599
693600
693601
693602
693603
693604
693605
693606
693607
693608
693609
693610
693612
693616
693617
693619
693620
693621
693622
693623
693624
693625
693626
693627
693628
693629
693630
693631
693632
693633
693634
693635
693637
693638
693639
693640
693641
693642
693643
693644
693645
693646
693647
693648
693649
693650
693651
693652
693654
693656
693657
693658
693659
693660
693661
693662
693668
693669
693670
693671
693672
693673
693674
693675
693676
693677
693678
693679
693680
693681
693682
693683
693684
693685
693686
693688
693690
693691
693692
693694
693695
693696
693697
693698
693699
693700
693701
693702
693703
693705
693706
693707
693708
693709
693710
693711
693712
693713
693714
693715
693716
693717
693718
693719
693720
693721
693722
693723
693724
693725
693726
693728
693730
693731
693732
693733
693734
693735
693736
693737
693739
693740
693741
693742
693743
693744
693745
693746
693747
693748
693749
693750
693751
693752
693753
693755
693757
693758
693759
693760
693761
693762
693763
693764
693765
693766
693767
693768
693769
693770
693771
693772
693773
693774
693775
693776
693777
693778
693779
693780
693781
693783
693786
693787
693788
693789
693790
693791
693792
693794
693796
693797
693798
693799
693800
693801
693802
693803
693804
693805
693806
693808
693809
693811
693812
693813
693814
693815
693816
693818
693819
693820
693822
693823
693824
693825
693826
693827
693828
693829
693830
693831
693832
693833
693834
693835
693836
693837
693838
693839
693840
693841
693843
693844
693845
693846
693847
693848
693849
693851
693853
693855
693856
693857
693858
693859
693860
693861
693862
693863
693864
693865
693866
693867
693868
693870
693871
693872
693873
693875
693876
693877
693878
693879
693880
693881
693882
693883
693884
693885
693886
693887
693888
693889
693890
693893
693894
693895
693897
693899
693900
693901
693902
693903
693904
693905
693906
693907
693908
693909
693910
693911
693912
693913
693914
693915
693916
693917
693918
693919
693920
693921
693922
693923
693924
693925
693926
693927
693928
693929
693930
693931
693932
693933
693934
693935
693936
693937
693939
693940
693943
693944
693946
693947
693948
693951
693952
693953
693955
693956
693957
693959
693960
693961
693962
693963
693964
693966
693967
693968
693969
693970
693971
693972
693973
693974
693975
693976
693977
693978
693979
693981
693982
693983
693984
693985
693986
693987
693988
693989
693991
693993
693995
693996
693997
693998
693999
694000
694002
694003
694004
694005
694006
694007
694009
694010
694011
694012
694014
694015
694016
694017
694018
694019
694020
694021
694022
694023
694024
694025
694026
694027
694028
694029
694030
694031
694032
694033
694034
694035
694036
694037
694038
694040
694041
694042
694043
694044
694045
694047
694048
694049
694050
694051
694052
694053
694054
694055
694056
694057
694058
694059
694060
694061
694062
694063
694065
694066
694067
694068
694069
694070
694071
694072
694073
694075
694076
694077
694078
694079
694080
694081
694082
694083
694084
694085
694086
694087
694088
694089
694090
694091
694092
694093
694094
694095
694096
694097
694098
694099
694100
694102
694103
694104
694105
694107
694108
694109
694110
694111
694112
694113
694114
694115
694116
694117
694118
694119
694120
694121
694122
694123
694124
694125
694126
694127
694128
694129
694130
694131
694132
694133
694134
694135
694136
694137
694138
694139
694140
694141
694142
694143
694144
694145
694146
694147
694148
694149
694150
694151
694152
694153
694155
694156
694158
694160
694161
694162
694163
694164
694167
694169
694170
694171
694172
694173
694174
694175
694176
694178
694180
694181
694182
694183
694184
694185
694186
694187
694188
694189
694190
694192
694193
694194
694195
694196
694197
694198
694199
694200
694201
694203
694206
694207
694208
694209
694211
694212
694213
694214
694215
694216
694217
694218
694219
694220
694221
694222
694223
694224
694225
694226
694227
694228
694229
694230
694231
694232
694233
694234
694236
694237
694238
694239
694240
694241
694242
694244
694245
694246
694247
694248
694249
694250
694251
694252
694253
694254
694255
694256
694257
694258
694259
694260
694262
694263
694264
694265
694266
694267
694268
694269
694270
694271
694272
694273
694274
694275
694276
694277
694278
694279
694281
694282
694283
694284
694285
694287
694288
694290
694291
694292
694293
694294
694295
694296
694297
694298
694299
694300
694301
694302
694303
694304
694306
694307
694308
694309
694311
694312
694313
694314
694315
694317
694320
694321
694322
694323
694325
694326
694327
694328
694330
694331
694332
694334
694335
694337
694338
694339
694340
694341
694342
694343
694345
694346
694347
694349
694350
694352
694353
694354
694355
694356
694358
694359
694360
694361
694363
694364
694365
694367
694369
694370
694371
694372
694373
694374
694375
694376
694377
694378
694379
694380
694381
694382
694383
694384
694385
694386
694387
694388
694389
694390
694391
694393
694394
694395
694396
694397
694398
694399
694400
694401
694402
694403
694404
694405
694406
694408
694409
694410
694411
694412
694413
694414
694415
694416
694417
694418
694419
694420
694421
694422
694423
694424
694425
694426
694427
694429
694430
694431
694432
694433
694434
694435
694436
694437
694438
694439
694440
694441
694442
694443
694444
694445
694446
694447
694448
694449
694451
694453
694454
694455
694456
694457
694458
694459
694460
694461
694462
694463
694464
694465
694466
694467
694468
694469
694470
694471
694472
694473
694474
694476
694477
694478
694479
694480
694481
694482
694483
694484
694485
694486
694487
694488
694489
694490
694492
694493
694494
694495
694496
694497
694498
694500
694504
694505
694506
694507
694509
694511
694513
694514
694515
694516
694517
694518
694519
694522
694524
694525
694527
694528
694529
694530
694532
694533
694534
694535
694536
694537
694538
694539
694540
694541
694542
694543
694544
694545
694546
694547
694548
694550
694551
694552
694553
694554
694555
694556
694557
694558
694559
694560
694561
694562
694563
694564
694565
694566
694567
694568
694569
694570
694571
694572
694573
694574
694575
694576
694577
694578
694579
694580
694581
694582
694583
694584
694585
694586
694587
694588
694589
694590
694591
694592
694593
694594
694595
694596
694597
694599
694601
694602
694603
694604
694605
694607
694608
694609
694610
694612
694613
694614
694615
694616
694617
694618
694619
694620
694621
694622
694623
694624
694625
694627
694628
694629
694630
694631
694632
694633
694634
694635
694636
694637
694638
694639
694640
694642
694643
694644
694645
694647
694648
694649
694650
694652
694654
694655
694656
694657
694659
694660
694661
694662
694663
694664
694665
694666
694667
694668
694669
694670
694671
694672
694673
694674
694675
694677
694678
694679
694680
694681
694682
694683
694685
694686
694687
694688
694689
694690
694691
694692
694693
694694
694695
694696
694697
694698
694699
694700
694701
694702
694703
694704
694705
694706
694707
694708
694710
694711
694712
694713
694714
694715
694716
694717
694718
694719
694720
694721
694722
694724
694725
694726
694727
694728
694729
694730
694731
694732
694733
694734
694735
694736
694739
694740
694741
694742
694743
694744
694745
694746
694747
694748
694749
694750
694751
694752
694753
694754
694755
694756
694757
694758
694759
694760
694762
694763
694764
694765
694766
694767
694768
694769
694771
694772
694773
694774
694775
694776
694777
694778
694779
694780
694781
694782
694783
694784
694785
694786
694787
694788
694789
694790
694791
694792
694793
694794
694795
694796
694797
694798
694799
694800
694801
694802
694803
694804
694805
694806
694807
694808
694809
694810
694811
694812
694813
694814
694815
694816
694817
694818
694819
694820
694822
694823
694824
694825
694826
694827
694829
694830
694831
694832
694833
694835
694836
694837
694838
694839
694840
694841
694842
694843
694844
694845
694846
694847
694848
694849
694850
694851
694852
694853
694854
694855
694856
694857
694858
694859
694860
694861
694862
694863
694864
694865
694867
694868
694869
694870
694871
694872
694873
694874
694875
694876
694877
694878
694879
694880
694881
694882
694883
694885
694886
694887
694888
694889
694890
694891
694893
694894
694895
694896
694897
694898
694899
694900
694901
694902
694903
694904
694905
694906
694907
694908
694909
694910
694911
694912
694913
694914
694915
694917
694918
694919
694920
694921
694922
694923
694924
694925
694926
694928
694929
694930
694931
694932
694933
694934
694935
694936
694937
694938
694939
694940
694941
694942
694943
694944
694945
694946
694947
694948
694949
694950
694951
694952
694953
694954
694955
694956
694957
694958
694959
694960
694961
694962
694963
694964
694965
694966
694968
694969
694970
694971
694972
694973
694974
694975
694976
694977
694978
694979
694980
694981
694982
694983
694984
694985
694986
694987
694988
694989
694990
694991
694992
694993
694994
694995
694996
694997
694998
694999
695000
695001
695002
695004
695005
695006
695007
695011
695012
695013
695014
695015
695016
695017
695019
695020
695021
695022
695023
695024
695025
695028
695029
695030
695031
695032
695034
695035
695036
695037
695040
695041
695042
695043
695044
695045
695046
695047
695048
695049
695050
695051
695052
695053
695054
695055
695056
695057
695058
695060
695062
695063
695064
695065
695066
695068
695069
695071
695073
695074
695075
695076
695077
695078
695079
695080
695081
695082
695084
695085
695086
695087
695088
695089
695090
695092
695093
695094
695095
695096
695098
695099
695100
695101
695102
695103
695104
695105
695106
695107
695108
695109
695110
695111
695113
695114
695115
695116
695117
695118
695119
695121
695122
695124
695127
695128
695129
695130
695131
695133
695134
695135
695136
695138
695139
695141
695142
695143
695144
695147
695148
695150
695151
695152
695153
695154
695155
695156
695157
695158
695159
695160
695161
695163
695164
695165
695166
695167
695168
695169
695170
695171
695173
695178
695179
695180
695182
695183
695184
695186
695187
695188
695190
695191
695192
695193
695194
695195
695196
695197
695198
695199
695205
695206
695207
695208
695209
695210
695211
695212
695214
695217
695219
695221
695224
695225
695227
695228
695231
695238
695240
695242
695243
695244
695245
695246
695247
695250
695252
695253
695254
695255
695256
695257
695258
695259
695260
695261
695262
695263
695264
695265
695266
695267
695268
695270
695271
695272
695273
695274
695275
695276
695277
695278
695279
695280
695281
695282
695283
695284
695285
695287
695288
695290
695291
695293
695295
695297
695298
695300
695301
695303
695304
695305
695306
695308
695309
695310
695311
695312
695313
695314
695315
695316
695318
695319
695320
695322
695323
695324
695326
695327
695329
695330
695331
695332
695333
695334
695336
695337
695338
695339
695340
695341
695342
695343
695345
695346
695347
695348
695349
695352
695353
695354
695355
695357
695358
695359
695362
695365
695368
695371
695372
695373
695374
695375
695376
695378
695380
695381
695382
695383
695384
695385
695387
695388
695389
695390
695392
695394
695396
695397
695398
695399
695400
695401
695403
695404
695406
695407
695408
695409
695411
695412
695416
695417
695419
695422
695424
695425
695429
695431
695434
695436
695437
695438
695439
695440
695441
695443
695444
695446
695447
695448
695449
695450
695452
695453
695454
695456
695457
695458
695459
695460
695461
695462
695463
695464
695465
695466
695467
695468
695469
695470
695471
695472
695473
695474
695475
695476
695478
695480
695481
695482
695483
695485
695486
695487
695488
695489
695490
695491
695493
695494
695495
695496
695499
695501
695502
695503
695504
695505
695507
695508
695509
695510
695511
695513
695514
695519
695521
695523
695524
695525
695528
695530
695531
695532
695534
695535
695536
695537
695539
695540
695541
695542
695543
695544
695545
695546
695547
695548
695549
695550
695551
695552
695553
695554
695555
695556
695557
695558
695559
695560
695561
695562
695563
695564
695565
695566
695567
695568
695569
695571
695572
695573
695574
695575
695576
695577
695578
695579
695580
695581
695582
695583
695584
695586
695589
695590
695592
695594
695595
695596
695597
695598
695599
695600
695601
695602
695603
695605
695606
695607
695609
695610
695611
695612
695613
695614
695615
695617
695618
695619
695620
695621
695622
695624
695625
695626
695627
695628
695629
695630
695631
695632
695633
695634
695635
695636
695637
695638
695639
695641
695642
695643
695644
695647
695648
695649
695650
695651
695652
695653
695654
695655
695656
695657
695658
695659
695660
695661
695662
695663
695664
695665
695666
695667
695668
695669
695670
695672
695673
695674
695675
695677
695678
695679
695680
695681
695682
695683
695684
695685
695687
695688
695689
695690
695691
695692
695694
695695
695696
695697
695698
695701
695703
695704
695705
695706
695707
695708
695709
695710
695711
695712
695713
695715
695716
695717
695718
695719
695721
695722
695723
695725
695726
695727
695728
695729
695731
695732
695733
695735
695736
695737
695738
695739
695740
695741
695742
695743
695744
695745
695746
695747
695748
695753
695754
695755
695756
695757
695758
695759
695760
695761
695762
695765
695769
695770
695771
695772
695773
695774
695775
695776
695778
695780
695781
695783
695784
695786
695787
695788
695789
695792
695793
695794
695795
695796
695797
695798
695799
695800
695801
695805
695807
695808
695809
695810
695811
695812
695813
695814
695815
695816
695817
695818
695819
695821
695822
695823
695824
695825
695826
695827
695828
695829
695830
695831
695833
695834
695835
695836
695839
695840
695841
695842
695844
695848
695849
695850
695851
695853
695855
695856
695857
695858
695859
695860
695861
695863
695864
695865
695866
695868
695869
695870
695871
695872
695873
695874
695875
695876
695877
695878
695880
695881
695883
695884
695885
695886
695888
695889
695890
695891
695892
695893
695894
695895
695896
695897
695900
695902
695903
695904
695906
695907
695908
695909
695910
695911
695912
695913
695915
695916
695917
695919
695920
695921
695922
695923
695924
695925
695926
695928
695929
695931
695932
695933
695934
695935
695937
695938
695939
695940
695941
695942
695943
695945
695946
695947
695949
695950
695951
695952
695953
695954
695955
695957
695958
695959
695960
695961
695962
695963
695964
695966
695967
695968
695969
695970
695971
695972
695973
695974
695975
695977
695978
695979
695980
695983
695984
695985
695986
695987
695988
695989
695990
695991
695992
695993
695994
695995
695997
695999
696000
696001
696002
696003
696005
696006
696007
696008
696009
696010
696011
696012
696014
696015
696016
696018
696019
696020
696021
696025
696026
696027
696028
696031
696032
696034
696035
696036
696037
696038
696039
696040
696041
696042
696043
696044
696046
696047
696048
696049
696050
696052
696053
696054
696055
696057
696058
696059
696060
696061
696062
696063
696064
696065
696066
696067
696068
696069
696070
696071
696072
696073
696074
696075
696076
696077
696078
696079
696080
696081
696083
696084
696086
696087
696088
696089
696090
696091
696093
696094
696095
696096
696097
696098
696099
696101
696102
696105
696106
696108
696109
696111
696112
696113
696114
696115
696116
696117
696118
696119
696120
696121
696123
696124
696125
696126
696127
696128
696129
696130
696131
696137
696138
696139
696140
696141
696142
696143
696144
696145
696146
696147
696148
696149
696150
696151
696152
696153
696156
696157
696158
696159
696160
696161
696162
696163
696164
696165
696166
696167
696168
696169
696171
696172
696173
696174
696175
696176
696177
696178
696179
696180
696181
696182
696183
696184
696185
696186
696187
696189
696190
696191
696192
696194
696195
696196
696198
696200
696201
696202
696203
696205
696206
696207
696208
696209
696210
696211
696212
696213
696215
696216
696217
696218
696219
696220
696221
696222
696225
696226
696227
696229
696230
696231
696232
696233
696236
696237
696238
696239
696240
696241
696242
696243
696244
696245
696246
696247
696248
696249
696251
696252
696253
696254
696255
696256
696261
696262
696264
696265
696266
696267
696268
696269
696270
696271
696272
696273
696275
696276
696277
696278
696279
696280
696281
696282
696283
696284
696285
696288
696289
696290
696291
696292
696293
696294
696295
696297
696298
696300
696301
696302
696303
696307
696308
696309
696310
696311
696312
696313
696315
696316
696317
696318
696319
696320
696321
696322
696323
696324
696325
696326
696327
696328
696329
696330
696332
696333
696334
696335
696336
696337
696338
696339
696340
696341
696342
696343
696345
696346
696348
696349
696350
696351
696352
696353
696354
696355
696356
696357
696358
696359
696360
696361
696362
696363
696364
696365
696366
696367
696368
696369
696371
696372
696373
696374
696375
696376
696378
696380
696381
696382
696383
696384
696385
696386
696387
696388
696389
696390
696391
696392
696393
696394
696395
696396
696397
696398
696399
696400
696401
696402
696403
696404
696405
696406
696407
696408
696409
696412
696413
696414
696415
696416
696417
696418
696419
696420
696421
696422
696424
696425
696426
696430
696431
696432
696434
696435
696436
696437
696438
696439
696440
696441
696442
696443
696444
696445
696446
696449
696450
696451
696453
696454
696455
696456
696457
696464
696465
696466
696467
696468
696470
696471
696472
696473
696475
696477
696478
696479
696480
696481
696483
696484
696485
696486
696487
696488
696489
696490
696491
696492
696493
696494
696495
696497
696498
696499
696500
696501
696502
696503
696505
696506
696507
696508
696509
696510
696511
696512
696513
696514
696515
696516
696517
696519
696520
696521
696522
696524
696525
696526
696527
696529
696530
696533
696534
696535
696536
696537
696539
696540
696541
696542
696543
696544
696545
696546
696547
696548
696549
696551
696552
696553
696554
696556
696566
696567
696568
696569
696570
696571
696572
696573
696574
696575
696576
696577
696578
696579
696580
696581
696582
696583
696584
696585
696586
696587
696588
696590
696591
696592
696593
696594
696595
696597
696602
696603
696605
696606
696607
696608
696609
696610
696611
696612
696613
696614
696615
696616
696617
696618
696619
696620
696621
696622
696623
696626
696627
696628
696629
696631
696632
696635
696638
696639
696640
696641
696642
696643
696644
696645
696646
696647
696648
696649
696650
696651
696653
696662
696663
696664
696666
696667
696671
696673
696674
696675
696676
696677
696678
696685
696686
696687
696688
696689
696690
696691
696692
696693
696694
696695
696696
696699
696700
696701
696702
696703
696706
696707
696708
696710
696711
696712
696713
696715
696716
696717
696718
696719
696720
696721
696722
696725
696726
696727
696728
696729
696730
696731
696732
696733
696734
696737
696738
696739
696740
696741
696742
696743
696744
696745
696746
696747
696748
696749
696750
696751
696752
696753
696754
696755
696756
696757
696758
696759
696760
696764
696765
696766
696767
696768
696769
696770
696771
696772
696773
696774
696775
696776
696779
696780
696781
696783
696785
696786
696787
696788
696789
696791
696792
696794
696795
696797
696798
696799
696801
696802
696803
696804
696805
696806
696807
696808
696809
696810
696811
696812
696813
696814
696815
696816
696817
696820
696821
696822
696824
696826
696827
696828
696829
696831
696832
696833
696834
696835
696836
696837
696838
696839
696840
696841
696842
696843
696844
696845
696846
696847
696848
696849
696850
696851
696852
696853
696854
696855
696856
696857
696859
696861
696862
696863
696865
696866
696868
696869
696870
696871
696873
696874
696876
696879
696884
696886
696887
696888
696889
696890
696891
696892
696893
696897
696898
696899
696900
696901
696902
696903
696904
696906
696907
696908
696909
696910
696911
696912
696913
696914
696916
696917
696918
696919
696920
696921
696922
696923
696924
696925
696926
696927
696928
696929
696930
696931
696932
696933
696934
696935
696936
696937
696938
696939
696940
696941
696942
696943
696944
696945
696946
696948
696949
696950
