696953
696954
696955
696956
696957
696958
696959
696960
696961
696963
696964
696966
696967
696968
696969
696970
696971
696972
696973
696974
696975
696976
696977
696978
696979
696980
696981
696982
696983
696984
696985
696986
696987
696988
696989
696990
696991
696992
696993
696995
696996
696997
696998
696999
697000
697001
697002
697003
697004
697005
697006
697007
697008
697009
697010
697011
697012
697014
697015
697016
697017
697018
697019
697020
697021
697023
697024
697025
697026
697027
697028
697029
697030
697031
697032
697033
697035
697036
697037
697038
697039
697040
697041
697043
697044
697045
697046
697047
697048
697049
697050
697051
697053
697054
697055
697056
697057
697058
697059
697060
697062
697063
697064
697065
697066
697067
697068
697069
697070
697071
697072
697073
697075
697076
697077
697078
697079
697080
697081
697082
697083
697084
697086
697088
697089
697090
697092
697093
697094
697095
697096
697098
697099
697100
697101
697104
697106
697107
697108
697109
697110
697111
697112
697113
697114
697116
697117
697118
697119
697120
697121
697122
697123
697125
697126
697127
697129
697132
697133
697134
697135
697136
697137
697138
697139
697141
697142
697143
697144
697145
697146
697147
697151
697152
697153
697154
697155
697157
697158
697159
697160
697161
697162
697163
697165
697166
697167
697169
697171
697173
697174
697175
697176
697177
697178
697181
697183
697186
697187
697188
697189
697190
697191
697192
697193
697194
697195
697196
697197
697198
697199
697202
697203
697204
697205
697206
697207
697208
697209
697210
697211
697212
697213
697214
697215
697217
697218
697219
697220
697221
697222
697223
697224
697226
697228
697229
697230
697231
697232
697233
697234
697236
697237
697238
697239
697240
697241
697242
697243
697244
697245
697246
697247
697248
697249
697251
697252
697253
697254
697255
697256
697257
697258
697259
697260
697261
697262
697263
697264
697265
697267
697269
697270
697271
697272
697273
697274
697275
697276
697277
697278
697279
697280
697281
697283
697284
697285
697287
697288
697290
697291
697292
697293
697294
697295
697296
697297
697298
697299
697300
697301
697302
697303
697305
697306
697307
697308
697310
697311
697312
697313
697314
697315
697316
697317
697318
697319
697320
697321
697322
697323
697324
697325
697326
697327
697329
697330
697331
697333
697335
697336
697337
697339
697341
697342
697345
697346
697347
697348
697349
697350
697351
697352
697353
697354
697355
697356
697357
697358
697359
697360
697361
697362
697363
697364
697366
697373
697374
697375
697376
697377
697378
697380
697381
697382
697383
697384
697385
697386
697387
697388
697389
697390
697391
697392
697393
697395
697396
697397
697398
697399
697400
697401
697402
697403
697404
697405
697407
697408
697409
697410
697411
697412
697413
697414
697415
697416
697417
697418
697419
697420
697421
697423
697424
697426
697427
697428
697429
697430
697431
697432
697433
697434
697435
697436
697437
697438
697439
697440
697441
697442
697443
697444
697445
697446
697447
697448
697449
697451
697452
697453
697454
697455
697456
697457
697460
697461
697462
697463
697464
697465
697466
697467
697468
697469
697470
697471
697472
697473
697474
697475
697476
697477
697480
697481
697482
697483
697484
697485
697487
697488
697489
697490
697491
697492
697494
697496
697497
697498
697499
697500
697501
697502
697503
697504
697505
697506
697508
697509
697510
697511
697513
697514
697515
697517
697518
697519
697521
697522
697523
697524
697525
697526
697527
697528
697529
697530
697531
697532
697533
697534
697535
697536
697537
697538
697539
697540
697542
697543
697544
697545
697546
697547
697548
697549
697550
697551
697552
697553
697556
697557
697558
697560
697562
697563
697564
697565
697566
697567
697568
697569
697570
697571
697572
697573
697574
697576
697577
697579
697581
697582
697583
697584
697585
697587
697588
697589
697592
697593
697595
697596
697598
697601
697602
697603
697605
697607
697608
697609
697610
697611
697612
697613
697614
697615
697616
697617
697618
697619
697620
697622
697623
697624
697625
697628
697629
697630
697632
697633
697634
697635
697636
697637
697638
697639
697641
697642
697643
697644
697645
697646
697647
697648
697649
697650
697651
697652
697653
697654
697655
697658
697659
697660
697661
697662
697663
697664
697665
697666
697671
697672
697673
697674
697675
697676
697678
697684
697685
697686
697687
697688
697690
697691
697692
697693
697694
697695
697696
697699
697700
697701
697702
697703
697704
697707
697708
697709
697711
697712
697713
697714
697715
697717
697718
697719
697720
697721
697722
697724
697725
697726
697727
697728
697729
697730
697731
697734
697735
697736
697737
697739
697740
697741
697742
697744
697745
697746
697747
697748
697749
697752
697753
697754
697755
697756
697757
697758
697759
697760
697761
697762
697764
697765
697766
697767
697768
697769
697771
697772
697773
697774
697775
697776
697777
697779
697780
697781
697782
697783
697785
697787
697788
697789
697790
697791
697792
697793
697795
697796
697797
697798
697799
697800
697802
697803
697804
697805
697806
697807
697808
697809
697812
697814
697815
697816
697818
697819
697820
697821
697822
697824
697825
697826
697827
697828
697829
697830
697831
697832
697833
697834
697835
697836
697837
697838
697839
697840
697841
697842
697843
697844
697845
697846
697848
697849
697851
697852
697853
697854
697856
697857
697859
697860
697861
697863
697864
697865
697866
697867
697868
697869
697870
697871
697872
697873
697875
697876
697877
697880
697881
697882
697884
697885
697886
697889
697892
697893
697894
697895
697896
697897
697898
697899
697901
697902
697903
697904
697905
697906
697908
697909
697910
697911
697912
697913
697915
697916
697918
697920
697921
697922
697924
697925
697926
697927
697928
697930
697931
697932
697933
697934
697936
697939
697941
697942
697943
697944
697947
697948
697951
697952
697953
697955
697956
697958
697959
697960
697961
697962
697963
697964
697965
697966
697967
697968
697969
697970
697971
697972
697973
697974
697975
697977
697978
697979
697980
697981
697982
697983
697984
697985
697987
697988
697989
697990
697991
697992
697993
697994
697995
697996
697998
698000
698001
698002
698003
698004
698005
698006
698007
698009
698010
698011
698012
698013
698014
698015
698016
698017
698018
698019
698021
698022
698023
698024
698025
698026
698030
698031
698032
698034
698035
698039
698040
698041
698042
698043
698045
698046
698047
698048
698049
698050
698051
698052
698053
698054
698055
698056
698057
698058
698059
698060
698061
698062
698066
698067
698069
698070
698071
698072
698073
698074
698076
698077
698078
698079
698080
698081
698082
698083
698084
698086
698087
698089
698091
698092
698094
698095
698097
698098
698099
698100
698101
698102
698103
698104
698105
698106
698107
698108
698110
698111
698112
698113
698114
698116
698118
698119
698120
698122
698124
698125
698126
698127
698128
698129
698130
698131
698132
698133
698134
698135
698136
698137
698138
698139
698140
698141
698142
698143
698144
698145
698146
698147
698148
698150
698151
698152
698153
698154
698155
698156
698157
698158
698159
698161
698162
698163
698164
698165
698166
698167
698169
698170
698171
698172
698173
698175
698176
698177
698178
698179
698180
698181
698182
698183
698184
698188
698189
698190
698193
698194
698195
698196
698199
698200
698201
698202
698203
698205
698206
698208
698209
698210
698211
698212
698213
698214
698215
698216
698217
698218
698219
698220
698221
698222
698223
698226
698227
698229
698230
698231
698232
698233
698234
698235
698237
698238
698239
698240
698241
698242
698244
698245
698247
698248
698250
698251
698252
698253
698254
698255
698257
698258
698261
698263
698264
698265
698267
698268
698271
698272
698274
698287
698290
698292
698293
698295
698296
698297
698298
698301
698304
698305
698306
698308
698310
698314
698317
698318
698319
698320
698321
698323
698325
698326
698327
698328
698329
698335
698336
698337
698338
698339
698340
698343
698345
698346
698347
698348
698349
698350
698351
698352
698353
698354
698355
698356
698357
698362
698365
698367
698369
698373
698376
698379
698380
698381
698382
698383
698384
698385
698387
698388
698389
698390
698391
698393
698394
698395
698396
698398
698399
698400
698401
698404
698405
698406
698407
698409
698410
698411
698412
698413
698414
698416
698417
698418
698419
698420
698421
698422
698423
698424
698425
698426
698428
698429
698430
698431
698432
698434
698436
698437
698438
698439
698442
698443
698444
698445
698446
698448
698449
698451
698453
698455
698456
698457
698458
698459
698460
698461
698462
698464
698466
698467
698468
698470
698472
698473
698474
698475
698476
698477
698478
698479
698480
698481
698482
698483
698484
698485
698486
698487
698488
698489
698490
698491
698492
698494
698495
698496
698497
698498
698499
698500
698502
698503
698504
698505
698506
698507
698508
698509
698511
698512
698513
698514
698515
698516
698517
698518
698519
698520
698522
698523
698524
698525
698526
698528
698529
698530
698531
698533
698534
698537
698538
698539
698540
698541
698542
698543
698544
698545
698546
698547
698548
698549
698550
698552
698553
698554
698555
698557
698558
698559
698561
698564
698574
698578
698582
698583
698584
698585
698592
698594
698596
698597
698599
698600
698601
698602
698603
698604
698606
698607
698608
698609
698610
698614
698615
698616
698617
698618
698619
698620
698621
698622
698624
698625
698626
698627
698628
698629
698630
698631
698632
698633
698634
698635
698636
698640
698641
698642
698643
698644
698645
698647
698649
698650
698652
698655
698656
698657
698658
698659
698660
698661
698662
698663
698664
698665
698666
698667
698668
698669
698670
698671
698672
698673
698674
698675
698676
698677
698678
698679
698681
698682
698683
698684
698685
698686
698687
698688
698689
698690
698691
698692
698693
698694
698695
698696
698697
698698
698699
698700
698702
698703
698704
698705
698706
698707
698708
698709
698710
698711
698712
698713
698714
698715
698717
698718
698719
698720
698721
698722
698723
698724
698725
698726
698727
698729
698730
698731
698734
698735
698737
698738
698741
698744
698745
698746
698748
698749
698750
698751
698752
698753
698754
698756
698757
698758
698759
698761
698764
698765
698766
698767
698768
698769
698770
698771
698772
698773
698774
698775
698776
698779
698780
698782
698783
698784
698786
698787
698788
698789
698790
698791
698792
698793
698794
698795
698796
698797
698798
698800
698801
698802
698804
698805
698806
698807
698808
698809
698810
698811
698812
698813
698814
698815
698816
698817
698818
698819
698820
698821
698822
698823
698824
698825
698826
698827
698828
698829
698830
698831
698832
698833
698834
698835
698836
698837
698838
698839
698840
698844
698845
698851
698852
698854
698855
698856
698857
698858
698860
698861
698862
698863
698864
698865
698866
698868
698869
698870
698871
698872
698873
698874
698875
698877
698878
698879
698880
698881
698882
698884
698885
698886
698887
698888
698889
698890
698891
698892
698893
698894
698895
698896
698897
698898
698899
698901
698902
698903
698904
698906
698907
698908
698910
698911
698912
698913
698914
698915
698916
698917
698918
698920
698921
698922
698923
698924
698925
698927
698928
698929
698930
698931
698932
698934
698935
698936
698937
698938
698939
698940
698941
698942
698943
698944
698945
698946
698947
698948
698949
698954
698955
698957
698959
698960
698961
698962
698963
698964
698965
698966
698967
698968
698969
698970
698971
698972
698974
698975
698976
698977
698978
698980
698981
698982
698983
698984
698985
698986
698987
698992
698993
698995
698998
698999
699000
699002
699003
699004
699006
699008
699009
699010
699011
699013
699014
699015
699016
699017
699018
699019
699020
699021
699023
699025
699026
699027
699029
699030
699031
699032
699033
699034
699035
699036
699037
699038
699039
699041
699042
699043
699046
699047
699048
699049
699050
699051
699052
699055
699056
699057
699058
699059
699060
699061
699062
699063
699064
699065
699068
699070
699071
699072
699075
699080
699081
699082
699083
699084
699085
699087
699088
699089
699090
699091
699092
699093
699094
699095
699097
699101
699102
699103
699104
699105
699106
699107
699108
699111
699112
699114
699115
699116
699117
699121
699122
699123
699124
699125
699126
699129
699134
699135
699136
699137
699138
699139
699140
699141
699142
699143
699144
699145
699146
699147
699148
699149
699150
699151
699152
699153
699154
699156
699158
699159
699160
699161
699162
699163
699164
699165
699166
699167
699168
699169
699170
699172
699173
699174
699175
699176
699177
699178
699179
699180
699182
699183
699184
699185
699186
699188
699189
699190
699192
699193
699194
699195
699196
699197
699198
699199
699203
699204
699206
699207
699208
699209
699210
699211
699212
699213
699214
699215
699218
699219
699221
699222
699223
699224
699225
699227
699228
699229
699230
699231
699232
699233
699236
699237
699238
699240
699242
699243
699244
699245
699246
699247
699248
699249
699250
699251
699252
699253
699254
699255
699257
699258
699259
699260
699261
699262
699263
699264
699265
699266
699267
699268
699269
699270
699271
699273
699274
699275
699276
699277
699278
699279
699280
699281
699282
699284
699285
699286
699287
699289
699290
699291
699292
699294
699295
699296
699297
699298
699299
699300
699301
699302
699303
699304
699305
699306
699307
699308
699309
699310
699313
699314
699315
699316
699317
699318
699319
699320
699321
699322
699323
699324
699325
699326
699328
699329
699330
699331
699332
699333
699334
699335
699336
699337
699338
699339
699340
699341
699342
699343
699344
699345
699346
699347
699349
699350
699351
699354
699356
699357
699358
699359
699360
699361
699362
699363
699365
699368
699369
699370
699371
699372
699375
699376
699378
699379
699383
699384
699385
699387
699388
699389
699390
699391
699392
699393
699394
699395
699396
699397
699398
699399
699401
699402
699403
699404
699405
699406
699407
699408
699410
699411
699412
699413
699414
699415
699416
699417
699418
699419
699420
699421
699422
699423
699424
699425
699426
699427
699428
699429
699430
699431
699432
699433
699434
699435
699436
699437
699438
699439
699440
699441
699442
699443
699444
699445
699446
699447
699448
699450
699451
699452
699453
699454
699455
699456
699457
699458
699459
699460
699461
699462
699463
699464
699465
699466
699467
699468
699469
699471
699472
699473
699474
699476
699477
699478
699480
699481
699482
699483
699484
699485
699486
699487
699488
699489
699490
699491
699492
699494
699496
699497
699498
699500
699501
699503
699505
699506
699507
699508
699509
699510
699511
699512
699513
699515
699516
699517
699519
699520
699521
699522
699524
699526
699532
699534
699535
699536
699538
699539
699540
699541
699542
699543
699544
699545
699546
699547
699549
699551
699552
699553
699554
699555
699556
699557
699558
699559
699560
699561
699562
699563
699564
699565
699566
699567
699568
699569
699571
699572
699574
699575
699578
699579
699580
699582
699586
699587
699588
699589
699592
699598
699599
699601
699602
699603
699604
699606
699607
699609
699610
699611
699613
699614
699615
699616
699617
699619
699620
699621
699623
699628
699630
699631
699632
699633
699634
699635
699636
699637
699638
699639
699640
699641
699642
699643
699644
699646
699647
699649
699650
699651
699652
699654
699655
699656
699657
699658
699659
699660
699662
699663
699664
699665
699666
699667
699668
699669
699670
699672
699673
699674
699675
699676
699680
699683
699688
699689
699691
699692
699693
699694
699695
699697
699698
699699
699700
699701
699702
699703
699704
699705
699706
699707
699708
699709
699710
699711
699712
699714
699715
699716
699717
699718
699719
699720
699721
699722
699723
699724
699725
699726
699727
699728
699729
699730
699731
699732
699734
699738
699739
699744
699745
699752
699758
699760
699764
699765
699776
699780
699791
699809
699811
699814
699815
699816
699817
699818
699819
699821
699822
699823
699824
699826
699828
699829
699830
699832
699833
699834
699835
699837
699838
699839
699840
699841
699842
699843
699844
699845
699846
699847
699848
699849
699850
699851
699852
699853
699854
699855
699856
699857
699858
699859
699860
699861
699862
699863
699864
699865
699866
699867
699868
699869
699870
699871
699872
699873
699874
699875
699876
699877
699878
699879
699880
699881
699882
699883
699884
699885
699886
699887
699888
699890
699891
699892
699893
699894
699895
699896
699897
699898
699899
699900
699901
699902
699903
699904
699905
699906
699907
699908
699909
699910
699912
699913
699914
699915
699916
699917
699918
699921
699922
699923
699924
699925
699926
699927
699929
699930
699931
699932
699933
699934
699935
699937
699938
699939
699940
699941
699942
699943
699944
699946
699947
699948
699949
699953
699954
699955
699956
699957
699958
699959
699961
699963
699964
699965
699966
699967
699969
699970
699971
699972
699973
699974
699975
699976
699977
699978
699979
699980
699982
699983
699984
699985
699986
699988
699990
699991
699992
699994
699995
699996
699997
699998
699999
700000
700001
700002
700003
700005
700006
700007
700008
700009
700010
700011
700013
700014
700016
700017
700018
700020
700021
700023
700024
700026
700027
700028
700029
700030
700032
700033
700034
700035
700036
700037
700039
700040
700041
700042
700043
700045
700047
700049
700051
700052
700053
700054
700055
700056
700057
700058
700059
700060
700064
700065
700066
700067
700068
700069
700070
700071
700072
700074
700075
700076
700077
700078
700079
700080
700081
700084
700090
700091
700092
700093
700094
700095
700096
700097
700099
700100
700104
700105
700106
700107
700108
700109
700110
700111
700112
700115
700116
700117
700119
700120
700121
700122
700123
700124
700125
700126
700127
700128
700129
700130
700132
700133
700136
700137
700138
700139
700141
700144
700145
700146
700147
700148
700149
700150
700151
700152
700153
700154
700155
700156
700157
700158
700159
700160
700161
700162
700163
700165
700169
700170
700172
700173
700175
700176
700179
700181
700182
700183
700184
700185
700186
700187
700189
700190
700191
700192
700194
700195
700196
700198
700199
700200
700201
700203
700204
700205
700206
700207
700208
700209
700210
700211
700212
700213
700216
700217
700218
700220
700221
700222
700223
700224
700225
700226
700228
700229
700230
700231
700232
700233
700234
700235
700237
700238
700239
700240
700241
700242
700243
700244
700245
700246
700247
700248
700250
700252
700253
700254
700255
700256
700258
700259
700261
700262
700263
700264
700265
700266
700267
700268
700269
700270
700271
700272
700273
700276
700277
700278
700279
700280
700281
700282
700283
700284
700285
700286
700287
700289
700290
700291
700292
700293
700294
700295
700297
700298
700299
700301
700302
700303
700304
700306
700307
700308
700309
700310
700311
700312
700313
700314
700315
700316
700317
700320
700321
700322
700323
700324
700325
700326
700327
700328
700329
700330
700331
700332
700333
700334
700335
700337
700338
700339
700340
700341
700342
700343
700344
700345
700346
700347
700348
700349
700350
700351
700352
700353
700355
700356
700357
700358
700359
700360
700361
700362
700363
700364
700365
700366
700367
700368
700369
700370
700372
700373
700374
700375
700376
700377
700378
700379
700380
700382
700383
700384
700385
700387
700388
700389
700390
700391
700392
700393
700394
700395
700397
700401
700402
700403
700404
700405
700406
700407
700409
700410
700411
700412
700414
700415
700416
700418
700419
700421
700422
700423
700424
700425
700427
700428
700429
700436
700438
700439
700440
700441
700442
700444
700446
700447
700448
700450
700451
700452
700455
700456
700457
700459
700460
700461
700462
700463
700465
700466
700467
700468
700469
700472
700473
700474
700476
700477
700478
700480
700481
700484
700486
700487
700488
700489
700490
700491
700492
700493
700494
700495
700496
700497
700498
700499
700500
700501
700502
700503
700504
700506
700507
700509
700510
700511
700512
700513
700514
700515
700516
700517
700518
700520
700522
700523
700524
700525
700526
700527
700528
700529
700530
700539
700540
700542
700543
700544
700545
700546
700548
700549
700551
700553
700554
700556
700557
700558
700559
700560
700561
700562
700563
700564
700566
700569
700570
700571
700572
700573
700574
700575
700576
700577
700578
700579
700580
700581
700583
700584
700585
700586
700587
700588
700589
700590
700591
700592
700595
700598
700599
700600
700601
700602
700603
700604
700605
700606
700607
700608
700609
700610
700611
700612
700613
700614
700615
700616
700617
700618
700619
700620
700621
700623
700624
700625
700626
700629
700630
700631
700632
700633
700634
700635
700636
700637
700638
700639
700640
700641
700642
700643
700644
700645
700646
700647
700648
700649
700650
700651
700652
700653
700654
700655
700656
700657
700658
700659
700660
700661
700662
700663
700664
700666
700667
700668
700669
700670
700671
700672
700674
700675
700676
700677
700678
700679
700680
700681
700682
700683
700684
700685
700686
700687
700688
700690
700691
700692
700693
700694
700695
700696
700697
700698
700699
700700
700701
700702
700703
700704
700705
700706
700710
700711
700712
700713
700714
700715
700716
700717
700719
700720
700722
700724
700725
700726
700727
700728
700729
700730
700731
700732
700733
700734
700735
700736
700737
700738
700739
700740
700741
700742
700743
700744
700745
700746
700747
700748
700749
700750
700751
700752
700753
700754
700755
700756
700757
700758
700759
700760
700761
700762
700763
700764
700765
700766
700767
700768
700769
700770
700771
700772
700773
700774
700775
700777
700778
700779
700780
700781
700782
700783
700784
700785
700786
700788
700789
700790
700791
700792
700793
700794
700795
700796
700797
700798
700799
700800
700801
700802
700803
700804
700805
700806
700807
700808
700809
700810
700811
700812
700814
700817
700818
700819
700820
700821
700825
700828
700829
700830
700831
700832
700833
700834
700835
700836
700837
700839
700840
700841
700842
700843
700844
700845
700846
700848
700849
700850
700851
700853
700854
700855
700858
700859
700860
700861
700862
700863
700864
700865
700866
700867
700868
700869
700871
700872
700882
700894
700897
700900
700908
700909
700910
700911
700914
700915
700916
700917
700918
700919
700920
700922
700924
700925
700927
700929
700930
700931
700932
700934
700935
700937
700939
700940
700941
700942
700943
700944
700945
700946
700947
700948
700950
700951
700952
700953
700954
700955
700956
700957
700958
700959
700960
700961
700962
700964
700965
700966
700967
700969
700970
700971
700972
700973
700975
700976
700977
700978
700979
700980
700981
700982
700983
700984
700985
700986
700987
700988
700989
700992
700993
700994
700995
700997
700998
700999
701000
701001
701002
701003
701004
701005
701006
701007
701008
701010
701011
701013
701014
701015
701017
701018
701019
701023
701025
701026
701027
701028
701029
701030
701031
701032
701034
701035
701036
701037
701038
701040
701041
701042
701043
701044
701045
701046
701047
701048
701053
701054
701055
701056
701057
701059
701060
701061
701062
701063
701064
701065
701066
701067
701069
701070
701071
701072
701073
701074
701075
701077
701078
701079
701080
701081
701082
701083
701084
701085
701086
701087
701088
701089
701090
701091
701092
701093
701094
701097
701098
701099
701100
701102
701104
701105
701106
701107
701108
701109
701110
701111
701112
701113
701114
701115
701116
701117
701118
701119
701120
701121
701122
701123
701124
701125
701126
701127
701128
701129
701130
701131
701136
701137
701139
701141
701142
701143
701144
701145
701146
701148
701149
701150
701152
701154
701156
701157
701158
701159
701161
701163
701164
701166
701167
701168
701169
701170
701171
701172
701173
701174
701175
701176
701177
701178
701179
701180
701181
701182
701184
701185
701186
701188
701189
701190
701194
701195
701196
701197
701198
701199
701200
701201
701202
701203
701204
701205
701206
701207
701208
701209
701210
701211
701212
701213
701214
701215
701216
701217
701218
701219
701221
701222
701223
701224
701225
701226
701227
701228
701229
701230
701231
701232
701235
701236
701237
701241
701242
701243
701244
701246
701248
701249
701251
701252
701253
701256
701257
701259
701261
701262
701263
701264
701265
701268
701269
701271
701272
701273
701274
701275
701276
701277
701279
701280
701281
701283
701284
701285
701286
701287
701288
701289
701291
701292
701294
701295
701298
701299
701300
701302
701303
701304
701306
701307
701308
701309
701310
701311
701312
701313
701314
701315
701317
701318
701319
701320
701321
701322
701323
701324
701325
701326
701327
701328
701329
701330
701332
701333
701334
701335
701336
701337
701338
701339
701340
701341
701343
701344
701345
701346
701347
701348
701349
701351
701352
701355
701356
701357
701358
701359
701360
701361
701362
701364
701365
701366
701367
701368
701369
701370
701371
701372
701373
701374
701375
701376
701377
701378
701379
701380
701381
701382
701383
701384
701385
701386
701387
701388
701389
701390
701392
701393
701394
701395
701396
701397
701398
701399
701400
701403
701404
701405
701407
701409
701410
701411
701413
701414
701415
701416
701417
701419
701420
701421
701422
701423
701424
701425
701427
701428
701429
701430
701431
701432
701433
701435
701436
701437
701438
701439
701440
701441
701442
701443
701444
701446
701447
701448
701449
701450
701451
701452
701453
701458
701460
701461
701462
701463
701464
701465
701466
701467
701468
701469
701470
701471
701472
701473
701474
701475
701476
701477
701478
701480
701481
701482
701484
701486
701487
701489
701491
701492
701494
701495
701496
701498
701499
701500
701501
701502
701503
701504
701506
701507
701508
701509
701510
701511
701512
701513
701514
701517
701518
701519
701520
701521
701522
701523
701524
701525
701526
701527
701528
701529
701530
701531
701532
701533
701534
701535
701536
701537
701538
701540
701541
701542
701543
701544
701545
701546
701547
701548
701549
701550
701551
701552
701553
701554
701555
701556
701557
701558
701559
701560
701561
701562
701563
701565
701566
701567
701568
701569
701570
701571
701572
701573
701574
701575
701576
701578
701579
701580
701581
701582
701583
701584
701585
701586
701587
701588
701589
701590
701591
701594
701595
701596
701598
701599
701600
701601
701602
701603
701604
701605
701606
701607
701608
701609
701610
701611
701612
701614
701615
701616
701617
701618
701619
701620
701621
701622
701623
701624
701625
701626
701628
701629
701630
701631
701632
701633
701634
701636
701637
701638
701639
701640
701641
701642
701643
701645
701646
701647
701648
701649
701650
701652
701653
701654
701655
701656
701657
701658
701659
701660
701661
701662
701663
701664
701665
701666
701667
701668
701669
701671
701672
701673
701674
701675
701676
701677
701678
701680
701681
701682
701683
701684
701685
701686
701687
701688
701689
701690
701691
701693
701694
701695
701696
701697
701698
701700
701701
701702
701703
701704
701706
701707
701708
701710
701711
701712
701713
701714
701715
701716
701717
701719
701720
701722
701723
701724
701726
701727
701728
701729
701730
701731
701732
701733
701734
701735
701736
701738
701739
701740
701741
701743
701744
701745
701746
701747
701748
701749
701750
701751
701752
701753
701754
701755
701757
701759
701760
701761
701762
701763
701764
701765
701766
701767
701768
701769
701770
701771
701772
701773
701774
701775
701776
701777
701779
701780
701781
701782
701783
701784
701786
701787
701788
701790
701791
701792
701794
701795
701796
701797
701798
701799
701800
701801
701804
701805
701806
701808
701809
701811
701812
701813
701816
701817
701818
701819
701820
701821
701822
701823
701824
701825
701826
701827
701828
701831
701832
701833
701834
701837
701838
701839
701840
701842
701843
701844
701845
701846
701847
701848
701849
701851
701852
701854
701855
701856
701857
701858
701859
701861
701862
701863
701864
701865
701866
701867
701868
701869
701870
701871
701872
701873
701874
701876
701877
701878
701879
701880
701881
701882
701883
701886
701887
701888
701889
701891
701893
701894
701895
701899
701901
701902
701904
701905
701907
701909
701910
701911
701912
701914
701915
701916
701917
701919
701920
701921
701922
701923
701924
701925
701926
701927
701928
701929
701930
701931
701932
701933
701934
701936
701937
701938
701939
701941
701942
701943
701944
701945
701946
701947
701948
701949
701950
701951
701952
701953
701954
701955
701956
701957
701958
701959
701960
701961
701962
701963
701964
701965
701966
701968
701970
701971
701972
701973
701974
701975
701976
701977
701978
701979
701980
701981
701982
701983
701984
701985
701986
701987
701988
701989
701990
701991
701992
701994
701995
701996
701997
701998
701999
702000
702001
702002
702003
702004
702005
702006
702007
702008
702009
702010
702011
702012
702013
702014
702015
702016
702017
702018
702019
702020
702021
702022
702023
702024
702025
702026
702027
702028
702029
702030
702034
702036
702037
702038
702039
702041
702042
702043
702044
702045
702046
702049
702050
702051
702052
702053
702054
702055
702056
702057
702058
702059
702060
702061
702065
702066
702068
702069
702070
702072
702073
702075
702077
702087
702088
702089
702090
702092
702093
702094
702095
702096
702097
702098
702099
702100
702101
702102
702103
702104
702105
702106
702107
702108
702110
702111
702112
702114
702115
702117
702118
702119
702120
702121
702122
702125
702126
702127
702128
702129
702132
702133
702134
702135
702136
702137
702138
702139
702140
702141
702145
702146
702147
702148
702149
702150
702151
702152
702154
702155
702156
702157
702158
702159
702160
702161
702162
702163
702164
702165
702166
702167
702168
702169
702170
702171
702172
702174
702175
702176
702177
702178
702179
702180
702181
702182
702183
702185
702186
702187
702188
702189
702190
702192
702193
702194
702195
702197
702198
702199
702200
702201
702202
702204
702205
702206
702207
702208
702209
702210
702211
702212
702213
702214
702215
702216
702217
702218
702223
702224
702226
702227
702228
702229
702230
702233
702234
702235
702236
702237
702238
702239
702241
702242
702244
702245
702246
702247
702248
702249
702251
702252
702253
702254
702255
702256
702257
702259
702260
702261
702262
702263
702264
702265
702266
702267
702268
702269
702270
702271
702272
702273
702274
702275
702276
702277
702278
702279
702280
702282
702283
702284
702285
702287
702288
702289
702290
702291
702292
702293
702294
702295
702296
702297
702298
702299
702300
702301
702302
702303
702304
702305
702307
702308
702309
702310
702311
702312
702313
702314
702315
702316
702317
702318
702319
702320
702321
702322
702323
702324
702326
702327
702328
702329
702330
702331
702332
702333
702334
702335
702336
702337
702338
702339
702340
702341
702343
702344
702345
702346
702347
702348
702349
702350
702351
702352
702353
702354
702355
702356
702357
702359
702360
702361
702362
702363
702364
702365
702366
702367
702368
702369
702370
702371
702372
702373
702374
702375
702376
702377
702379
702380
702381
702383
702384
702385
702387
702388
702389
702390
702391
702392
702393
702398
702400
702402
702409
702410
702411
702417
702420
702423
702424
702425
702427
702430
702432
702434
702439
702441
702442
702443
702444
702445
702447
702449
702450
702451
702452
702454
702455
702456
702457
702458
702459
702460
702461
702462
702463
702464
702465
702467
702468
702469
702470
702471
702472
702473
702474
702475
702476
702477
702478
702479
702480
702481
702482
702483
702484
702485
702486
702487
702488
702489
702490
702492
702493
702494
702496
702498
702499
702500
702501
702502
702504
702505
702506
702507
702508
702509
702510
702511
702512
702513
702514
702515
702516
702517
702518
702519
702520
702521
702522
702523
702524
702525
702526
702527
702530
702531
702532
702533
702534
702535
702536
702537
702538
702539
702540
702541
702542
702543
702544
702545
702546
702547
702548
702549
702550
702551
702552
702553
702554
702555
702556
702557
702558
702559
702560
702561
702562
702563
702564
702565
702567
702568
702569
702571
702572
702573
702574
702575
702577
702578
702579
702580
702581
702582
702583
702584
702585
702586
702587
702588
702589
702590
702591
702592
702593
702594
702595
702596
702597
702598
702602
702603
702604
702605
702606
702607
702608
702609
702610
702611
702612
702613
702614
702615
702617
702618
702620
702621
702622
702623
702625
702626
702627
702628
702629
702630
702631
702632
702633
702634
702635
702637
702638
702639
702640
702641
702642
702643
702644
702645
702647
702648
702649
702651
702653
702654
702655
702656
702657
702658
702659
702660
702661
702662
702663
702665
702666
702667
702668
702669
702671
702672
702673
702675
702676
702677
702678
702679
702680
702681
702682
702683
702684
702685
702686
702687
702688
702689
702690
702691
702692
702693
702694
702695
702696
702698
702699
702701
702702
702703
702704
702705
702706
702707
702708
702711
702712
702713
702714
702715
702716
702717
702718
702719
702720
702721
702722
702723
702724
702725
702726
702727
702728
702729
702730
702731
702732
702733
702734
702735
702736
702738
702739
702740
702741
702742
702743
702744
702745
702746
702747
702748
702750
702751
702752
702753
702754
702755
702756
702757
702758
702759
702760
702761
702762
702763
702764
702765
702766
702768
702769
702770
702772
702773
702774
702775
702776
702777
702780
702781
702782
702783
702785
702786
702787
702788
702789
702790
702791
702792
702794
702795
702796
702797
702798
702799
702800
702801
702802
702803
702804
702805
702806
702807
702808
702809
702810
702811
702812
702813
702814
702815
702816
702817
702818
702819
702821
702823
702824
702825
702826
702827
702832
702833
702835
702836
702837
702838
702839
702840
702841
702842
702843
702844
702846
702847
702850
702851
702852
702854
702855
702856
702857
702858
702859
702861
702862
702863
702865
702866
702867
702868
702869
702870
702871
702872
702873
702874
702875
702876
702878
702879
702880
702881
702882
702883
702884
702885
702886
702887
702888
702889
702890
702891
702892
702893
702894
702895
702896
702897
702898
702899
702900
702901
702902
702903
702904
702905
702906
702907
702908
702909
702910
702911
702912
702913
702914
702915
702916
702917
702918
702919
702920
702921
702922
702923
702924
702925
702926
702927
702928
702929
702930
702931
702932
702933
702934
702935
702936
702937
702938
702939
702940
702942
702943
702944
702945
702946
702947
702948
702949
702950
702951
702952
702953
702954
702955
702956
702957
702959
702960
702961
702962
702963
702964
702966
702967
702968
702969
702971
702972
702973
702974
702975
702976
702977
702978
702979
702980
702981
702982
702983
702984
702985
702986
702987
702988
702989
702990
702991
702992
702993
702994
702995
702999
703000
703001
703003
703005
703006
703007
703008
703009
703010
703011
703012
703014
703016
703017
703018
703019
703020
703021
703023
703024
703026
703027
703028
703029
703030
703032
703033
703034
703035
703036
703037
703038
703039
703040
703041
703042
703043
703044
703045
703047
703048
703049
703050
703051
703052
703053
703054
703055
703056
703057
703058
703059
703061
703062
703063
703064
703065
703066
703067
703068
703069
703070
703071
703072
703073
703074
703075
703076
703078
703079
703080
703081
703082
703083
703084
703085
703086
703087
703088
703089
703090
703091
703092
703093
703094
703095
703096
703097
703098
703099
703100
703101
703102
703103
703104
703105
703106
703107
