709043
709044
709045
709046
709047
709048
709049
709051
709052
709053
709054
709056
709057
709058
709059
709060
709061
709062
709063
709064
709065
709066
709067
709068
709069
709070
709071
709072
709073
709074
709075
709076
709077
709078
709079
709080
709081
709082
709083
709084
709085
709086
709087
709088
709089
709090
709091
709092
709093
709094
709095
709096
709097
709098
709100
709101
709102
709103
709104
709105
709106
709108
709109
709110
709111
709112
709113
709115
709116
709117
709118
709119
709120
709121
709123
709124
709125
709126
709127
709128
709129
709130
709131
709132
709134
709135
709137
709138
709139
709141
709142
709143
709144
709145
709146
709147
709148
709149
709150
709151
709152
709153
709154
709156
709157
709158
709159
709160
709162
709163
709164
709165
709166
709167
709168
709169
709170
709171
709172
709173
709174
709175
709176
709177
709178
709179
709181
709182
709183
709184
709185
709186
709187
709188
709189
709190
709191
709192
709193
709194
709195
709196
709197
709198
709199
709200
709201
709202
709203
709204
709206
709207
709208
709209
709210
709211
709212
709213
709214
709215
709216
709217
709218
709219
709220
709221
709222
709223
709224
709225
709226
709228
709229
709230
709232
709233
709234
709235
709236
709237
709238
709239
709240
709241
709242
709243
709244
709245
709246
709247
709248
709249
709250
709251
709252
709253
709254
709256
709257
709258
709259
709260
709261
709262
709263
709264
709265
709266
709267
709268
709269
709270
709271
709272
709273
709274
709275
709276
709277
709278
709279
709280
709281
709282
709283
709284
709285
709286
709287
709288
709289
709290
709291
709292
709293
709294
709295
709296
709298
709300
709301
709302
709303
709304
709305
709306
709307
709308
709309
709310
709311
709312
709313
709314
709315
709316
709319
709320
709324
709326
709327
709328
709329
709330
709331
709332
709333
709334
709335
709337
709339
709341
709343
709345
709346
709347
709349
709350
709351
709352
709353
709354
709355
709356
709357
709358
709359
709361
709362
709364
709366
709367
709368
709369
709370
709371
709372
709373
709374
709375
709376
709377
709378
709379
709380
709381
709382
709383
709384
709385
709386
709387
709388
709389
709390
709391
709392
709393
709394
709395
709397
709398
709399
709400
709401
709402
709403
709404
709405
709406
709407
709408
709409
709410
709411
709412
709414
709415
709416
709417
709418
709419
709420
709421
709422
709424
709425
709426
709427
709428
709429
709430
709431
709432
709434
709435
709436
709437
709438
709439
709440
709441
709442
709443
709444
709445
709446
709447
709449
709450
709451
709452
709453
709454
709455
709456
709457
709458
709460
709462
709463
709464
709466
709467
709468
709469
709470
709471
709472
709473
709474
709475
709476
709477
709479
709480
709481
709482
709483
709484
709485
709486
709487
709488
709489
709490
709491
709492
709493
709495
709496
709497
709498
709499
709501
709502
709504
709505
709506
709507
709508
709509
709510
709511
709512
709513
709514
709515
709516
709518
709519
709520
709521
709522
709523
709524
709525
709526
709528
709531
709533
709536
709537
709539
709540
709541
709542
709543
709544
709545
709546
709547
709548
709549
709550
709551
709552
709556
709557
709558
709559
709560
709561
709564
709565
709566
709567
709568
709569
709570
709573
709574
709577
709578
709580
709583
709584
709588
709589
709590
709591
709592
709593
709594
709595
709596
709597
709598
709599
709600
709602
709603
709604
709605
709606
709607
709608
709609
709610
709612
709614
709615
709618
709620
709621
709623
709624
709626
709629
709630
709631
709632
709633
709635
709636
709637
709638
709639
709640
709641
709642
709643
709644
709645
709646
709647
709648
709649
709650
709651
709652
709653
709655
709656
709657
709658
709660
709661
709662
709663
709664
709665
709666
709667
709668
709669
709670
709671
709672
709673
709674
709675
709676
709677
709678
709679
709680
709681
709682
709684
709685
709686
709688
709689
709691
709692
709693
709694
709695
709696
709698
709699
709700
709701
709702
709703
709705
709707
709708
709712
709713
709714
709715
709716
709717
709718
709719
709721
709722
709723
709724
709725
709727
709728
709730
709731
709732
709733
709734
709735
709736
709738
709739
709740
709741
709742
709743
709744
709745
709747
709748
709749
709752
709754
709755
709756
709757
709759
709760
709761
709763
709764
709765
709766
709767
709768
709769
709770
709771
709772
709773
709774
709775
709776
709778
709779
709780
709781
709782
709783
709784
709785
709786
709787
709788
709789
709790
709792
709793
709794
709795
709796
709797
709798
709799
709800
709802
709803
709804
709805
709806
709807
709808
709809
709810
709811
709812
709813
709814
709815
709816
709817
709818
709819
709820
709821
709822
709823
709824
709825
709826
709827
709828
709829
709830
709831
709832
709833
709834
709835
709836
709837
709840
709842
709843
709845
709847
709848
709849
709851
709852
709853
709856
709857
709858
709859
709860
709861
709862
709863
709864
709865
709866
709867
709868
709869
709870
709873
709878
709880
709881
709882
709883
709884
709886
709889
709890
709895
709897
709898
709900
709901
709902
709903
709904
709905
709906
709907
709908
709909
709910
709911
709912
709913
709914
709916
709917
709919
709920
709921
709925
709926
709927
709928
709929
709930
709932
709933
709934
709935
709936
709937
709938
709939
709940
709941
709943
709944
709945
709946
709947
709948
709949
709950
709951
709952
709953
709954
709955
709956
709957
709958
709959
709960
709961
709962
709963
709964
709965
709966
709967
709968
709969
709970
709971
709972
709974
709975
709976
709977
709978
709979
709980
709981
709982
709983
709984
709985
709986
709987
709988
709989
709990
709991
709992
709994
709995
709996
709997
709998
709999
710001
710002
710003
710004
710005
710006
710007
710008
710011
710012
710013
710014
710015
710016
710017
710018
710019
710020
710021
710022
710024
710025
710026
710027
710029
710030
710031
710033
710034
710035
710036
710040
710041
710042
710043
710044
710045
710046
710047
710048
710049
710050
710051
710053
710054
710055
710056
710057
710058
710059
710060
710061
710062
710063
710064
710065
710066
710067
710068
710069
710072
710073
710074
710075
710076
710077
710078
710079
710080
710082
710083
710084
710085
710087
710088
710089
710090
710091
710092
710094
710095
710096
710097
710098
710099
710100
710102
710103
710104
710105
710106
710108
710109
710110
710111
710112
710113
710114
710115
710116
710118
710119
710120
710121
710122
710123
710124
710125
710126
710127
710128
710129
710130
710131
710132
710133
710134
710135
710136
710137
710138
710139
710140
710141
710142
710143
710144
710145
710146
710147
710148
710149
710150
710151
710152
710154
710155
710156
710157
710158
710159
710160
710161
710162
710163
710164
710165
710166
710167
710168
710169
710170
710171
710172
710173
710174
710175
710176
710177
710178
710179
710180
710181
710182
710183
710184
710185
710186
710187
710188
710189
710190
710191
710192
710193
710194
710195
710196
710197
710198
710199
710200
710201
710202
710203
710204
710205
710206
710207
710208
710209
710210
710211
710212
710213
710215
710216
710217
710218
710219
710220
710221
710222
710223
710224
710225
710226
710227
710228
710229
710230
710232
710234
710235
710236
710238
710239
710240
710241
710242
710244
710245
710246
710247
710248
710249
710250
710251
710252
710253
710254
710255
710256
710257
710258
710259
710260
710261
710262
710263
710264
710266
710267
710268
710269
710270
710271
710272
710273
710274
710275
710276
710277
710278
710279
710281
710282
710283
710284
710285
710286
710287
710289
710290
710291
710292
710293
710294
710295
710296
710297
710298
710299
710300
710304
710305
710306
710307
710309
710310
710311
710312
710313
710314
710315
710316
710317
710318
710320
710321
710322
710323
710324
710325
710326
710327
710328
710329
710330
710331
710332
710333
710334
710335
710336
710337
710338
710339
710342
710343
710344
710345
710346
710347
710348
710355
710356
710357
710358
710359
710360
710361
710362
710363
710364
710365
710366
710367
710368
710369
710370
710371
710374
710375
710376
710377
710378
710381
710382
710383
710384
710386
710387
710388
710389
710391
710392
710394
710395
710396
710397
710398
710399
710400
710401
710402
710403
710404
710405
710406
710407
710408
710409
710410
710411
710413
710414
710415
710416
710417
710418
710420
710422
710423
710424
710425
710426
710427
710428
710429
710430
710432
710433
710434
710435
710436
710437
710438
710439
710440
710441
710442
710445
710446
710447
710448
710449
710450
710451
710452
710453
710455
710456
710457
710458
710459
710460
710461
710462
710463
710464
710465
710466
710467
710468
710469
710470
710471
710472
710473
710474
710476
710477
710478
710479
710480
710481
710484
710485
710486
710487
710488
710489
710490
710492
710493
710497
710498
710499
710500
710501
710502
710503
710505
710506
710507
710508
710509
710510
710511
710513
710514
710515
710516
710520
710521
710522
710523
710524
710525
710526
710527
710528
710529
710530
710531
710533
710534
710535
710536
710537
710538
710539
710541
710543
710545
710546
710547
710548
710549
710550
710551
710553
710554
710555
710556
710557
710558
710559
710560
710561
710562
710563
710564
710565
710566
710567
710568
710569
710570
710571
710572
710573
710574
710575
710576
710577
710578
710579
710580
710581
710582
710583
710584
710585
710586
710587
710588
710589
710590
710591
710592
710593
710594
710595
710596
710597
710598
710599
710602
710603
710604
710605
710606
710608
710609
710611
710612
710613
710614
710615
710616
710617
710618
710620
710621
710622
710623
710624
710626
710627
710629
710630
710631
710632
710633
710634
710635
710636
710637
710638
710639
710640
710641
710642
710643
710644
710645
710646
710647
710648
710649
710650
710651
710652
710653
710654
710655
710656
710657
710658
710659
710661
710662
710663
710664
710665
710666
710667
710668
710669
710670
710671
710672
710673
710675
710676
710677
710678
710679
710680
710683
710684
710685
710686
710687
710688
710690
710692
710695
710696
710699
710701
710703
710704
710705
710706
710707
710709
710710
710711
710712
710713
710714
710715
710717
710718
710719
710720
710721
710722
710724
710725
710726
710727
710728
710729
710730
710731
710732
710733
710734
710735
710736
710737
710738
710739
710740
710741
710742
710743
710744
710745
710746
710747
710748
710749
710750
710751
710752
710753
710754
710755
710756
710757
710758
710759
710760
710761
710762
710764
710765
710768
710769
710770
710771
710772
710773
710774
710775
710777
710778
710779
710780
710781
710782
710783
710784
710785
710786
710787
710788
710789
710791
710792
710793
710794
710795
710796
710797
710798
710799
710800
710801
710802
710803
710804
710805
710806
710807
710808
710809
710810
710811
710812
710813
710814
710815
710816
710817
710818
710819
710820
710821
710822
710823
710824
710825
710826
710827
710829
710830
710831
710832
710833
710834
710835
710836
710837
710838
710839
710840
710842
710843
710844
710845
710846
710847
710848
710849
710852
710853
710854
710855
710856
710857
710858
710859
710860
710861
710864
710868
710869
710871
710872
710873
710874
710875
710876
710877
710878
710879
710881
710882
710883
710884
710885
710886
710887
710888
710889
710890
710891
710894
710895
710896
710897
710898
710899
710900
710901
710902
710903
710904
710905
710906
710907
710908
710909
710910
710911
710913
710914
710915
710916
710918
710919
710920
710921
710922
710923
710924
710926
710927
710928
710929
710930
710931
710932
710933
710935
710936
710937
710938
710939
710940
710941
710942
710943
710944
710945
710946
710947
710948
710949
710950
710951
710952
710953
710954
710955
710956
710957
710958
710959
710960
710961
710962
710963
710964
710965
710966
710967
710968
710969
710970
710971
710972
710973
710974
710975
710976
710978
710979
710980
710981
710982
710983
710984
710986
710987
710988
710989
710990
710991
710992
710993
710994
710995
710996
710997
710998
710999
711000
711001
711002
711003
711004
711005
711006
711007
711008
711009
711010
711011
711012
711013
711014
711015
711016
711017
711018
711019
711020
711021
711022
711023
711024
711025
711026
711027
711028
711029
711031
711032
711033
711034
711035
711036
711037
711038
711039
711040
711041
711042
711043
711044
711045
711046
711047
711048
711049
711050
711051
711052
711053
711054
711055
711056
711057
711058
711059
711060
711061
711062
711063
711064
711065
711066
711067
711068
711069
711070
711071
711072
711074
711075
711077
711078
711079
711080
711081
711082
711083
711084
711085
711086
711087
711088
711089
711090
711091
711092
711094
711096
711098
711099
711100
711101
711102
711103
711105
711106
711107
711108
711109
711110
711111
711112
711113
711115
711116
711117
711118
711119
711120
711121
711122
711123
711124
711125
711127
711128
711129
711130
711131
711132
711133
711134
711135
711136
711137
711138
711139
711140
711142
711143
711145
711147
711148
711150
711151
711152
711153
711154
711155
711162
711164
711165
711166
711167
711172
711174
711176
711177
711180
711184
711187
711189
711190
711192
711193
711195
711196
711197
711199
711200
711201
711202
711203
711204
711205
711206
711207
711208
711209
711210
711211
711212
711213
711215
711216
711217
711218
711219
711220
711221
711222
711223
711224
711227
711228
711229
711230
711231
711232
711233
711234
711235
711236
711237
711238
711239
711240
711241
711242
711243
711244
711245
711246
711247
711248
711249
711250
711251
711253
711254
711255
711256
711257
711258
711259
711260
711261
711262
711263
711265
711266
711267
711268
711269
711270
711271
711272
711274
711275
711276
711280
711281
711282
711283
711286
711288
711291
711292
711293
711294
711296
711297
711298
711299
711300
711302
711303
711304
711305
711306
711307
711308
711309
711310
711312
711313
711314
711315
711316
711317
711318
711319
711320
711321
711322
711323
711324
711325
711326
711327
711329
711330
711331
711332
711334
711335
711336
711337
711339
711340
711341
711342
711343
711344
711345
711346
711347
711348
711349
711350
711351
711352
711353
711354
711355
711356
711358
711359
711360
711361
711362
711363
711364
711366
711367
711368
711369
711370
711371
711372
711373
711374
711375
711376
711377
711379
711380
711381
711382
711383
711384
711385
711386
711387
711388
711389
711390
711391
711392
711393
711394
711395
711396
711397
711398
711399
711400
711401
711402
711403
711404
711405
711406
711407
711408
711409
711410
711411
711412
711413
711414
711415
711416
711417
711418
711419
711420
711421
711422
711423
711424
711425
711426
711427
711428
711429
711430
711431
711433
711434
711435
711436
711437
711438
711439
711441
711442
711443
711444
711445
711446
711447
711448
711449
711450
711451
711452
711453
711455
711456
711457
711458
711459
711460
711462
711463
711464
711465
711466
711467
711468
711469
711470
711471
711472
711473
711474
711475
711476
711477
711478
711479
711481
711482
711483
711484
711485
711486
711487
711488
711489
711490
711491
711492
711493
711494
711495
711496
711497
711498
711499
711500
711501
711502
711503
711504
711505
711506
711507
711508
711509
711510
711511
711512
711513
711514
711515
711516
711517
711519
711520
711521
711522
711523
711524
711525
711526
711527
711528
711529
711530
711531
711532
711533
711535
711536
711537
711538
711539
711540
711541
711542
711543
711544
711545
711546
711547
711548
711549
711550
711551
711552
711553
711554
711555
711556
711557
711558
711559
711560
711561
711562
711563
711564
711565
711566
711567
711568
711569
711571
711572
711573
711574
711575
711576
711577
711578
711579
711580
711581
711582
711583
711584
711585
711586
711587
711588
711589
711590
711591
711593
711594
711595
711596
711597
711598
711599
711600
711601
711602
711603
711604
711605
711606
711607
711608
711609
711610
711611
711612
711613
711614
711615
711616
711617
711618
711619
711620
711621
711622
711623
711624
711625
711626
711627
711628
711629
711630
711631
711632
711633
711634
711635
711636
711637
711638
711639
711640
711641
711642
711643
711644
711645
711647
711648
711649
711650
711651
711652
711653
711654
711655
711656
711657
711658
711659
711661
711662
711663
711664
711665
711666
711667
711668
711669
711670
711671
711673
711674
711675
711676
711677
711678
711679
711680
711682
711683
711684
711685
711686
711687
711688
711689
711690
711691
711692
711693
711694
711696
711697
711698
711699
711700
711701
711704
711705
711706
711708
711710
711711
711712
711713
711714
711715
711716
711717
711718
711719
711720
711722
711723
711724
711726
711727
711729
711730
711731
711732
711733
711734
711735
711736
711737
711738
711739
711740
711741
711742
711743
711744
711745
711746
711747
711748
711749
711750
711751
711752
711753
711754
711755
711756
711757
711758
711759
711760
711761
711762
711763
711764
711765
711766
711767
711768
711769
711770
711772
711773
711775
711776
711777
711778
711779
711780
711781
711782
711783
711784
711785
711786
711787
711788
711789
711790
711791
711792
711793
711794
711795
711796
711797
711798
711799
711801
711802
711803
711804
711805
711806
711807
711808
711809
711810
711811
711812
711813
711814
711815
711816
711817
711818
711819
711820
711821
711822
711823
711824
711825
711826
711827
711829
711830
711831
711832
711833
711834
711835
711836
711837
711839
711840
711841
711842
711843
711844
711845
711846
711847
711848
711849
711850
711851
711852
711855
711857
711858
711859
711860
711861
711862
711863
711864
711865
711866
711867
711868
711869
711870
711871
711872
711873
711874
711875
711876
711877
711878
711880
711881
711883
711884
711885
711886
711888
711889
711890
711891
711892
711893
711894
711896
711897
711898
711899
711900
711901
711902
711903
711904
711906
711907
711908
711909
711910
711911
711912
711913
711914
711915
711916
711917
711918
711919
711920
711921
711922
711923
711924
711925
711926
711927
711928
711929
711930
711931
711932
711933
711934
711935
711936
711937
711938
711939
711940
711942
711943
711945
711948
711950
711953
711954
711956
711957
711958
711959
711960
711961
711962
711963
711964
711965
711966
711967
711968
711969
711970
711971
711972
711973
711974
711975
711976
711977
711978
711979
711980
711981
711982
711983
711984
711985
711986
711987
711988
711990
711991
711992
711993
711994
711995
711996
711997
711998
711999
712000
712001
712002
712003
712004
712005
712006
712007
712008
712009
712010
712011
712012
712013
712014
712015
712016
712017
712018
712019
712020
712022
712023
712024
712025
712026
712027
712028
712029
712035
712036
712037
712039
712041
712042
712043
712044
712045
712047
712048
712049
712050
712051
712052
712054
712055
712056
712060
712061
712062
712063
712064
712065
712066
712067
712068
712069
712070
712071
712072
712073
712075
712076
712077
712078
712079
712080
712081
712082
712083
712084
712086
712087
712088
712091
712092
712093
712095
712096
712097
712098
712100
712101
712102
712104
712105
712106
712107
712108
712109
712110
712111
712112
712113
712114
712115
712116
712117
712118
712119
712120
712121
712122
712123
712124
712125
712126
712127
712128
712129
712130
712131
712132
712133
712134
712135
712136
712137
712138
712139
712140
712142
712143
712144
712145
712146
712147
712148
712149
712150
712151
712152
712153
712154
712155
712156
712157
712158
712159
712160
712161
712162
712163
712164
712165
712167
712169
712170
712171
712172
712173
712174
712175
712176
712178
712179
712180
712181
712182
712183
712184
712185
712186
712187
712188
712189
712190
712191
712192
712193
712194
712195
712196
712198
712199
712200
712201
712202
712203
712204
712205
712206
712207
712209
712210
712211
712212
712213
712214
712215
712216
712217
712218
712219
712220
712221
712222
712223
712225
712226
712227
712228
712229
712230
712232
712233
712234
712235
712236
712237
712238
712239
712240
712241
712242
712244
712246
712247
712248
712249
712250
712252
712253
712254
712255
712256
712257
712258
712259
712260
712262
712263
712264
712266
712268
712269
712270
712271
712272
712273
712274
712275
712276
712277
712278
712279
712280
712281
712282
712283
712284
712285
712286
712287
712288
712289
712290
712291
712292
712293
712294
712295
712296
712297
712298
712299
712300
712301
712302
712303
712304
712306
712307
712308
712309
712310
712311
712313
712314
712315
712316
712317
712318
712320
712321
712322
712323
712324
712325
712326
712327
712328
712329
712330
712331
712332
712333
712334
712335
712336
712337
712338
712339
712345
712346
712347
712348
712349
712351
712352
712353
712354
712355
712356
712357
712359
712360
712361
712363
712364
712365
712366
712367
712369
712371
712372
712373
712374
712375
712376
712377
712378
712379
712381
712382
712383
712384
712385
712386
712387
712389
712391
712392
712393
712394
712395
712396
712397
712398
712399
712400
712401
712402
712403
712404
712405
712406
712407
712409
712410
712411
712412
712413
712414
712415
712416
712417
712420
712421
712422
712423
712424
712425
712427
712429
712430
712431
712432
712433
712434
712435
712436
712437
712438
712440
712441
712442
712443
712444
712445
712447
712448
712449
712450
712451
712452
712453
712454
712455
712456
712457
712458
712459
712460
712461
712462
712463
712464
712465
712466
712467
712468
712469
712470
712471
712473
712474
712475
712476
712478
712479
712480
712481
712482
712483
712484
712485
712486
712488
712490
712491
712492
712493
712494
712495
712496
712497
712498
712499
712500
712501
712502
712503
712504
712505
712506
712507
712508
712509
712510
712511
712512
712513
712514
712515
712516
712517
712518
712519
712520
712521
712522
712523
712524
712525
712527
712528
712529
712530
712531
712532
712534
712535
712536
712537
712538
712539
712540
712541
712542
712543
712544
712545
712546
712547
712548
712549
712550
712551
712552
712553
712554
712555
712556
712557
712558
712559
712560
712561
712562
712563
712564
712565
712566
712567
712568
712569
712570
712571
712572
712573
712574
712575
712576
712577
712578
712579
712580
712581
712582
712583
712584
712585
712586
712587
712588
712589
712590
712591
712593
712594
712595
712596
712597
712598
712599
712600
712601
712602
712605
712606
712607
712608
712609
712610
712611
712612
712613
712614
712615
712616
712617
712618
712619
712620
712621
712622
712623
712625
712626
712628
712629
712630
712631
712632
712633
712634
712635
712636
712637
712638
712639
712640
712641
712642
712643
712644
712646
712647
712648
712649
712650
712651
712652
712653
712654
712655
712656
712657
712659
712660
712661
712662
712663
712664
712665
712666
712668
712669
712670
712672
712673
712674
712675
712676
712677
712678
712679
712680
712681
712682
712683
712685
712686
712688
712689
712690
712691
712692
712693
712694
712695
712696
712697
712698
712699
712700
712701
712705
712706
712707
712708
712709
712710
712711
712712
712713
712714
712715
712716
712717
712718
712719
712720
712721
712722
712723
712724
712725
712726
712727
712728
712729
712730
712731
712732
712733
712734
712735
712736
712737
712738
712739
712740
712741
712742
712743
712745
712746
712747
712748
712749
712750
712751
712752
712754
712755
712756
712757
712758
712760
712762
712763
712766
712767
712768
712769
712772
712773
712775
712776
712777
712778
712779
712780
712781
712782
712783
712784
712786
712788
712790
712791
712792
712793
712795
712796
712797
712798
712800
712803
712805
712806
712808
712809
712810
712812
712815
712816
712817
712818
712819
712822
712823
712824
712825
712827
712828
712829
712830
712831
712832
712833
712835
712836
712837
712838
712839
712840
712841
712842
712843
712844
712845
712846
712847
712849
712850
712851
712852
712853
712854
712855
712856
712857
712858
712859
712861
712862
712863
712865
712866
712867
712869
712870
712872
712873
712874
712876
712877
712878
712879
712880
712881
712882
712883
712885
712886
712887
712888
712889
712891
712892
712893
712894
712895
712896
712897
712898
712901
712902
712903
712904
712905
712906
712907
712910
712911
712913
712914
712915
712916
712919
712920
712921
712923
712925
712926
712927
712928
712929
712930
712931
712933
712934
712935
712936
712937
712938
712940
712941
712942
712943
712944
712945
712946
712947
712948
712949
712950
712951
712952
712955
712956
712959
712960
712961
712963
712964
712965
712967
712968
712970
712971
712972
712974
712976
712977
712978
712979
712980
712981
712982
712984
712985
712986
712988
712989
712990
712991
712992
712993
712995
712996
712997
712999
713000
713001
713005
713006
713007
713008
713009
713010
713011
713012
713013
713014
713015
713017
713020
713022
713023
713024
713026
713028
713031
713032
713033
713034
713035
713036
713037
713038
713040
713041
713043
713044
713045
713046
713047
713048
713049
713051
713053
713054
713055
713056
713057
713058
713059
713061
713062
713063
713064
713065
713066
713067
713068
713069
713070
713071
713072
713073
713075
713076
713077
713078
713079
713080
713081
713082
713083
713084
713085
713086
713087
713088
713089
713090
713091
713093
713094
713095
713096
713097
713098
713099
713100
713101
713104
713105
713106
713107
713109
713110
713111
713112
713113
713114
713115
713116
713117
713118
713119
713120
713121
713122
713123
713124
713125
713126
713127
713128
713129
713130
713131
713132
713133
713134
713135
713136
713137
713138
713139
713141
713142
713143
713144
713145
713148
713149
713151
713153
713154
713155
713156
713157
713159
713162
713163
713164
713165
713166
713167
713169
713170
713171
713172
713173
713174
713175
713176
713177
713178
713179
713180
713181
713182
713183
713184
713185
713186
713187
713188
713190
713191
713195
713196
713197
713198
713199
713200
713201
713202
713203
713204
713205
713206
713207
713209
713211
713212
713213
713214
713215
713216
713217
713218
713219
713220
713221
713222
713223
713224
713225
713226
713227
713228
713229
713230
713231
713232
713233
713234
713235
713236
713237
713238
713239
713240
713241
713242
713243
713244
713245
713246
713247
713248
713249
713250
713251
713252
713253
713254
713255
713256
713257
713258
713259
713260
713261
713262
713263
713264
713265
713266
713268
713269
713270
713271
713272
713274
713275
713276
713280
713281
713282
713283
713284
713285
713286
713287
713288
713289
713290
713291
713292
713293
713294
713295
713296
713297
713298
713299
713300
713301
713302
713303
713304
713305
713306
713307
713308
713309
713310
713311
713312
713313
713314
713315
713316
713317
713318
713319
713320
713321
713322
713324
713325
713326
713327
713328
713329
713331
713332
713333
713334
713335
713336
713337
713338
713340
713341
713342
713343
713344
713345
713346
713347
713348
713349
713350
713351
713352
713353
713354
713355
713356
713357
713358
713359
713360
713361
713363
713364
713365
713366
713367
713369
713370
713371
713372
713373
713374
713376
713377
713378
713379
713380
713381
713382
713383
713384
713385
713386
713387
713388
713389
713391
713392
713393
713394
713396
713397
713398
713399
713400
713401
713402
713403
713404
713405
713406
713407
713408
713410
713411
713412
713413
713414
713415
713416
713417
713418
713420
713421
713422
713423
713425
713426
713427
713428
713429
713430
713432
713433
713434
713435
713436
713437
713438
713439
713440
713441
713443
713444
713445
713446
713447
713448
713449
713451
713452
713456
713457
713458
713459
713460
713461
713462
713463
713464
713465
713466
713467
713469
713470
713472
713474
713475
713476
713477
713478
713479
713480
713481
713482
713483
713485
713486
713487
713488
713490
713491
713492
713493
713494
713495
713496
713497
713498
713499
713500
713501
713502
713503
713504
713505
713506
713507
713508
713509
713511
713513
713514
713515
713516
713517
713518
713519
713521
713522
713523
713524
713526
713528
713529
713530
713531
713532
713533
713534
713535
713536
713537
713539
713540
713542
713543
713545
713546
713548
713550
713551
713552
713553
713554
713555
713557
713558
713561
713563
713564
713566
713567
713568
713570
713571
713572
713573
713574
713575
713576
713577
713578
713579
713580
713581
713582
713583
713586
713587
713588
713589
713590
713591
713592
713593
713594
713595
713596
713597
713598
713599
713600
713601
713602
713603
713604
713605
713606
713607
713608
713609
713610
713611
713612
713613
713614
713616
713617
713618
713619
713620
713621
713622
713623
713624
713626
713627
713628
713629
713630
713631
713632
713633
713634
713635
713636
713637
713638
713640
713641
713642
713643
713644
713645
713646
713647
713648
713649
713650
713651
713652
713653
713654
713655
713656
713657
713658
713659
713660
713661
713662
713663
713664
713666
713667
713669
713671
713672
713673
713674
713675
713676
713677
713678
713679
713680
713681
713682
713684
713685
713686
713687
713689
713690
713691
713692
713693
713694
713695
713697
713698
713699
713701
713702
713703
713704
713705
713706
713707
713708
713709
713710
713711
713712
713713
713714
713715
713716
713717
713718
713719
713720
713721
713723
713724
713726
713727
713728
713729
713730
713731
713732
713733
713735
713736
713738
713739
713740
713742
713743
713747
713750
713753
713756
713758
713759
713762
713763
713764
713767
713768
713773
713774
713775
713776
713777
713778
713779
713780
713781
713782
713783
713784
713785
713786
713787
713789
713791
713792
713793
713796
713798
713799
713800
713801
713802
713803
713804
713805
713806
713807
713811
713812
713814
713815
713816
713817
713818
713819
713821
713822
713823
713825
713826
713827
713828
713829
713830
713831
713832
713834
713835
713836
713837
713838
713839
713840
713841
713842
713843
713844
713845
713846
713847
713848
713849
713850
713851
713852
713854
713855
713856
713857
713858
713859
713860
713861
713862
713864
713866
713867
713868
713869
713870
713871
713872
713873
713874
713875
713876
713879
713881
713882
713883
713884
713885
713886
713887
713888
713889
713890
713891
713892
713893
713894
713895
713896
713898
713899
713901
713902
713903
713905
713906
713907
713908
713909
713910
713911
713912
713913
713915
713916
713917
713918
713920
713921
713922
713923
713924
713925
713926
713927
713928
713929
713930
713931
713932
713933
713934
713935
713937
713938
713939
713940
713942
713943
713944
713945
713946
713947
713948
713949
713950
713951
713952
713953
713954
713955
713956
713957
713958
713959
713960
713961
713963
713965
713966
713967
713968
713970
713973
713974
713975
713976
713977
713978
713979
713980
713981
713982
713983
713984
713985
713986
713987
713988
713989
713990
713992
713993
713994
713995
713996
713997
713998
713999
714000
714001
714002
714003
714004
714005
714007
714009
714011
714012
714013
714014
714015
714016
714017
714018
714019
714021
714022
714023
714024
714025
714026
714027
714028
714029
714030
714031
714032
714033
714034
714035
714036
714037
714038
714040
714041
714042
714043
714044
714045
714046
714047
714049
714050
714051
714052
714053
714054
714055
714056
714057
714058
714059
714060
714061
714062
714063
714064
714065
714066
714067
714070
714071
714072
714073
714074
714077
714078
714079
714080
714081
714082
714083
714084
714085
714086
714087
714088
714089
714090
714091
714092
714093
714095
714096
714097
714098
714099
714102
714103
714104
714105
714107
714109
714110
714111
714112
714113
714114
714115
714116
714117
714118
714119
714120
714121
714122
714123
714124
714125
714127
714129
714130
714131
714132
714133
714134
714135
714136
714137
714138
714139
714140
714142
714143
714144
714145
714146
714147
714148
714149
714150
714151
714152
714153
714154
714155
714156
714157
714158
714159
714161
714163
714164
714165
714166
714167
714168
714169
714170
714171
714172
714174
714175
714176
714177
714178
714179
714181
714182
714184
714185
714186
714187
714188
714189
714190
714191
714192
714193
714194
714195
714196
714197
714198
714199
714200
714201
714202
714203
714204
714205
714206
714207
714208
714209
714210
714211
714212
714213
714215
714216
714217
714218
714219
714220
714221
714222
714223
714224
714225
714226
714227
714228
714229
714230
714231
714232
714233
714234
714235
714236
714237
714238
714239
714240
714241
714242
714243
714244
714245
714246
714247
714248
714249
714250
714252
714253
714254
714255
714256
714257
714258
714259
714260
714261
714262
714263
714264
714265
714266
714267
714268
714269
714270
714271
714272
714273
714274
714275
714276
714277
714278
714279
714280
714281
714282
714283
714284
714285
714286
714287
714288
714289
714290
714291
714292
714293
714294
714295
714296
714297
714299
714300
714301
714302
714303
714304
714305
714307
714309
714312
714313
714314
714317
714318
714319
714320
714321
714322
714323
714324
714325
714326
714327
714328
714329
714330
714331
714332
714333
714335
714336
714337
714338
714339
714340
714341
714342
714343
714344
714345
714346
714347
714349
714350
714351
714352
714353
714354
714355
714356
714357
714358
714359
714360
714361
714362
714363
714364
714365
714366
714367
714368
714369
714370
714371
714372
714373
714374
714375
714376
714377
714378
714379
714380
714381
714382
714383
714384
714385
714386
714387
714388
714390
714391
714392
714393
714394
714395
714396
714397
714398
714399
714400
714401
714403
714404
714406
714407
714408
714409
714411
714412
714413
714415
714416
714417
714418
714419
714420
714421
714422
714424
714425
714426
714427
714428
714429
714430
714431
714432
714433
714434
714436
714437
714438
714439
714440
714441
714442
714443
714444
714445
714446
714447
714448
714449
714452
714453
714454
714455
714456
714457
714458
714460
714461
714462
714463
714464
714465
714466
714467
714468
714469
714470
714471
714472
714473
714474
714475
714476
714477
714478
714479
714480
714481
714482
714483
714484
714485
714486
714487
714488
714489
714490
714491
714492
714493
714494
714495
714496
714497
714498
714499
714500
714501
714502
714503
714504
714505
714506
714509
714510
714511
714513
714514
714515
714516
714518
714521
714522
714524
714525
714526
714527
714528
714529
714531
714532
714533
714534
714535
714536
714537
714538
714539
714542
714543
714544
714545
714546
714547
714548
714549
714550
714551
714552
714553
714554
714555
714556
714557
714558
714559
714560
714561
714562
714563
714564
714565
714566
714567
714568
714569
714570
714571
714572
714573
714574
714575
714578
714580
714581
714582
714584
714585
714587
714588
714590
714592
714593
714594
714595
714596
714597
714598
714599
714600
714601
714602
714604
714605
714606
714607
714608
714609
714610
714611
714612
714613
714614
714616
714617
714619
714620
714621
714622
714623
714624
714625
714626
714627
714628
714629
714630
714631
714632
714633
714634
714635
714636
714637
714638
714639
714640
714641
714642
714643
714644
714645
714646
714647
714649
714650
714651
714652
714653
714654
714655
714656
714657
714658
714659
714660
714661
714662
714663
714664
714665
714666
714667
714668
714669
714670
714671
714672
714673
714674
714675
714676
714677
714678
714679
714680
714681
714682
714683
714684
714685
714686
714687
714688
714689
714690
714691
714692
714693
714694
714696
714697
714698
714699
714700
714701
714702
714703
714704
714705
714706
714707
714709
714710
714711
714712
714713
714714
714715
714716
714717
714718
714721
714722
714723
714724
714725
714726
714727
714728
714729
714730
714731
714732
714733
714735
714737
714738
714739
714740
714741
714742
714744
714745
714746
714748
714750
714751
