714752
714753
714754
714755
714756
714757
714758
714760
714761
714762
714763
714764
714765
714766
714767
714768
714770
714771
714772
714773
714774
714775
714776
714777
714778
714779
714780
714781
714782
714783
714786
714788
714789
714790
714791
714792
714793
714794
714795
714796
714797
714798
714799
714800
714801
714802
714803
714804
714805
714806
714807
714808
714809
714810
714811
714812
714813
714814
714815
714816
714817
714819
714820
714821
714822
714823
714824
714825
714826
714827
714828
714829
714830
714831
714834
714835
714836
714837
714838
714839
714840
714841
714842
714843
714844
714845
714846
714847
714849
714850
714851
714852
714853
714856
714858
714859
714862
714863
714864
714865
714866
714867
714868
714869
714870
714871
714872
714873
714874
714875
714876
714877
714878
714880
714881
714882
714883
714884
714885
714886
714887
714888
714889
714890
714891
714892
714893
714894
714895
714896
714897
714899
714900
714901
714902
714903
714904
714905
714906
714907
714909
714910
714911
714912
714914
714916
714917
714919
714920
714921
714922
714923
714924
714925
714926
714927
714928
714929
714930
714931
714932
714933
714934
714935
714936
714937
714938
714939
714940
714941
714942
714943
714944
714945
714946
714947
714948
714950
714951
714952
714953
714956
714957
714959
714960
714961
714962
714963
714964
714965
714966
714967
714968
714969
714970
714971
714972
714973
714974
714975
714979
714981
714982
714983
714984
714985
714986
714987
714988
714989
714990
714991
714992
714993
714994
714995
714996
714997
714998
714999
715000
715001
715003
715004
715005
715006
715007
715008
715009
715010
715011
715013
715014
715015
715016
715017
715018
715019
715020
715021
715022
715023
715024
715025
715026
715027
715029
715030
715031
715032
715033
715036
715040
715041
715042
715043
715044
715045
715046
715047
715048
715049
715050
715051
715053
715054
715056
715057
715058
715059
715060
715061
715062
715063
715064
715065
715066
715067
715068
715070
715071
715072
715073
715074
715076
715077
715083
715084
715085
715086
715087
715088
715089
715090
715091
715092
715093
715094
715095
715096
715097
715098
715099
715100
715101
715103
715104
715105
715106
715107
715108
715109
715110
715111
715112
715113
715114
715115
715117
715118
715119
715120
715121
715122
715123
715124
715125
715126
715127
715128
715129
715130
715132
715133
715134
715136
715137
715138
715139
715140
715141
715143
715144
715147
715149
715150
715151
715153
715154
715155
715156
715157
715158
715159
715160
715161
715164
715165
715166
715167
715168
715169
715170
715171
715172
715173
715174
715175
715176
715178
715179
715180
715181
715182
715183
715184
715185
715186
715188
715189
715191
715192
715194
715195
715196
715197
715198
715199
715200
715201
715202
715203
715204
715205
715206
715207
715208
715209
715210
715211
715212
715214
715215
715216
715217
715218
715219
715220
715221
715222
715223
715224
715225
715226
715227
715228
715229
715230
715231
715232
715233
715234
715235
715236
715237
715238
715239
715240
715241
715243
715244
715245
715246
715247
715248
715249
715250
715251
715252
715253
715254
715256
715258
715260
715261
715262
715263
715264
715265
715266
715267
715269
715270
715271
715272
715273
715275
715276
715277
715279
715281
715282
715284
715285
715286
715287
715288
715289
715290
715291
715292
715293
715294
715296
715297
715298
715299
715300
715301
715303
715304
715305
715306
715307
715309
715310
715311
715312
715313
715314
715315
715316
715317
715318
715319
715320
715321
715322
715323
715324
715325
715326
715329
715330
715332
715333
715334
715335
715336
715337
715338
715340
715341
715342
715343
715344
715345
715347
715348
715350
715351
715352
715353
715354
715355
715357
715358
715359
715360
715363
715364
715365
715366
715367
715368
715369
715370
715371
715372
715373
715374
715375
715376
715378
715379
715380
715381
715382
715383
715384
715385
715386
715387
715388
715389
715390
715392
715393
715394
715396
715397
715398
715399
715400
715401
715402
715404
715405
715406
715407
715408
715409
715410
715411
715412
715413
715414
715416
715417
715418
715419
715420
715421
715422
715423
715424
715425
715426
715427
715428
715429
715431
715432
715434
715435
715436
715437
715438
715440
715441
715442
715443
715444
715445
715446
715447
715448
715449
715450
715451
715452
715453
715454
715455
715456
715457
715458
715459
715460
715461
715462
715463
715464
715465
715466
715467
715468
715469
715471
715472
715473
715474
715476
715478
715479
715480
715481
715482
715483
715484
715486
715487
715488
715489
715490
715491
715493
715494
715495
715496
715497
715498
715499
715500
715501
715502
715503
715505
715506
715508
715509
715510
715511
715512
715513
715514
715515
715516
715517
715518
715519
715520
715521
715522
715523
715524
715525
715526
715527
715528
715529
715530
715531
715532
715533
715534
715535
715536
715537
715538
715540
715541
715542
715544
715545
715546
715547
715548
715549
715550
715551
715552
715553
715554
715555
715557
715558
715559
715560
715561
715562
715563
715564
715566
715567
715568
715569
715570
715571
715572
715573
715574
715575
715576
715577
715578
715580
715581
715582
715583
715584
715585
715586
715587
715588
715589
715590
715591
715592
715593
715594
715595
715596
715597
715598
715599
715600
715601
715602
715603
715604
715605
715606
715607
715608
715609
715610
715611
715612
715613
715615
715616
715617
715618
715619
715620
715621
715622
715623
715625
715626
715627
715628
715629
715630
715631
715632
715633
715634
715636
715637
715638
715639
715640
715641
715642
715643
715644
715645
715646
715647
715648
715649
715650
715651
715652
715653
715654
715655
715656
715657
715658
715659
715661
715662
715664
715665
715666
715667
715669
715670
715672
715673
715674
715675
715676
715677
715678
715680
715681
715683
715684
715685
715686
715687
715688
715690
715691
715692
715693
715694
715695
715696
715697
715699
715700
715701
715702
715703
715704
715705
715706
715707
715708
715709
715710
715711
715712
715713
715714
715715
715716
715717
715718
715719
715720
715721
715722
715723
715724
715725
715726
715727
715728
715729
715730
715731
715732
715733
715734
715735
715737
715738
715739
715740
715741
715742
715743
715744
715745
715746
715747
715748
715749
715750
715751
715752
715753
715754
715755
715756
715757
715758
715759
715760
715761
715762
715763
715764
715765
715766
715767
715768
715769
715770
715771
715772
715773
715774
715776
715777
715778
715779
715780
715782
715783
715784
715786
715787
715788
715790
715791
715792
715793
715794
715795
715796
715797
715798
715799
715800
715801
715802
715803
715804
715805
715806
715807
715808
715809
715810
715811
715813
715814
715815
715816
715817
715818
715819
715821
715822
715824
715826
715828
715829
715830
715831
715832
715833
715834
715835
715836
715837
715838
715839
715840
715841
715842
715843
715844
715845
715846
715847
715848
715849
715850
715851
715852
715854
715855
715856
715858
715859
715860
715861
715862
715863
715864
715865
715866
715867
715868
715869
715870
715871
715874
715875
715877
715878
715879
715880
715881
715882
715883
715884
715886
715887
715888
715889
715890
715891
715892
715893
715894
715895
715896
715897
715898
715900
715901
715902
715903
715904
715905
715906
715907
715908
715909
715910
715911
715912
715913
715914
715915
715916
715917
715918
715919
715920
715921
715922
715923
715924
715925
715926
715927
715929
715930
715931
715932
715933
715934
715935
715936
715937
715938
715940
715942
715943
715945
715946
715947
715949
715950
715951
715952
715953
715954
715955
715956
715957
715958
715959
715960
715961
715962
715963
715964
715965
715966
715967
715968
715969
715970
715971
715972
715973
715974
715975
715976
715978
715979
715980
715981
715982
715983
715984
715985
715986
715988
715989
715990
715991
715992
715993
715994
715997
715998
715999
716000
716001
716003
716004
716007
716009
716010
716013
716014
716016
716017
716018
716019
716020
716022
716023
716024
716026
716027
716028
716029
716030
716032
716033
716034
716035
716036
716037
716038
716039
716040
716041
716042
716044
716045
716046
716047
716048
716049
716050
716051
716052
716053
716054
716055
716056
716057
716058
716059
716062
716063
716065
716066
716067
716068
716069
716070
716071
716072
716073
716074
716075
716076
716077
716078
716079
716080
716081
716082
716083
716084
716085
716087
716088
716089
716090
716091
716092
716093
716094
716095
716096
716097
716098
716099
716100
716101
716102
716103
716104
716105
716106
716107
716108
716109
716110
716111
716112
716113
716114
716115
716116
716117
716118
716119
716120
716121
716122
716123
716124
716125
716126
716127
716128
716129
716130
716131
716132
716133
716134
716135
716136
716138
716139
716140
716141
716142
716143
716144
716145
716146
716147
716148
716151
716152
716153
716154
716155
716156
716157
716158
716159
716160
716161
716162
716163
716164
716165
716167
716168
716171
716172
716174
716179
716181
716182
716183
716184
716185
716186
716187
716189
716190
716191
716192
716193
716195
716196
716197
716199
716201
716202
716203
716204
716205
716206
716207
716209
716210
716211
716213
716214
716217
716218
716219
716220
716221
716222
716223
716224
716225
716226
716227
716228
716229
716230
716231
716232
716233
716234
716235
716236
716238
716239
716240
716241
716242
716243
716244
716245
716246
716247
716248
716249
716250
716251
716252
716253
716254
716255
716256
716257
716258
716260
716261
716262
716263
716264
716265
716266
716267
716268
716269
716270
716271
716272
716273
716275
716276
716277
716278
716279
716280
716281
716282
716283
716284
716286
716287
716288
716291
716292
716293
716294
716295
716296
716297
716299
716300
716302
716303
716304
716305
716306
716307
716308
716309
716310
716311
716312
716314
716315
716316
716317
716318
716319
716320
716321
716322
716323
716324
716325
716326
716327
716328
716329
716330
716331
716332
716334
716335
716336
716337
716338
716340
716342
716343
716344
716345
716346
716347
716348
716350
716351
716352
716353
716354
716355
716356
716357
716358
716359
716360
716361
716362
716363
716364
716365
716366
716367
716368
716369
716370
716371
716372
716373
716374
716375
716377
716378
716379
716380
716381
716382
716383
716385
716387
716389
716390
716391
716392
716394
716395
716396
716398
716399
716400
716401
716403
716404
716405
716406
716407
716408
716409
716410
716411
716412
716413
716414
716415
716416
716417
716418
716419
716420
716421
716422
716423
716424
716425
716426
716427
716428
716429
716430
716431
716432
716434
716435
716436
716437
716438
716440
716441
716442
716443
716444
716445
716446
716447
716448
716449
716450
716451
716452
716453
716454
716455
716456
716457
716459
716460
716461
716462
716463
716465
716466
716467
716469
716470
716471
716472
716473
716474
716476
716478
716480
716481
716482
716483
716484
716485
716486
716487
716488
716489
716490
716491
716492
716493
716494
716495
716496
716497
716498
716499
716500
716501
716502
716503
716504
716505
716507
716508
716509
716510
716511
716512
716513
716514
716515
716516
716517
716518
716519
716520
716521
716522
716523
716524
716525
716526
716527
716528
716530
716531
716532
716533
716534
716537
716538
716539
716540
716541
716542
716543
716545
716546
716547
716548
716549
716550
716553
716555
716556
716557
716558
716559
716560
716561
716562
716563
716564
716565
716567
716568
716570
716571
716572
716573
716574
716575
716576
716577
716578
716579
716580
716581
716582
716583
716584
716585
716586
716587
716588
716589
716590
716591
716592
716593
716594
716595
716596
716597
716598
716599
716600
716601
716602
716603
716604
716605
716606
716607
716608
716610
716611
716612
716615
716616
716617
716619
716620
716621
716623
716624
716625
716626
716627
716628
716629
716630
716631
716632
716633
716634
716635
716636
716637
716638
716640
716641
716642
716644
716646
716647
716648
716649
716650
716651
716653
716654
716655
716657
716658
716659
716660
716661
716662
716663
716664
716665
716666
716668
716669
716670
716671
716672
716673
716674
716675
716676
716678
716679
716680
716681
716682
716684
716685
716688
716689
716690
716691
716693
716694
716695
716696
716697
716698
716699
716700
716701
716703
716704
716705
716706
716707
716708
716709
716710
716711
716712
716713
716715
716716
716717
716719
716720
716721
716722
716723
716724
716726
716727
716728
716729
716730
716731
716732
716733
716734
716735
716736
716738
716739
716741
716742
716743
716744
716745
716746
716747
716749
716750
716751
716752
716753
716755
716757
716758
716759
716760
716761
716762
716763
716765
716767
716768
716769
716770
716771
716772
716773
716774
716775
716776
716777
716778
716779
716780
716782
716783
716786
716787
716788
716789
716790
716791
716792
716794
716795
716796
716798
716799
716800
716801
716802
716803
716804
716806
716807
716808
716809
716810
716811
716812
716813
716814
716815
716816
716817
716818
716819
716820
716821
716822
716823
716824
716825
716826
716827
716828
716829
716830
716831
716832
716833
716834
716835
716836
716837
716838
716839
716840
716841
716842
716843
716844
716845
716846
716847
716848
716849
716850
716851
716852
716853
716854
716855
716856
716857
716859
716860
716861
716863
716864
716865
716866
716868
716869
716870
716871
716872
716873
716874
716875
716876
716877
716878
716879
716880
716881
716882
716883
716885
716886
716887
716888
716889
716890
716891
716892
716893
716894
716895
716897
716898
716899
716900
716901
716902
716903
716904
716907
716909
716910
716911
716912
716913
716914
716916
716918
716919
716920
716921
716922
716924
716925
716926
716927
716928
716929
716930
716931
716932
716933
716934
716935
716936
716937
716938
716940
716941
716942
716943
716944
716945
716946
716947
716948
716949
716951
716954
716955
716956
716958
716959
716960
716961
716963
716964
716965
716968
716969
716970
716971
716972
716973
716974
716976
716977
716978
716979
716980
716981
716982
716983
716984
716985
716986
716987
716988
716989
716990
716991
716992
716993
716995
716996
716997
716998
716999
717000
717003
717004
717005
717006
717007
717009
717010
717011
717012
717013
717014
717015
717016
717018
717019
717020
717021
717022
717024
717025
717026
717028
717029
717030
717031
717032
717033
717034
717035
717036
717037
717038
717039
717040
717041
717042
717043
717044
717045
717046
717047
717048
717050
717052
717053
717054
717055
717056
717057
717058
717059
717061
717062
717066
717067
717069
717070
717071
717073
717074
717075
717076
717077
717078
717080
717081
717082
717083
717085
717086
717088
717090
717092
717093
717094
717095
717096
717098
717099
717101
717105
717106
717108
717109
717110
717112
717113
717116
717117
717118
717119
717120
717121
717122
717123
717124
717128
717129
717130
717131
717132
717133
717134
717135
717137
717138
717139
717140
717141
717142
717143
717144
717145
717146
717147
717148
717149
717150
717151
717152
717153
717154
717155
717156
717157
717158
717159
717160
717161
717162
717163
717164
717165
717166
717167
717168
717169
717170
717171
717172
717173
717174
717175
717176
717177
717178
717179
717180
717181
717182
717183
717184
717185
717186
717187
717189
717190
717191
717192
717193
717194
717195
717196
717197
717198
717199
717200
717201
717202
717203
717204
717205
717206
717207
717208
717209
717210
717211
717212
717213
717214
717215
717216
717217
717218
717219
717220
717221
717222
717223
717224
717225
717226
717227
717228
717229
717230
717232
717233
717234
717235
717236
717237
717238
717239
717240
717241
717242
717243
717244
717245
717246
717247
717248
717249
717250
717251
717252
717254
717255
717256
717257
717258
717259
717260
717261
717262
717263
717265
717266
717268
717271
717272
717273
717274
717275
717276
717277
717278
717279
717280
717281
717282
717283
717284
717285
717286
717288
717289
717290
717292
717293
717294
717295
717296
717297
717298
717299
717300
717301
717302
717303
717304
717305
717306
717307
717308
717309
717310
717311
717313
717314
717315
717316
717317
717319
717320
717321
717322
717323
717324
717325
717326
717327
717328
717329
717330
717331
717333
717334
717336
717337
717339
717341
717342
717343
717344
717346
717347
717348
717349
717350
717351
717352
717353
717354
717355
717356
717357
717358
717359
717360
717361
717362
717363
717364
717365
717366
717367
717368
717369
717370
717371
717372
717373
717374
717375
717376
717377
717378
717379
717380
717381
717382
717383
717384
717385
717386
717387
717388
717389
717390
717391
717392
717393
717394
717395
717396
717397
717398
717399
717400
717401
717402
717404
717405
717407
717408
717409
717411
717412
717413
717415
717416
717417
717418
717419
717420
717421
717422
717423
717424
717425
717426
717427
717428
717429
717430
717431
717432
717433
717434
717435
717436
717437
717438
717439
717440
717441
717442
717443
717444
717445
717446
717447
717448
717449
717450
717451
717452
717453
717454
717455
717457
717458
717459
717461
717462
717463
717464
717465
717466
717467
717468
717469
717470
717471
717472
717473
717474
717475
717476
717477
717478
717479
717480
717481
717482
717483
717485
717486
717487
717488
717489
717490
717491
717492
717493
717494
717495
717496
717497
717498
717499
717500
717501
717502
717503
717504
717505
717506
717507
717508
717510
717511
717512
717513
717514
717515
717516
717517
717518
717519
717520
717522
717523
717524
717525
717526
717527
717528
717529
717531
717533
717534
717535
717536
717537
717538
717539
717540
717541
717542
717543
717544
717545
717547
717548
717549
717550
717551
717552
717553
717554
717555
717556
717557
717558
717559
717560
717561
717562
717563
717564
717565
717566
717567
717568
717569
717570
717571
717572
717573
717574
717575
717576
717577
717578
717579
717580
717581
717582
717583
717584
717585
717586
717587
717588
717589
717590
717591
717592
717594
717595
717596
717597
717598
717599
717601
717602
717603
717604
717605
717606
717607
717608
717609
717611
717612
717614
717615
717616
717617
717618
717620
717621
717622
717623
717624
717625
717626
717627
717628
717629
717630
717631
717632
717633
717634
717636
717637
717638
717639
717640
717641
717642
717643
717644
717645
717646
717647
717648
717649
717651
717652
717653
717654
717655
717656
717657
717658
717659
717660
717661
717662
717663
717664
717665
717667
717668
717669
717670
717671
717672
717673
717674
717675
717676
717677
717678
717679
717680
717681
717682
717684
717685
717686
717687
717688
717689
717690
717691
717693
717694
717695
717696
717697
717698
717699
717700
717701
717703
717704
717705
717707
717708
717709
717710
717711
717712
717714
717716
717717
717718
717719
717720
717721
717722
717723
717724
717725
717727
717728
717729
717730
717731
717732
717733
717734
717735
717737
717738
717739
717740
717742
717743
717744
717745
717746
717747
717748
717750
717751
717752
717755
717756
717757
717758
717759
717760
717761
717762
717764
717765
717766
717767
717768
717769
717770
717771
717772
717773
717774
717775
717776
717777
717778
717779
717780
717781
717782
717783
717784
717785
717786
717787
717788
717789
717790
717792
717795
717796
717797
717799
717800
717801
717802
717803
717804
717805
717806
717807
717808
717809
717810
717811
717816
717817
717819
717820
717823
717825
717827
717828
717829
717830
717831
717833
717834
717835
717836
717837
717838
717839
717840
717841
717842
717843
717844
717845
717846
717848
717849
717850
717851
717852
717853
717854
717855
717856
717857
717858
717859
717860
717861
717862
717863
717864
717865
717867
717868
717869
717871
717873
717874
717875
717876
717877
717878
717879
717880
717881
717882
717887
717888
717889
717890
717892
717895
717896
717897
717898
717902
717903
717904
717905
717906
717907
717908
717909
717910
717911
717912
717913
717914
717915
717916
717917
717918
717919
717920
717921
717922
717923
717924
717925
717926
717927
717928
717929
717930
717931
717932
717933
717934
717935
717936
717937
717938
717939
717940
717941
717942
717943
717944
717945
717946
717947
717948
717949
717950
717951
717952
717953
717954
717955
717956
717957
717958
717959
717960
717961
717962
717963
717964
717965
717966
717967
717968
717971
717972
717973
717974
717975
717976
717977
717978
717979
717980
717981
717982
717984
717985
717986
717988
717989
717991
717992
717993
717995
717996
717998
717999
718001
718002
718003
718004
718005
718006
718007
718008
718009
718011
718012
718013
718014
718015
718016
718017
718018
718020
718021
718022
718023
718024
718025
718028
718029
718030
718031
718032
718033
718034
718035
718036
718037
718038
718039
718040
718041
718043
718044
718045
718046
718047
718048
718049
718050
718051
718052
718053
718054
718055
718056
718058
718059
718060
718061
718062
718063
718064
718065
718066
718067
718068
718069
718070
718071
718072
718073
718074
718075
718077
718078
718079
718080
718081
718082
718083
718084
718085
718086
718087
718088
718089
718090
718091
718092
718093
718094
718095
718097
718098
718099
718100
718101
718102
718103
718104
718105
718106
718107
718108
718110
718111
718112
718113
718114
718115
718116
718118
718119
718120
718121
718122
718123
718124
718125
718126
718127
718128
718129
718130
718131
718132
718133
718134
718135
718136
718137
718138
718139
718140
718141
718142
718143
718144
718145
718146
718147
718148
718149
718150
718151
718154
718155
718156
718157
718158
718159
718160
718161
718162
718165
718166
718167
718168
718169
718170
718171
718173
718174
718175
718177
718178
718179
718180
718181
718182
718183
718184
718185
718186
718187
718188
718189
718190
718191
718192
718193
718194
718195
718196
718197
718199
718200
718201
718202
718204
718205
718206
718207
718208
718209
718210
718211
718212
718213
718214
718215
718216
718217
718219
718220
718221
718223
718224
718225
718226
718227
718228
718229
718230
718231
718232
718233
718234
718235
718236
718237
718238
718240
718241
718243
718244
718245
718246
718247
718248
718249
718250
718251
718252
718253
718254
718255
718256
718257
718259
718260
718261
718262
718263
718264
718265
718266
718267
718268
718269
718270
718271
718272
718274
718275
718276
718277
718278
718279
718280
718282
718284
718285
718286
718287
718289
718290
718291
718292
718293
718294
718295
718296
718299
718300
718301
718302
718303
718304
718305
718306
718307
718308
718309
718310
718311
718312
718313
718314
718315
718316
718317
718318
718319
718320
718321
718322
718323
718324
718325
718326
718327
718328
718329
718330
718331
718332
718333
718334
718335
718336
718337
718338
718339
718340
718341
718342
718343
718344
718347
718348
718349
718350
718353
718354
718355
718357
718358
718359
718360
718361
718362
718363
718364
718365
718366
718367
718368
718369
718370
718371
718372
718373
718374
718375
718376
718377
718378
718379
718380
718381
718382
718383
718384
718385
718386
718387
718388
718389
718390
718391
718392
718393
718394
718395
718396
718397
718398
718399
718400
718401
718402
718403
718404
718405
718406
718407
718408
718409
718410
718411
718412
718413
718414
718416
718417
718418
718419
718420
718421
718422
718423
718425
718426
718427
718428
718430
718432
718433
718434
718436
718437
718438
718440
718444
718445
718446
718447
718448
718449
718450
718451
718452
718453
718454
718455
718456
718457
718458
718459
718460
718462
718463
718464
718465
718466
718467
718468
718469
718470
718471
718472
718473
718474
718475
718476
718477
718478
718479
718480
718481
718482
718483
718485
718486
718487
718488
718489
718490
718491
718492
718493
718494
718497
718498
718499
718500
718501
718502
718504
718505
718506
718507
718509
718510
718511
718512
718513
718514
718515
718516
718517
718518
718519
718520
718521
718522
718523
718525
718526
718527
718528
718529
718530
718531
718532
718533
718534
718535
718536
718537
718538
718539
718541
718542
718543
718544
718545
718546
718547
718548
718549
718550
718552
718553
718554
718555
718556
718557
718558
718559
718560
718561
718563
718564
718565
718566
718567
718568
718569
718570
718571
718572
718573
718574
718575
718576
718577
718578
718579
718580
718581
718582
718583
718584
718585
718586
718587
718588
718589
718590
718591
718592
718593
718594
718595
718596
718597
718598
718599
718600
718602
718604
718605
718606
718607
718608
718609
718610
718611
718612
718613
718614
718616
718617
718618
718619
718620
718621
718622
718623
718624
718625
718626
718627
718628
718629
718630
718631
718632
718633
718634
718635
718636
718637
718638
718639
718640
718641
718642
718643
718644
718645
718646
718647
718649
718650
718651
718652
718653
718654
718655
718656
718657
718658
718659
718661
718662
718663
718664
718665
718666
718667
718668
718669
718670
718671
718672
718673
718674
718675
718677
718678
718679
718680
718681
718683
718684
718685
718686
718687
718688
718690
718693
718694
718695
718696
718697
718698
718699
718700
718701
718702
718703
718704
718705
718706
718708
718710
718713
718714
718715
718719
718720
718721
718722
718723
718724
718729
718732
718733
718735
718736
718738
718739
718740
718741
718742
718743
718744
718745
718746
718747
718748
718749
718750
718751
718752
718753
718754
718756
718757
718758
718759
718760
718762
718769
718770
718771
718773
718774
718775
718776
718777
718778
718779
718781
718782
718783
718784
718786
718787
718789
718791
718793
718794
718795
718796
718797
718798
718800
718801
718802
718803
718804
718805
718807
718808
718809
718811
718813
718814
718816
718817
718818
718819
718821
718822
718823
718824
718825
718826
718827
718828
718829
718830
718831
718832
718833
718834
718835
718836
718837
718838
718839
718840
718841
718842
718843
718844
718845
718846
718847
718849
718851
718853
718854
718855
718856
718857
718858
718859
718860
718861
718862
718863
718864
718865
718866
718867
718868
718869
718871
718872
718874
718875
718879
718881
718882
718883
718885
718887
718888
718889
718890
718892
718893
718894
718895
718896
718897
718898
718899
718902
718905
718907
718908
718909
718910
718911
718912
718913
718914
718915
718916
718918
718919
718920
718921
718922
718923
718924
718925
718926
718928
718929
718930
718931
718932
718933
718936
718938
718939
718940
718941
718942
718943
718944
718945
718946
718947
718948
718949
718950
718951
718952
718953
718954
718955
718956
718957
718958
718959
718960
718962
718963
718964
718966
718967
718968
718969
718970
718971
718972
718973
718975
718976
718977
718978
718979
718980
718981
718982
718983
718984
718985
718986
718987
718988
718989
718990
718991
718992
718993
718995
718996
718997
718998
718999
719001
719002
719003
719004
719005
719006
719007
719008
719009
719010
719011
719013
719014
719015
719016
719017
719018
719019
719020
719021
719022
719023
719024
719025
719026
719027
719028
719029
719030
719031
719032
719033
719036
719037
719038
719039
719040
719041
719042
719043
719044
719046
719047
719048
719050
719051
719052
719053
719054
719055
719056
719057
719058
719060
719061
719062
719063
719064
719065
719066
719067
719068
719072
719073
719076
719077
719078
719079
719081
719082
719084
719085
719086
719087
719088
719089
719091
719092
719093
719094
719095
719096
719097
719098
719099
719100
719101
719102
719103
719104
719105
719106
719107
719108
719109
719110
719111
719112
719113
719115
719116
719117
719118
719119
719120
719121
719122
719123
719124
719125
719126
719127
719128
719129
719130
719131
719136
719137
719138
719139
719140
719141
719142
719143
719144
719145
719146
719147
719148
719149
719150
719151
719152
719153
719154
719155
719156
719157
719158
719159
719161
719162
719163
719164
719165
719166
719167
719168
719169
719170
719171
719172
719173
719174
719175
719176
719177
719178
719181
719182
719183
719184
719185
719186
719187
719188
719189
719190
719191
719192
719193
719194
719195
719196
719197
719198
719199
719200
719201
719202
719203
719204
719205
719208
719209
719210
719211
719212
719213
719214
719215
719216
719217
719218
719219
719220
719221
719223
719224
719225
719227
719228
719229
719230
719231
719232
719233
719234
719235
719237
719238
719239
719240
719241
719242
719243
719245
719247
719250
719252
719253
719254
719255
719256
719257
719259
719260
719261
719263
719264
719266
719267
719269
719270
719271
719272
719273
719274
719275
719276
719277
719279
719280
719281
719282
719283
719284
719285
719286
719287
719288
719289
719290
719291
719292
719294
719295
719296
719297
719299
719300
719302
719304
719305
719306
719307
719308
719309
719310
719311
719312
719313
719314
719315
719316
719317
719318
719319
719320
719321
719322
719323
719324
719325
719326
719327
719328
719329
719331
719332
719335
719336
719337
719338
719340
719341
719342
719345
719346
719347
719348
719349
719350
719351
719352
719353
719354
719355
719356
719357
719358
719359
719360
719361
719362
719363
719364
719366
719367
719368
719369
719370
719371
719372
719373
719374
719375
719376
719377
719378
719379
719380
719381
719382
719383
719384
719385
719386
719387
719388
719389
719390
719391
719392
719393
719394
719396
719397
719398
719400
719402
719403
719406
719407
719409
719410
719411
719412
719413
719414
719415
719416
719417
719419
719421
719422
719423
719424
719428
719429
719431
719434
719441
719442
719443
719444
719445
719446
719447
719448
719449
719450
719451
719453
719454
719455
719456
719457
719458
719459
719460
719461
719462
719463
719464
719465
719466
719467
719468
719470
719471
719472
719473
719474
719475
719476
719477
719480
719482
719485
719486
719487
719488
719489
719490
719492
719493
719494
719495
719498
719499
719500
719501
719502
719503
719504
719505
719506
719507
719508
719509
719510
719511
719512
719513
719514
719515
719516
719517
719518
719519
719520
719521
719522
719523
719524
719525
719526
719528
719529
719530
719531
719532
719533
719534
719535
719536
719537
719538
719539
719540
719541
719542
719543
719544
719547
719548
719549
719550
719551
719552
719554
719555
719556
719557
719558
719559
719560
719561
719564
719565
719566
719567
719568
719569
719570
719571
719572
719573
719575
719576
719577
719578
719579
719580
719581
719582
719583
719584
719585
719586
719587
719588
719589
719590
719591
719592
719593
719594
719595
719596
719597
719598
719599
719600
719601
719602
719603
719605
719607
719608
719609
719610
719611
719612
719613
719614
719615
719616
719617
719618
719619
719620
719621
719622
719623
719624
719625
719626
719628
719629
719630
719631
719632
719633
719636
719637
719638
719639
719640
719642
719643
719645
719647
719648
719650
719651
719652
719654
719655
719656
719658
719659
719660
719661
719662
719663
719665
719666
719667
719668
719670
719671
719675
719677
719678
719679
719680
719681
719682
719683
719684
719685
719686
719688
719691
719692
719693
719694
719695
719696
719697
719698
719699
719700
719701
719702
719703
719704
719705
719707
719708
719709
719710
719711
719712
719713
719714
719715
719716
719717
719718
719719
719720
719721
719722
719723
719724
719725
719726
719727
719728
719729
719730
719731
719732
719733
719734
719735
719736
719738
719739
719740
719741
719742
719743
719744
719745
719746
719747
719748
719749
719750
719751
719753
719754
719755
719756
719758
719761
719763
719764
719765
719766
719767
719768
719769
719770
719771
719773
719774
719775
719777
719779
719780
719783
719784
719785
719786
719787
719788
719789
719793
719794
719799
719800
719801
719802
719803
719804
719805
719806
719807
719808
719809
719810
719811
719812
719813
719814
719815
719816
719818
719819
719820
719821
719822
719823
719824
719825
719826
719827
719828
719829
719830
719831
719834
719835
719836
719837
719838
719839
719842
719843
719844
719845
719846
719847
719848
719849
719850
719851
719852
719853
719855
719856
719857
719858
719859
719860
719861
719862
719863
719864
719865
719866
719867
719868
719869
719870
719872
719873
719874
719875
719876
719877
719878
719879
719880
719881
719882
719883
719884
719885
719887
719888
719889
719890
719891
719892
719895
719896
719898
719899
719900
719901
719902
719903
719904
719905
719906
719907
719908
719909
719910
719911
719912
719913
719914
719915
719916
719917
719918
719919
719920
719922
719923
719924
719925
719926
719927
719928
719929
719930
719931
719932
719933
719934
719935
719936
719937
719938
719939
719940
719941
719942
719943
719944
719945
719946
719947
719948
719949
719950
719951
719952
719953
719954
719955
719956
719957
719958
719959
719960
719961
719962
719963
719964
719966
719967
719968
719970
719971
719972
719973
719974
719975
719976
719977
719978
719979
719980
719981
719982
719983
719984
719985
719986
719987
719988
719990
719991
719992
719993
719994
719995
719996
719997
719998
719999
720000
720001
720002
720003
720005
720006
720007
720008
720009
720010
720011
720012
720013
720014
720015
720016
720017
720018
720020
720021
720022
720023
720025
720026
720027
720028
720029
720032
720033
720034
720035
720037
720038
720039
720040
720041
720042
720043
720044
720045
720046
720047
720049
720050
720052
720053
720056
720057
720058
720059
720060
720061
720062
720063
720065
720066
720068
720069
720070
720071
720072
720073
720076
720079
720080
720081
720082
720083
720084
720085
720086
720089
720090
720091
720092
720093
720094
720095
720096
720097
720098
720099
720100
720101
720102
720104
720105
720106
720107
720108
720109
720110
720111
720112
720113
720114
720115
720116
720117
720118
720119
720120
720122
720123
720124
720128
720129
720131
720132
720134
720135
720136
720137
720139
720141
720142
720143
720144
720145
720146
720147
720149
720150
720152
720153
720155
720156
720158
720159
720160
720161
720162
720163
720164
720166
720167
720168
720169
720170
720172
720173
720175
720176
720177
720178
720179
720180
720181
720182
720183
720184
720186
720187
720188
720190
720193
720194
720196
720197
720198
720199
720200
720201
720202
720203
720204
720205
720208
720209
720211
720212
720214
720215
720216
720217
720218
720219
720220
720221
720223
720224
720225
720226
720227
720228
720230
720231
720232
720233
720235
720236
720237
720238
720239
720240
720241
720242
720243
720244
720246
720247
720248
720249
720250
720251
720252
720253
720254
720255
720256
720257
720259
720260
720262
720263
720264
720265
720266
720267
720268
720269
720270
720271
720272
720273
720274
720275
720277
720278
720279
720280
720281
720282
720283
720284
720286
720287
720288
720290
720291
720293
720294
720296
720297
720298
720299
720300
720301
720302
720303
720304
720305
720306
720307
720308
720309
720310
720311
720312
720313
720314
720315
720316
720317
720318
720319
720320
720321
720323
720324
720325
720326
720327
720331
720332
720333
720334
720335
720336
720337
720339
720340
720341
720342
720343
720344
720345
720346
720347
720348
720349
720350
720351
720352
720353
720354
720355
720356
720357
720358
720359
720360
720363
720364
720365
720366
720367
720368
720369
720370
720371
720372
720373
720374
720376
720377
720378
720379
720380
720382
720383
720385
720386
720387
720390
720391
720392
720393
720394
720395
720396
720397
720398
720399
720400
720401
720402
720403
720404
720405
720406
720407
720408
720409
720410
720411
720413
720414
720415
720416
720418
720419
720420
720421
720422
720423
720424
720425
720426
720427
720428
720429
720430
720431
720432
720433
720434
720435
720436
720437
720438
720439
720440
720441
720442
720443
720445
720446
720447
720448
720449
720450
720451
720452
720453
720454
720456
720457
720458
720459
720460
720461
720463
720464
720465
720466
720467
720468
720469
