633484
633485
633486
633487
633488
633489
633490
633491
633492
633493
633494
633495
633496
633497
633498
633499
6335
63350
633500
633501
633502
633503
633504
633505
633507
633508
633509
633510
633512
633513
633514
633515
633516
633517
633518
633519
63352
633520
633521
633522
633523
633524
633525
633526
633527
633529
63353
633530
633531
633532
633533
633534
633535
633536
633537
633538
633539
63354
633540
633542
633543
633544
633545
633546
633547
633548
633549
633550
633551
633552
633553
633554
633555
633556
633557
633558
633559
63356
633560
633561
633563
633564
633565
633566
633567
633568
63357
633570
633571
633572
633573
633574
633575
633576
633577
633578
63358
633582
633584
633585
633587
633588
63359
633591
633592
633593
633594
633595
633596
633597
633598
633599
63360
633600
633601
633602
633603
633604
633605
633606
633607
633608
633609
63361
633610
633611
633613
633614
633615
633616
633617
633618
633619
63362
633620
633622
633623
633624
633625
633626
633627
633628
633629
63363
633631
633632
633633
633634
633635
633636
633637
633638
633639
63364
633640
633641
633642
633643
633644
633645
633646
633647
633648
633649
63365
633650
633651
633652
633654
633655
633656
633657
633658
633659
63366
633660
633661
633662
633663
633664
633665
633666
633667
633668
63367
633671
633673
633674
633675
633676
633677
633678
633680
633681
633682
633683
633684
633685
633686
633687
633688
633689
63369
633690
633691
633692
633693
633694
633695
633696
633697
633698
633699
633701
633702
633703
633704
633705
633706
633707
633708
633709
63371
633710
633711
633712
633713
633714
633715
633716
633717
633718
633719
63372
633720
633721
633722
633723
633724
633725
633726
633727
633728
633729
633730
633731
633732
633733
633734
633735
633736
633737
633738
633739
63374
633740
633741
633742
633743
633744
633745
633746
633747
633748
633749
63375
633750
633751
633752
633753
633754
633755
633756
633757
633758
633759
63376
633760
633761
633762
633763
633764
633765
633766
633768
633769
63377
633770
633771
633772
633773
633774
633775
633776
633777
633778
633779
63378
633780
633781
633782
633783
633784
633785
633786
633787
633789
633790
633791
633792
633793
633794
633795
633796
633797
633798
633799
63380
633800
633801
633802
633803
633804
633805
633806
633807
633808
633809
63381
633810
633811
633812
633813
633814
633816
633817
633818
633819
63382
633820
633821
633822
633823
633824
633825
633826
633827
633828
633829
633830
633831
633832
633833
633834
633835
633836
633837
633838
633839
63384
633840
633841
633842
633843
633844
633845
633846
633847
633848
633849
633850
633851
633852
633853
633854
633855
633857
633858
633859
633861
633862
633863
633864
633865
633866
633867
633868
63387
633870
633871
633873
633874
633875
633876
633877
633878
633879
633880
633881
633882
633883
633884
633885
633886
633887
633888
633889
63389
633890
633892
633893
633894
633895
633896
633897
633898
633899
63390
633900
633901
633902
633903
633904
633905
633906
633907
633908
633909
633910
633911
633912
633913
633914
633915
633916
633917
633918
633919
63392
633920
633921
633922
633923
633924
633925
633926
633927
633928
633929
63393
633930
633931
633932
633933
633934
633935
633936
633939
633940
633941
633942
633943
633944
633945
633946
633947
633948
633949
63395
633950
633951
633952
633953
633954
633955
633956
633958
63396
633960
633961
633962
633963
633964
633965
633966
633967
633968
633969
63397
633970
633971
633972
633973
633974
633976
633977
633979
63398
633980
633982
633983
633987
633989
633990
633992
633997
633998
633999
634
63400
634000
634001
634002
634003
634004
634005
634006
634007
634008
634009
63401
634010
634011
634012
634013
634014
634015
634016
634017
634018
634019
63402
634020
634021
634022
634025
634026
634027
634028
634029
63403
634030
634031
634032
634033
634034
634035
634036
634037
634038
634039
63404
634040
634041
634042
634043
634044
634045
634046
634047
634048
634049
63405
634050
634051
634052
634053
634054
634055
634056
634057
634058
634059
63406
634060
634061
634062
634063
634064
634065
634066
634067
634068
63407
634071
634072
634073
634074
634075
634076
634077
634078
634079
63408
634081
634082
634083
634084
634086
634087
634088
634089
63409
634090
634091
634092
634093
634094
634095
634096
634097
634098
634099
6341
63410
634100
634101
634102
634103
634104
634105
634106
634107
634108
634109
63411
634110
634111
634112
634113
634115
634116
634117
634118
634120
634121
634124
634126
634128
634129
634130
634131
634132
634133
634134
634136
634137
634138
634139
63414
634140
634141
634142
634143
634144
634145
634146
634147
634148
634149
63415
634150
634151
634152
634154
634155
634156
634157
634158
634159
63416
634161
634162
634163
634164
634165
634166
634167
634168
634170
634171
634172
634173
634174
634175
634176
634177
634178
634179
63418
634180
634181
634183
634184
634185
634186
634188
634189
634190
634191
634192
634193
634194
634195
634196
634197
634198
634199
63420
634200
634201
634202
634203
634205
634206
634207
634208
634209
63421
634210
634212
634213
634214
634215
634216
634217
634218
634219
63422
634220
634221
634222
634223
634225
634226
634227
634228
634229
63423
634230
634231
634232
634233
634234
634235
634236
634237
634238
634239
63424
634240
634241
634242
634243
634244
634245
634246
634247
634248
634249
63425
634250
634251
634252
634253
634254
634256
634257
634258
634259
63426
634260
634261
634262
634263
634264
634265
634266
634267
634268
634269
63427
634270
634271
634272
634273
634274
634275
634276
634279
634280
634281
634282
634283
634284
634285
634286
634287
634288
634289
63429
634290
634291
634292
634293
634294
634295
634296
634297
634298
634299
63430
634300
634301
634302
634303
634304
634305
634306
634307
634308
634309
634310
634311
634312
634313
634314
634315
634316
634317
634318
634319
63432
634320
634321
634322
634323
634324
634325
634326
634327
634328
634329
634330
634331
634332
634333
634334
634335
634336
634337
634338
634339
63434
634340
634341
634342
634343
634344
634345
634346
634347
634348
634349
63435
634350
634351
634352
634353
634354
634355
634356
634358
634359
634360
634361
634362
634363
634364
634365
634366
634367
634368
634369
63437
634370
634371
634373
634374
634375
634376
634377
634378
634379
63438
634380
634381
634382
634383
634384
634385
634386
634387
634388
634389
63439
634391
634392
634393
634394
634395
634396
634397
634398
634399
63440
634400
634401
634402
634403
634404
634405
634406
634407
634409
63441
634410
634411
634412
634413
634414
634415
634417
634418
634419
63442
634420
634421
634422
634423
634424
634425
634426
634427
634428
634429
63443
634430
634432
634433
634434
634435
634436
634437
634438
634439
63444
634440
634441
634442
634443
634444
634445
634446
634447
634448
634449
63445
634450
634451
634452
634453
634454
634455
634457
634458
634459
63446
634460
634461
634462
634463
634464
634465
634466
634467
634468
634469
63447
634470
634471
634472
634473
634474
634475
634476
634477
634478
634479
63448
634481
634482
634483
634484
634485
634486
634487
634488
634489
63449
634490
634491
634492
634493
634494
634495
634496
634497
634498
634499
63450
634500
634501
634502
634503
634504
634505
634506
634507
634508
634509
63451
634510
634511
634512
634513
634514
634515
634517
634518
634519
63452
634520
634521
634522
634523
634524
634525
634526
634527
634528
634529
63453
634530
634531
634533
634535
634536
634537
634538
634539
63454
634540
634541
634542
634543
634544
634545
634547
634549
63455
634550
634551
634552
634553
634554
634555
634556
634557
634558
634559
634560
634561
634562
634563
634564
634565
634566
634567
634568
634569
63457
634570
634571
634572
634573
634574
634575
634576
634577
634578
63458
634582
634583
634584
634585
634586
634587
634588
634589
63459
634590
634591
634592
634593
634594
634595
634596
634598
634599
6346
63460
634600
634601
634602
634603
634604
634605
634606
634608
634609
63461
634610
634611
634612
634613
634614
634615
634616
634617
634618
634619
63462
634620
634621
634622
634623
634624
634625
634626
634627
634628
634629
63463
634630
634631
634632
634633
634634
634635
634637
634638
634639
634640
634642
634643
634644
634645
634646
634647
634648
634649
63465
634650
634651
634652
634653
634654
634656
634658
634659
634660
634661
634662
634663
634664
634665
634666
634667
63467
634670
634672
634673
634676
634677
634678
634679
63468
634680
634681
634682
634683
634684
634685
634686
634687
634688
634689
63469
634690
634691
634692
634693
634694
634695
634696
634697
634699
63470
634700
634701
634702
634703
634704
634706
634707
634708
634709
63471
634710
634711
634712
634713
634714
634715
634716
634717
634718
634719
63472
634720
634721
634722
634723
634724
634726
634727
634728
634729
634730
634731
634732
634733
634734
634735
634736
634737
634738
634739
63474
634740
634741
634742
634743
634744
634745
634746
634747
634748
634749
63475
634750
634751
634752
634753
634754
634755
634757
634758
634759
63476
634760
634761
634762
634763
634764
634765
634766
634767
634768
634769
63477
634770
634771
634772
634773
634774
634775
634776
634777
634778
634779
63478
634780
634781
634782
634783
634784
634785
634786
634787
634790
634791
634792
634794
634795
634796
634797
634798
634799
63480
634800
634801
634802
634803
634804
634805
634806
634807
634808
63481
634810
634811
634812
634813
634814
634815
634816
634817
634818
634819
63482
634820
634821
634822
634823
634824
634825
634826
634827
634828
634829
63483
634830
634831
634832
634833
634834
634835
634836
634837
634838
634839
63484
634840
634841
634843
634844
634845
634846
634847
634848
634849
63485
634850
634851
634852
634853
634854
634855
634856
634857
634858
634859
63486
634860
634861
634862
634863
634864
634865
634866
634867
634868
634869
63487
634870
634871
634872
634873
634875
634876
634877
634878
634879
63488
634880
634882
634883
634884
634886
634888
634889
63489
634891
634892
634893
634894
634895
634896
634897
634898
634899
634900
634901
634902
634903
634904
634905
634906
634907
634908
634909
63491
634910
634911
634912
634915
634916
634917
634918
634919
63492
634920
634921
634922
634923
634924
634925
634926
634927
634928
634929
63493
634930
634931
634932
634933
634934
634935
634936
634937
634939
63494
634940
634942
634943
634944
634945
634946
634947
634948
634949
63495
634951
634952
634953
634954
634955
634956
634957
634958
634959
63496
634960
634961
634962
634963
634964
634965
634966
634967
634968
634969
63497
634970
634972
634973
634974
634975
634976
634977
634978
634979
63498
634980
634981
634982
634983
634984
634985
634986
634988
634989
63499
634990
634991
634992
634993
634994
634995
634996
634997
634998
634999
635
63500
635000
635002
635003
635004
635005
635006
635007
635008
63501
635010
635011
635012
635013
635014
635015
635016
635017
635018
635019
63502
635020
635021
635022
635023
635024
635025
635026
635027
635028
635029
63503
635030
635031
635032
635033
635034
635035
635036
635037
635038
635039
63504
635040
635041
635042
635043
635044
635045
635046
635047
635048
635049
63505
635050
635051
635052
635053
635054
635055
635056
635057
635058
635059
63506
635060
635061
635062
635063
635064
635065
635066
635067
635068
635069
63507
635070
635071
635072
635073
635074
635075
635076
635077
635078
635079
63508
635080
635081
635082
635083
635084
635085
635086
635087
635088
635090
635091
635092
635093
635094
635095
635096
635097
635098
635099
63510
635100
635101
635102
635103
635104
635105
635106
635107
635108
635109
635110
635111
635112
635113
635114
635115
635116
635117
635118
635119
63512
635120
635122
635123
635124
635125
635126
635128
635129
63513
635130
635131
635132
635133
635134
635135
635136
635137
635138
635139
63514
635140
635141
635142
635143
635144
635145
635146
635147
635148
635149
63515
635150
635151
635152
635153
635154
635155
635156
635157
635158
635159
63516
635160
635162
635163
635164
635165
635166
635167
635168
635169
63517
635170
635171
635172
635173
635174
635175
635176
635177
635178
635179
635180
635181
635183
635184
635185
635186
635187
635188
635189
63519
635190
635191
635192
635193
635194
635196
635197
635198
635199
63520
635200
635201
635202
635203
635204
635205
635206
635207
635208
635209
63521
635210
635211
635212
635213
635214
635215
635216
635218
635219
63522
635220
635221
635222
635223
635224
635225
635226
635227
635228
635229
635230
635231
635232
635233
635234
635235
635236
635237
635238
635239
63524
635240
635241
635242
635243
635244
635245
635246
635247
635248
635249
63525
635250
635251
635252
635253
635254
635255
635256
635257
635258
635259
63526
635260
635261
635262
635266
635267
635268
635269
635270
635271
635272
635273
635274
635275
635276
635277
635278
635279
63528
635280
635281
635282
635283
635284
635285
635286
635287
635288
635289
63529
635290
635291
635292
635295
635296
635298
635299
63530
635300
635301
635302
635303
635304
635305
635306
635307
635308
635309
63531
635310
635311
635312
635313
635314
635318
63532
635320
635321
635322
635323
635324
635325
635326
635327
635328
635329
63533
635330
635331
635332
635333
635334
635335
635336
635337
635338
635339
63534
635340
635341
635342
635343
635344
635345
635346
635347
635348
635349
63535
635350
635351
635352
635353
635354
635355
635356
635357
635359
63536
635360
635361
635363
635364
635365
635366
635367
635368
635369
63537
635370
635371
635372
635374
635375
635376
635378
635379
63538
635380
635381
635383
635384
635385
635386
635387
635388
635389
63539
635390
635391
635392
635393
635394
635395
635396
635397
635398
635399
63540
635400
635401
635402
635403
635404
635405
635406
635407
635408
635409
63541
635410
635411
635412
635413
635414
635415
635416
635417
635418
635419
635420
635421
635422
635423
635424
635425
635426
635427
635428
635429
635430
635431
635432
635433
635434
635435
635436
635437
635438
635439
635440
635441
635442
635443
635444
635445
635446
635447
635448
635449
63545
635450
635451
635453
635454
635455
635456
635457
635458
635459
635461
635462
635463
635464
635465
635466
635467
635468
635469
635470
635471
635472
635473
635474
635475
635476
635477
635478
635479
635480
635481
635482
635483
635484
635485
635486
635487
635488
635489
63549
635490
635491
635492
635493
635494
635495
635496
635497
635498
635499
63550
635500
635501
635502
635503
635504
635505
635506
635507
635508
635509
63551
635510
635511
635512
635513
635514
635515
635516
635518
635519
635520
635521
635522
635523
635524
635526
635527
635528
63553
635530
635531
635532
635533
635534
635535
635536
635537
635538
635539
63554
635540
635541
635542
635543
635544
635545
635546
635547
635548
635549
63555
635550
635551
635552
635553
635554
635555
635556
635558
63556
635560
635561
635562
635563
635564
635565
635566
635568
635569
63557
635570
635571
635573
635574
635575
635576
635578
635579
63558
635580
635581
635582
635583
635584
635585
635586
635587
635588
635589
63559
635590
635591
635592
635593
635595
635596
635597
635598
635600
635601
635602
635603
635604
635605
635606
635607
635608
635609
635610
635612
635613
635615
635616
635617
635619
63562
635620
635621
635622
635623
635624
635625
635627
635628
635629
63563
635630
635631
635632
635633
635634
635635
635636
635637
635638
635639
63564
635640
635641
635642
635643
635644
635645
635646
635647
635648
635649
63565
635650
635651
635652
635653
635654
635656
635657
635658
635659
63566
635660
635661
635662
635663
635664
635665
635666
635667
635668
635669
63567
635670
635671
635672
635673
635674
635675
635676
635677
635678
635679
63568
635680
635681
635682
635683
635684
635685
635686
635687
635688
63569
635690
635691
635692
635694
635695
635696
635697
635698
635699
63570
635700
635701
635702
635703
635704
635705
635706
635707
635708
635709
63571
635710
635711
635712
635713
635714
635715
635716
635717
635718
635719
63572
635720
635721
635722
635723
635725
635726
635727
635728
635729
63573
635730
635731
635732
635733
635734
635735
635736
635737
635738
635739
63574
635740
635741
635742
635743
635744
635745
635746
635747
635748
635749
63575
635750
635751
635752
635753
635754
635755
635756
635757
635758
635759
63576
635760
635761
635762
635763
635764
635765
635766
635767
635768
635769
63577
635770
635771
635772
635773
635774
635775
635776
635777
635778
635779
63578
635780
635781
635782
635784
635785
635786
635787
635788
635789
63579
635790
635791
635792
635793
635794
635795
635797
635798
635799
63580
635800
635801
635802
635803
635804
635805
635806
635808
63581
635810
635811
635812
635813
635814
635815
635816
635817
635818
635819
63582
635820
635821
635823
635824
635825
635826
635827
635828
63583
635830
635831
635832
635833
635834
635835
635836
635837
635838
635839
635840
635841
635842
635843
635844
635845
635846
635847
635848
635849
63585
635850
635851
635852
635853
635855
635857
635858
635860
635861
635862
635863
635864
635865
635866
635867
635868
635869
63587
635870
635872
635873
635874
635875
635876
635877
635878
635879
63588
635880
635881
635882
635883
635885
635886
635887
635888
635889
635890
635891
635892
635894
635895
635896
635897
635898
635899
6359
63590
635900
635901
635902
635903
635905
635906
635907
635908
635909
63591
635910
635911
635912
635913
635914
635915
635918
635919
63592
635920
635921
635922
635924
635925
635926
635927
635928
63593
635930
635931
635932
635933
635934
635935
635936
635937
635938
635939
63594
635940
635942
635943
635944
635945
635946
635947
635948
635949
635950
635951
635952
635953
635954
635955
635956
635957
635959
63596
635960
635961
635962
635963
635964
635965
635968
635969
63597
635971
635972
635973
635974
635975
635978
635979
63598
635980
635982
635984
635985
635986
635989
63599
635990
635991
635992
635993
635994
635995
635996
635997
635998
635999
636
6360
63600
636000
636001
636002
636003
636004
636005
636006
636007
636008
636009
63601
636010
636011
636012
636013
636014
636015
636016
636017
636018
636019
636020
636021
636022
636023
636024
636025
636026
636027
636028
636029
636030
636031
636032
636033
636034
636035
636036
636037
636038
636039
63604
636041
636042
636043
636044
636045
636046
636047
636048
636049
63605
636050
636051
636053
636054
636055
636056
636057
636059
63606
636060
636061
636062
636063
636064
636066
636067
636068
636069
63607
636070
636072
636073
636074
636075
636076
636077
636079
63608
636080
636082
636088
636089
63609
636090
636092
636093
636094
636095
636096
636097
636098
636099
6361
63610
636100
636101
636102
636103
636104
636105
636106
636107
636108
63611
636111
636113
636114
636115
636116
636117
636118
636119
63612
636120
636121
636122
636123
636124
636125
636126
636127
636128
636129
63613
636130
636131
636132
636133
636134
636135
636136
636138
636139
63614
636140
636141
636142
636143
636144
636146
636147
636148
636149
63615
636150
636151
636152
636153
636154
636155
636157
636158
63616
636160
636161
636162
636163
636164
636166
636167
636168
636169
63617
636170
636171
636172
636173
636174
636175
636176
636177
636178
636179
63618
636180
636181
636182
636183
636184
636185
636186
636187
636188
636189
63619
636190
636191
636192
636193
636194
636195
636197
636198
636199
63620
636200
636201
636202
636203
636204
636205
636206
636207
636208
636209
636210
636211
636212
636213
636214
636215
636216
636217
636218
636219
63622
636220
636221
636222
636223
636224
636225
636226
636227
636228
636229
63623
636231
636232
636233
636235
636236
636237
636238
636239
63624
636240
636241
636242
636243
636244
636245
636246
636247
636248
636249
63625
636250
636251
636252
636253
636254
636255
636256
636257
636258
636259
63626
636260
636261
636262
636263
636264
636265
636266
636267
636268
636269
636270
636271
636272
636273
636274
636275
636276
636277
636278
636279
636280
636281
636282
636283
636284
636285
636286
636287
636288
636289
636290
636291
636293
636294
636295
636296
636297
636298
636299
6363
63630
636300
636301
636302
636303
636304
636305
636306
636307
636308
636309
63631
636310
636311
636312
636313
636314
636315
636316
636317
636318
636319
636320
636321
636322
636323
636324
636325
636326
636327
636328
636329
63633
636330
636331
636332
636333
636334
636335
636336
636337
636338
636339
63634
636340
636341
636342
636343
636344
636345
636346
636347
636348
636349
63635
636350
636351
636352
636353
636354
636355
636356
636357
636358
636359
63636
636360
636361
636362
636363
636364
636365
636366
636368
636369
63637
636370
636371
636372
636373
636374
636375
636376
636377
636378
636379
63638
636380
636381
636382
636383
636384
636385
636386
636387
636388
636389
63639
636390
636392
636393
636394
636395
636396
636397
636398
636399
6364
63640
636400
636401
636402
636403
636404
636405
636406
636408
636409
63641
636410
636411
636412
636413
636414
636415
636416
636418
636419
63642
636420
636421
636422
636423
636424
636425
636426
636427
636428
636429
63643
636430
636431
636432
636433
636434
636435
636437
636438
636439
63644
636440
636441
636444
636445
636446
636447
636448
636449
636450
636451
636452
636453
636454
636455
636456
636457
636458
636459
63646
636460
636461
636463
636464
636465
636466
636467
636468
636469
63647
636470
636471
636473
636474
636475
636476
636477
636478
636479
63648
636480
636481
636482
636483
636484
636486
636487
636488
636489
63649
636490
636491
636492
636493
636494
636495
636498
636499
6365
63650
636500
636501
636502
636503
636504
636505
636506
636507
636508
636509
63651
636510
636511
636512
636513
636514
636515
636516
636517
636518
636519
63652
636520
636521
636522
636523
636524
636525
636526
636527
636528
636529
63653
636530
636531
636532
636534
636535
636536
636537
636538
636539
63654
636540
636541
636542
636543
636544
636546
636547
636548
636549
63655
636550
636551
636552
636553
636554
636555
636556
636557
636558
636559
636560
636561
636563
636564
636565
636566
636567
636568
636569
63657
636570
636571
636572
636573
636574
636575
636576
636577
636578
636579
63658
636580
636582
636583
636584
636585
636586
636587
636588
636589
63659
636590
636591
636592
636593
636594
636595
636596
636597
636598
636599
6366
63660
636600
636601
636602
636603
636604
636605
636606
636607
636608
636609
63661
636610
636611
636612
636613
636614
636615
636616
636617
636618
636619
63662
636620
636621
636622
636623
636625
636626
636627
63663
636630
636631
636632
636633
636634
636635
636636
636637
636638
636639
63664
636640
636641
636642
636643
636644
636645
636646
636647
636648
636649
63665
636650
636651
636652
636653
636654
636655
636656
636657
636658
636659
63666
636660
636661
636662
636663
636665
636667
636669
63667
636670
636671
636672
636673
636674
636675
636676
636677
636678
636679
63668
636680
636681
636682
636683
636684
636685
636686
636687
636688
636689
63669
636690
636691
636693
636694
636695
636696
636697
636698
636699
6367
63670
636700
636701
636702
636703
636704
636705
636706
636707
636708
636709
63671
636710
636711
636712
636713
636714
636715
636716
636717
636718
636719
636720
636721
636722
636723
636724
636726
636727
636728
636729
63673
636730
636731
636732
636733
636734
636735
636736
636737
636738
636739
63674
636740
636741
636742
636743
636744
636745
636746
636747
636748
636749
63675
636751
636752
636753
636754
636755
636756
636757
636758
636759
63676
636760
636761
636762
636763
636764
636765
636766
636767
636768
636769
63677
636770
636771
636772
636773
636774
636775
636776
636777
636778
636779
63678
636780
636781
636782
636783
636784
636785
636786
636787
636788
636789
63679
636790
636791
636792
636793
636794
636796
636797
636798
636799
6368
63680
636800
636801
636802
636803
636805
636806
636807
636808
636809
63681
636810
636811
636812
636813
636814
636815
636816
636819
63682
636821
636822
636823
636824
636825
636826
636827
636828
636829
63683
636830
636831
636832
636833
636834
636835
636836
636838
636839
63684
636840
636841
636842
636844
636845
636846
636847
636848
636849
63685
636850
636851
636852
636853
636854
636855
636856
636857
636858
636859
63686
636860
636861
636862
636863
636865
636866
636867
636868
636869
63687
636870
636871
636872
636873
636874
636875
636876
636877
636878
636879
63688
636880
636881
636882
636883
636884
636885
636886
636887
636888
636889
63689
636890
636891
636892
636893
636894
636895
636896
636897
636898
636899
6369
63690
636900
636901
636902
636903
636904
636905
636906
636907
636908
636909
63691
636910
636911
636912
636913
636914
636915
636916
636917
636918
636919
636921
636922
636923
636926
636927
636928
636931
636932
636933
636934
636935
636937
636938
636939
636940
636941
636942
636943
636944
636945
636946
636947
636948
636949
63695
636950
636951
636952
636953
636954
636955
636956
636957
636958
636959
63696
636960
636961
636962
636963
636964
636965
636967
636968
636970
636971
636972
636973
636974
636975
636976
636977
636979
63698
636980
636981
636982
636983
636984
636985
636986
636987
636988
636989
63699
636990
636991
636992
636993
636994
636995
636996
636997
636998
636999
637
63700
637000
637002
637003
637004
637005
637006
637007
637008
637009
63701
637010
637011
637013
637014
637015
637016
637017
637018
637019
63702
637020
637021
637022
637023
637024
637025
637026
63703
637030
637031
637032
637033
637034
637035
637036
637037
637038
637039
637040
637042
637043
637044
637045
637046
637047
637048
637049
63705
637050
637051
637052
637053
637054
637055
637056
637057
637058
63706
637060
637061
637062
637063
637064
637065
637066
637067
637068
637069
63707
637070
637071
637072
637073
637074
637075
637076
637077
637078
637079
63708
637080
637081
637083
637084
637085
637086
637087
637088
637089
63709
637090
637091
637092
637093
637094
637095
637096
637097
637099
63710
637100
637101
637102
637103
637104
637105
637106
637107
637108
637109
637110
637111
637112
637113
637114
637115
637116
637117
637118
637119
63712
637120
637121
637122
637123
637124
637126
637127
637128
637129
63713
637130
637131
637133
637134
637136
637138
637139
637140
637141
637142
637143
637144
637145
637146
637147
637148
63715
637150
637151
637152
637153
637154
637156
637157
637159
63716
637160
637161
637162
637163
637164
637165
637166
637167
637168
637169
63717
637170
637172
637173
637174
637175
637176
637177
637178
637179
63718
637180
637181
637182
637183
637184
637185
637186
637187
637188
637189
63719
637190
637191
637192
637193
637195
637196
637197
637198
637199
6372
63720
637200
637202
637204
637205
637206
637208
637209
63721
637210
637211
637212
637214
637215
637216
637217
637218
637219
63722
637220
637222
637223
637224
637225
637226
637227
637228
637229
63723
637230
637231
637232
637233
637234
637236
637237
63724
637240
637241
637242
637243
637244
637245
637246
637247
637248
637249
63725
637250
637251
637252
637253
637254
637255
637256
637257
637258
637259
63726
637260
637261
637262
637263
637264
637265
637266
637267
637268
637269
63727
637272
637273
637274
637275
637276
637278
637279
637280
637281
637282
637284
637287
637288
637289
63729
637290
637291
637292
637293
637294
637295
637296
637297
637298
637299
6373
63730
637300
637301
637302
637303
637305
637306
637307
637308
637309
63731
637310
637311
637312
637313
637314
637315
637318
637319
63732
637320
637321
637322
637323
637324
637325
637326
637328
637329
637330
637331
637332
637333
637334
637335
637337
637338
637339
637340
637341
637342
637343
637344
637345
637346
637347
637348
637349
63735
637350
637351
637352
637353
637354
637355
637356
637357
637359
63736
637360
637361
637362
637363
637364
637366
637367
637368
637369
637370
637371
637373
637374
637375
637376
637377
637378
637379
637380
637381
637382
637383
637384
637385
637386
637387
637388
637389
63739
637390
637392
637393
637394
637395
637396
637397
637398
637399
6374
63740
637400
637401
637402
637403
637404
637405
637406
637407
637408
637409
63741
637410
637411
637412
637413
637414
637415
637416
637417
637419
63742
637420
637422
637424
637426
637427
637428
637429
63743
637430
637431
637432
637433
637434
637435
637436
637437
637438
637439
63744
637440
637441
637442
637443
637444
637445
637446
637447
637448
637449
63745
637450
637451
637452
637453
637454
637455
637456
637457
637458
637459
63746
637460
637461
637462
637463
637464
637465
637466
637467
637469
63747
637470
637471
637472
637473
637474
637475
637476
637478
637479
637481
637482
637483
637484
637485
637486
637487
637488
637489
63749
637490
637491
637493
637494
637495
637496
637497
637498
637499
63750
637500
637501
637502
637503
637504
637505
637506
637507
637508
637509
63751
637510
637511
637512
637513
637514
637515
637516
637517
637518
63752
637520
637522
637523
637524
637525
637526
637527
637528
637529
63753
637530
637531
637532
637533
637534
637535
637536
637537
637539
63754
637540
637541
637542
637543
637544
637545
637546
637547
637548
637549
63755
637550
637551
637553
637554
637555
637556
637557
637558
637559
637560
637561
637562
637563
637564
637565
637566
637567
637568
637569
63757
637570
637571
637572
637573
637574
637575
637576
637577
637578
637579
637580
637582
637583
637584
637585
637586
637587
637588
637589
637590
637591
637592
637593
637595
637596
637597
637598
637599
63760
637600
637601
637602
637603
637604
637605
637606
637607
637608
637609
63761
637610
637611
637612
637614
637615
637616
637617
637619
63762
637620
637621
637622
637623
637624
637625
637626
637627
637628
637629
63763
637630
637631
637632
637633
637634
637635
637636
637637
637638
637639
63764
637640
637641
637642
637643
637644
637645
637646
637647
637648
637649
63765
637650
637651
637652
637655
637656
637657
637658
637659
63766
637660
637661
637662
637663
637664
637665
637666
637667
637668
637669
63767
637670
637671
637672
637673
637674
637675
637676
637677
637678
637679
63768
637680
637681
637682
637683
637684
637685
637686
637687
637688
637689
63769
637690
637691
637692
637693
637694
637695
637696
637697
637698
637699
63770
637700
637701
637702
637703
637704
637705
637706
637709
63771
637710
637711
637712
637713
637714
637715
637716
637717
637718
637719
63772
637720
637721
637722
637723
637724
637725
637726
637727
637728
637729
63773
637732
637733
637734
637735
637737
637738
637739
63774
637740
637741
637742
637743
637744
637745
637746
637747
637748
637749
63775
637750
637751
637752
637753
637754
637755
637756
637757
637758
637759
637760
637761
637762
637763
637765
637766
637767
637768
637769
63777
637770
637771
637772
637773
637774
637775
637776
637777
637778
637779
63778
637780
637781
637782
637783
637784
637785
637786
637788
637789
63779
637790
637791
637792
637793
637794
637795
637796
637797
637798
637799
63780
637801
637802
637803
637804
637805
637806
637807
637808
637809
63781
637810
637811
637812
637813
637814
637815
637816
637817
637818
637819
637821
637822
637823
637824
637825
637826
637827
637828
637829
63783
637830
637831
637832
637834
637835
637836
637837
637838
637839
63784
637840
637841
637842
637843
637845
637846
637847
637848
637849
63785
637850
637851
637852
637853
637854
637855
637856
637857
63786
637860
637861
637862
637863
637864
637865
637867
637868
63787
637870
637872
637875
637876
637877
637878
637879
63788
637881
637882
637883
637884
637885
637886
637887
637888
637889
637890
637893
637894
637895
637898
637899
63790
637900
637901
637902
637903
637905
637906
637907
637908
637909
63791
637910
637911
637912
637913
637914
637915
637916
637917
637918
637919
637920
637921
637922
637923
637924
637925
637926
637927
637928
637929
63793
637930
637931
637932
637933
637935
637936
637937
637938
637939
63794
637941
637942
637943
637944
637945
637946
637947
637948
637949
63795
637950
637951
637952
637953
637954
637955
637957
637958
637959
63796
637960
637961
637962
637963
637964
637965
637966
637967
637968
637969
63797
637970
637971
637972
637973
637974
637975
637976
637977
637978
637979
63798
637980
637981
637982
637983
637984
637985
637986
637987
637988
637989
63799
637990
637991
637992
637993
637994
637995
637996
637997
637998
637999
638
63800
638000
638001
638003
638004
638005
638006
638007
638008
63801
638011
638012
638013
638014
638015
638016
638017
638018
638019
63802
638020
638021
638022
638023
638024
638025
638026
638027
638028
638029
63803
638030
638031
638032
638033
638034
638035
638036
638037
638038
638039
63804
638040
638042
638043
638044
638045
638046
638047
638049
63805
638050
638051
638052
638053
638057
638058
638059
638060
638061
638062
638063
638064
638066
638068
638069
638070
638071
638072
638073
638074
638075
638076
638077
638078
638079
63808
638080
638081
638082
638083
638084
638085
638086
638087
638088
638089
63809
638090
638091
638092
638093
638094
638095
638097
638098
638099
63810
638100
638101
638102
638103
638104
638105
638106
638107
638108
638109
63811
638110
638111
638112
638113
638114
638115
638116
638117
638118
638119
63812
638120
638121
638122
638123
638124
638125
638126
638127
638128
638129
63813
638130
638131
638132
638133
638134
638135
638136
638137
638138
638139
63814
638141
638142
638143
638144
638145
638146
638147
638148
638149
63815
638150
638151
638152
638153
638154
638155
638156
638157
638158
638159
63816
638160
638161
638162
638163
638164
638165
638166
638167
638168
638169
63817
638170
638171
638172
638173
638174
638175
638176
638177
638178
638179
63818
638180
638181
638182
638183
638184
638185
638186
638187
638188
638189
63819
638190
638191
638192
638193
638194
638195
638196
638197
638198
638199
6382
63820
638200
638201
638202
638203
638204
638205
638206
638207
638208
638209
63821
638210
638211
638212
638213
638214
638215
638216
638217
638218
638219
63822
638220
638221
638222
638223
638224
638226
638228
638229
63823
638231
638232
638233
638234
638235
638236
638237
638238
638239
638240
638241
638242
638243
638245
638246
638247
638248
638249
63825
638250
638251
638253
638254
638255
638256
638257
638258
638259
63826
638260
638261
638262
638263
638264
638265
638266
638267
638268
638269
63827
638270
638271
638273
638274
638275
638276
638277
638278
638279
63828
638280
638281
638282
638283
638284
638285
638286
638287
638288
638289
638290
638291
638292
638293
638294
638295
638296
638297
638298
638299
6383
63830
638300
638301
638302
638303
638304
638306
638307
638308
638309
63831
638310
638311
638312
638313
638314
638315
638316
638317
638318
638319
63832
638320
638321
638323
638324
638326
638327
638328
638329
63833
638330
638331
638333
638334
638335
638336
638337
638338
638339
63834
638340
638341
638342
638343
638344
638345
638346
638347
638348
638349
638350
638351
638352
638353
638354
638355
638356
638357
638358
638359
638360
638361
638362
638363
638364
638365
638366
638367
638368
638369
638370
638371
638372
638373
638374
638375
638376
638378
63838
638380
638381
638382
638383
638384
638385
638386
638388
638389
63839
638390
638391
638392
638393
638394
638395
638396
638397
638398
638399
6384
63840
638400
638401
638402
638403
638404
638405
638406
638407
638408
638409
63841
638410
638411
638412
638413
638414
638415
638416
638417
