1061886
1061887
1061888
1061889
106189
1061890
1061891
1061892
1061893
1061894
1061895
1061896
1061899
10619
1061900
1061901
1061902
1061903
1061904
1061905
1061907
1061908
1061909
106191
1061910
1061911
1061912
1061913
1061914
1061915
1061916
1061917
1061918
1061919
1061920
1061921
1061922
1061923
1061924
1061925
1061926
1061927
1061928
1061929
1061930
1061931
1061932
1061933
1061934
1061935
1061936
106194
1061940
1061941
1061942
1061943
1061944
1061945
1061946
1061947
1061948
1061949
106195
1061950
1061951
1061953
1061955
1061956
1061957
1061958
1061959
106196
1061961
1061962
1061963
1061964
1061965
1061966
1061967
1061968
1061969
1061970
1061971
1061972
1061973
1061974
1061975
1061976
1061977
1061978
1061979
1061982
1061983
1061984
1061985
1061986
1061987
1061988
1061989
106199
1061990
1061991
1061992
1061993
1061994
1061995
1061996
1061997
1061998
1061999
10620
1062000
1062001
1062002
1062003
1062004
1062005
1062006
1062007
1062009
106201
1062010
1062011
1062012
1062013
1062014
1062015
1062016
1062017
1062018
1062019
106202
1062020
1062021
1062022
1062023
1062024
1062025
1062026
1062027
1062028
1062029
106203
1062031
1062033
1062034
1062035
1062036
1062038
1062039
106204
1062040
1062041
1062043
1062044
1062045
1062046
1062047
1062048
1062049
106205
1062050
1062051
1062052
1062054
1062057
1062060
1062061
1062062
1062063
1062064
1062065
1062066
1062067
1062068
1062069
106207
1062070
1062071
1062072
1062073
1062074
1062075
1062078
1062079
1062080
1062082
1062084
1062085
1062086
1062087
1062088
1062089
1062090
1062091
1062092
1062093
1062094
1062095
1062096
1062097
1062098
1062099
10621
106210
1062102
1062104
1062105
1062106
1062108
1062109
106211
1062110
1062111
1062112
1062113
1062114
1062115
1062117
1062118
1062119
1062120
1062122
1062123
1062124
1062125
1062127
1062128
1062129
106213
1062130
1062131
1062134
1062135
1062136
1062137
1062138
1062139
106214
1062140
1062141
1062142
1062143
1062144
1062145
1062146
1062147
1062149
1062150
1062151
1062152
1062153
1062154
1062155
1062156
1062157
1062158
1062159
106216
1062160
1062162
1062163
1062164
1062165
1062167
1062168
1062169
1062171
1062172
1062173
1062174
1062175
1062176
1062177
1062178
1062179
1062181
1062182
1062184
1062185
1062186
1062187
1062188
1062189
106219
1062190
1062191
1062193
1062194
1062195
1062197
1062198
1062199
10622
106220
1062200
1062201
1062202
1062203
1062204
1062205
1062206
1062207
1062208
1062209
1062211
1062212
1062213
1062214
1062215
1062216
1062217
1062218
1062219
106222
1062220
1062221
1062223
1062224
1062225
1062226
1062227
1062228
106223
1062230
1062231
1062232
1062233
1062234
1062235
1062236
1062237
1062238
1062239
106224
1062240
1062242
1062243
1062244
1062245
1062246
1062247
1062248
1062249
1062250
1062251
1062252
1062253
1062254
1062255
1062256
1062257
1062258
1062259
1062260
1062261
1062262
1062264
1062265
1062267
1062268
1062269
106227
1062270
1062271
1062273
1062274
1062275
1062276
1062277
1062278
1062279
106228
1062280
1062281
1062282
1062283
1062284
1062285
1062287
1062288
1062289
1062290
1062291
1062292
1062293
1062294
1062295
1062296
1062297
1062298
1062299
10623
106230
1062300
1062301
1062302
1062303
1062304
1062306
1062307
1062308
1062309
106231
1062310
1062311
1062312
1062313
1062314
1062315
1062316
1062317
1062318
1062319
1062320
1062321
1062324
1062325
1062327
1062328
1062329
1062330
1062332
1062333
1062335
1062336
1062338
1062339
106234
1062340
1062341
1062342
1062343
1062344
1062345
1062346
1062347
1062348
1062349
1062350
1062351
1062352
1062353
1062354
1062355
1062356
1062357
1062358
1062359
1062360
1062361
1062362
1062363
1062364
1062365
1062366
1062367
1062368
1062369
1062370
1062371
1062372
1062373
1062374
1062375
1062376
1062377
1062378
1062379
106238
1062380
1062381
1062382
1062383
1062384
1062385
1062387
1062388
1062389
106239
1062390
1062391
1062392
1062393
1062394
1062395
1062396
1062397
1062398
1062399
1062400
1062401
1062402
1062403
1062404
1062405
1062406
1062407
1062408
1062409
106241
1062410
1062411
1062412
1062413
1062414
1062415
1062416
1062417
1062418
1062419
106242
1062420
1062421
1062422
1062424
1062425
1062426
1062427
1062428
1062429
106243
1062430
1062431
1062434
1062435
1062436
1062437
1062438
1062439
106244
1062440
1062441
1062442
1062443
1062444
1062445
1062446
1062447
1062448
1062449
106245
1062450
1062451
1062452
1062453
1062454
1062455
1062456
1062457
1062458
1062459
1062460
1062461
1062462
1062464
1062465
1062466
1062467
1062469
1062470
1062473
1062474
1062475
1062476
1062477
1062478
1062479
106248
1062480
1062481
1062482
1062483
1062484
1062485
1062486
1062487
1062488
1062489
106249
1062490
1062491
1062492
1062493
1062494
1062496
1062498
1062499
10625
106250
1062500
1062502
1062505
1062506
1062507
1062508
1062509
1062510
1062511
1062512
1062513
1062514
1062515
1062516
1062517
1062519
1062520
1062521
1062522
1062523
1062525
1062526
1062527
1062528
106253
1062530
1062531
1062532
1062533
1062534
1062535
1062536
1062537
1062538
1062539
106254
1062542
1062543
1062544
1062545
1062546
1062547
1062548
1062549
106255
1062550
1062551
1062553
1062554
1062556
1062557
1062558
1062559
106256
1062560
1062561
1062562
1062563
1062564
1062565
1062566
1062567
1062568
1062569
1062570
1062571
1062572
1062573
1062574
1062575
1062576
1062577
1062578
1062579
106258
1062580
1062581
1062582
1062583
1062584
1062585
1062586
1062587
1062588
1062589
106259
1062590
1062591
1062592
1062593
1062594
1062595
1062596
1062597
1062598
1062599
10626
106260
1062600
1062601
1062602
1062604
1062605
1062607
1062608
1062609
1062610
1062612
1062614
1062615
1062616
1062617
1062618
1062619
106262
1062621
1062622
1062623
1062624
1062626
1062627
1062628
1062629
1062630
1062631
1062632
1062633
1062634
1062635
1062636
1062637
1062638
1062639
106264
1062640
1062641
1062642
1062643
1062644
1062645
1062646
1062647
1062648
1062649
106265
1062650
1062651
1062652
1062653
1062654
1062655
1062656
1062657
1062658
1062659
106266
1062660
1062661
1062662
1062663
1062664
1062665
1062666
1062667
1062668
1062669
1062670
1062671
1062672
1062673
1062674
1062675
1062676
1062677
1062678
1062679
106268
1062680
1062681
1062682
1062683
1062684
1062685
1062686
1062687
1062688
1062689
106269
1062691
1062692
1062694
1062695
1062696
1062697
1062698
1062699
10627
1062700
1062701
1062702
1062703
1062704
1062705
1062706
1062707
1062708
1062709
106271
1062710
1062711
1062712
1062713
1062714
1062715
1062716
1062717
1062718
1062719
1062720
1062721
1062722
1062723
1062728
1062729
106273
1062730
1062731
1062732
1062733
1062734
1062735
1062736
1062737
1062738
1062739
1062740
1062741
1062742
1062743
1062745
1062746
1062748
1062749
1062750
1062751
1062752
1062753
1062755
1062756
1062757
1062758
1062759
1062760
1062761
1062762
1062763
1062764
1062765
1062766
1062767
1062768
1062769
106277
1062770
1062771
1062772
1062773
1062774
1062775
1062776
1062777
1062778
1062779
106278
1062780
1062781
1062782
1062783
1062784
1062785
1062786
1062787
1062788
1062789
1062790
1062791
1062792
1062793
1062794
1062795
1062796
1062797
1062798
1062799
10628
106280
1062800
1062801
1062802
1062804
1062807
1062808
1062809
1062810
1062812
1062813
1062814
1062815
1062816
1062817
1062818
1062819
1062820
1062821
1062822
1062823
1062824
1062825
1062826
1062827
1062829
1062831
1062832
1062833
1062834
1062835
1062836
1062837
1062838
1062839
106284
1062840
1062841
1062843
1062844
1062845
1062846
1062847
1062848
1062849
1062850
1062851
1062852
1062853
1062854
1062855
1062856
1062857
1062858
1062859
1062860
1062861
1062862
1062863
1062864
1062865
1062866
1062867
1062868
1062869
1062870
1062871
1062872
1062873
1062874
1062875
1062876
1062877
1062878
1062879
106288
1062880
1062881
1062885
1062886
1062887
1062888
1062889
1062890
1062891
1062892
1062893
1062894
1062895
1062896
1062897
1062898
1062899
10629
106290
1062900
1062901
1062902
1062903
1062904
1062906
1062907
1062909
1062910
1062911
1062912
1062913
1062914
1062915
1062916
1062917
1062918
1062919
106292
1062920
1062921
1062922
1062923
1062924
1062925
1062926
1062927
1062928
1062929
106293
1062931
1062932
1062933
1062934
1062935
1062936
1062937
1062939
106294
1062940
1062941
1062942
1062943
1062944
1062945
1062946
1062947
1062949
1062950
1062951
1062952
1062953
1062955
1062956
1062957
1062958
1062959
106296
1062960
1062961
1062962
1062963
1062964
1062965
1062966
1062967
1062968
1062969
1062970
1062971
1062972
1062973
1062974
1062975
1062976
1062977
1062978
1062979
1062980
1062981
1062982
1062983
1062984
1062985
1062986
1062988
1062989
106299
1062993
1062994
1062995
1062996
1062997
1062998
1062999
10630
1063000
1063001
1063002
1063003
1063004
1063005
1063006
1063007
1063008
1063009
1063010
1063011
1063012
1063013
1063014
1063015
1063016
1063017
1063018
1063019
106302
1063020
1063021
1063022
1063023
1063024
1063025
1063026
1063027
1063028
1063029
106303
1063030
1063032
1063033
1063034
1063035
1063036
1063037
1063038
1063039
106304
1063040
1063041
1063042
1063043
1063044
1063045
1063046
1063047
1063048
1063049
1063050
1063051
1063052
1063053
1063054
1063055
1063056
1063058
1063059
1063060
1063061
1063062
1063063
1063064
1063065
1063066
1063067
1063069
1063070
1063071
1063072
1063073
1063074
1063075
1063076
1063077
1063078
1063079
1063080
1063081
1063082
1063084
1063085
1063087
1063088
1063089
1063090
1063091
1063092
1063093
1063094
1063095
1063096
1063097
1063098
1063099
10631
1063100
1063101
1063103
1063104
1063105
1063106
1063107
1063108
1063109
1063110
1063111
1063113
1063114
1063115
1063116
1063117
1063118
1063119
1063120
1063121
1063122
1063123
1063124
1063125
1063126
1063127
1063128
1063129
1063130
1063131
1063132
1063133
1063134
1063136
1063137
1063138
1063139
1063140
1063141
1063142
1063143
1063144
1063145
1063146
1063147
1063148
1063149
1063150
1063151
1063153
1063154
1063156
1063157
1063158
1063159
1063161
1063163
1063164
1063165
1063166
1063167
1063168
1063169
1063170
1063171
1063172
1063173
1063174
1063176
1063177
1063178
1063182
1063183
1063184
1063185
1063186
1063188
1063189
1063190
1063191
1063193
1063194
1063195
1063196
1063197
1063198
1063199
10632
106320
1063200
1063201
1063202
1063203
1063204
1063205
1063206
1063207
1063208
1063210
1063211
1063212
1063213
1063215
1063216
1063217
1063218
1063219
1063221
1063222
1063223
1063224
1063226
1063227
1063228
1063232
1063233
1063234
1063235
1063238
1063239
1063240
1063241
1063242
1063243
1063244
1063245
1063246
1063247
1063248
1063249
1063250
1063251
1063253
1063256
1063257
1063258
1063259
106326
1063260
1063261
1063262
1063263
1063264
1063265
1063266
1063267
1063268
1063269
1063271
1063272
1063273
1063274
1063275
1063276
1063277
1063278
1063279
106328
1063280
1063281
1063282
1063283
1063284
1063285
1063286
1063287
1063288
1063289
1063290
1063291
1063292
1063293
1063294
1063295
1063296
1063298
1063299
10633
1063300
1063301
1063302
1063303
1063306
1063307
106331
1063310
1063312
1063313
1063314
1063315
1063317
1063318
1063319
1063321
1063322
1063323
1063324
1063325
1063326
1063327
1063328
1063329
106333
1063330
1063332
1063333
1063334
1063335
1063336
1063337
1063338
1063339
106334
1063340
1063341
1063342
1063343
1063344
1063345
1063346
1063347
1063348
106335
1063350
1063351
1063352
1063353
1063354
1063355
1063356
1063357
1063359
1063360
1063361
1063362
1063363
1063365
1063366
1063368
1063369
106337
1063370
1063371
1063372
1063373
1063374
1063375
1063376
1063377
1063378
1063379
106338
1063380
1063381
1063382
1063384
1063385
1063386
1063387
1063389
106339
1063390
1063391
1063392
1063393
1063394
1063395
1063396
1063397
1063398
1063399
10634
1063400
1063401
1063402
1063403
1063404
1063405
1063406
1063407
1063408
1063409
106341
1063410
1063411
1063413
1063414
1063415
1063416
1063417
1063418
1063419
106342
1063420
1063421
1063422
1063423
1063424
1063425
1063426
1063427
1063428
1063429
106343
1063430
1063431
1063433
1063434
1063435
1063436
1063437
1063438
1063439
106344
1063440
1063441
1063442
1063443
1063444
1063446
1063448
1063449
1063450
1063451
1063452
1063453
1063454
1063455
1063456
1063457
1063459
106346
1063460
1063461
1063462
1063463
1063464
1063465
1063466
1063467
1063468
1063469
106347
1063470
1063471
1063472
1063473
1063474
1063475
1063476
1063477
1063478
1063479
106348
1063480
1063481
1063482
1063483
1063485
1063486
1063487
1063488
1063489
1063490
1063491
1063492
1063493
1063494
1063495
1063496
1063497
1063498
1063499
10635
106350
1063500
1063501
1063502
1063503
1063504
1063505
1063506
1063507
1063508
1063509
1063512
1063513
1063515
1063516
1063517
1063518
1063519
1063520
1063523
1063524
1063525
1063526
1063527
1063528
1063529
106353
1063530
1063531
1063532
1063533
1063534
1063535
1063536
1063537
1063538
1063539
1063540
1063541
1063542
1063543
1063545
1063546
1063547
1063548
1063549
106355
1063550
1063551
1063552
1063553
1063554
1063555
1063556
1063557
1063559
1063560
1063561
1063562
1063563
1063564
1063565
1063566
1063567
1063568
106357
1063570
1063571
1063572
1063574
1063575
1063576
1063577
1063578
1063579
106358
1063582
1063583
1063584
1063585
1063586
1063587
1063588
1063589
106359
1063590
1063591
1063592
1063593
1063594
1063595
1063596
1063597
1063598
1063599
10636
1063600
1063601
1063604
1063605
1063606
1063607
1063608
1063609
106361
1063610
1063611
1063612
1063613
1063614
1063615
1063616
1063617
1063618
1063619
1063620
1063621
1063622
1063623
1063624
1063625
1063626
1063627
1063628
1063629
1063630
1063631
1063632
1063633
1063634
1063635
1063636
1063637
1063638
1063639
1063640
1063641
1063642
1063643
1063644
1063646
1063648
1063650
1063651
1063652
1063653
1063654
1063655
1063656
1063657
1063658
1063659
1063660
1063661
1063663
1063664
1063665
1063666
1063667
1063668
1063669
1063670
1063671
1063672
1063673
1063674
1063675
1063676
1063677
1063678
1063679
1063681
1063682
1063683
1063684
1063685
1063686
1063687
1063688
1063689
1063690
1063691
1063692
1063693
1063694
1063695
1063696
1063697
1063698
10637
106370
1063700
1063701
1063702
1063703
1063704
1063705
1063706
1063707
1063708
1063709
106371
1063710
1063711
1063712
1063713
1063715
1063716
1063717
1063718
1063719
1063720
1063721
1063722
1063723
1063724
1063725
1063726
1063728
1063729
106373
1063730
1063731
1063732
1063734
1063735
1063736
1063737
1063738
1063739
1063740
1063741
1063742
1063743
1063744
1063745
1063746
1063747
1063748
1063750
1063751
1063752
1063753
1063754
1063755
1063756
1063757
1063758
1063759
106376
1063760
1063761
1063762
1063764
1063765
1063766
1063769
1063770
1063771
1063772
1063773
1063774
1063775
1063776
1063777
1063778
1063779
106378
1063780
1063781
1063782
1063783
1063784
1063785
1063786
1063787
1063788
1063789
1063790
1063791
1063792
1063793
1063794
1063795
1063796
1063797
1063798
1063799
10638
106380
1063800
1063801
1063802
1063803
1063804
1063805
1063806
1063807
1063808
1063809
1063810
1063811
1063812
1063813
1063814
1063815
1063816
1063818
1063819
1063821
1063822
1063823
1063824
1063825
1063826
1063827
1063829
106383
1063830
1063831
1063832
1063833
1063834
1063835
1063836
1063837
1063838
1063839
1063840
1063841
1063842
1063843
1063844
1063845
1063846
1063847
1063848
1063849
106385
1063850
1063851
1063852
1063853
1063855
1063856
1063857
1063858
1063859
1063860
1063861
1063863
1063864
1063866
1063867
1063869
1063870
1063871
1063872
1063873
1063874
1063875
1063876
1063877
1063878
1063879
106388
1063880
1063881
1063882
1063883
1063884
1063885
1063886
1063887
1063888
1063889
1063890
1063891
1063892
1063893
1063894
1063895
1063896
1063897
1063898
10639
1063900
1063901
1063902
1063903
1063904
1063905
1063906
1063907
1063908
1063909
1063910
1063911
1063912
1063914
1063915
1063916
1063917
1063918
1063919
1063920
1063921
1063922
1063923
1063924
1063925
1063926
1063927
1063929
1063930
1063931
1063932
1063933
1063934
1063935
1063936
1063937
1063938
1063939
106394
1063940
1063941
1063942
1063943
1063944
1063945
1063946
1063947
1063948
1063949
106395
1063950
1063951
1063952
1063953
1063955
1063956
1063957
1063958
1063959
106396
1063960
1063961
1063962
1063963
1063964
1063966
1063967
1063968
1063969
106397
1063970
1063971
1063972
1063973
1063974
1063975
1063976
1063977
1063978
1063979
1063980
1063981
1063982
1063983
1063984
1063985
1063986
1063987
1063988
1063989
106399
1063990
1063991
1063992
1063994
1063995
1063996
1063997
1063998
1063999
10640
1064000
1064001
1064002
1064003
1064004
1064005
1064006
1064007
1064008
1064009
106401
1064010
1064011
1064012
1064013
1064014
1064015
1064016
1064017
1064018
106402
1064020
1064021
1064022
1064023
1064024
1064025
1064026
1064027
1064028
1064029
1064030
1064031
1064032
1064033
1064034
1064035
1064036
1064037
1064038
1064039
1064040
1064041
1064042
1064043
1064044
1064046
1064047
1064048
1064049
1064050
1064051
1064052
1064053
1064054
1064055
1064056
1064058
1064059
106406
1064060
1064061
1064062
1064064
1064068
1064071
1064074
1064075
1064076
1064079
1064080
1064081
1064083
1064084
1064085
1064086
1064087
1064088
1064089
1064090
1064091
1064092
1064093
1064095
1064096
1064097
1064098
1064099
10641
106410
1064100
1064101
1064102
1064103
1064104
1064105
1064106
1064107
1064108
1064109
1064110
1064111
1064112
1064113
1064114
1064115
1064116
1064117
1064118
1064119
1064120
1064121
1064122
1064123
1064124
1064125
1064126
1064127
1064129
1064130
1064131
1064132
1064133
1064134
1064135
1064136
1064137
1064138
1064139
106414
1064140
1064141
1064142
1064143
1064144
1064145
1064146
1064147
1064148
1064149
1064150
1064151
1064152
1064153
1064154
1064155
1064156
1064157
1064158
1064159
106416
1064161
1064164
1064165
1064166
1064167
1064168
1064169
106417
1064170
1064171
1064172
1064174
1064175
1064176
1064177
1064178
1064179
106418
1064180
1064184
1064187
1064188
1064189
106419
1064190
1064191
1064192
1064193
1064194
1064195
1064196
1064197
1064198
1064199
10642
106420
1064200
1064202
1064203
1064204
1064205
1064206
1064207
1064208
1064209
1064210
1064211
1064212
1064213
1064214
1064215
1064216
1064217
1064219
106422
1064221
1064222
1064223
1064224
1064225
1064226
1064227
1064228
1064229
106423
1064230
1064231
1064232
1064233
1064234
1064235
1064236
1064237
1064238
1064239
106424
1064240
1064241
1064242
1064243
1064244
1064245
1064246
1064247
1064248
1064249
106425
1064250
1064251
1064252
1064253
1064254
1064255
1064256
1064257
1064258
1064259
106426
1064260
1064261
1064262
1064263
1064265
1064266
1064267
1064268
1064269
106427
1064270
1064271
1064273
1064275
1064277
1064278
1064279
1064280
1064281
1064282
1064283
1064284
1064285
1064286
1064287
1064288
1064289
106429
1064290
1064291
1064292
1064293
1064294
1064296
1064297
1064298
1064299
10643
106430
1064300
1064301
1064302
1064303
1064304
1064305
1064306
1064307
1064308
1064309
1064310
1064311
1064312
1064313
1064314
1064315
1064316
1064317
1064318
1064319
106432
1064320
1064321
1064322
1064323
1064324
1064325
1064326
1064327
1064328
1064329
1064331
1064332
1064333
1064334
1064335
1064336
1064337
1064338
1064339
1064340
1064341
1064343
1064344
1064345
1064346
1064347
1064348
1064349
106435
1064350
1064351
1064352
1064353
1064354
1064355
1064356
1064357
1064358
1064360
1064361
1064362
1064364
1064365
1064366
1064367
1064368
1064369
1064370
1064371
1064372
1064374
1064376
1064377
1064378
1064379
106438
1064380
1064381
1064382
1064383
1064384
1064385
1064386
1064387
1064388
1064389
106439
1064390
1064391
1064392
1064393
1064394
1064395
1064396
1064397
10644
106440
1064400
1064401
1064402
1064403
1064404
1064405
1064406
1064408
1064409
106441
1064410
1064411
1064413
1064414
1064415
1064416
1064417
1064418
1064419
1064420
1064421
1064423
1064424
1064425
1064426
1064427
1064428
1064429
106443
1064430
1064431
1064432
1064433
1064434
1064435
1064436
1064437
1064438
1064439
106444
1064440
1064441
1064444
1064445
1064446
1064447
1064448
1064449
106445
1064450
1064451
1064452
1064453
1064454
1064455
1064456
1064457
1064458
1064459
106446
1064460
1064461
1064462
1064463
1064464
1064465
1064466
1064467
1064468
1064469
1064470
1064471
1064472
1064474
1064475
1064476
1064477
1064478
1064479
106448
1064480
1064481
1064482
1064483
1064484
1064485
1064486
1064487
1064488
1064489
106449
1064491
1064492
1064493
1064494
1064497
1064499
10645
106450
1064500
1064501
1064502
1064503
1064504
1064505
1064506
1064507
1064508
1064509
106451
1064510
1064511
1064512
1064513
1064514
1064515
1064516
1064517
1064518
1064519
106452
1064520
1064521
1064522
1064523
1064524
1064525
1064527
1064528
1064529
106453
1064530
1064531
1064532
1064533
1064534
1064535
1064536
1064537
1064538
1064539
106454
1064540
1064541
1064542
1064543
1064544
1064545
1064547
1064548
1064549
106455
1064550
1064551
1064552
1064553
1064554
1064556
1064557
1064558
1064559
106456
1064560
1064561
1064562
1064563
1064564
1064565
1064566
1064567
1064568
1064569
1064571
1064572
1064573
1064574
1064575
1064577
1064580
1064581
1064582
1064583
1064584
1064585
1064586
1064587
1064588
1064589
106459
1064590
1064591
1064592
1064593
1064594
1064595
1064596
1064597
1064598
1064599
10646
1064600
1064601
1064602
1064603
1064604
1064605
1064606
1064607
1064608
1064609
106461
1064610
1064611
1064612
1064613
1064614
1064615
1064616
1064617
1064618
1064619
1064620
1064621
1064622
1064623
1064624
1064625
1064626
1064627
1064629
106463
1064630
1064631
1064633
1064634
1064635
1064636
1064637
1064638
1064639
106464
1064640
1064641
1064642
1064644
1064645
1064646
1064647
1064648
1064649
106465
1064650
1064651
1064652
1064653
1064654
1064656
1064657
1064658
1064659
1064660
1064661
1064662
1064663
1064664
1064665
1064666
1064667
1064668
1064669
106467
1064671
1064672
1064673
1064674
1064675
1064677
1064678
1064679
106468
1064680
1064681
1064682
1064683
1064684
1064685
1064686
1064687
1064688
1064689
106469
1064690
1064691
1064692
1064693
1064694
1064695
1064696
1064697
1064698
1064699
10647
106470
1064700
1064702
1064703
1064704
1064705
1064706
1064707
1064708
106471
1064711
1064712
1064713
1064715
1064716
1064717
1064718
1064719
106472
1064720
1064721
1064722
1064723
1064724
1064726
1064727
1064728
1064729
106473
1064730
1064731
1064732
1064733
1064734
1064735
1064736
1064737
1064738
1064739
106474
1064740
1064741
1064742
1064743
1064744
1064745
1064746
1064747
1064748
1064749
1064750
1064751
1064753
1064754
1064755
1064756
1064757
1064758
1064759
1064760
1064761
1064762
1064763
1064764
1064765
1064766
1064767
1064768
106477
1064771
1064772
1064773
1064774
1064775
1064776
1064777
1064778
1064779
1064780
1064781
1064782
1064783
1064784
1064785
1064786
1064787
1064788
1064790
1064791
1064792
1064793
1064794
1064795
1064796
1064797
1064798
1064799
10648
106480
1064800
1064801
1064802
1064803
1064804
1064806
1064807
1064808
1064809
1064810
1064811
1064812
1064813
1064814
1064815
1064816
1064817
1064818
1064819
106482
1064820
1064821
1064822
1064823
1064824
1064825
1064826
1064827
1064828
1064829
1064830
1064831
1064832
1064833
1064834
1064835
1064836
1064837
1064838
1064839
1064840
1064841
1064842
1064843
1064844
1064845
1064846
1064847
1064848
1064849
106485
1064850
1064851
1064852
1064853
1064854
1064855
1064856
1064857
1064858
1064861
1064862
1064863
1064864
1064865
1064866
1064867
1064868
1064870
1064871
1064872
1064873
1064874
1064875
1064876
1064877
1064878
1064879
106488
1064880
1064881
1064882
1064883
1064884
1064885
1064886
1064887
1064888
1064889
106489
1064890
1064891
1064892
1064893
1064894
1064895
1064896
1064897
1064898
1064899
10649
106490
1064900
1064901
1064902
1064903
1064904
1064905
1064906
1064907
1064908
1064909
1064911
1064912
1064913
1064914
1064915
1064916
1064917
1064918
1064919
106492
1064920
1064921
1064922
1064923
1064924
1064925
1064926
1064927
1064929
106493
1064930
1064931
1064932
1064933
1064934
1064935
1064939
1064940
1064941
1064942
1064943
1064945
1064946
1064949
106495
1064950
1064951
1064952
1064953
1064954
1064955
1064956
1064957
1064958
106496
1064960
1064961
1064962
1064963
1064964
1064965
1064967
1064968
1064969
1064973
1064976
1064978
1064979
1064981
1064982
1064983
1064984
1064985
1064986
1064987
1064988
1064989
1064990
1064991
1064992
1064993
1064994
1064995
1064996
1064997
1064998
1064999
10650
106500
1065000
1065001
1065002
1065005
1065007
1065009
1065014
1065015
1065016
1065017
1065018
1065019
1065020
1065022
1065023
1065024
1065025
1065026
1065027
1065028
1065029
1065030
1065031
1065032
1065033
1065034
1065035
1065036
1065037
1065038
1065039
1065040
1065041
1065042
1065043
1065044
1065045
1065046
1065047
1065048
1065049
106505
1065050
1065051
1065052
1065053
1065054
1065055
1065057
1065058
1065059
1065060
1065061
1065062
1065063
1065064
1065065
1065066
1065067
1065068
1065069
106507
1065070
1065071
1065072
1065073
1065074
1065075
1065076
1065077
1065078
1065079
106508
1065080
1065081
1065083
1065084
1065085
1065086
1065087
1065088
1065089
106509
1065090
1065091
1065092
1065093
1065094
1065095
1065096
1065097
1065098
1065099
10651
1065100
1065101
1065102
1065103
1065104
1065105
1065106
1065107
1065108
1065109
106511
1065110
1065114
1065115
1065116
1065118
1065119
1065120
1065121
1065122
1065123
1065124
1065125
1065126
1065127
1065128
1065129
106513
1065130
1065131
1065132
1065133
1065134
1065135
1065136
1065137
1065138
1065139
1065140
1065141
1065142
1065143
1065144
1065145
1065146
1065147
1065148
1065149
106515
1065150
1065151
1065152
1065153
1065154
1065155
1065156
1065157
1065158
1065159
106516
1065160
1065161
1065162
1065163
1065164
1065165
1065166
1065167
1065168
1065169
106517
1065172
1065174
1065175
1065176
1065177
1065178
1065179
1065180
1065181
1065183
1065184
1065185
1065186
1065187
1065188
1065189
1065190
1065191
1065192
1065194
1065195
1065196
1065197
1065198
1065199
10652
106520
1065200
1065201
1065202
1065203
1065204
1065205
1065206
1065207
1065208
1065209
106521
1065210
1065211
1065212
1065213
1065214
1065215
1065216
1065217
1065218
1065219
1065221
1065222
1065223
1065224
1065225
1065226
1065227
1065228
1065229
106523
1065230
1065231
1065233
1065234
1065235
1065237
1065238
1065239
106524
1065240
1065241
1065242
1065244
1065245
1065246
1065247
1065248
1065249
106525
1065250
1065251
1065252
1065253
1065254
1065255
1065256
1065257
1065258
1065259
1065260
1065261
1065262
1065263
1065264
1065265
1065266
1065267
1065268
1065269
1065270
1065271
1065272
1065273
1065274
1065275
1065276
1065277
1065278
1065279
106528
1065281
1065282
1065283
1065284
1065285
1065286
1065287
1065288
1065289
106529
1065290
1065291
1065292
1065293
1065294
1065295
1065296
1065297
1065298
1065299
10653
106530
1065300
1065301
1065302
1065303
1065304
1065305
1065306
1065307
1065308
1065309
1065310
1065311
1065312
1065313
1065314
1065316
1065317
1065318
1065319
1065320
1065321
1065322
1065323
1065324
1065325
1065326
1065327
1065328
1065329
106533
1065330
1065331
1065332
1065333
1065334
1065335
1065336
1065337
1065338
1065339
106534
1065340
1065341
1065342
1065343
1065344
1065346
1065347
1065348
1065349
106535
1065350
1065351
1065352
1065353
1065354
1065355
1065356
1065357
1065358
1065359
1065361
1065362
1065363
1065364
1065366
1065367
1065368
1065369
106537
1065370
1065371
1065372
1065373
1065374
1065375
1065376
1065378
1065379
106538
1065380
1065381
1065382
1065383
1065384
1065386
1065387
1065388
1065389
1065390
1065391
1065392
1065393
1065394
1065395
1065396
1065397
1065398
1065399
10654
106540
1065400
1065401
1065402
1065403
1065405
1065406
1065407
1065408
106541
1065410
1065411
1065412
1065413
1065414
1065415
1065416
1065417
1065419
1065420
1065421
1065422
1065423
1065424
1065425
1065426
1065427
1065428
1065429
1065430
1065431
1065432
1065433
1065434
1065435
1065436
1065437
1065438
1065439
1065440
1065441
1065442
1065443
1065445
1065447
1065450
1065451
1065452
1065453
1065454
1065455
1065456
1065457
106546
1065460
1065461
1065462
1065463
1065464
1065465
1065466
1065467
1065468
1065469
1065470
1065471
1065472
1065473
1065474
1065475
1065476
1065477
1065478
1065479
106548
1065480
1065482
1065483
1065484
1065485
1065486
1065487
1065488
1065489
1065490
1065491
1065492
1065493
1065494
1065495
1065496
1065497
1065498
1065499
10655
106550
1065500
1065501
1065502
1065503
1065504
1065505
1065506
1065507
1065508
1065509
106551
1065510
1065511
1065512
1065513
1065514
1065515
1065516
1065517
1065518
1065519
106552
1065520
1065521
1065522
1065523
1065524
1065525
1065526
1065527
1065528
1065529
106553
1065530
1065531
1065532
1065533
1065534
1065535
1065536
1065537
1065538
1065539
1065540
1065542
1065543
1065544
1065545
1065547
1065548
1065549
106555
1065550
1065551
1065552
1065553
1065554
1065555
1065556
1065557
1065558
1065559
106556
1065560
1065561
1065562
1065563
1065564
1065565
1065566
1065568
1065569
1065570
1065571
1065572
1065573
1065574
1065575
1065576
1065578
1065579
106558
1065580
1065581
1065582
1065583
1065584
1065585
1065586
1065587
1065588
1065589
106559
1065590
1065591
1065592
1065593
1065594
1065595
1065596
1065597
1065598
10656
106560
1065600
1065601
1065602
1065603
1065604
1065605
1065606
1065607
1065608
1065609
106561
1065610
1065611
1065612
1065613
1065614
1065615
1065616
1065618
1065619
106562
1065620
1065621
1065622
1065623
1065624
1065626
1065627
1065628
1065629
106563
1065630
1065631
1065632
1065633
1065634
1065635
1065636
1065637
1065638
1065639
106564
1065640
1065641
1065642
1065643
1065644
1065645
1065646
1065647
1065648
1065650
1065651
1065652
1065653
1065655
1065657
1065658
1065659
1065660
1065661
1065662
1065663
1065664
1065665
1065666
1065667
1065668
1065669
1065670
1065671
1065672
1065673
1065674
1065676
1065677
1065678
1065679
106568
1065680
1065681
1065682
1065683
1065684
1065686
1065689
106569
1065690
1065691
1065692
1065694
1065695
1065696
1065697
1065698
1065699
10657
1065700
1065701
1065702
1065703
1065704
1065705
1065706
1065707
1065708
1065709
106571
1065710
1065711
1065712
1065713
1065714
1065715
1065719
1065720
1065721
1065722
1065723
1065724
1065725
1065726
1065727
1065728
1065729
106573
1065730
1065731
1065732
1065733
1065734
1065735
1065737
1065738
1065739
106574
1065740
1065741
1065742
1065743
1065744
1065745
1065746
1065747
1065748
1065749
106575
1065750
1065751
1065752
1065753
1065754
1065755
1065756
1065757
1065758
1065759
106576
1065760
1065761
1065762
1065763
1065764
1065765
1065766
1065767
1065768
1065769
1065770
1065772
1065773
1065774
1065775
1065777
1065778
1065779
1065780
1065781
1065782
1065784
1065785
1065786
1065787
1065788
1065789
106579
1065790
1065791
1065792
1065793
1065794
1065795
1065796
1065797
1065798
1065799
10658
1065800
1065801
1065802
1065803
1065804
1065805
1065806
1065807
1065808
1065809
1065810
1065811
1065812
1065813
1065814
1065815
1065816
1065817
1065818
1065819
1065820
1065821
1065822
1065823
1065824
1065826
1065827
1065828
1065829
106583
1065830
1065832
1065833
1065834
1065835
1065836
1065837
1065838
1065839
1065841
1065842
1065843
1065844
1065845
1065846
1065847
1065848
1065849
1065850
1065852
1065853
1065854
1065855
1065857
1065858
1065859
106586
1065860
1065861
1065862
1065863
1065864
1065865
1065866
1065867
1065868
1065869
1065870
1065871
1065872
1065873
1065874
1065875
1065876
1065877
1065879
1065880
1065881
1065882
1065883
1065884
1065885
1065886
1065887
1065888
1065889
1065890
1065891
1065892
1065893
1065894
1065895
1065896
1065897
1065898
1065899
10659
106590
1065900
1065901
1065902
1065903
1065904
1065905
1065906
1065907
1065908
106591
1065910
1065911
1065912
1065913
1065914
1065915
1065918
106592
1065920
1065921
1065922
1065923
1065924
1065925
1065928
1065929
1065930
1065931
1065932
1065933
1065934
1065935
1065936
1065937
1065938
1065939
1065941
1065942
1065943
1065944
1065945
1065946
1065947
1065949
106595
1065951
1065952
1065953
1065954
1065955
1065956
1065957
1065958
1065959
106596
1065960
1065961
1065962
1065963
1065964
1065965
1065966
1065967
1065968
1065969
1065970
1065971
1065972
1065973
1065974
1065975
1065976
1065977
1065978
1065979
106598
1065981
1065982
1065983
1065988
1065989
106599
1065990
1065991
1065992
1065993
1065994
1065997
1065999
10660
1066001
1066002
1066003
1066004
1066005
1066006
1066007
1066008
106601
1066010
1066012
1066013
1066016
1066017
1066018
1066019
1066021
1066022
1066024
1066025
1066027
1066028
1066029
106603
1066030
1066031
1066032
1066033
1066034
1066035
1066037
1066038
1066039
1066040
1066041
1066042
1066043
1066044
1066045
1066046
1066047
1066048
1066049
106605
1066051
1066052
1066053
1066054
1066055
1066057
1066058
1066059
1066060
1066061
1066062
1066064
1066065
1066066
1066067
1066068
1066069
1066070
1066071
1066072
1066073
1066074
1066075
1066076
1066077
1066078
1066079
1066081
1066082
1066083
1066084
1066085
1066086
1066087
1066089
1066090
1066091
1066093
1066094
1066095
1066096
1066098
1066099
10661
106610
1066100
1066101
1066102
1066103
1066104
1066105
1066106
1066107
1066108
1066109
1066110
1066111
1066112
1066113
1066114
1066115
1066116
1066117
1066119
106612
1066120
1066121
1066122
1066123
1066124
1066125
1066126
1066127
1066128
1066130
1066131
1066132
1066133
1066134
1066135
1066136
1066137
1066138
1066139
106614
1066140
1066141
1066142
1066143
1066144
1066145
1066146
1066147
1066148
1066149
106615
1066150
1066151
1066152
1066153
1066154
1066156
1066157
1066158
1066159
1066161
1066164
1066165
1066166
1066167
1066168
1066169
1066170
1066171
1066172
1066173
1066174
1066175
1066176
1066177
1066178
1066179
106618
1066180
1066181
1066182
1066183
1066184
1066185
1066186
1066187
1066188
1066189
106619
1066190
1066192
1066193
1066194
1066195
1066196
1066198
1066199
106620
1066200
1066201
1066202
1066203
1066204
1066205
1066206
1066207
1066208
1066209
106621
1066210
1066211
1066212
1066213
1066214
1066215
1066216
1066217
1066218
1066219
106622
1066220
1066221
1066222
1066223
1066224
1066225
1066226
1066227
1066228
1066229
106623
1066230
1066231
1066232
1066233
1066234
1066235
1066236
1066237
1066238
1066239
1066240
1066241
1066242
1066243
1066244
1066245
1066246
1066247
1066248
1066249
1066250
1066251
1066252
1066254
1066255
1066256
1066257
1066258
1066259
1066260
1066262
1066263
1066264
1066265
1066266
1066267
1066268
1066270
1066272
1066273
1066274
1066275
1066277
1066278
1066279
1066280
1066281
1066282
1066283
1066284
1066285
1066286
1066287
1066288
1066289
106629
1066290
1066291
1066292
1066293
1066295
1066296
1066297
1066299
10663
106630
1066300
1066302
1066303
1066304
1066305
1066306
1066307
1066308
1066309
106631
1066310
1066311
1066312
1066313
1066314
1066315
1066316
1066317
1066318
1066320
1066321
1066322
1066323
1066324
1066325
1066326
1066327
1066328
1066329
1066330
1066331
1066332
1066334
1066336
1066337
1066338
1066339
106634
1066340
1066341
1066342
1066343
1066344
1066345
1066346
1066347
1066348
1066349
106635
1066350
1066351
1066352
1066353
1066354
1066355
1066356
1066357
1066358
1066359
106636
1066360
1066361
1066362
1066363
1066364
1066365
1066366
1066367
1066368
1066369
106637
1066370
1066371
1066374
1066375
1066376
1066377
1066378
1066379
1066380
1066381
1066382
1066383
1066384
1066385
1066386
1066387
1066388
1066389
1066390
1066391
1066392
1066393
1066394
1066395
1066396
1066398
1066399
10664
106640
1066400
1066401
1066402
1066403
1066404
1066405
1066406
1066407
1066408
1066409
106641
1066410
1066411
1066412
1066413
1066414
1066415
1066416
1066417
1066419
1066420
1066421
1066422
1066423
1066424
1066425
1066426
1066428
1066429
1066430
1066431
1066432
1066434
1066435
1066436
1066437
1066438
1066439
106644
1066442
1066443
1066444
1066447
1066448
106645
1066450
1066451
1066452
1066454
1066456
106646
1066460
1066461
1066462
1066463
1066465
1066466
1066467
1066468
1066469
1066470
1066471
1066472
1066473
1066474
1066476
1066477
1066478
1066479
106648
1066480
1066481
1066482
1066483
1066484
1066485
1066486
1066487
1066488
1066489
106649
1066490
1066491
1066493
1066495
1066496
1066497
1066498
1066499
10665
1066500
1066501
1066502
1066503
1066504
1066507
1066508
1066509
106651
1066510
1066511
1066512
1066513
1066514
1066515
1066517
106652
1066521
1066522
1066524
1066525
1066526
1066527
1066528
1066529
1066530
1066531
1066532
1066533
1066534
1066535
1066536
1066537
1066538
1066539
106654
1066540
1066542
1066543
1066544
1066545
1066546
1066547
1066548
1066549
1066550
1066551
1066552
1066553
1066554
1066555
1066556
1066557
1066558
1066559
106656
1066560
1066561
1066562
1066564
1066565
1066566
1066567
1066568
1066569
1066570
1066571
1066572
1066573
1066574
1066575
1066576
1066577
1066578
1066579
106658
1066580
1066581
1066582
1066583
1066584
1066585
1066586
1066587
1066588
1066589
1066590
1066591
1066592
1066593
1066594
1066595
1066596
1066597
1066598
106660
1066600
1066601
1066602
1066606
1066609
106661
1066610
1066611
1066613
1066614
1066615
1066616
1066617
1066618
1066619
106662
1066620
1066621
1066622
1066623
1066624
1066625
1066626
1066627
1066628
1066629
1066630
1066633
1066634
1066637
1066638
1066639
106664
1066640
1066641
1066642
1066643
1066644
1066645
1066646
1066647
1066648
1066649
106665
1066650
1066651
1066652
1066653
1066655
1066656
1066657
1066659
1066660
1066661
1066662
1066664
1066665
1066666
1066667
1066668
1066669
1066670
1066671
1066673
1066674
1066675
1066677
1066678
1066680
1066681
1066682
1066683
1066685
1066686
1066687
1066689
106669
1066690
1066691
1066692
1066693
1066695
1066696
1066697
1066698
1066699
10667
106670
1066700
1066701
1066702
1066703
1066704
1066705
1066706
1066707
1066708
1066709
106671
1066710
1066711
1066712
1066713
1066714
1066715
1066716
1066717
106672
1066720
1066721
1066722
1066723
1066724
1066725
1066726
1066727
1066728
1066729
1066730
1066731
1066732
1066733
1066734
1066735
1066736
1066737
1066738
1066739
106674
1066740
1066741
1066748
1066749
106675
1066750
1066752
1066753
1066754
1066758
1066759
1066760
1066762
1066766
1066767
1066768
1066769
1066770
1066771
1066773
1066774
1066775
1066776
1066777
1066778
1066779
106678
1066780
1066781
1066782
1066783
1066784
1066785
1066786
1066788
1066789
106679
1066790
1066791
1066792
1066793
1066794
1066795
1066796
1066797
1066798
1066799
10668
106680
1066801
1066802
1066803
1066804
1066805
1066806
1066807
1066808
1066809
1066810
1066813
1066817
106682
1066820
1066821
1066822
1066823
1066825
1066826
1066827
1066828
1066829
106683
1066830
1066831
1066832
1066833
1066834
1066836
1066837
1066838
1066839
1066840
1066841
1066843
1066844
1066846
1066847
1066848
1066849
106685
1066850
1066851
1066852
1066853
1066854
1066855
1066856
1066857
1066858
1066859
106686
1066860
1066861
1066862
1066863
1066864
1066867
1066869
106687
1066870
1066871
1066872
1066873
1066874
1066875
1066876
1066877
106688
1066880
1066881
1066882
1066883
1066885
1066887
1066888
1066889
1066890
1066891
1066892
1066893
1066895
1066897
1066898
10669
106690
1066901
1066902
1066903
1066904
1066905
1066906
1066907
1066908
1066909
1066910
1066911
1066912
1066913
1066914
1066915
1066916
1066918
1066919
1066920
1066921
1066923
1066924
1066925
1066926
1066927
1066928
1066929
1066930
1066932
1066933
1066934
1066935
1066936
1066937
1066938
1066939
1066940
1066941
1066943
1066944
1066945
1066946
1066947
1066948
1066949
106695
1066950
1066951
1066952
1066953
1066954
1066955
1066957
1066958
1066959
106696
1066961
1066962
1066964
1066965
1066966
1066967
1066968
1066969
106697
1066970
1066971
1066972
1066973
1066974
1066975
1066976
1066977
1066978
1066979
1066980
1066981
1066982
1066983
1066984
1066985
1066986
1066987
1066989
1066990
1066991
1066992
1066993
1066994
1066995
1066996
1066997
1066998
1066999
10670
1067000
1067001
1067002
1067003
1067004
1067005
1067006
1067007
1067008
1067009
106701
1067010
1067011
1067012
1067013
1067014
1067015
1067016
1067017
1067019
106702
1067020
1067021
1067024
1067026
1067027
1067028
1067029
106703
1067030
1067031
1067032
1067033
1067034
1067035
1067036
1067037
1067038
1067039
106704
1067040
1067043
1067044
1067045
1067046
1067047
1067048
1067049
1067050
1067052
1067053
1067054
1067055
1067057
1067058
1067059
1067060
1067061
1067063
1067064
1067065
1067066
1067067
1067068
1067069
1067070
1067071
1067072
1067073
1067074
1067075
1067076
1067077
1067078
106708
