748928
748929
748930
748931
748932
748933
748934
748935
748936
748937
748938
748939
748940
748941
748942
748943
748944
748945
748946
748947
748948
748949
748950
748951
748952
748953
748955
748956
748957
748958
748959
748960
748961
748962
748963
748964
748965
748966
748967
748968
748969
748970
748971
748973
748974
748975
748976
748977
748978
748980
748983
748984
748985
748986
748987
748989
748990
748991
748993
748994
748995
748998
748999
749000
749001
749002
749003
749004
749005
749007
749008
749009
749010
749011
749012
749013
749014
749015
749016
749017
749018
749019
749020
749021
749022
749023
749024
749025
749026
749027
749028
749029
749030
749031
749032
749033
749034
749035
749037
749038
749039
749042
749044
749045
749047
749048
749049
749050
749051
749052
749053
749054
749055
749056
749057
749058
749059
749060
749061
749062
749064
749065
749066
749067
749068
749069
749070
749071
749072
749073
749074
749075
749076
749077
749078
749079
749080
749081
749083
749084
749085
749086
749087
749088
749089
749090
749091
749092
749093
749094
749095
749097
749098
749099
749100
749101
749102
749103
749104
749105
749106
749107
749108
749109
749110
749111
749112
749113
749114
749115
749116
749117
749118
749119
749120
749121
749122
749123
749124
749125
749126
749127
749128
749129
749130
749131
749132
749133
749134
749135
749136
749137
749138
749139
749140
749141
749142
749143
749144
749145
749146
749149
749150
749151
749152
749153
749154
749155
749156
749157
749159
749160
749161
749163
749164
749165
749166
749167
749168
749169
749170
749171
749172
749173
749174
749175
749176
749178
749179
749180
749181
749182
749183
749184
749185
749186
749187
749188
749189
749190
749191
749192
749193
749194
749196
749197
749198
749199
749200
749201
749202
749203
749207
749208
749210
749211
749212
749213
749214
749215
749217
749218
749219
749220
749221
749222
749223
749224
749225
749226
749227
749228
749229
749230
749231
749232
749233
749234
749235
749236
749237
749238
749239
749240
749241
749242
749243
749244
749245
749246
749247
749248
749249
749250
749251
749252
749253
749254
749255
749256
749257
749258
749259
749260
749261
749262
749263
749264
749265
749266
749267
749268
749269
749270
749272
749273
749274
749275
749276
749277
749279
749280
749281
749282
749283
749284
749285
749286
749287
749288
749289
749291
749292
749293
749294
749295
749296
749297
749298
749299
749300
749301
749302
749303
749304
749305
749306
749307
749308
749309
749310
749311
749312
749313
749314
749315
749316
749317
749318
749319
749320
749321
749323
749324
749325
749326
749327
749328
749329
749330
749331
749332
749334
749336
749337
749338
749339
749340
749341
749342
749343
749345
749346
749347
749348
749349
749351
749352
749353
749355
749356
749359
749361
749362
749365
749366
749367
749369
749371
749372
749373
749374
749375
749376
749377
749378
749379
749380
749381
749382
749383
749384
749385
749386
749388
749389
749390
749391
749392
749393
749394
749395
749396
749397
749398
749399
749400
749401
749402
749403
749404
749406
749407
749408
749409
749411
749412
749415
749416
749417
749418
749419
749420
749421
749423
749424
749425
749427
749428
749429
749430
749432
749433
749434
749435
749436
749437
749438
749439
749440
749441
749442
749443
749444
749445
749446
749447
749448
749449
749450
749451
749452
749453
749454
749455
749456
749457
749459
749460
749461
749462
749463
749464
749465
749466
749467
749468
749469
749470
749472
749473
749475
749476
749477
749478
749479
749480
749481
749482
749483
749484
749485
749486
749487
749489
749490
749491
749492
749494
749495
749496
749497
749499
749500
749502
749503
749504
749505
749506
749507
749508
749509
749510
749511
749513
749514
749515
749516
749517
749518
749519
749520
749521
749523
749524
749525
749526
749527
749528
749529
749531
749532
749533
749534
749535
749536
749537
749538
749539
749540
749541
749542
749543
749544
749545
749546
749547
749548
749549
749550
749551
749552
749553
749554
749555
749556
749557
749558
749559
749560
749562
749563
749564
749565
749566
749567
749568
749569
749570
749571
749573
749574
749576
749577
749578
749579
749580
749581
749582
749583
749584
749585
749586
749587
749588
749590
749591
749592
749593
749594
749595
749597
749600
749601
749602
749603
749604
749605
749606
749607
749608
749609
749610
749611
749613
749614
749615
749616
749617
749618
749619
749620
749621
749622
749623
749624
749625
749626
749627
749628
749629
749630
749631
749633
749634
749635
749636
749637
749638
749639
749640
749641
749642
749643
749644
749645
749646
749648
749649
749650
749651
749653
749656
749658
749659
749660
749661
749664
749665
749666
749667
749668
749669
749670
749671
749672
749673
749674
749675
749676
749677
749678
749679
749680
749681
749682
749683
749684
749685
749686
749687
749688
749689
749690
749691
749692
749693
749694
749696
749697
749698
749699
749700
749701
749702
749703
749704
749705
749706
749707
749708
749709
749710
749711
749712
749713
749714
749715
749716
749717
749718
749719
749720
749721
749722
749723
749724
749725
749726
749727
749728
749729
749730
749731
749732
749734
749735
749736
749737
749738
749739
749740
749741
749742
749744
749745
749746
749747
749750
749751
749752
749753
749754
749757
749758
749765
749766
749769
749770
749771
749773
749774
749775
749777
749779
749780
749781
749783
749784
749785
749787
749788
749789
749790
749791
749792
749793
749794
749795
749796
749797
749798
749799
749800
749801
749802
749803
749804
749805
749806
749807
749808
749809
749810
749811
749812
749813
749814
749815
749816
749817
749818
749819
749820
749821
749822
749823
749824
749825
749826
749827
749828
749829
749830
749831
749832
749833
749834
749835
749836
749837
749839
749840
749842
749844
749845
749846
749847
749848
749849
749850
749851
749852
749853
749855
749856
749857
749858
749859
749860
749862
749863
749864
749865
749866
749867
749868
749869
749870
749871
749872
749873
749874
749875
749876
749877
749879
749880
749881
749882
749883
749884
749885
749886
749887
749888
749889
749890
749893
749894
749895
749896
749897
749898
749899
749900
749901
749902
749903
749904
749905
749906
749908
749909
749911
749912
749913
749914
749915
749916
749917
749918
749919
749920
749921
749922
749923
749924
749925
749926
749927
749928
749929
749930
749931
749932
749933
749934
749935
749936
749937
749938
749939
749940
749941
749942
749944
749945
749946
749947
749948
749949
749950
749951
749952
749953
749955
749956
749957
749958
749959
749960
749961
749962
749963
749964
749965
749966
749967
749968
749969
749970
749973
749974
749975
749977
749978
749979
749980
749981
749982
749983
749984
749985
749986
749987
749988
749989
749990
749991
749992
749993
749994
749995
749996
749997
749998
749999
750000
750001
750003
750004
750007
750008
750009
750010
750011
750012
750013
750014
750015
750016
750017
750018
750019
750020
750021
750022
750023
750025
750026
750031
750032
750033
750034
750035
750036
750037
750038
750039
750040
750041
750042
750043
750045
750046
750047
750048
750049
750051
750052
750055
750056
750057
750058
750059
750060
750061
750062
750063
750064
750065
750066
750067
750072
750073
750075
750078
750080
750081
750082
750083
750085
750086
750087
750088
750090
750091
750092
750093
750094
750096
750097
750098
750099
750100
750101
750102
750103
750104
750105
750107
750108
750109
750110
750111
750112
750113
750114
750115
750116
750117
750118
750119
750120
750121
750122
750123
750124
750126
750127
750128
750129
750130
750131
750132
750134
750135
750138
750139
750140
750141
750142
750143
750144
750145
750146
750147
750151
750154
750157
750159
750160
750164
750166
750167
750168
750171
750172
750173
750174
750175
750176
750177
750178
750179
750180
750181
750182
750183
750184
750185
750186
750188
750190
750191
750192
750193
750194
750195
750196
750198
750199
750200
750201
750202
750203
750204
750205
750206
750207
750209
750210
750211
750212
750213
750214
750215
750216
750217
750218
750219
750220
750221
750222
750223
750224
750225
750226
750227
750228
750229
750230
750231
750232
750233
750234
750235
750236
750237
750238
750240
750241
750242
750243
750244
750245
750246
750247
750248
750249
750250
750251
750252
750253
750254
750255
750256
750257
750259
750260
750263
750265
750268
750269
750270
750271
750272
750273
750274
750275
750276
750277
750278
750279
750280
750281
750283
750284
750285
750286
750287
750288
750289
750292
750293
750294
750295
750296
750297
750298
750299
750300
750301
750303
750304
750305
750306
750307
750309
750310
750311
750312
750313
750314
750315
750316
750318
750319
750320
750321
750322
750323
750324
750325
750326
750327
750328
750329
750331
750332
750333
750334
750335
750336
750337
750338
750339
750341
750343
750344
750345
750346
750347
750348
750349
750350
750351
750352
750353
750354
750356
750358
750359
750360
750361
750362
750363
750364
750365
750366
750367
750368
750369
750370
750371
750372
750373
750374
750376
750377
750378
750379
750380
750381
750382
750383
750384
750385
750386
750387
750388
750389
750390
750391
750392
750393
750394
750397
750398
750399
750400
750401
750402
750403
750404
750405
750406
750407
750408
750409
750410
750411
750412
750413
750414
750415
750416
750417
750418
750419
750420
750421
750422
750423
750424
750425
750426
750427
750428
750429
750430
750431
750432
750433
750435
750436
750437
750438
750439
750440
750441
750442
750443
750444
750445
750446
750447
750449
750450
750451
750452
750453
750454
750455
750456
750457
750458
750459
750460
750461
750462
750464
750466
750467
750468
750469
750470
750471
750472
750473
750474
750475
750476
750477
750478
750479
750480
750481
750482
750483
750484
750486
750487
750488
750489
750491
750492
750493
750494
750495
750497
750498
750499
750500
750501
750502
750504
750505
750506
750507
750508
750509
750510
750511
750512
750513
750514
750516
750517
750518
750519
750520
750521
750522
750523
750524
750525
750526
750527
750528
750529
750530
750531
750532
750533
750534
750535
750538
750539
750540
750542
750543
750544
750545
750546
750547
750548
750549
750550
750551
750552
750553
750554
750555
750556
750557
750559
750560
750561
750562
750563
750564
750565
750566
750567
750568
750569
750570
750572
750573
750574
750575
750576
750577
750578
750579
750580
750581
750582
750584
750585
750586
750587
750588
750589
750590
750591
750592
750593
750594
750595
750596
750597
750598
750599
750600
750601
750602
750603
750604
750605
750606
750607
750608
750609
750610
750611
750612
750614
750615
750616
750618
750619
750620
750621
750622
750624
750625
750626
750627
750628
750629
750630
750631
750632
750633
750634
750635
750636
750637
750638
750639
750640
750641
750643
750644
750645
750646
750647
750648
750649
750650
750651
750652
750653
750654
750655
750656
750657
750658
750659
750660
750661
750662
750663
750664
750665
750666
750667
750669
750670
750671
750672
750673
750674
750675
750676
750677
750678
750679
750681
750683
750684
750686
750687
750688
750689
750690
750691
750692
750693
750694
750695
750696
750697
750698
750699
750700
750701
750703
750704
750705
750706
750707
750708
750709
750710
750711
750712
750713
750714
750715
750716
750717
750718
750720
750721
750722
750723
750724
750725
750726
750727
750728
750729
750730
750731
750732
750733
750734
750735
750737
750738
750739
750741
750742
750743
750744
750745
750746
750747
750750
750751
750752
750753
750755
750756
750757
750758
750759
750760
750761
750762
750763
750765
750766
750767
750768
750770
750771
750772
750773
750774
750775
750778
750779
750780
750781
750782
750783
750784
750786
750787
750788
750789
750790
750791
750792
750793
750794
750795
750796
750797
750798
750799
750801
750802
750803
750805
750806
750807
750808
750809
750810
750811
750812
750813
750814
750815
750816
750817
750818
750820
750821
750823
750824
750825
750826
750827
750828
750829
750830
750831
750832
750833
750834
750835
750836
750837
750838
750839
750841
750842
750843
750844
750845
750846
750847
750848
750849
750850
750851
750852
750854
750855
750856
750857
750858
750859
750860
750861
750862
750864
750865
750866
750868
750869
750871
750872
750873
750874
750875
750876
750877
750878
750879
750880
750881
750882
750883
750884
750885
750886
750887
750889
750890
750891
750892
750893
750894
750895
750896
750897
750898
750899
750900
750901
750902
750903
750904
750905
750906
750907
750908
750909
750910
750911
750912
750913
750914
750915
750916
750917
750918
750919
750921
750922
750923
750924
750925
750926
750927
750928
750929
750930
750931
750932
750933
750934
750935
750936
750939
750940
750941
750942
750943
750944
750945
750946
750947
750948
750949
750950
750951
750952
750953
750954
750955
750956
750957
750958
750959
750960
750961
750962
750963
750965
750966
750968
750969
750970
750971
750972
750973
750974
750976
750977
750978
750979
750980
750981
750982
750983
750984
750985
750986
750987
750988
750989
750990
750991
750992
750993
750994
750995
750996
750997
750998
750999
751000
751001
751002
751003
751004
751005
751006
751007
751008
751009
751010
751011
751012
751013
751014
751015
751016
751017
751018
751019
751020
751021
751022
751023
751024
751025
751026
751027
751028
751029
751030
751031
751032
751033
751035
751036
751037
751039
751040
751042
751043
751044
751045
751046
751047
751048
751049
751050
751051
751052
751053
751055
751056
751057
751059
751060
751062
751063
751064
751065
751066
751067
751068
751070
751071
751072
751073
751074
751075
751076
751078
751079
751080
751081
751082
751083
751085
751086
751087
751088
751089
751090
751091
751092
751093
751094
751095
751096
751097
751098
751099
751100
751101
751102
751103
751104
751105
751107
751108
751109
751110
751111
751112
751113
751114
751115
751116
751117
751118
751119
751120
751121
751123
751124
751126
751127
751129
751130
751131
751132
751133
751134
751135
751136
751137
751138
751139
751140
751141
751143
751144
751145
751146
751147
751148
751149
751150
751151
751152
751153
751154
751156
751157
751159
751160
751162
751163
751164
751165
751166
751167
751168
751169
751170
751171
751172
751173
751174
751175
751176
751178
751179
751180
751181
751182
751183
751184
751185
751186
751187
751188
751189
751190
751191
751192
751193
751194
751195
751196
751197
751198
751199
751200
751201
751202
751204
751205
751206
751207
751208
751209
751210
751211
751212
751213
751214
751215
751216
751217
751218
751219
751220
751221
751222
751223
751224
751225
751227
751228
751229
751230
751231
751232
751234
751236
751237
751238
751239
751240
751241
751244
751246
751248
751249
751250
751251
751252
751253
751254
751255
751257
751258
751259
751261
751262
751263
751264
751265
751266
751267
751268
751269
751270
751271
751272
751273
751274
751275
751276
751277
751278
751279
751280
751281
751283
751284
751286
751287
751289
751290
751291
751293
751294
751295
751296
751297
751298
751299
751300
751302
751303
751304
751305
751306
751307
751309
751310
751311
751312
751313
751314
751315
751317
751318
751319
751320
751321
751322
751323
751324
751325
751326
751327
751328
751329
751330
751331
751332
751333
751334
751335
751336
751337
751338
751339
751340
751341
751342
751343
751344
751345
751347
751348
751349
751350
751352
751353
751354
751355
751356
751357
751358
751359
751360
751361
751362
751363
751364
751365
751366
751367
751368
751369
751370
751371
751372
751373
751374
751375
751376
751377
751378
751380
751381
751382
751383
751384
751385
751386
751387
751388
751389
751390
751391
751392
751393
751394
751395
751396
751397
751398
751399
751400
751401
751402
751403
751404
751405
751406
751407
751408
751409
751410
751411
751412
751413
751415
751416
751417
751418
751419
751420
751421
751422
751423
751425
751427
751428
751429
751430
751431
751435
751436
751437
751438
751439
751440
751441
751442
751443
751445
751446
751447
751448
751449
751450
751451
751452
751453
751454
751455
751456
751457
751458
751459
751460
751461
751462
751463
751464
751465
751466
751467
751468
751469
751470
751471
751472
751473
751474
751475
751476
751483
751484
751485
751486
751487
751488
751489
751490
751491
751492
751493
751494
751495
751496
751497
751498
751499
751500
751501
751502
751503
751504
751505
751506
751507
751510
751511
751512
751513
751515
751516
751517
751518
751519
751520
751521
751523
751524
751525
751527
751528
751529
751531
751532
751534
751535
751536
751537
751539
751540
751541
751542
751543
751544
751545
751546
751547
751548
751549
751550
751553
751554
751561
751562
751563
751564
751565
751567
751568
751569
751570
751571
751572
751573
751574
751576
751577
751579
751580
751582
751583
751584
751585
751587
751590
751593
751594
751595
751596
751597
751598
751602
751603
751604
751605
751606
751607
751609
751610
751611
751612
751613
751614
751615
751616
751617
751618
751620
751621
751622
751623
751624
751625
751626
751627
751628
751629
751630
751631
751632
751633
751634
751635
751636
751637
751638
751640
751641
751642
751644
751645
751646
751648
751649
751650
751651
751652
751653
751654
751655
751656
751657
751658
751659
751661
751662
751663
751664
751666
751667
751668
751669
751670
751671
751672
751673
751674
751675
751676
751677
751679
751680
751681
751682
751683
751684
751686
751687
751688
751689
751690
751691
751692
751693
751694
751695
751696
751697
751698
751699
751700
751701
751703
751704
751705
751706
751708
751709
751710
751711
751713
751714
751715
751716
751717
751718
751719
751720
751721
751722
751723
751724
751725
751726
751727
751731
751734
751736
751738
751739
751740
751741
751742
751743
751744
751745
751747
751749
751750
751751
751753
751754
751755
751756
751757
751758
751759
751760
751761
751762
751763
751764
751765
751767
751768
751769
751771
751772
751773
751774
751775
751776
751777
751778
751779
751780
751781
751782
751783
751784
751785
751786
751787
751788
751789
751790
751791
751792
751793
751795
751796
751797
751798
751799
751800
751801
751802
751803
751804
751805
751806
751807
751808
751809
751811
751812
751814
751815
751816
751817
751818
751819
751820
751821
751824
751826
751827
751828
751831
751833
751834
751835
751836
751837
751838
751839
751840
751841
751844
751845
751846
751847
751848
751849
751851
751853
751854
751855
751856
751857
751858
751859
751860
751861
751862
751863
751864
751865
751866
751867
751868
751869
751870
751871
751872
751873
751874
751875
751876
751877
751878
751879
751880
751881
751882
751883
751884
751885
751886
751888
751889
751890
751891
751892
751893
751894
751895
751896
751897
751898
751899
751900
751901
751902
751903
751904
751905
751906
751907
751909
751910
751911
751912
751914
751915
751916
751917
751918
751919
751920
751921
751922
751923
751924
751925
751926
751927
751928
751930
751931
751932
751933
751934
751935
751936
751937
751938
751939
751940
751941
751942
751943
751944
751945
751946
751947
751948
751949
751950
751951
751952
751953
751954
751955
751956
751957
751958
751959
751960
751961
751962
751963
751964
751965
751966
751967
751968
751969
751970
751971
751972
751973
751974
751975
751976
751977
751978
751979
751980
751981
751982
751983
751984
751985
751987
751988
751989
751990
751991
751992
751993
751994
751995
751996
751997
751998
751999
752000
752001
752002
752003
752004
752005
752006
752007
752008
752009
752010
752011
752012
752013
752014
752015
752016
752017
752018
752019
752021
752022
752023
752025
752026
752027
752028
752029
752031
752032
752033
752036
752037
752038
752039
752040
752041
752042
752044
752045
752046
752047
752048
752049
752050
752051
752052
752054
752055
752056
752057
752058
752060
752061
752062
752063
752064
752065
752067
752068
752069
752070
752071
752073
752074
752075
752076
752077
752078
752079
752080
752081
752082
752084
752085
752086
752087
752088
752089
752090
752091
752092
752093
752094
752095
752096
752097
752098
752099
752100
752101
752102
752103
752104
752105
752106
752107
752108
752109
752110
752111
752112
752113
752115
752116
752117
752118
752119
752120
752121
752122
752125
752126
752127
752128
752129
752130
752131
752133
752134
752135
752136
752137
752138
752139
752140
752141
752142
752143
752144
752145
752146
752147
752148
752149
752150
752151
752152
752153
752154
752155
752156
752157
752158
752159
752160
752161
752162
752163
752164
752165
752166
752167
752168
752169
752171
752172
752174
752175
752176
752177
752178
752179
752180
752182
752183
752186
752188
752190
752191
752193
752194
752195
752196
752197
752198
752199
752200
752202
752203
752204
752205
752208
752209
752210
752211
752212
752213
752214
752215
752216
752217
752218
752219
752220
752221
752222
752224
752225
752226
752227
752228
752229
752230
752231
752232
752233
752234
752235
752236
752237
752238
752239
752240
752242
752244
752245
752246
752247
752248
752249
752250
752253
752254
752255
752256
752257
752258
752259
752260
752261
752262
752263
752265
752267
752268
752269
752271
752272
752273
752274
752275
752276
752277
752278
752280
752281
752282
752283
752284
752285
752286
752289
752290
752291
752292
752294
752295
752296
752297
752298
752299
752301
752302
752303
752304
752305
752306
752307
752308
752309
752310
752311
752312
752313
752314
752315
752316
752317
752318
752319
752320
752321
752322
752323
752324
752325
752326
752327
752328
752329
752330
752331
752333
752334
752335
752336
752337
752338
752339
752340
752341
752342
752343
752344
752345
752346
752347
752348
752349
752350
752351
752352
752353
752354
752355
752356
752357
752359
752361
752362
752363
752364
752365
752366
752367
752368
752369
752372
752373
752374
752375
752376
752377
752378
752379
752380
752381
752382
752383
752384
752385
752386
752387
752388
752389
752390
752391
752392
752393
752394
752395
752396
752397
752398
752399
752400
752401
752402
752403
752404
752405
752407
752408
752409
752410
752411
752412
752413
752414
752415
752416
752417
752418
752419
752420
752421
752422
752423
752424
752425
752426
752427
752428
752429
752430
752431
752433
752434
752435
752436
752437
752438
752439
752440
752441
752442
752443
752444
752445
752446
752447
752448
752449
752450
752451
752452
752453
752454
752455
752457
752458
752459
752460
752461
752462
752464
752465
752466
752468
752469
752471
752472
752473
752474
752475
752476
752477
752478
752479
752480
752481
752482
752483
752485
752486
752487
752488
752489
752490
752491
752492
752493
752494
752495
752496
752497
752498
752499
752500
752501
752502
752503
752504
752505
752506
752507
752508
752509
752510
752511
752512
752513
752515
752516
752517
752518
752519
752520
752521
752522
752523
752524
752525
752526
752527
752528
752529
752530
752531
752532
752533
752534
752535
752536
752537
752538
752539
752540
752541
752542
752543
752544
752545
752546
752547
752548
752549
752551
752552
752553
752556
752558
752559
752560
752561
752562
752564
752565
752566
752567
752568
752569
752570
752571
752572
752573
752574
752575
752576
752577
752578
752579
752580
752581
752582
752583
752585
752586
752587
752588
752589
752590
752592
752593
752594
752595
752596
752597
752598
752600
752601
752602
752603
752604
752605
752606
752607
752608
752609
752610
752611
752612
752613
752614
752615
752617
752618
752619
752620
752621
752622
752623
752624
752625
752626
752627
752628
752630
752631
752632
752633
752634
752635
752636
752637
752638
752639
752640
752641
752642
752643
752644
752645
752646
752647
752648
752649
752650
752651
752652
752654
752655
752656
752657
752658
752659
752660
752661
752662
752663
752664
752665
752666
752668
752669
752670
752671
752672
752673
752674
752676
752677
752679
752681
752682
752684
752685
752686
752687
752688
752689
752690
752691
752692
752694
752695
752696
752698
752700
752701
752702
752703
752704
752708
752710
752711
752713
752714
752715
752716
752717
752718
752719
752720
752721
752722
752723
752724
752726
752727
752728
752729
752730
752731
752732
752733
752734
752735
752736
752737
752738
752739
752740
752741
752742
752743
752744
752745
752746
752747
752748
752749
752750
752751
752752
752753
752754
752755
752756
752757
752758
752759
752760
752761
752762
752763
752764
752765
752766
752767
752768
752769
752770
752771
752772
752773
752774
752775
752776
752777
752778
752779
752780
752781
752782
752783
752785
752786
752787
752788
752789
752790
752791
752792
752794
752795
752796
752797
752798
752800
752801
752802
752803
752804
752805
752806
752807
752809
752810
752811
752812
752813
752814
752815
752816
752817
752818
752819
752821
752822
752823
752824
752825
752826
752827
752829
752830
752831
752832
752833
752834
752835
752836
752837
752838
752839
752840
752841
752842
752843
752845
752846
752847
752848
752849
752850
752851
752852
752853
752854
752855
752856
752857
752858
752859
752860
752861
752862
752863
752864
752865
752866
752867
752868
752869
752870
752871
752872
752873
752874
752876
752877
752878
752879
752880
752881
752882
752883
752884
752886
752887
752888
752889
752890
752891
752892
752893
752894
752895
752896
752897
752898
752899
752900
752901
752902
752903
752904
752905
752906
752907
752908
752909
752910
752911
752912
752913
752914
752915
752916
752917
752918
752919
752920
752922
752924
752925
752926
752927
752928
752929
752930
752931
752932
752933
752934
752935
752936
752937
752938
752939
752940
752941
752942
752943
752944
752945
752946
752947
752948
752949
752950
752951
752952
752953
752954
752955
752956
752957
752959
752960
752961
752962
752963
752964
752965
752967
752968
752969
752970
752971
752972
752973
752974
752975
752976
752977
752978
752979
752980
752981
752982
752983
752984
752985
752986
752987
752988
752990
752992
752993
752994
752995
752996
752997
752998
752999
753000
753001
753002
753003
753004
753005
753006
753008
753009
753010
753011
753012
753014
753016
753017
753018
753020
753021
753022
753023
753024
753025
753026
753027
753028
753029
753030
753031
753032
753033
753034
753035
753036
753037
753038
753039
753040
753041
753042
753044
753045
753046
753047
753048
753049
753050
753051
753053
753054
753055
753056
753057
753058
753059
753060
753062
753063
753064
753065
753066
753067
753068
753069
753071
753072
753073
753074
753075
753076
753077
753078
753079
753080
753081
753082
753083
753084
753085
753086
753087
753088
753090
753091
753092
753093
753095
753096
753099
753100
753101
753102
753103
753104
753105
753106
753107
753108
753109
753110
753112
753113
753114
753115
753116
753117
753118
753119
753120
753121
753122
753123
753124
753125
753126
753127
753128
753130
753131
753133
753134
753135
753136
753137
753138
753139
753140
753141
753142
753143
753144
753145
753146
753147
753148
753149
753150
753151
753152
753153
753154
753155
753156
753157
753158
753159
753160
753161
753162
753163
753164
753165
753166
753167
753170
753171
753172
753173
753174
753176
753177
753178
753179
753181
753183
753184
753185
753186
753187
753188
753189
753193
753197
753198
753199
753201
753204
753207
753208
753209
753210
753211
753212
753213
753214
753215
753216
753217
753218
753219
753220
753221
753222
753223
753224
753225
753226
753227
753228
753229
753230
753231
753232
753234
753235
753236
753237
753238
753239
753240
753241
753242
753243
753245
753246
753248
753249
753250
753251
753252
753253
753254
753255
753256
753257
753258
753259
753260
753261
753262
753263
753264
753265
753266
753267
753268
753269
753270
753271
753272
753273
753274
753275
753276
753277
753278
753279
753280
753281
753282
753283
753284
753285
753286
753287
753288
753289
753290
753291
753292
753293
753294
753295
753296
753298
753299
753300
753301
753304
753305
753306
753307
753308
753309
753310
753312
753313
753314
753315
753316
753317
753318
753319
753320
753321
753322
753323
753324
753325
753326
753327
753328
753329
753330
753332
753333
753334
753335
753336
753337
753338
753340
753341
753342
753343
753344
753345
753346
753347
753348
753349
753350
753351
753352
753353
753354
753355
753356
753357
753358
753359
753360
753361
753362
753363
753364
753365
753366
753367
753368
753369
753370
753371
753372
753373
753374
753375
753376
753377
753378
753379
753380
753381
753382
753383
753384
753385
753386
753387
753388
753389
753390
753391
753392
753393
753394
753395
753396
753397
753398
753400
753401
753402
753403
753404
753405
753406
753407
753408
753409
753410
753411
753412
753413
753414
753415
753416
753417
753418
753419
753420
753421
753422
753423
753424
753425
753426
753427
753428
753429
753431
753432
753433
753434
753435
753436
753437
753438
753439
753440
753442
753443
753445
753447
753449
753450
753451
753452
753453
753454
753455
753456
753457
753458
753459
753460
753461
753462
753463
753465
753466
753467
753468
753469
753470
753471
753472
753473
753474
753475
753476
753477
753478
753481
753482
753483
753484
753485
753486
753487
753488
753489
753490
753491
753492
753493
753497
753498
753499
753500
753501
753502
753503
753504
753505
753506
753507
753509
753510
753511
753512
753513
753514
753515
753516
753517
753518
753519
753521
753522
753523
753524
753525
753526
753527
753528
753529
753530
753531
753532
753533
753534
753535
753536
753537
753538
753539
753540
753541
753542
753543
753544
753545
753546
753547
753548
753549
753550
753551
753552
753553
753554
753555
753556
753557
753558
753559
753560
753561
753562
753563
753565
753566
753567
753568
753569
753570
753571
753572
753573
753574
753575
753576
753577
753578
753579
753580
753581
753582
753583
753584
753585
753586
753587
753588
753589
753590
753591
753593
753595
753596
753597
753598
753599
753600
753601
753602
753603
753605
753606
753608
753611
753612
753613
753614
753615
753616
753617
753618
753619
753620
753621
753622
753623
753625
753626
753627
753629
753630
753631
753632
753633
753634
753635
753636
753637
753638
753639
753640
753641
753642
753643
753644
753645
753646
753647
753648
753649
753651
753652
753653
753654
753655
753656
753657
753658
753659
753660
753661
753662
753663
753664
753665
753666
753667
753668
753669
753670
753671
753672
753673
753674
753675
753676
753677
753678
753679
753680
753681
753682
753683
753684
753685
753686
753687
753688
753689
753690
753691
753692
753693
753694
753695
753696
753697
753698
753699
753700
753701
753702
753703
753705
753706
753707
753708
753709
753710
753711
753712
753713
753715
753718
753719
753721
753722
753723
753724
753725
753726
753727
753728
753729
753730
753731
753732
753733
753735
753736
753737
753738
753739
753740
753741
753742
753743
753744
753745
753747
753748
753749
753750
753751
753752
753753
753754
753755
753756
753757
753759
753760
753761
753762
753763
753764
753765
753766
753767
753768
753769
753770
753771
753772
753773
753774
753775
753776
753777
753778
753779
753780
753781
753782
753783
753784
753785
753786
753787
753789
753790
753791
753793
753794
753795
753796
753797
753798
753799
753800
753801
753802
753803
753804
753805
753806
753808
753809
753810
753811
753812
753813
753814
753815
753816
753817
753818
753819
753820
753821
753822
753823
753824
753825
753827
753828
753829
753830
753832
753833
753834
753835
753836
753837
753838
753839
753840
753841
753842
753843
753844
753846
753847
753848
753849
753850
753851
753852
753853
753855
753856
753857
753858
753859
753862
753863
753864
753865
753866
753867
753868
753870
753872
753873
753874
753876
753877
753880
753881
753882
753883
753884
753886
753887
753889
753891
753893
753894
753895
753896
753897
753899
753900
753901
753902
753903
753904
753905
753906
753908
753910
753912
753913
753914
753915
753917
753918
753919
753921
753922
753923
753924
753925
753926
753927
753928
753929
753930
753931
753932
753933
753935
753936
753937
753938
753939
753940
753941
753942
753943
753944
753945
753946
753947
753948
753949
753950
753951
753952
753953
753954
753955
753956
753957
753958
753959
753960
753961
753962
753963
753964
753965
753966
753967
753968
753969
753970
753971
753972
753973
753974
753975
753977
753978
753981
753982
753983
753984
753985
753986
753988
753989
753990
753991
753993
753994
753995
753996
753997
753998
753999
754000
754001
754002
754005
754006
754007
754008
754009
754010
754011
754012
754013
754014
754015
754016
754017
754018
754019
754020
754021
754022
754025
754026
754027
754029
754030
754031
754032
754033
754034
754035
754036
754037
754038
754039
754040
754041
754042
754043
754044
754045
754046
754047
754048
754049
754050
754051
754052
754053
754054
754056
754057
754058
754059
754060
754061
754062
754063
754064
754066
754067
754068
754069
754071
754072
754073
754074
754075
754076
754078
754080
754081
754084
754085
754086
754087
754088
754089
754090
754091
754092
754093
754094
754095
754097
754098
754099
754102
754103
754104
754105
754106
754107
754108
754109
754110
754111
754112
754113
754114
754115
754116
754117
754118
754119
754120
754121
754122
754123
754124
754125
754126
754127
754128
754129
754130
754131
754132
754133
754134
754135
754136
754137
754138
754139
754140
754142
754144
754145
754146
754147
754148
754150
754151
754152
754153
754154
754155
754156
754157
754158
754159
754160
754161
754163
754164
754165
754166
754168
754169
754170
754171
754173
754174
754175
754176
754177
754178
754180
754181
754182
754183
754184
754185
754186
754187
754188
754189
754190
754192
754194
754195
754196
754197
754199
754200
754201
754202
754203
754204
754205
754206
754207
754209
754210
754211
754212
754213
754214
754215
754216
754217
754218
754219
754220
754222
754223
754224
754225
754226
754227
754228
754229
754230
754231
754232
754233
754235
754236
754237
754238
754240
754241
754243
754244
754245
754246
754247
754248
754249
754251
754253
754254
754255
754256
754257
754259
754260
754261
754262
754263
754264
754265
754266
754267
754268
754269
754272
754273
754274
754275
754276
754277
754278
754279
754280
754281
754282
754283
754284
754285
754286
754287
754288
754289
754290
754291
754292
754293
754294
754296
754298
754299
754300
754301
754302
754303
754304
754305
754306
754307
754308
754309
754310
754311
754312
754313
754314
754315
754316
754317
754318
754319
754320
754321
754322
754324
754325
754326
754327
754328
754329
754330
754331
754332
754333
754334
754335
754336
754337
754338
754339
754340
754341
754342
754343
754344
754345
754346
754347
754348
754349
754350
754351
754352
754353
754355
754356
754357
754358
754359
754360
754361
754363
754364
754366
754367
754368
754370
754371
754372
754373
754374
754375
754376
754377
754378
754379
754380
754381
754382
754383
754384
754385
754386
754387
754388
754389
754390
754391
754392
754393
754395
754396
754397
754398
754399
754400
754401
754402
754403
754404
754405
754406
754407
754408
754409
754410
754411
754412
754413
754414
754415
754416
754417
754418
754419
754420
754421
754422
754423
754424
754425
754426
754427
754430
754431
754432
754433
754434
754436
754437
754438
754439
754440
754441
754442
754443
754444
754445
754446
754447
754448
754449
754450
754451
754452
754453
754454
754455
754456
754457
754458
754459
754460
754461
754462
754463
754464
754465
754466
754467
754468
754469
754470
754471
754472
754473
754474
754475
754476
754477
754478
754479
754480
754481
754482
754483
754484
754485
754486
754487
754489
754490
754491
754492
754493
754494
754495
754496
754497
754498
754499
754500
754501
754502
754505
754506
754507
754508
754509
754510
754511
754512
754514
754515
754516
754517
754518
754519
754520
754521
754522
754523
754524
