760219
760221
760222
760223
760225
760226
760227
760228
760229
760230
760231
760233
760234
760236
760238
760239
760240
760242
760243
760245
760246
760247
760248
760249
760250
760251
760252
760253
760254
760255
760256
760257
760258
760259
760260
760261
760262
760263
760264
760265
760266
760267
760268
760269
760270
760271
760272
760273
760274
760275
760276
760277
760278
760279
760280
760281
760282
760284
760285
760286
760287
760288
760289
760290
760291
760292
760293
760295
760296
760297
760298
760299
760300
760301
760302
760303
760304
760305
760307
760308
760309
760310
760311
760312
760313
760314
760316
760317
760318
760319
760321
760322
760323
760324
760325
760326
760327
760328
760329
760330
760331
760332
760333
760335
760336
760337
760338
760339
760340
760341
760342
760343
760344
760346
760348
760349
760350
760351
760353
760354
760355
760356
760357
760358
760359
760360
760361
760362
760363
760364
760365
760366
760367
760368
760369
760370
760371
760372
760373
760374
760375
760376
760378
760379
760381
760382
760383
760384
760385
760386
760387
760389
760390
760391
760392
760393
760394
760395
760396
760397
760398
760399
760400
760401
760402
760404
760405
760406
760407
760408
760409
760410
760411
760412
760413
760414
760415
760416
760417
760418
760419
760420
760421
760422
760423
760424
760426
760427
760429
760430
760433
760434
760435
760436
760437
760440
760441
760442
760443
760444
760445
760446
760447
760448
760449
760450
760451
760452
760453
760454
760455
760456
760457
760458
760459
760460
760461
760462
760464
760465
760466
760467
760468
760469
760470
760471
760472
760473
760474
760475
760476
760477
760478
760479
760481
760482
760483
760484
760485
760486
760487
760489
760490
760492
760493
760494
760495
760496
760497
760498
760499
760500
760502
760503
760504
760505
760506
760508
760510
760511
760512
760513
760515
760516
760517
760518
760519
760520
760521
760522
760523
760524
760527
760528
760529
760530
760531
760532
760533
760534
760535
760536
760537
760538
760539
760540
760541
760542
760543
760544
760545
760546
760549
760550
760551
760552
760553
760554
760556
760557
760558
760559
760561
760562
760563
760564
760565
760566
760567
760568
760569
760570
760571
760573
760574
760575
760576
760578
760579
760580
760581
760582
760583
760584
760585
760587
760588
760589
760590
760591
760592
760593
760594
760595
760596
760597
760598
760599
760600
760601
760602
760603
760604
760605
760606
760607
760608
760609
760611
760612
760613
760614
760615
760616
760617
760619
760620
760621
760623
760624
760628
760630
760631
760632
760633
760634
760635
760636
760637
760638
760639
760640
760641
760642
760643
760644
760645
760646
760647
760648
760649
760651
760652
760653
760654
760655
760656
760657
760659
760660
760662
760663
760664
760665
760666
760667
760668
760669
760670
760671
760673
760674
760675
760676
760677
760678
760679
760680
760681
760682
760683
760684
760686
760687
760688
760689
760690
760692
760693
760694
760695
760696
760697
760698
760699
760700
760701
760702
760703
760704
760705
760706
760707
760708
760710
760711
760712
760713
760714
760715
760717
760718
760719
760720
760721
760722
760723
760724
760725
760726
760727
760728
760729
760730
760731
760732
760733
760734
760735
760736
760737
760738
760739
760740
760741
760742
760743
760744
760745
760746
760747
760748
760749
760750
760751
760752
760753
760754
760755
760756
760757
760758
760759
760760
760761
760762
760763
760764
760765
760766
760767
760768
760769
760770
760771
760772
760773
760774
760775
760776
760777
760778
760779
760780
760782
760783
760784
760785
760787
760788
760789
760790
760791
760792
760793
760794
760795
760796
760797
760798
760800
760802
760803
760805
760806
760807
760808
760809
760810
760811
760812
760814
760815
760816
760817
760818
760819
760820
760821
760822
760824
760825
760826
760827
760828
760829
760830
760831
760832
760833
760834
760835
760836
760837
760838
760839
760840
760841
760842
760843
760844
760845
760847
760848
760849
760850
760851
760853
760854
760855
760856
760857
760858
760859
760860
760861
760862
760863
760864
760865
760866
760867
760868
760869
760870
760871
760872
760873
760874
760875
760876
760877
760878
760879
760880
760881
760882
760883
760884
760885
760886
760887
760888
760889
760890
760891
760892
760893
760894
760895
760896
760897
760898
760899
760900
760901
760902
760903
760905
760906
760907
760908
760909
760911
760913
760914
760915
760916
760917
760918
760919
760920
760921
760922
760923
760924
760926
760927
760928
760929
760930
760931
760932
760934
760935
760936
760937
760938
760939
760940
760941
760942
760943
760946
760947
760950
760951
760952
760953
760954
760955
760956
760957
760958
760959
760960
760961
760962
760963
760964
760965
760966
760967
760968
760969
760970
760971
760972
760973
760974
760975
760976
760977
760978
760979
760980
760981
760982
760983
760984
760985
760987
760989
760990
760991
760992
760993
760994
760995
760996
760997
760998
760999
761000
761001
761002
761003
761004
761005
761006
761007
761008
761009
761010
761011
761012
761013
761014
761015
761016
761017
761018
761019
761020
761021
761022
761023
761024
761025
761026
761027
761028
761029
761030
761033
761036
761039
761042
761043
761044
761045
761046
761047
761048
761049
761050
761051
761052
761054
761055
761056
761057
761058
761059
761060
761061
761062
761063
761064
761065
761066
761067
761068
761069
761071
761072
761073
761074
761075
761077
761078
761079
761080
761081
761082
761084
761085
761086
761087
761088
761089
761090
761091
761092
761095
761098
761099
761100
761101
761102
761104
761105
761106
761107
761108
761115
761116
761117
761118
761120
761122
761124
761127
761128
761131
761132
761133
761134
761135
761136
761137
761138
761139
761140
761142
761143
761144
761145
761146
761147
761148
761150
761151
761152
761153
761155
761156
761158
761159
761160
761161
761162
761163
761165
761166
761167
761168
761170
761172
761173
761174
761175
761176
761177
761178
761179
761180
761181
761183
761184
761185
761186
761187
761188
761189
761190
761191
761192
761193
761194
761195
761196
761197
761198
761199
761200
761201
761202
761203
761204
761205
761206
761207
761208
761209
761210
761211
761213
761214
761215
761216
761217
761218
761219
761220
761221
761222
761223
761224
761225
761226
761227
761228
761229
761230
761231
761233
761235
761236
761237
761238
761239
761240
761241
761243
761244
761245
761246
761247
761248
761249
761251
761252
761253
761254
761255
761257
761258
761259
761260
761261
761262
761264
761265
761267
761268
761269
761270
761271
761272
761273
761275
761276
761277
761278
761279
761280
761281
761282
761283
761284
761285
761288
761289
761290
761291
761292
761293
761294
761295
761296
761297
761298
761299
761300
761301
761302
761303
761304
761305
761306
761307
761308
761309
761310
761311
761312
761313
761314
761316
761317
761318
761319
761320
761321
761322
761323
761324
761325
761326
761327
761328
761329
761330
761332
761333
761334
761335
761336
761337
761338
761339
761340
761341
761342
761343
761344
761347
761348
761349
761350
761351
761352
761353
761354
761355
761356
761358
761359
761360
761361
761362
761363
761364
761365
761366
761367
761368
761369
761370
761371
761372
761373
761374
761375
761376
761377
761378
761379
761380
761381
761382
761383
761384
761385
761386
761387
761388
761389
761390
761391
761392
761394
761396
761397
761398
761399
761400
761401
761402
761403
761405
761406
761407
761408
761409
761411
761412
761413
761414
761415
761417
761418
761419
761420
761421
761422
761423
761424
761426
761427
761428
761429
761432
761433
761435
761436
761437
761439
761440
761443
761444
761445
761446
761447
761449
761450
761452
761453
761454
761455
761457
761460
761461
761462
761463
761464
761465
761466
761467
761468
761469
761470
761471
761472
761473
761474
761476
761477
761478
761479
761480
761481
761483
761484
761485
761486
761487
761489
761491
761492
761493
761494
761496
761497
761498
761499
761500
761501
761502
761503
761504
761505
761506
761507
761508
761509
761510
761511
761512
761513
761514
761515
761516
761517
761518
761519
761520
761521
761522
761523
761525
761526
761527
761528
761529
761530
761531
761532
761533
761534
761535
761536
761537
761538
761539
761540
761541
761542
761543
761547
761548
761550
761551
761552
761553
761554
761555
761556
761557
761558
761560
761561
761562
761563
761564
761565
761566
761567
761569
761570
761571
761572
761574
761575
761576
761577
761578
761579
761580
761581
761582
761583
761584
761585
761586
761587
761588
761589
761590
761592
761593
761594
761595
761596
761597
761598
761599
761600
761601
761602
761603
761604
761605
761606
761607
761608
761609
761610
761611
761612
761613
761614
761615
761618
761619
761620
761621
761622
761623
761624
761625
761626
761628
761632
761633
761634
761635
761636
761637
761638
761639
761640
761641
761642
761643
761644
761645
761646
761647
761648
761649
761651
761653
761654
761655
761656
761657
761658
761659
761660
761661
761662
761663
761664
761665
761666
761667
761668
761669
761670
761671
761672
761673
761674
761675
761676
761677
761678
761679
761681
761682
761683
761684
761685
761686
761687
761688
761689
761691
761692
761693
761694
761695
761696
761699
761700
761701
761702
761703
761704
761705
761706
761707
761708
761709
761710
761711
761712
761714
761715
761716
761717
761718
761719
761720
761721
761722
761723
761724
761725
761727
761728
761730
761731
761732
761733
761734
761735
761736
761737
761738
761739
761740
761741
761742
761743
761744
761745
761746
761747
761748
761749
761750
761751
761752
761753
761754
761755
761756
761757
761758
761759
761760
761761
761762
761763
761764
761765
761767
761768
761769
761770
761772
761773
761774
761775
761776
761777
761778
761779
761780
761781
761782
761783
761784
761785
761786
761788
761789
761790
761791
761792
761793
761794
761796
761797
761798
761799
761800
761801
761802
761803
761804
761805
761806
761807
761809
761811
761812
761813
761814
761818
761819
761820
761821
761823
761824
761825
761826
761827
761828
761829
761830
761832
761834
761835
761836
761837
761839
761840
761841
761842
761843
761844
761845
761846
761847
761848
761849
761850
761851
761852
761853
761854
761855
761856
761857
761858
761859
761860
761861
761862
761863
761864
761865
761866
761867
761868
761869
761870
761871
761872
761873
761874
761875
761876
761877
761878
761879
761880
761881
761882
761883
761884
761885
761886
761887
761888
761889
761890
761891
761892
761893
761894
761895
761896
761898
761900
761901
761902
761903
761904
761906
761907
761909
761910
761912
761914
761916
761918
761919
761920
761921
761922
761924
761925
761927
761928
761929
761930
761931
761932
761933
761934
761935
761937
761938
761939
761940
761941
761942
761943
761944
761945
761946
761947
761948
761949
761950
761951
761952
761953
761954
761956
761957
761958
761959
761960
761961
761962
761963
761964
761965
761966
761967
761968
761969
761970
761971
761972
761973
761974
761975
761976
761977
761978
761979
761980
761981
761982
761983
761984
761985
761986
761987
761988
761989
761990
761991
761992
761994
761995
761996
761997
761998
761999
762000
762001
762002
762003
762004
762006
762007
762008
762009
762010
762011
762012
762013
762014
762015
762017
762018
762019
762021
762022
762023
762024
762025
762026
762027
762028
762029
762030
762031
762032
762033
762034
762035
762037
762038
762039
762041
762042
762044
762045
762046
762047
762048
762049
762050
762051
762052
762053
762054
762056
762057
762058
762059
762060
762061
762062
762063
762064
762065
762066
762067
762068
762069
762072
762073
762074
762075
762076
762077
762078
762079
762080
762081
762082
762083
762084
762085
762087
762088
762089
762090
762091
762093
762094
762095
762096
762097
762099
762101
762102
762103
762104
762105
762106
762107
762108
762110
762111
762113
762114
762115
762116
762117
762118
762119
762120
762121
762122
762123
762124
762126
762127
762128
762129
762130
762131
762132
762133
762134
762135
762136
762137
762139
762140
762142
762144
762145
762147
762148
762150
762151
762152
762153
762154
762155
762156
762157
762158
762159
762161
762162
762163
762164
762165
762166
762167
762168
762169
762170
762171
762172
762173
762174
762175
762176
762178
762179
762180
762181
762182
762183
762185
762186
762187
762188
762189
762190
762191
762192
762193
762194
762195
762196
762197
762198
762199
762200
762201
762202
762203
762204
762205
762206
762207
762208
762209
762213
762216
762217
762219
762220
762221
762222
762225
762226
762227
762228
762229
762230
762231
762236
762240
762241
762242
762243
762244
762245
762247
762248
762249
762252
762253
762254
762255
762256
762257
762258
762259
762260
762261
762262
762263
762264
762265
762266
762267
762268
762269
762270
762271
762273
762274
762275
762276
762277
762278
762279
762280
762281
762282
762283
762284
762285
762286
762288
762289
762291
762293
762295
762296
762297
762298
762299
762300
762301
762302
762303
762304
762305
762306
762307
762308
762309
762310
762311
762312
762314
762315
762316
762317
762318
762319
762320
762321
762322
762323
762324
762325
762326
762327
762328
762329
762330
762331
762332
762334
762335
762336
762337
762338
762339
762340
762341
762342
762343
762344
762345
762346
762347
762348
762349
762351
762353
762354
762356
762357
762358
762360
762361
762362
762363
762365
762366
762367
762368
762370
762371
762372
762373
762374
762375
762376
762377
762379
762380
762381
762382
762383
762384
762385
762386
762387
762388
762389
762390
762391
762392
762393
762394
762395
762396
762397
762398
762399
762400
762401
762402
762403
762404
762405
762406
762407
762408
762409
762410
762411
762412
762413
762414
762415
762416
762417
762418
762419
762420
762421
762422
762423
762424
762425
762426
762427
762428
762430
762431
762432
762433
762434
762435
762437
762438
762439
762440
762441
762442
762443
762444
762445
762447
762448
762451
762453
762454
762455
762456
762457
762458
762459
762460
762461
762462
762464
762465
762467
762468
762469
762470
762471
762472
762474
762475
762476
762477
762478
762479
762480
762481
762482
762483
762485
762486
762488
762489
762490
762491
762492
762494
762495
762496
762498
762499
762500
762501
762502
762503
762504
762505
762506
762507
762508
762509
762510
762511
762512
762513
762514
762515
762516
762518
762520
762521
762522
762523
762524
762526
762527
762528
762529
762530
762531
762532
762533
762534
762535
762536
762537
762538
762539
762540
762541
762542
762544
762545
762546
762547
762548
762549
762550
762551
762552
762553
762554
762555
762556
762557
762558
762559
762560
762561
762562
762565
762566
762567
762568
762569
762570
762571
762572
762573
762574
762575
762576
762577
762578
762579
762580
762581
762582
762583
762584
762585
762586
762587
762588
762589
762590
762591
762592
762593
762594
762596
762597
762599
762600
762601
762602
762603
762604
762605
762606
762607
762608
762609
762610
762611
762612
762613
762614
762615
762617
762618
762619
762620
762621
762622
762623
762624
762625
762626
762627
762628
762629
762630
762631
762632
762633
762634
762635
762637
762638
762639
762640
762641
762642
762643
762644
762645
762646
762647
762648
762650
762651
762652
762653
762654
762655
762656
762657
762659
762660
762661
762662
762663
762664
762665
762666
762667
762668
762669
762670
762671
762672
762673
762674
762675
762676
762677
762678
762679
762681
762682
762683
762685
762686
762687
762688
762689
762691
762692
762694
762695
762696
762697
762698
762699
762700
762701
762702
762703
762705
762706
762707
762708
762710
762711
762712
762713
762714
762715
762716
762717
762718
762719
762720
762721
762722
762723
762724
762725
762727
762728
762730
762731
762732
762733
762734
762735
762736
762738
762739
762741
762742
762743
762744
762745
762746
762747
762748
762749
762750
762751
762752
762753
762754
762755
762758
762759
762760
762763
762764
762765
762766
762767
762768
762769
762770
762771
762772
762773
762774
762775
762776
762777
762778
762779
762780
762782
762783
762784
762785
762787
762788
762789
762790
762791
762792
762793
762794
762795
762796
762797
762798
762799
762800
762801
762802
762803
762804
762805
762806
762807
762808
762809
762810
762811
762812
762813
762814
762815
762816
762817
762818
762819
762820
762821
762822
762823
762825
762826
762827
762828
762829
762830
762832
762833
762834
762835
762836
762837
762838
762839
762841
762842
762844
762845
762846
762847
762849
762851
762852
762853
762854
762855
762856
762857
762858
762859
762860
762861
762863
762864
762865
762866
762867
762868
762870
762871
762872
762874
762875
762876
762877
762878
762879
762880
762881
762882
762883
762886
762887
762888
762889
762890
762891
762892
762893
762894
762895
762896
762897
762898
762899
762900
762901
762903
762904
762906
762907
762908
762909
762910
762911
762912
762913
762914
762915
762916
762917
762918
762919
762920
762921
762922
762923
762924
762925
762926
762927
762928
762929
762930
762931
762932
762934
762935
762936
762937
762938
762939
762940
762941
762942
762943
762944
762945
762947
762948
762949
762950
762951
762952
762953
762954
762955
762957
762958
762959
762960
762961
762962
762963
762964
762965
762966
762967
762968
762969
762970
762971
762975
762976
762977
762978
762980
762981
762982
762983
762984
762986
762987
762988
762989
762990
762991
762992
762993
762994
762995
762996
762998
763000
763001
763002
763003
763004
763005
763006
763008
763009
763010
763011
763012
763013
763014
763015
763016
763017
763018
763019
763022
763024
763025
763026
763027
763028
763029
763030
763031
763032
763033
763034
763035
763036
763037
763038
763039
763040
763041
763042
763043
763044
763046
763047
763048
763050
763051
763052
763053
763054
763055
763056
763057
763058
763059
763060
763061
763062
763063
763064
763065
763066
763067
763068
763069
763070
763071
763072
763073
763074
763075
763076
763077
763078
763079
763080
763081
763082
763083
763084
763085
763086
763087
763088
763089
763090
763091
763092
763093
763095
763096
763097
763098
763099
763100
763101
763102
763103
763104
763105
763106
763107
763108
763109
763112
763113
763114
763115
763117
763118
763119
763120
763121
763122
763123
763124
763125
763126
763127
763128
763129
763130
763131
763133
763134
763135
763136
763137
763138
763139
763141
763142
763143
763144
763145
763146
763147
763148
763149
763150
763151
763152
763153
763154
763155
763156
763157
763158
763159
763160
763161
763162
763163
763164
763165
763166
763168
763170
763172
763173
763174
763175
763176
763177
763178
763179
763180
763181
763182
763183
763184
763185
763186
763187
763189
763190
763191
763192
763193
763194
763195
763196
763197
763198
763199
763200
763201
763202
763203
763204
763206
763207
763208
763209
763212
763213
763214
763215
763216
763217
763218
763219
763221
763222
763223
763225
763226
763227
763228
763229
763230
763232
763233
763234
763235
763236
763237
763238
763240
763241
763242
763243
763245
763246
763248
763249
763250
763251
763252
763253
763254
763255
763256
763257
763258
763259
763260
763261
763262
763263
763264
763265
763267
763268
763270
763271
763272
763273
763274
763275
763276
763277
763278
763279
763280
763281
763282
763283
763285
763286
763287
763288
763289
763290
763291
763292
763293
763294
763295
763296
763297
763298
763300
763301
763302
763303
763304
763305
763307
763308
763309
763310
763311
763312
763314
763315
763316
763317
763318
763319
763320
763321
763322
763324
763325
763326
763327
763328
763329
763330
763331
763332
763333
763334
763335
763336
763337
763338
763339
763340
763341
763342
763343
763344
763345
763347
763348
763349
763350
763351
763352
763353
763354
763355
763357
763358
763359
763360
763361
763362
763363
763364
763365
763366
763367
763368
763369
763370
763371
763372
763373
763374
763375
763377
763378
763379
763380
763381
763382
763383
763384
763385
763386
763387
763388
763389
763390
763392
763393
763394
763395
763397
763398
763399
763400
763401
763402
763403
763404
763405
763406
763408
763409
763410
763411
763413
763414
763415
763416
763417
763418
763419
763420
763422
763423
763424
763425
763426
763428
763429
763430
763431
763433
763435
763436
763437
763438
763439
763440
763441
763442
763444
763445
763446
763447
763448
763449
763450
763451
763452
763453
763454
763455
763456
763458
763459
763460
763461
763462
763463
763464
763466
763467
763468
763470
763471
763472
763473
763474
763475
763477
763478
763480
763481
763483
763484
763485
763486
763487
763488
763489
763490
763491
763492
763493
763494
763495
763496
763497
763498
763499
763501
763502
763503
763504
763505
763506
763507
763508
763509
763510
763511
763512
763513
763515
763516
763517
763518
763519
763520
763521
763523
763524
763525
763526
763527
763528
763529
763530
763531
763532
763533
763534
763536
763537
763539
763540
763541
763542
763543
763544
763545
763546
763547
763548
763550
763551
763552
763553
763554
763555
763556
763557
763558
763560
763561
763562
763563
763564
763565
763567
763568
763569
763570
763571
763573
763574
763575
763577
763578
763579
763580
763582
763583
763584
763585
763586
763587
763591
763592
763595
763596
763597
763598
763599
763600
763601
763602
763605
763606
763607
763608
763609
763610
763611
763612
763613
763614
763615
763616
763617
763618
763619
763620
763621
763622
763623
763624
763625
763626
763627
763628
763629
763630
763631
763632
763633
763634
763635
763636
763637
763638
763639
763640
763641
763642
763644
763645
763646
763648
763649
763650
763651
763652
763653
763654
763655
763658
763661
763662
763663
763664
763665
763666
763667
763668
763669
763670
763671
763672
763673
763674
763675
763676
763677
763678
763679
763680
763681
763682
763683
763684
763685
763688
763689
763690
763691
763692
763693
763694
763695
763696
763697
763698
763699
763700
763701
763702
763703
763705
763706
763707
763708
763709
763710
763711
763712
763713
763714
763715
763716
763717
763718
763719
763720
763721
763723
763724
763725
763726
763727
763728
763729
763730
763731
763732
763733
763734
763735
763736
763737
763738
763739
763740
763741
763742
763743
763744
763745
763746
763747
763748
763749
763750
763751
763752
763753
763754
763755
763756
763757
763758
763759
763761
763762
763763
763765
763766
763767
763768
763769
763770
763772
763773
763774
763775
763776
763777
763778
763779
763780
763781
763782
763783
763784
763785
763786
763787
763788
763789
763790
763791
763792
763794
763795
763796
763797
763798
763799
763800
763801
763802
763803
763804
763805
763806
763807
763808
763809
763810
763811
763812
763813
763815
763816
763817
763818
763819
763820
763821
763822
763823
763824
763825
763826
763827
763828
763829
763830
763831
763832
763833
763835
763836
763837
763839
763840
763841
763842
763843
763844
763845
763846
763847
763848
763849
763850
763851
763852
763853
763854
763855
763856
763857
763858
763859
763860
763861
763862
763863
763865
763867
763868
763870
763871
763872
763873
763874
763875
763876
763877
763878
763879
763880
763881
763882
763883
763884
763885
763887
763889
763890
763891
763892
763893
763894
763895
763896
763897
763899
763900
763901
763903
763905
763906
763908
763909
763910
763911
763912
763913
763914
763915
763916
763917
763918
763919
763920
763921
763922
763923
763924
763925
763926
763927
763928
763929
763932
763934
763937
763938
763939
763940
763941
763942
763943
763944
763945
763946
763947
763948
763949
763950
763951
763952
763953
763954
763955
763956
763957
763958
763959
763960
763961
763962
763963
763964
763965
763966
763967
763968
763969
763970
763971
763972
763973
763974
763975
763976
763977
763978
763979
763980
763983
763984
763985
763986
763987
763989
763990
763992
763993
763994
763995
763996
763997
763998
763999
764000
764001
764002
764003
764004
764005
764006
764007
764008
764009
764010
764011
764012
764013
764014
764015
764016
764017
764018
764019
764020
764021
764022
764023
764024
764025
764026
764027
764028
764029
764030
764031
764032
764033
764034
764035
764036
764037
764038
764039
764040
764041
764042
764043
764045
764047
764048
764049
764050
764051
764052
764054
764055
764056
764057
764060
764061
764062
764063
764064
764065
764066
764068
764069
764070
764071
764072
764073
764074
764075
764076
764077
764078
764079
764080
764081
764083
764084
764085
764086
764087
764090
764091
764093
764094
764097
764098
764099
764100
764101
764102
764103
764104
764105
764106
764107
764108
764109
764110
764111
764112
764113
764114
764115
764116
764117
764118
764119
764120
764121
764122
764123
764124
764125
764126
764127
764128
764129
764130
764131
764132
764133
764134
764135
764137
764138
764139
764141
764143
764144
764145
764146
764147
764149
764150
764151
764152
764153
764154
764155
764156
764157
764158
764159
764160
764161
764162
764163
764164
764165
764166
764167
764168
764169
764170
764171
764173
764174
764175
764177
764179
764180
764181
764182
764183
764186
764187
764188
764189
764190
764191
764192
764193
764194
764195
764196
764197
764198
764199
764200
764201
764202
764203
764204
764205
764206
764207
764209
764210
764211
764212
764213
764215
764216
764220
764222
764224
764225
764227
764228
764229
764230
764231
764232
764233
764235
764236
764237
764238
764239
764240
764241
764242
764243
764244
764245
764246
764247
764248
764249
764250
764251
764252
764255
764256
764257
764258
764262
764263
764264
764265
764266
764267
764268
764269
764270
764271
764273
764274
764276
764277
764278
764279
764280
764282
764283
764284
764285
764286
764287
764288
764289
764290
764291
764292
764293
764294
764295
764297
764298
764299
764300
764301
764302
764303
764305
764306
764307
764308
764309
764310
764311
764312
764313
764314
764315
764316
764317
764318
764319
764320
764321
764322
764323
764324
764325
764326
764328
764329
764330
764331
764332
764333
764334
764335
764336
764337
764339
764340
764341
764342
764343
764344
764345
764346
764347
764348
764349
764350
764351
764353
764354
764355
764356
764357
764358
764359
764360
764361
764362
764363
764365
764366
764367
764368
764369
764370
764371
764372
764373
764374
764375
764376
764377
764379
764380
764381
764382
764384
764386
764390
764391
764392
764393
764394
764395
764396
764398
764399
764400
764401
764402
764403
764405
764406
764407
764408
764409
764410
764411
764412
764413
764414
764415
764416
764418
764419
764420
764421
764422
764423
764424
764425
764426
764427
764429
764430
764432
764433
764434
764435
764436
764437
764438
764439
764441
764442
764443
764446
764447
764448
764449
764450
764451
764452
764453
764454
764455
764456
764457
764458
764459
764460
764461
764462
764463
764464
764465
764467
764468
764469
764470
764472
764473
764474
764475
764476
764477
764478
764479
764480
764481
764482
764483
764484
764485
764486
764487
764489
764490
764491
764493
764494
764495
764497
764498
764499
764500
764501
764502
764503
764504
764505
764506
764507
764508
764509
764510
764511
764512
764513
764514
764515
764516
764517
764518
764519
764520
764521
764522
764523
764524
764525
764526
764527
764528
764529
764530
764532
764533
764535
764536
764537
764538
764539
764540
764541
764542
764543
764544
764545
764546
764547
764548
764550
764551
764552
764553
764554
764556
764557
764558
764559
764560
764561
764562
764563
764564
764565
764566
764567
764568
764569
764570
764571
764572
764573
764574
764576
764577
764578
764579
764580
764581
764582
764583
764584
764585
764586
764587
764588
764589
764590
764591
764592
764593
764594
764595
764596
764597
764598
764599
764600
764601
764602
764603
764604
764605
764606
764607
764608
764609
764610
764611
764612
764613
764615
764616
764617
764618
764619
764620
764621
764622
764623
764624
764625
764626
764627
764628
764629
764630
764631
764632
764633
764634
764636
764637
764638
764639
764640
764641
764642
764643
764644
764645
764646
764647
764648
764649
764650
764651
764652
764653
764654
764655
764656
764657
764658
764659
764660
764661
764662
764663
764664
764666
764667
764668
764669
764670
764671
764672
764673
764674
764676
764677
764678
764679
764680
764681
764682
764683
764684
764685
764686
764687
764688
764689
764690
764691
764692
764693
764694
764695
764696
764697
764698
764699
764700
764702
764703
764704
764707
764708
764709
764710
764711
764712
764713
764714
764715
764716
764717
764718
764719
764720
764721
764722
764723
764724
764725
764726
764727
764728
764729
764731
764732
764733
764734
764735
764736
764737
764738
764739
764740
764741
764742
764743
764744
764745
764746
764747
764748
764749
764750
764751
764752
764753
764754
764755
764756
764758
764760
764761
764762
764763
764764
764765
764768
764770
764771
764772
764773
764774
764775
764776
764777
764778
764779
764780
764781
764782
764783
764784
764785
764786
764787
764788
764789
764790
764791
764792
764793
764794
764795
764796
764797
764798
764799
764800
764801
764802
764803
764804
764806
764807
764808
764809
764810
764811
764812
764813
764814
764815
764816
764817
764818
764819
764820
764821
764822
764823
764825
764826
764827
764828
764829
764830
764831
764833
764834
764835
764836
764837
764838
764839
764840
764841
764842
764843
764844
764845
764846
764847
764848
764849
764850
764851
764852
764853
764854
764855
764856
764857
764858
764859
764860
764861
764862
764863
764864
764865
764867
764868
764870
764871
764878
764880
764881
764882
764883
764884
764885
764887
764888
764889
764890
764891
764892
764893
764894
764896
764902
764903
764904
764905
764906
764907
764908
764909
764910
764911
764913
764914
764915
764916
764917
764918
764919
764920
764922
764923
764925
764926
764927
764928
764929
764930
764931
764932
764933
764934
764935
764936
764937
764938
764939
764940
764941
764943
764944
764945
764946
764947
764948
764949
764950
764951
764952
764953
764956
764957
764958
764959
764960
764961
764962
764963
764964
764965
764967
764968
764969
764970
764971
764972
764973
764974
764975
764976
764977
764978
764979
764980
764981
764982
764984
764985
764986
764987
764988
764989
764990
764991
764992
764993
764995
764996
764997
764998
764999
765000
765001
765002
765003
765004
765005
765006
765007
765008
765009
765010
765011
765012
765013
765014
765015
765016
765017
765018
765019
765020
765021
765022
765023
765024
765025
765027
765028
765029
765030
765031
765032
765033
765034
765035
765036
765037
765039
765040
765041
765042
765043
765044
765045
765046
765047
765048
765049
765050
765051
765052
765053
765054
765055
765056
765057
765058
765059
765060
765061
765062
765063
765064
765065
765066
765067
765068
765069
765071
765072
765073
765074
765075
765076
765077
765078
765079
765080
765081
765082
765083
765084
765085
765086
765087
765088
765089
765090
765091
765092
765093
765094
765095
765096
765097
765098
765099
765100
765101
765102
765103
765104
765105
765106
765107
765108
765109
765110
765111
765112
765113
765114
765115
765116
765117
765118
765119
765120
765121
765122
765123
765124
765125
765127
765128
765129
765130
765131
765132
765134
765135
765136
765137
765138
765139
765140
765141
765142
765143
765145
765146
765149
765150
765151
765152
765154
765155
765156
765157
765158
765159
765160
765161
765162
765163
765164
765165
765166
765168
765169
765170
765171
765172
765173
765174
765175
765176
765178
765179
765180
765181
765182
765183
765184
765185
765186
765187
765188
765190
765191
765193
765194
765195
765196
765197
765198
765199
765200
765201
765202
765203
765204
765205
765206
765208
765209
765210
765211
765212
765213
765214
765215
765216
765217
765218
765219
765220
765221
765222
765223
765224
765225
765226
765227
765228
765229
765230
765231
765232
765233
765234
765236
765237
765238
765239
765240
765241
765242
765243
765244
765245
765246
765247
765248
765249
765250
765251
765252
765253
765254
765255
765256
765257
765258
765259
765260
765261
765262
765263
765264
765265
765266
765267
765268
765269
765270
765271
765272
765273
765274
765275
765276
765277
765278
765279
765280
765281
765282
765283
765284
765285
765286
765287
765288
765289
765290
765291
765292
765293
765294
765295
765296
765297
765298
765299
765300
765301
765302
765303
765304
765305
765306
765307
765308
765309
765310
765311
765312
765313
765314
765315
765316
765317
765318
765319
765320
765321
765322
765323
765324
765325
765326
765327
765329
765330
765331
765332
765333
765334
765335
765336
765337
765338
765339
765340
765341
765342
765343
765344
765345
765346
765347
765348
765349
765350
765351
765353
765354
765355
765356
765357
765360
765361
765362
765363
765364
765365
765366
765367
765368
765369
765370
765371
765372
765373
765374
765375
765376
765377
765378
765379
765380
765381
765382
765383
765384
765385
765386
765387
765388
765389
765390
765391
765392
765393
765394
765395
765396
765397
765398
765399
765400
765401
765402
765403
765404
765405
765406
765407
765408
765409
765410
765411
765412
765413
765414
765415
765416
765417
765418
765419
765420
765421
765422
765423
765424
765425
765427
765429
765430
765431
765432
765433
765434
765435
765436
765437
765438
765439
765440
765441
765443
765444
765445
765447
765449
765450
765451
765452
765453
765456
765457
765458
765459
765460
765461
765462
765464
765465
765466
765467
765470
765471
765472
765473
765474
765475
765476
765477
765479
765481
765482
765484
765485
765486
765487
765488
765489
765490
765491
765492
765493
765494
765495
765496
765497
765498
765499
765500
765501
765502
765504
765505
765506
765507
765508
765509
765510
765511
765513
765514
765515
765516
765518
765519
765520
765521
765522
765523
765524
765525
765526
765527
765529
765530
765531
765532
765534
765535
765536
765537
765538
765539
765540
765541
765542
765543
765544
765545
765547
765548
765549
765550
765551
765552
765553
765554
765555
765556
765557
765558
765559
765560
765561
765562
765563
765564
765565
765566
765567
765568
765569
765570
765571
765573
765574
765575
765576
765577
765578
765579
765580
765581
765582
765583
765584
765585
765586
765587
765588
765589
765590
765591
765592
765593
765594
765595
765596
765597
765598
765599
765600
765601
765602
765603
765604
765605
765606
765607
765608
765609
765610
765611
765612
765613
765614
765615
765616
765617
765618
765619
765620
765621
765623
765625
765626
765627
765628
765630
765631
765634
765635
765636
765637
765638
765639
765640
765641
765643
765644
765645
765646
765647
765648
765649
765650
765651
765652
765653
765655
765656
765657
765658
765659
765660
765661
765662
765663
765665
765667
765668
765669
765672
765673
765674
765675
765676
765677
765679
765680
765681
765682
765683
765684
765685
765686
765687
765688
765689
765690
765691
765692
765693
765695
765697
765698
765699
765700
765702
765703
765704
765705
765707
765708
765709
765710
765711
765712
765713
765714
765715
765716
765717
765718
765719
765720
765721
765722
765723
765724
765725
765726
765727
765728
765729
765730
765731
765732
765734
765735
765736
765737
765738
765739
765740
765741
765742
765744
765745
765747
765749
765750
765751
765752
765753
765754
765755
765756
765757
765758
765759
765760
765761
765762
765763
765764
765765
765766
765767
765768
765769
765770
765771
765772
765773
765774
765775
765776
765777
765778
765779
765780
765781
765782
765783
765784
765785
765786
765787
765788
765789
765790
765791
765792
765793
765794
765795
765796
765797
765798
765799
765801
765802
765803
765804
765805
765806
765807
765808
765809
765810
765811
765812
765813
765815
