663690
663691
663692
663693
663694
663695
663696
663697
663698
663699
6637
66370
663700
663701
663702
663703
663704
663705
663706
663707
663708
663709
66371
663711
663712
663713
663714
663715
663717
663718
663719
66372
663720
663721
663722
663723
663724
663725
663726
663727
663728
663729
66373
663731
663732
663733
663735
663736
663737
663738
663739
66374
663740
663741
663742
663744
663745
663746
663747
663748
663749
66375
663750
663751
663753
663754
663755
663756
663757
663758
663759
66376
663760
663761
663762
663763
663764
663765
66377
663771
663772
663773
663774
663775
663776
663777
663778
663779
66378
663780
663781
663782
663783
663784
663785
663786
663788
663789
66379
663790
663791
663792
663793
663794
663795
663796
663797
663798
663799
66380
663800
663801
663802
663803
663804
663805
663806
663807
663808
663809
66381
663810
663811
663812
663813
663814
663815
663818
663819
663820
663821
663822
663823
663824
663825
663826
663827
663828
663829
66383
663830
663831
663832
663833
663834
663835
663836
663837
663838
663839
66384
663840
663841
663842
663843
663844
663845
663854
663855
663856
663857
663858
663859
66386
663860
663862
663863
663864
663865
663866
663868
663869
66387
663870
663871
663872
663873
663874
663875
663876
663877
663879
66388
663880
663881
663882
663883
663885
663886
663887
663889
66389
663891
663892
663894
663895
663896
663897
663898
663899
6639
66390
663902
663903
663904
663906
663907
663908
663909
66391
663910
663911
663912
663913
663914
663916
663917
663918
663919
66392
663920
663921
663922
663923
663924
663925
663926
663927
663928
66393
663930
663931
663932
663933
663934
663935
663936
663937
663938
663939
663940
663941
663942
663943
663944
663945
663946
663947
663948
663949
66395
663950
663952
663953
663954
663956
663957
663958
663959
663960
663961
663962
663963
663964
663965
663966
663967
663968
663969
66397
663971
663972
663973
663974
663975
663976
663977
663978
663979
66398
663980
663981
663982
663983
663984
663985
663986
663987
663989
66399
663990
663991
663992
663993
663994
663995
663998
663999
664
66400
664000
664001
664002
664003
664004
664005
664007
664009
66401
664010
664012
664013
664014
664015
664016
664017
664018
664019
66402
664023
664024
664025
664026
664027
664028
66403
664030
664031
664032
664033
664034
664035
664037
664038
664039
66404
664040
664041
664042
664043
664044
664045
664046
664047
664048
664049
66405
664050
664051
664052
664053
664054
664055
664056
664058
664059
66406
664060
664077
664079
66408
66409
6641
66410
66412
664126
664129
66413
66414
664143
664159
664160
664162
664164
664165
664166
664167
664168
664169
664170
664171
664172
664173
664174
664175
664176
664177
664178
664179
66418
664180
664181
664182
664183
664184
664186
664187
664188
66419
664190
664192
664193
664194
664195
664196
664197
664199
66420
664200
664201
664202
664204
664206
664207
664208
664209
66421
664210
664211
664212
664214
664215
664216
664218
664219
664220
664221
664222
664227
664228
664229
66423
664230
664231
664232
664233
664234
664236
664237
664238
664239
664241
664242
664243
664244
664245
664246
664247
664249
66425
664250
664251
664252
664253
664254
664255
664256
664257
664258
664259
66426
664260
664261
664262
664263
664264
664267
664268
664269
66427
664270
664272
664274
664275
664276
664277
664278
664279
66428
664280
664281
664282
664283
664284
664285
664286
664287
664289
664290
664291
664292
664293
664294
664295
664296
664297
664299
6643
66430
664300
664301
664302
664303
664304
664305
664306
664307
664308
66431
664310
664311
664312
664313
664315
664316
664317
664318
664319
66432
664321
664323
664324
664325
664326
664327
664328
664329
66433
664330
664331
664332
664333
664334
664335
664336
664337
664339
66434
664340
664341
664342
664344
664345
664346
664347
664348
664349
66435
664350
664352
664353
664355
664356
664357
664359
66436
664360
664361
664362
664363
664364
664365
664367
664368
664369
66437
664372
664374
664375
664377
664378
664379
664382
664383
664384
664385
664386
664389
66439
664390
664391
664392
664393
664394
664395
6644
66440
664400
664401
664402
664403
664407
664408
664409
66441
664411
664412
664413
664414
664415
664416
664417
664418
664419
66442
664420
664421
664422
664423
664424
664425
664426
664427
664428
664429
66443
664430
664432
664433
664434
664435
664436
664437
664439
664440
664441
664442
664443
664445
664446
664447
664448
664449
66445
664450
664451
664452
664454
664455
664457
664458
664459
66446
664461
664462
664463
664464
664466
664467
664468
664469
66447
664470
664471
664472
664473
664474
664476
664477
664478
664479
66448
664481
664482
664483
664484
664485
664486
664488
664489
66449
664490
664491
664492
664493
664494
664495
664497
664498
6645
664501
664506
664507
664508
664509
66451
664510
664511
664512
664513
664514
664515
664516
664517
664518
664519
664520
664521
664522
664523
664524
664525
664526
664527
664528
664529
664530
664531
664532
664533
664534
664535
664536
664537
664538
664539
66454
664540
664541
664542
664543
664544
664545
664547
664548
664550
664551
664552
664553
664554
664555
664556
664557
664558
664559
664561
664564
664565
664566
664567
664568
664569
66457
664570
664571
664572
664573
664574
664575
664576
664577
664578
664579
664581
664582
664583
664584
664586
664587
664588
664589
664590
664591
664592
664593
664594
664595
664596
664597
664598
6646
664600
664601
664602
664604
664608
664609
66461
664610
664611
664612
664617
664618
66462
664620
664621
664622
664624
664626
664627
66463
664630
664631
664632
664633
664636
664637
664638
664639
66464
664641
664642
664643
664644
664645
664646
664647
664648
664649
66465
664650
664651
664652
664653
664654
664655
664656
664657
664658
664659
66466
664660
664662
664663
664664
664665
664666
664667
664668
66467
664670
664673
664674
664675
664676
664677
664678
664679
66468
664680
664681
664682
664683
664684
664685
664686
664687
664688
664689
66469
664690
664691
664692
664693
664694
664695
664696
664697
664698
664699
6647
66470
664700
664701
664702
664704
664706
664707
664711
664713
664714
664715
664716
664717
664718
66472
664720
664721
664722
664723
664724
664725
664726
664727
664728
66473
664730
664731
664732
664733
664734
664736
664737
664738
664739
66474
664740
664741
664742
664743
664744
664745
664746
664747
664748
664749
66475
664750
664751
664752
664753
664754
664755
664756
664757
664758
664759
664760
664761
664762
664763
664765
664766
664767
664768
664769
66477
664770
664771
664772
664773
664775
664776
664777
664778
664779
66478
664780
664781
664782
664783
664784
664785
664786
664787
664788
664789
66479
664790
664791
664792
664793
664794
664795
664797
664798
664799
66480
664800
664801
664802
664803
664806
664807
664808
664809
664810
664811
664812
664813
664815
664816
664817
664818
664819
66482
664820
664821
664822
664823
664824
664825
664826
664827
664828
664829
66483
664830
664831
664832
664833
664834
664835
664836
664837
664838
664840
664841
664842
664843
664844
664845
664846
664847
664848
664849
66485
664850
664851
664852
664853
664854
664855
664856
664857
664858
664859
66486
664861
664862
664863
664864
664865
664866
664867
664869
66487
664870
664871
664872
664873
664875
664876
664877
664878
66488
664880
664882
664883
664884
664885
664886
664887
664889
66489
664891
664892
664893
664895
664896
664897
664898
664899
664900
664901
664902
664903
664905
664906
664907
664908
664909
66491
664910
664911
664912
664913
664914
664916
664917
664918
664919
66492
664920
664922
664924
664925
664926
664927
664928
664930
664932
664933
664934
664935
664936
664937
664938
664939
664940
664941
664942
664943
664944
664945
664946
664947
664948
664949
66495
664950
664951
664952
664953
664954
664955
664956
664957
664958
66496
664962
664963
664965
664967
664968
664969
66497
664971
664972
664973
664974
664975
664976
664977
664978
664979
664980
664981
664983
664984
664987
664988
66499
664991
664994
664995
664996
664997
664998
664999
665
66500
665000
665001
665002
665003
665004
665005
665006
665007
665008
665010
665011
665012
665013
665014
665016
665017
665018
665019
66502
665021
665022
665023
665024
665025
665026
665028
665029
66503
665030
665031
665032
665034
665035
665036
665037
665038
665039
66504
665040
665041
665042
665043
665044
665046
665049
66505
665050
665051
665052
665053
665054
665055
665056
665057
665058
665059
665061
665062
665063
665064
665065
665066
665067
665068
665069
66507
665070
665071
665072
665073
665074
665075
665076
665077
665078
665079
66508
665081
665082
665083
665084
665085
665086
665087
665088
665089
66509
665090
665091
665092
665094
665095
665096
665097
665098
665099
66510
665100
665101
665102
665103
665104
665105
665106
665107
665109
665110
665111
665112
665113
665116
665117
665118
665119
66512
665120
665121
665122
665123
665124
665125
665126
665127
665128
665129
665130
665131
665132
665133
665134
665135
665136
665138
665139
66514
665141
665142
665143
665144
665145
665146
665147
665148
665149
665151
665152
665153
665154
665155
665156
665157
665158
665159
66516
665161
665162
665163
665164
665165
665166
665169
66517
665170
665171
665172
665173
665174
665175
665176
665177
665178
665179
665180
665181
665182
665184
665185
665189
66519
665190
665191
665192
665193
665194
665195
665196
665197
665198
665199
66520
665200
665201
665202
665203
665204
665205
665206
665207
665208
665209
66521
665210
665211
665212
665213
665214
665215
665216
665217
665218
665219
665220
665221
665222
665223
665224
665225
665226
665227
665228
665229
66523
665230
665231
665232
665233
665234
665235
665236
665237
665238
665239
665240
665241
665242
665243
665244
665245
665246
665247
665248
665249
665250
665251
665252
665253
665254
665255
665256
665257
665258
665259
66526
665260
665261
665262
665263
665264
665265
665266
665267
665269
665270
665271
665273
665275
665276
665277
665278
665279
66528
665280
665282
665283
665285
665286
665287
665288
665289
665290
665291
665292
665293
665294
665295
665296
665297
665298
665299
66530
665300
665301
665303
665305
665306
665307
665308
665309
66531
665310
665311
665312
665313
665314
665315
665316
665317
665318
665319
66532
665320
665321
665322
665323
665324
665325
665326
665327
665328
66533
665330
665331
665333
665334
665335
665336
665337
665338
665339
66534
665340
665341
665342
665343
665344
665345
665346
665347
665348
665349
66535
665350
665351
665352
665353
665355
665356
665357
665358
665359
66536
665360
665362
665364
665365
665366
665369
66537
665370
665371
665372
665373
665375
665376
665377
665379
66538
665380
665381
665382
665383
665384
665385
665386
665387
665388
66539
665390
665391
665392
665393
665395
665396
665397
665398
665399
66540
665400
665401
665402
665403
665404
665405
665406
665407
665409
66541
665410
665411
665412
665413
665414
665415
665416
665417
665418
665419
66542
665420
665422
665423
665424
665425
665426
665427
665428
665429
66543
665430
665431
665432
665433
665434
665435
665436
665437
665438
665439
66544
665440
665441
665442
665443
665444
665445
665446
665447
665448
665449
66545
665450
665451
665452
665453
665454
665455
665456
665457
665458
665459
66546
665460
665461
665462
665463
665464
665465
665466
665467
665468
665469
66547
665470
665471
665473
665474
665475
665477
665478
665479
665480
665481
665482
665483
665484
665485
665486
665487
665488
665489
66549
665490
665491
665492
665493
665494
665495
665496
665497
665499
66550
665500
665501
665502
665503
665504
665505
665506
665507
665508
665509
66551
665510
665511
665513
665514
665515
665516
665517
665518
665519
66552
665520
665521
665522
665523
665524
665525
665526
665527
665528
665529
66553
665530
665531
665532
665533
665535
665536
665537
665538
665539
66554
665540
665541
665542
665543
665544
665545
665546
665549
66555
665550
665551
665552
665553
665554
665555
665556
665557
665558
665559
66556
665560
665561
665562
665563
665564
665565
665566
665567
665568
665569
66557
665571
665572
665573
665575
665576
665577
665578
665579
66558
665580
665581
665582
665583
665584
665585
665586
665587
665588
665589
66559
665590
665591
665592
665593
665594
665595
665596
665597
665598
665599
6656
66560
665601
665602
665603
665604
665605
665606
665607
665608
665609
66561
665610
665611
665612
665613
665614
665615
665616
665617
665618
665619
66562
665620
665621
665622
665623
665625
665626
665627
665629
66563
665630
665631
665632
665633
665634
665635
665636
665638
665639
66564
665640
665641
665643
665644
665645
665646
665647
665648
66565
665650
665651
665652
665654
665655
665656
665657
66566
665660
665662
665663
665664
665665
665666
665667
665668
665669
66567
665670
665671
665672
665673
665674
665675
665676
665677
665678
665679
66568
665681
665682
665684
665685
665686
665687
665689
66569
665690
665691
665692
665693
665694
665695
665696
665697
665698
665699
66570
665700
665701
665702
665703
665704
665705
665706
665707
665708
665709
66571
665710
665711
665714
665715
665716
665717
665718
665719
66572
665720
665721
665722
665723
665724
665725
665726
665728
665729
66573
665730
665731
665732
665733
665734
665735
665736
665737
665738
665739
66574
665740
665741
665742
665743
665744
665745
665746
665747
665748
665749
66575
665750
665751
665752
665753
665754
665755
665756
665757
665758
665759
66576
665760
665761
665762
665763
665764
665765
665766
665767
665768
665769
66577
665770
665771
665772
665773
665774
665775
665776
665777
665778
665779
665780
665781
665782
665783
665784
665785
665786
665788
665789
66579
665790
665791
665793
665794
665795
665796
665797
665798
665799
6658
665800
665801
665802
665803
665804
665805
665806
665807
665808
665809
66581
665810
665811
665812
665813
665814
665815
665816
665817
665818
665819
66582
665821
665822
665823
665824
665825
665826
665827
665828
665829
66583
665830
665831
665832
665833
665834
665835
665836
665837
665838
665839
66584
665840
665841
665842
665843
665845
665846
665847
665848
665849
66585
665850
665851
665852
665853
665855
665856
665857
665858
665859
66586
665860
665861
665862
665863
665864
665865
665866
665867
665869
66587
665870
665871
665872
665873
665874
665875
665877
665878
665879
66588
665880
665883
665884
665885
665886
665887
665888
665889
66589
665890
665891
665892
665893
665894
665895
665896
665897
665898
665899
66590
665900
665901
665902
665903
665904
665905
665906
665907
665908
665909
66591
665910
665912
665913
665914
665915
665916
665917
665918
665919
66592
665920
665921
665922
665923
665924
665925
665926
665927
665928
665929
66593
665930
665931
665932
665933
665934
665935
665936
665937
665939
665943
665944
665946
665947
665949
66595
665951
665952
665953
665954
665955
665956
665957
66596
665961
665962
665963
665964
665965
665966
665967
665968
665969
66597
665970
665971
665974
665975
665976
665977
665978
665979
66598
665980
665981
665982
665983
665984
665985
665986
665987
665988
665989
66599
665990
665991
665992
665993
665994
665995
665996
665997
665998
665999
666
66600
666000
666004
666005
666006
666007
666008
666009
66601
666010
666011
666012
666013
666014
666015
666016
666017
666018
666019
66602
666020
666021
666022
666023
666024
666025
666027
666029
66603
666030
666031
666032
666033
666034
666035
666036
666037
666038
666039
66604
666040
666041
666042
666043
666044
666045
666047
666048
666049
66605
666050
666051
666054
666055
666056
666058
666059
666060
666061
666062
666063
666064
666065
666066
666067
666068
666069
66607
666070
666071
666072
666073
666074
666075
666076
666077
666078
666079
66608
666080
666081
666082
666083
666084
666085
666086
666087
666088
666089
66609
666090
666091
666092
666093
666094
666095
666096
666097
666098
666099
66610
666101
666102
666103
666104
666105
666106
666107
666108
666109
66611
666110
666111
666112
666113
666114
666115
666116
666117
666118
666119
666120
666121
666122
666123
666124
666125
666126
666127
666128
666130
666131
666132
666133
666134
666135
666136
666137
666139
666140
666141
666142
666143
666144
666145
666147
666148
666149
666150
666151
666152
666153
666154
666155
666156
666157
666158
66616
666160
666161
666162
666163
666164
666165
666166
666167
666168
666169
66617
666170
666171
666172
666173
666174
666175
666176
666177
666178
666179
66618
666180
666181
666182
666183
666184
666185
666187
666188
666189
666190
666191
666192
666193
666194
666195
666196
666197
666198
666199
666200
666202
666203
666204
666205
666206
666207
666208
666209
66621
666210
666211
666212
666213
666215
666216
666217
666218
666219
66622
666220
666221
666222
666223
666224
666225
666226
666227
666228
66623
666230
666231
666232
666233
666234
666235
666236
666237
666238
666239
66624
666240
666241
666242
666243
666244
666245
666246
666247
666248
66625
666251
666252
666253
666254
666255
666256
666257
666259
66626
666260
666261
666262
666264
666265
666266
666267
666268
666269
66627
666270
666271
666272
666275
666276
666277
666278
666279
66628
666280
666281
666283
666284
666285
666286
666289
66629
666290
666292
666293
666294
666295
666296
666297
666298
666299
6663
666300
666301
666302
666303
666304
666305
666306
666307
666308
666309
666310
666311
666312
666313
666314
666315
666317
666318
666319
666320
666321
666322
666323
666324
666326
666327
666328
666329
666330
666331
666332
666333
666334
666335
666336
666338
666339
66634
666340
666341
666342
666344
666345
666347
666348
666349
66635
666350
666351
666352
666353
666354
666355
666356
666357
666358
666359
66636
666360
666361
666362
666363
666364
666365
666366
666368
666369
666370
666371
666372
666373
666374
666375
666376
666378
666379
66638
666380
666381
666382
666383
666384
666385
666387
666388
666389
666390
666391
666393
666394
666395
666396
666397
666399
66640
666401
666402
666403
666406
666407
666408
666409
66641
666410
666412
666414
666415
666416
666417
666418
666419
66642
666420
666421
666422
666423
666424
666425
666426
666427
666428
666429
66643
666430
666431
666433
666434
666435
666436
666438
666439
66644
666440
666441
666442
666443
666444
666445
666446
666447
666448
66645
666450
666451
666452
666453
666455
666456
666457
666458
666459
66646
666460
666462
666463
666464
666465
666468
666469
66647
666470
666471
666472
666473
666474
666475
666476
666477
666478
666479
66648
666480
666481
666482
666483
666484
666485
666486
666487
666488
666489
66649
666490
666491
666492
666493
666494
666495
666496
666497
666498
666499
66650
666500
666502
666503
666504
666505
666506
666507
666508
666509
66651
666510
666511
666512
666513
666514
666515
666516
666517
666518
666519
666520
666521
666522
666523
666524
666525
666526
666527
666528
666529
66653
666530
666531
666532
666533
666534
666535
666536
666537
666538
666539
66654
666540
666541
666542
666543
666544
666545
666546
666548
666549
66655
666550
666551
666553
666554
666555
666556
666557
666558
666559
66656
666560
666561
666562
666563
666564
666565
666566
666567
666568
666569
66657
666570
666571
666572
666573
666574
666575
666576
666577
666578
666580
666581
666582
666583
666584
666586
666588
66659
666590
666591
666592
666593
666594
666595
666596
666597
666598
666599
66660
666600
666601
666602
666603
666604
666605
666608
666609
66661
666610
666611
666612
666613
666614
666615
666616
666617
666618
66662
666621
666622
666624
666625
666626
666627
666628
666629
666630
666631
666632
666633
666634
666635
666636
666637
666638
666639
66664
666640
666641
666642
666643
666644
666645
666646
666647
666648
666649
666651
666652
666653
666654
666658
666659
66666
666660
666661
666662
666663
666664
666665
666666
666667
666668
666669
66667
666670
666671
666672
666674
666675
666676
666677
666678
666679
66668
666680
666681
666682
666683
666684
666685
666686
666687
666688
666689
66669
666690
666691
666692
666693
666694
666695
666696
666697
666698
666699
66670
666700
666701
666702
666703
666704
666705
666706
666707
666708
666709
666710
666711
666712
666713
666714
666715
666716
666717
666718
666719
666720
666721
666722
666723
666724
666725
666726
666727
666728
666729
666730
666732
666733
666734
666735
666736
666738
666739
666740
666741
666742
666743
666744
666745
666746
666747
666749
666750
666751
666752
666753
666754
666755
666756
666758
666759
666760
666761
666762
666764
666765
666766
666767
666768
666769
666770
666771
666772
666773
666774
666775
666776
666777
666778
666779
666781
666782
666783
666784
666785
666786
666787
666788
666789
666790
666791
666792
666793
666794
666795
666796
666797
666798
666799
666800
666801
666802
666803
666804
666805
666806
666807
666809
666811
666812
666813
666814
666815
666816
666819
66682
666820
666821
666822
666824
666825
666826
666827
666828
666829
66683
666830
666831
666834
666836
666837
666839
66684
666840
666841
666842
666843
666844
666845
666846
666847
666848
666849
66685
666850
666851
666852
666853
666854
666855
666856
666857
666858
666859
66686
666860
666861
666862
666863
666864
666865
666866
666867
666868
666869
666870
666871
666872
666873
666874
666875
666876
666877
666878
666879
666880
666881
666882
666883
666884
666885
666886
666887
666888
666889
66689
666890
666891
666893
666895
666896
666897
666899
666901
666902
666903
666904
666906
666907
666908
666909
66691
666910
666911
666912
666913
666914
666915
666916
666917
666919
666920
666921
666922
666923
666924
666925
666927
666928
666929
66693
666930
666931
666932
666933
666934
666935
666936
666937
666938
666939
66694
666940
666941
666942
666944
666945
666946
666949
66695
666950
666951
666954
666955
666956
666958
666959
666960
666961
666962
666963
666964
666966
666967
666968
666969
66697
666970
666972
666973
666974
666975
666976
666977
666978
666979
66698
666980
666981
666982
666983
666984
666985
666986
666987
666988
666989
66699
666990
666991
666992
666993
666994
666995
666996
666997
666998
666999
66700
667000
667001
667002
667003
667004
667005
667006
667008
667009
66701
667010
667011
667012
667013
667014
667015
667016
667017
667018
66702
667020
667021
667022
667023
667024
667026
667027
667029
667030
667032
667033
667034
667035
667036
667037
667038
667039
667040
667041
667042
667043
667044
667046
667047
667048
667049
66705
667050
667051
667052
667053
667054
667057
667058
667059
66706
667060
667061
667062
667063
667066
667067
667068
667069
66707
667070
667071
667072
667073
667074
667075
667076
667077
667078
667079
66708
667080
667081
667083
667084
667085
667086
667087
667089
66709
667091
667092
667093
667095
667096
667097
667098
667099
667100
667101
667103
667104
667105
667107
667108
667109
66711
667110
667111
667112
667113
667114
667115
667116
667117
667118
667119
66712
667120
667121
667122
667123
667124
667125
667126
667128
66713
667130
667131
667132
667133
667134
667135
667137
667138
667139
66714
667140
667141
667142
667143
667144
667145
667146
667147
667148
667149
66715
667150
667151
667152
667153
667154
667155
667156
667157
667158
667159
66716
667161
667162
667163
667164
667165
667166
667167
667168
667169
66717
667170
667172
667173
667174
667175
667176
667177
667178
667179
667180
667181
667182
667183
667184
667185
667186
667187
667189
667190
667191
667192
667193
667194
667195
667196
667197
667198
667199
66720
667200
667201
667202
667203
667204
667205
667206
667207
667208
667209
667210
667211
667214
667215
667216
667217
667218
667219
66722
667220
667221
667222
667223
667224
667225
667226
667227
667228
667229
66723
667230
667231
667232
667233
667234
667235
667236
667237
667238
667239
66724
667241
667242
667243
667244
667245
667246
667247
667248
667249
66725
667250
667251
667252
667253
667254
667255
667256
667257
667258
667259
667260
667261
667262
667263
667264
667265
667267
667268
667269
66727
667270
667271
667272
667273
667274
667275
667276
667277
667279
667280
667281
667282
667283
667284
667285
667286
667287
667288
667289
667290
667291
667292
667294
667295
667296
667297
667298
667299
66730
667300
667301
667302
667303
667304
667305
667306
667307
667308
667309
66731
667311
667312
667313
667314
667315
667316
667317
667318
667319
667320
667321
667322
667323
667324
667325
667326
667327
667328
667329
66733
667330
667331
667332
667333
667334
667335
667336
667337
667338
667339
667340
667341
667342
667343
667344
667347
667348
667349
66735
667350
667351
667352
667353
667354
667355
667356
667357
667358
667359
667360
667361
667362
667365
667366
667367
667368
667369
66737
667370
667371
667372
667373
667374
667375
667376
667377
667378
667379
66738
667380
667382
667383
667384
667385
667386
667387
667388
667389
667390
667391
667392
667394
667395
667396
667397
667398
66740
667401
667402
667403
667404
667405
667406
667407
667408
667409
66741
667410
667411
667412
667413
667414
667415
667418
667419
66742
667420
667421
667422
667423
667424
667425
667426
667427
667428
667429
66743
667430
667431
667432
667433
667434
667436
667437
667438
667439
66744
667440
667443
667444
667445
667446
667447
667448
667449
66745
667450
667452
667453
667454
667455
667456
667457
667458
667459
66746
667460
667461
667462
667463
667464
667465
667466
667467
667468
667469
667470
667471
667472
667473
667474
667475
667477
667478
667479
66748
667480
667481
667482
667483
667484
667485
667486
667487
667488
667489
66749
667490
667491
667492
667493
667494
667495
667496
667497
667498
667499
66750
667500
667502
667503
667504
667506
667507
667508
667509
667510
667511
667512
667513
667514
667515
667516
667517
667518
667519
66752
667520
667521
667522
667523
667524
667525
667526
667527
667528
667529
66753
667530
667531
667532
667533
667534
667535
667536
667537
667538
66754
667540
667541
667542
667543
667544
667545
667546
667547
667548
667549
66755
667550
667551
667552
667553
667554
667555
667556
667557
667558
667559
66756
667560
667561
667562
667563
667564
667565
667567
667568
667569
667570
667571
667572
667573
667574
667575
667576
667577
667578
667579
66758
667580
667581
667582
667583
667584
667585
667586
667587
667588
667589
66759
667590
667591
667592
667593
667594
667595
667596
667597
667598
667599
667600
667601
667602
667603
667605
667606
667607
667608
667609
667610
667611
667612
667613
667614
667615
667616
667617
667618
667619
66762
667620
667621
667622
667623
667624
667625
667626
667627
667628
667629
66763
667630
667631
667633
667634
667635
667636
667637
667638
667639
66764
667640
667641
667642
667643
667644
667645
667646
667647
667648
66765
667650
667651
667652
667653
667654
667655
667656
667657
667658
667659
66766
667660
667661
667662
667663
667664
667665
667666
667668
667669
66767
667670
667671
667672
667673
667674
667676
667677
667678
66768
667680
667681
667682
667683
667684
667685
667686
667687
667688
667689
66769
667690
667691
667692
667693
667694
667695
667696
667697
667698
667699
66770
667701
667702
667703
667704
667705
667706
667707
667708
667709
667710
667711
667712
667713
667714
667715
667716
667717
667718
667719
66772
667720
667721
667722
667723
667724
667725
667726
667727
667728
667729
66773
667730
667731
667732
667733
667735
667736
667737
667738
667739
66774
667740
667741
667742
667743
667744
667745
667746
667747
667748
66775
667750
667751
667753
667754
667755
667756
667757
667758
667759
667760
667761
667762
667763
667764
667765
667766
667767
667768
667769
66777
667770
667771
667772
667773
667774
667775
667776
667777
667778
667779
667780
667781
667782
667784
667785
667786
667787
667788
66779
667790
667791
667792
667794
667795
667796
667798
667799
66780
667800
667801
667802
667803
667804
667805
667806
667807
667808
667809
66781
667810
667811
667812
667813
667814
667815
667816
667817
667818
667819
66782
667820
667821
667822
667823
667824
667825
667826
667827
667828
667829
66783
667830
667831
667832
667833
667834
667835
667836
667837
667838
667839
66784
667840
667841
667842
667843
667845
667846
667847
667848
667849
66785
667850
667851
667852
667853
667854
667855
667856
667857
667858
667859
66786
667860
667861
667862
667863
667864
667865
667866
667867
667868
667869
66787
667870
667871
667872
667873
667874
667875
667876
667877
667879
66788
667880
667881
667882
667883
667884
667885
667886
667887
667888
667889
667890
667891
667892
667893
667894
667895
667896
667897
667898
667899
667900
667901
667902
667903
667904
667905
667906
667907
667908
667909
66791
667910
667911
667912
667913
667914
667915
667916
667919
667920
667921
667922
667923
667924
667925
667926
667927
667928
667929
66793
667930
667931
667932
667933
667934
667935
667936
667937
667938
667939
66794
667941
667942
667943
667944
667945
667946
667947
667948
667949
66795
667950
667951
667952
667953
667954
667955
667956
667957
667958
667959
66796
667960
667961
667962
667963
667965
667966
667967
667969
66797
667970
667971
667972
667973
667974
667975
667976
667977
667978
667979
66798
667980
667982
667983
667984
667986
667987
667988
667989
66799
667990
667991
667992
667993
667994
667995
667996
667997
667998
667999
668
66800
668000
668001
668002
668004
668005
668006
668007
668008
668009
668010
668011
668012
668013
668014
668015
668016
668017
668018
668019
66802
668020
668021
668022
668024
668025
668026
668027
668028
668029
66803
668030
668031
668032
668033
668034
668035
668036
668037
668038
668039
66804
668040
668041
668042
668043
668044
668045
668046
668047
668048
668049
66805
668050
668051
668052
668053
668054
668055
668056
668057
668058
668059
66806
668060
668061
668062
668063
668065
668066
668067
668068
668069
66807
668070
668071
668072
668073
668074
668075
668076
668077
668078
668079
66808
668080
668081
668082
668083
668085
668087
668088
668089
66809
668090
668091
668092
668093
668095
668096
668097
668098
668099
66810
668100
668102
668103
668104
668105
668106
668107
668108
668109
66811
668110
668111
668112
668113
668114
668115
668116
668117
668118
668119
66812
668120
668121
668122
668123
668124
668125
668126
668127
668128
668129
66813
668130
668131
668132
668133
668134
668135
668136
668137
668138
668139
66814
668141
668142
668143
668144
668145
668146
668147
668148
668149
66815
668150
668151
668152
668155
668156
668157
668158
668159
66816
668160
668161
668162
668163
668164
668165
668166
668167
668168
668169
66817
668172
668173
668174
668175
668176
668177
668178
668179
66818
668180
668181
668182
668183
668184
668185
668186
668187
668188
668189
66819
668190
668191
668192
668193
668195
668196
668197
668198
668199
66820
668201
668202
668203
668204
668205
668206
668207
668208
668209
66821
668211
668212
668213
668214
668215
668216
668218
668219
66822
668220
668221
668223
668224
668225
668226
668227
668228
668229
66823
668230
668231
668232
668235
668236
668237
668238
668239
66824
668240
668241
668242
668245
668246
668247
668248
668249
66825
668250
668251
668252
668253
668255
668256
668258
668259
66826
668260
668261
668262
668263
668264
668265
668266
668267
668268
668269
66827
668271
668272
668274
668275
668278
668279
66828
668280
668281
668282
668283
668285
668286
668287
668288
668289
66829
668290
668291
668292
668293
668294
668295
668296
668297
668298
66830
668300
668301
668303
668304
668305
668307
668308
668309
66831
668310
668311
668312
668313
668315
668316
668317
668319
66832
668320
668321
668322
668323
668325
668326
668327
668328
668329
66833
668330
668331
668332
668333
668334
668335
668336
668337
668338
668339
66834
668340
668341
668342
668343
668344
668345
668346
668347
668348
668349
66835
668350
668351
668352
668353
668354
668355
668356
668357
668358
66836
668360
668361
668362
668363
668364
668365
668366
668367
668368
668369
66837
668370
668371
668372
668373
668374
668375
668376
668377
668378
668379
66838
668380
668381
668382
668383
668384
668385
668386
668387
668388
668389
66839
668390
668391
668392
668393
668395
668396
668397
668398
668399
668400
668401
668402
668403
668404
668405
668406
668407
668408
668409
66841
668410
668411
668413
668414
668416
668418
668419
66842
668420
668421
668422
668423
668424
668425
668426
668427
668428
668429
66843
668430
668431
668432
668434
668435
668436
668437
668438
668439
668440
668442
668443
668444
668445
668446
668447
668448
668449
66845
668450
668451
668452
668453
668454
668455
668456
668457
668458
668459
66846
668460
668461
668462
668463
668464
668465
668466
668467
668468
668469
66847
668470
668471
668472
668473
668474
668475
668476
668477
668478
668479
668480
668481
668482
668483
668484
668485
668486
668487
668488
668489
66849
668490
668491
668492
668494
668495
668497
668498
66850
668500
668502
668503
668504
668505
668506
668507
668508
668509
66851
668510
668511
668513
668514
668515
668516
668517
668518
668519
66852
668520
668521
668522
668523
668524
668525
668526
668527
668528
668529
66853
668530
668532
668533
668534
668535
668536
668537
668538
668539
66854
668540
668541
668542
668543
668544
668545
668546
668547
668548
668549
668550
668551
668552
668553
668554
668555
668556
668557
668558
668559
668560
668561
668562
668563
668564
668565
668566
668567
668568
668569
668570
668571
668572
668573
668574
668575
668576
668577
668579
668580
668581
668582
668584
668586
668587
668588
668589
66859
668591
668592
668593
668595
668597
668599
66860
668601
668602
668604
668605
668606
668607
668608
668609
66861
668610
668611
668612
668613
668614
668615
668616
668617
668618
668619
66862
668620
668621
668622
668623
668624
668625
668626
668627
668628
668629
66863
668630
668631
668632
668633
668634
668635
668636
668637
668638
668639
66864
668640
668642
668643
668644
668645
668646
668647
668649
66865
668650
668651
668652
668653
668655
668656
668657
668658
668659
66866
668660
668661
668662
668663
668665
668666
668667
668668
668669
66867
668670
668671
668672
668673
668674
668677
668678
66868
668683
668684
668685
668686
668687
668689
66869
668690
668691
668692
668693
668694
668695
668696
668697
668698
6687
66870
668700
668701
668702
668703
668704
668705
668706
668707
668708
668709
66871
668710
668711
668712
668713
668714
668715
668716
668717
668718
668719
66872
668720
668721
668722
668723
668724
668725
668726
668727
668728
668729
668730
668731
668732
668733
668734
668735
668736
668737
668738
668739
66874
668740
668741
668742
668743
668744
668745
668746
668747
668748
668749
66875
668750
668751
668752
668753
668754
668755
668756
668757
668758
668759
66876
668760
668761
668762
668763
668764
668765
668766
668767
668768
668769
66877
668771
668773
668774
668775
668776
668777
668778
668779
66878
668780
668782
668783
668784
668785
668786
668787
66879
668790
668791
668792
668794
668795
668796
668798
668799
6688
668800
668801
668802
668803
668804
668805
668806
668807
668808
668809
66881
668810
668811
668812
668813
668814
668815
668816
668817
668819
66882
668820
668821
668822
668823
668824
668825
668826
668827
668828
668829
66883
668830
668831
668833
668834
668835
668836
668837
668838
668839
66884
668840
668841
668842
668843
668844
668845
668846
668847
668848
668849
66885
668850
668851
668852
668853
668854
668855
668856
668857
668858
668859
66886
668860
668861
668862
668863
668864
668865
668866
668867
668868
668869
668870
668871
668872
668873
668874
668875
668876
668877
668878
668879
66888
668880
668881
