783155
783156
783157
783158
783161
783163
783164
783165
783166
783167
783168
783169
783170
783171
783174
783176
783177
783178
783179
783180
783182
783184
783185
783186
783187
783189
783190
783191
783192
783193
783194
783195
783196
783197
783198
783199
783200
783201
783202
783203
783204
783205
783206
783207
783208
783209
783210
783211
783212
783213
783214
783215
783216
783217
783218
783219
783221
783222
783223
783224
783225
783226
783227
783228
783229
783230
783231
783232
783233
783234
783235
783236
783237
783238
783239
783240
783241
783242
783243
783244
783246
783247
783249
783250
783251
783252
783253
783254
783255
783256
783257
783258
783259
783260
783261
783262
783263
783264
783265
783266
783267
783268
783269
783270
783271
783272
783273
783274
783275
783276
783278
783280
783281
783282
783283
783284
783285
783286
783287
783290
783291
783293
783295
783296
783297
783299
783300
783301
783302
783303
783304
783305
783306
783307
783308
783309
783310
783311
783312
783313
783315
783317
783318
783319
783320
783321
783322
783323
783325
783326
783327
783328
783329
783330
783331
783332
783333
783334
783335
783336
783337
783339
783341
783342
783344
783345
783346
783347
783348
783349
783350
783351
783352
783353
783354
783355
783356
783357
783358
783359
783360
783362
783363
783364
783365
783366
783367
783368
783369
783370
783371
783372
783373
783374
783375
783376
783377
783378
783379
783380
783381
783382
783383
783386
783387
783388
783389
783390
783391
783392
783393
783394
783395
783396
783398
783399
783400
783401
783402
783403
783404
783405
783406
783407
783408
783409
783410
783411
783412
783413
783414
783415
783416
783417
783418
783419
783420
783421
783422
783423
783424
783425
783426
783427
783428
783429
783430
783432
783433
783434
783435
783436
783437
783438
783439
783440
783441
783442
783443
783444
783445
783446
783447
783449
783451
783452
783454
783455
783456
783457
783459
783460
783461
783462
783463
783464
783465
783466
783467
783468
783469
783470
783471
783472
783473
783474
783475
783476
783477
783478
783479
783480
783482
783483
783484
783485
783486
783487
783488
783489
783491
783493
783494
783496
783497
783498
783499
783500
783501
783502
783503
783504
783505
783506
783507
783508
783509
783511
783513
783514
783515
783516
783517
783518
783519
783520
783523
783524
783525
783527
783528
783529
783530
783531
783532
783533
783534
783535
783537
783538
783540
783541
783542
783543
783544
783545
783546
783547
783548
783549
783550
783551
783552
783553
783554
783555
783556
783557
783558
783559
783560
783561
783562
783563
783564
783565
783566
783567
783568
783569
783570
783571
783572
783573
783574
783575
783576
783577
783579
783580
783581
783583
783584
783585
783586
783587
783588
783589
783590
783591
783592
783593
783594
783595
783596
783597
783598
783599
783600
783601
783602
783603
783605
783607
783608
783609
783610
783611
783612
783613
783614
783615
783616
783617
783618
783619
783620
783621
783622
783623
783624
783625
783628
783629
783632
783633
783634
783635
783636
783637
783638
783639
783640
783641
783642
783643
783644
783646
783647
783648
783649
783651
783654
783656
783658
783659
783660
783661
783662
783663
783664
783665
783666
783667
783668
783669
783670
783671
783672
783673
783674
783675
783676
783677
783679
783680
783681
783682
783683
783685
783686
783688
783689
783691
783692
783693
783694
783695
783696
783697
783699
783700
783701
783702
783703
783705
783706
783707
783708
783709
783710
783712
783714
783715
783716
783717
783718
783719
783720
783721
783722
783723
783727
783728
783729
783730
783731
783732
783733
783734
783735
783736
783737
783738
783739
783740
783741
783742
783743
783744
783745
783746
783747
783748
783749
783751
783752
783753
783754
783755
783756
783757
783759
783760
783762
783764
783765
783767
783768
783769
783770
783771
783772
783773
783774
783775
783776
783777
783778
783779
783780
783781
783783
783785
783786
783787
783788
783789
783790
783791
783793
783794
783795
783796
783797
783798
783799
783800
783801
783803
783804
783805
783806
783808
783810
783811
783812
783813
783814
783815
783816
783817
783818
783819
783820
783821
783822
783823
783825
783826
783827
783828
783829
783831
783832
783833
783834
783835
783836
783837
783838
783839
783840
783841
783842
783843
783844
783845
783846
783847
783848
783850
783851
783852
783853
783854
783855
783856
783860
783861
783863
783864
783865
783867
783868
783869
783872
783873
783874
783875
783876
783877
783878
783879
783880
783881
783882
783883
783885
783886
783887
783888
783889
783890
783891
783892
783893
783894
783895
783896
783899
783901
783902
783904
783905
783906
783907
783908
783909
783910
783911
783912
783913
783914
783915
783916
783917
783918
783919
783920
783921
783922
783923
783924
783925
783927
783928
783929
783930
783931
783932
783933
783934
783935
783936
783937
783938
783939
783940
783941
783942
783944
783945
783946
783947
783948
783949
783950
783951
783952
783953
783955
783956
783957
783958
783960
783961
783962
783963
783965
783967
783968
783969
783970
783971
783972
783973
783974
783975
783976
783977
783978
783982
783984
783985
783986
783987
783988
783989
783990
783991
783992
783993
783994
783995
783996
783997
783998
784000
784001
784002
784004
784005
784006
784007
784008
784009
784010
784011
784012
784013
784014
784015
784016
784017
784018
784019
784020
784021
784022
784023
784024
784025
784026
784027
784028
784029
784030
784031
784032
784033
784034
784035
784036
784037
784038
784040
784041
784042
784044
784045
784046
784047
784048
784049
784050
784051
784053
784054
784055
784057
784058
784060
784061
784062
784063
784064
784066
784067
784068
784070
784071
784072
784073
784074
784075
784076
784079
784080
784081
784082
784083
784084
784085
784086
784087
784089
784090
784091
784092
784093
784094
784095
784096
784097
784098
784099
784100
784101
784102
784103
784104
784105
784106
784107
784108
784109
784110
784111
784113
784114
784115
784116
784117
784118
784119
784120
784121
784122
784123
784124
784125
784126
784127
784128
784130
784131
784133
784134
784136
784137
784139
784140
784141
784142
784143
784144
784145
784146
784147
784148
784149
784150
784151
784152
784154
784155
784156
784157
784158
784159
784160
784161
784162
784163
784164
784165
784166
784167
784168
784169
784170
784171
784172
784173
784174
784175
784176
784177
784178
784179
784180
784181
784182
784183
784185
784186
784187
784188
784189
784191
784192
784193
784194
784195
784196
784197
784198
784199
784200
784201
784202
784204
784205
784206
784207
784209
784210
784211
784212
784213
784214
784215
784216
784217
784218
784220
784221
784223
784224
784225
784226
784227
784229
784230
784231
784232
784233
784234
784235
784236
784237
784238
784239
784240
784241
784242
784243
784245
784246
784248
784249
784250
784252
784253
784255
784259
784260
784261
784262
784263
784264
784265
784266
784267
784268
784269
784270
784272
784273
784274
784275
784276
784278
784279
784280
784281
784282
784284
784285
784286
784287
784288
784289
784290
784291
784292
784293
784294
784296
784297
784298
784299
784300
784302
784303
784304
784306
784307
784308
784309
784310
784311
784312
784313
784314
784316
784317
784318
784319
784320
784321
784322
784323
784324
784325
784326
784327
784328
784330
784334
784335
784336
784340
784341
784342
784343
784344
784346
784347
784348
784349
784351
784352
784353
784354
784355
784356
784357
784358
784359
784360
784361
784362
784363
784364
784365
784366
784367
784368
784369
784370
784371
784372
784373
784374
784375
784376
784377
784378
784379
784380
784381
784382
784383
784384
784385
784386
784387
784389
784390
784391
784392
784393
784394
784395
784396
784397
784399
784400
784401
784402
784403
784404
784405
784406
784407
784408
784409
784410
784412
784413
784414
784415
784416
784417
784418
784419
784420
784421
784422
784423
784425
784426
784428
784429
784430
784431
784432
784433
784434
784437
784439
784441
784442
784443
784445
784446
784447
784448
784449
784450
784453
784454
784455
784456
784457
784458
784459
784460
784461
784462
784463
784464
784465
784466
784467
784468
784469
784470
784471
784472
784473
784474
784475
784476
784477
784478
784479
784480
784481
784482
784483
784484
784485
784486
784487
784488
784490
784491
784492
784493
784494
784495
784496
784497
784498
784499
784500
784501
784502
784503
784505
784506
784507
784508
784509
784510
784511
784514
784515
784516
784517
784520
784521
784522
784524
784525
784527
784528
784529
784531
784532
784533
784534
784535
784536
784537
784538
784539
784540
784544
784545
784546
784548
784549
784550
784551
784553
784554
784555
784556
784557
784558
784560
784561
784562
784563
784564
784565
784566
784567
784569
784570
784571
784572
784573
784574
784575
784576
784577
784579
784580
784581
784582
784583
784584
784585
784586
784587
784590
784593
784594
784595
784596
784597
784598
784599
784600
784601
784602
784603
784604
784605
784606
784607
784608
784609
784610
784611
784612
784613
784614
784615
784616
784617
784618
784619
784620
784621
784623
784624
784625
784626
784627
784628
784629
784630
784631
784632
784633
784634
784635
784636
784637
784638
784639
784640
784641
784642
784643
784644
784645
784646
784647
784648
784649
784650
784651
784652
784653
784656
784657
784658
784659
784660
784662
784663
784664
784665
784666
784667
784668
784669
784671
784672
784673
784674
784675
784676
784677
784678
784679
784680
784682
784683
784684
784685
784686
784687
784688
784689
784690
784691
784692
784693
784695
784696
784697
784698
784699
784700
784701
784702
784703
784704
784705
784707
784708
784709
784710
784711
784712
784716
784717
784718
784719
784720
784722
784723
784724
784725
784726
784727
784728
784729
784730
784731
784732
784734
784735
784736
784737
784738
784739
784740
784741
784742
784743
784744
784746
784748
784750
784751
784752
784753
784755
784756
784758
784759
784760
784762
784763
784764
784765
784767
784768
784769
784770
784771
784772
784773
784774
784777
784778
784779
784780
784781
784782
784783
784784
784785
784786
784787
784789
784791
784792
784793
784794
784795
784796
784797
784798
784799
784800
784801
784802
784803
784804
784806
784807
784808
784809
784810
784811
784812
784813
784814
784815
784816
784817
784818
784819
784820
784821
784822
784823
784824
784825
784826
784827
784828
784829
784830
784831
784832
784833
784835
784836
784837
784838
784839
784840
784841
784842
784843
784844
784845
784846
784847
784848
784849
784850
784851
784852
784853
784854
784855
784856
784857
784858
784859
784860
784861
784862
784864
784866
784867
784868
784869
784870
784871
784872
784873
784874
784875
784876
784877
784878
784879
784880
784881
784882
784883
784884
784886
784887
784888
784889
784890
784891
784892
784893
784894
784895
784896
784897
784898
784899
784900
784901
784902
784903
784904
784905
784906
784907
784908
784909
784910
784912
784913
784914
784915
784916
784917
784918
784919
784920
784922
784923
784924
784925
784926
784927
784928
784929
784930
784931
784932
784933
784934
784935
784936
784937
784938
784939
784940
784941
784942
784943
784944
784945
784946
784947
784948
784949
784950
784951
784952
784954
784955
784956
784957
784958
784960
784961
784962
784963
784965
784966
784967
784968
784970
784971
784972
784973
784975
784976
784977
784978
784979
784980
784981
784984
784985
784986
784987
784988
784990
784991
784992
784993
784994
784995
784996
784997
784998
784999
785000
785001
785002
785003
785004
785005
785006
785008
785009
785010
785011
785012
785013
785014
785015
785017
785019
785020
785021
785022
785023
785024
785025
785026
785027
785028
785029
785030
785031
785032
785034
785035
785036
785037
785038
785039
785040
785041
785042
785043
785044
785045
785046
785047
785048
785049
785050
785051
785052
785053
785054
785055
785056
785057
785058
785059
785060
785061
785062
785063
785064
785065
785066
785067
785068
785069
785070
785071
785072
785073
785074
785075
785076
785077
785078
785079
785081
785082
785083
785085
785086
785087
785089
785090
785091
785092
785093
785094
785095
785096
785097
785098
785099
785100
785101
785102
785104
785105
785107
785108
785109
785110
785111
785112
785113
785114
785115
785116
785117
785118
785119
785120
785121
785123
785124
785125
785126
785127
785128
785129
785130
785131
785132
785133
785134
785135
785136
785137
785138
785139
785140
785141
785142
785143
785144
785145
785146
785147
785148
785149
785151
785152
785153
785154
785155
785156
785157
785158
785159
785160
785161
785162
785163
785164
785165
785166
785167
785168
785169
785170
785171
785172
785173
785174
785176
785177
785178
785179
785180
785181
785182
785184
785185
785186
785187
785188
785190
785191
785192
785193
785194
785195
785196
785197
785198
785199
785200
785201
785202
785204
785205
785206
785207
785208
785209
785210
785211
785212
785213
785214
785215
785216
785218
785219
785220
785221
785222
785224
785225
785226
785227
785228
785229
785231
785232
785233
785234
785235
785236
785237
785238
785239
785240
785241
785242
785243
785244
785245
785246
785247
785248
785249
785250
785251
785252
785253
785254
785255
785256
785257
785258
785259
785260
785261
785262
785263
785264
785265
785266
785267
785268
785269
785270
785271
785272
785275
785276
785279
785281
785282
785283
785284
785285
785286
785287
785288
785289
785290
785291
785292
785293
785294
785295
785296
785297
785298
785299
785300
785301
785303
785304
785310
785311
785312
785313
785315
785316
785317
785318
785319
785320
785322
785323
785324
785325
785326
785327
785328
785329
785330
785331
785332
785333
785334
785335
785336
785337
785338
785340
785341
785342
785343
785344
785345
785346
785347
785349
785350
785351
785352
785353
785354
785355
785356
785357
785358
785359
785360
785361
785362
785363
785364
785365
785366
785367
785369
785370
785371
785372
785373
785374
785376
785377
785379
785380
785382
785383
785384
785385
785386
785387
785388
785389
785390
785391
785392
785393
785394
785395
785396
785397
785398
785399
785400
785401
785402
785403
785404
785406
785407
785408
785409
785410
785411
785412
785413
785414
785415
785416
785417
785418
785419
785420
785421
785422
785423
785424
785425
785426
785427
785429
785430
785431
785432
785433
785434
785435
785436
785437
785438
785440
785441
785442
785443
785444
785445
785446
785447
785448
785449
785450
785451
785452
785453
785454
785455
785456
785457
785458
785459
785460
785462
785463
785464
785465
785466
785467
785468
785469
785471
785472
785473
785474
785475
785476
785477
785478
785480
785481
785482
785483
785484
785485
785486
785487
785488
785489
785490
785491
785492
785493
785494
785495
785496
785497
785499
785500
785501
785502
785503
785504
785505
785506
785507
785508
785509
785510
785511
785513
785514
785515
785516
785518
785520
785521
785522
785523
785524
785525
785527
785528
785529
785530
785532
785533
785534
785535
785537
785538
785539
785542
785543
785544
785545
785548
785550
785551
785552
785553
785554
785555
785556
785557
785558
785559
785561
785563
785564
785565
785566
785567
785568
785569
785570
785571
785572
785574
785575
785577
785578
785579
785580
785581
785582
785584
785585
785586
785588
785589
785590
785591
785592
785593
785594
785595
785596
785597
785598
785599
785600
785601
785603
785605
785606
785607
785608
785609
785610
785611
785612
785614
785615
785616
785617
785618
785619
785620
785621
785622
785623
785624
785625
785626
785627
785628
785629
785630
785631
785632
785633
785634
785636
785637
785638
785639
785640
785641
785642
785644
785645
785646
785647
785648
785649
785650
785651
785652
785653
785654
785655
785656
785657
785658
785659
785660
785662
785663
785664
785665
785666
785667
785668
785669
785670
785671
785673
785676
785677
785678
785679
785680
785681
785682
785683
785684
785685
785686
785687
785689
785690
785691
785692
785693
785694
785695
785696
785697
785698
785699
785700
785701
785702
785703
785704
785705
785706
785707
785708
785709
785711
785712
785713
785714
785715
785717
785718
785719
785720
785721
785722
785723
785724
785725
785726
785727
785728
785731
785732
785733
785734
785735
785736
785737
785738
785739
785740
785741
785742
785743
785744
785745
785746
785747
785748
785749
785750
785751
785752
785753
785754
785755
785756
785757
785758
785759
785760
785761
785762
785763
785764
785765
785766
785767
785769
785771
785772
785773
785775
785777
785778
785779
785780
785784
785785
785786
785787
785788
785789
785790
785791
785793
785794
785795
785796
785797
785798
785799
785800
785801
785802
785803
785804
785807
785808
785810
785811
785812
785813
785814
785815
785816
785817
785818
785819
785820
785821
785823
785824
785825
785826
785827
785828
785829
785830
785831
785832
785833
785834
785835
785836
785837
785838
785839
785840
785841
785842
785843
785844
785845
785846
785847
785848
785849
785850
785852
785853
785855
785858
785859
785860
785861
785863
785864
785865
785866
785867
785868
785869
785870
785871
785873
785874
785875
785876
785877
785878
785879
785880
785881
785882
785883
785884
785885
785886
785887
785888
785889
785890
785891
785892
785893
785894
785896
785897
785898
785899
785900
785901
785902
785903
785904
785905
785906
785907
785908
785909
785910
785911
785912
785913
785914
785915
785916
785917
785918
785919
785920
785921
785922
785923
785924
785926
785927
785928
785929
785930
785931
785932
785933
785934
785935
785937
785939
785941
785942
785943
785944
785946
785948
785949
785952
785953
785954
785955
785956
785957
785958
785959
785962
785963
785964
785966
785967
785968
785969
785970
785971
785972
785973
785974
785975
785976
785977
785978
785979
785980
785981
785982
785983
785984
785985
785986
785987
785988
785989
785990
785991
785992
785993
785994
785995
785996
785998
785999
786001
786002
786003
786004
786005
786006
786007
786009
786011
786012
786013
786015
786016
786017
786018
786019
786020
786021
786022
786023
786024
786025
786026
786027
786028
786029
786030
786031
786032
786033
786034
786035
786036
786038
786039
786042
786043
786045
786046
786050
786052
786053
786054
786055
786056
786058
786059
786062
786063
786064
786065
786066
786067
786068
786069
786070
786071
786072
786073
786074
786075
786076
786077
786078
786079
786080
786081
786082
786083
786086
786087
786088
786089
786090
786091
786092
786093
786094
786095
786096
786097
786098
786099
786100
786101
786102
786103
786104
786106
786107
786108
786110
786111
786112
786113
786114
786115
786116
786117
786118
786119
786120
786123
786124
786125
786126
786127
786128
786129
786130
786131
786133
786134
786136
786137
786138
786140
786141
786142
786143
786144
786145
786146
786147
786148
786149
786150
786151
786153
786154
786157
786159
786161
786163
786164
786165
786166
786167
786168
786169
786170
786171
786172
786173
786174
786175
786176
786177
786178
786179
786180
786181
786183
786184
786187
786188
786189
786190
786191
786192
786193
786194
786195
786196
786197
786198
786199
786200
786201
786204
786205
786206
786208
786209
786210
786211
786212
786214
786216
786217
786218
786219
786220
786221
786222
786223
786224
786225
786226
786227
786228
786229
786230
786231
786232
786233
786234
786235
786236
786237
786238
786239
786240
786241
786242
786245
786247
786250
786251
786252
786253
786255
786256
786257
786258
786259
786261
786262
786263
786264
786266
786267
786268
786269
786270
786271
786272
786273
786274
786275
786276
786277
786278
786279
786280
786281
786282
786283
786284
786285
786287
786288
786290
786291
786292
786293
786294
786295
786296
786297
786298
786299
786300
786301
786302
786303
786304
786305
786306
786307
786309
786310
786311
786312
786313
786314
786316
786317
786318
786319
786320
786321
786322
786323
786324
786325
786326
786327
786328
786329
786330
786331
786332
786333
786334
786335
786336
786337
786338
786339
786340
786341
786342
786343
786344
786345
786346
786347
786348
786349
786350
786351
786352
786353
786355
786356
786357
786358
786359
786360
786361
786362
786363
786364
786365
786367
786369
786370
786371
786372
786373
786374
786375
786377
786378
786379
786380
786381
786382
786383
786385
786386
786387
786389
786390
786391
786392
786393
786394
786395
786396
786397
786398
786399
786400
786401
786402
786403
786404
786405
786406
786407
786408
786409
786410
786411
786412
786413
786414
786415
786416
786417
786420
786422
786423
786424
786426
786427
786428
786429
786430
786431
786432
786433
786434
786436
786437
786438
786439
786440
786441
786444
786446
786447
786448
786449
786451
786452
786453
786454
786455
786456
786458
786459
786461
786464
786465
786466
786468
786469
786470
786471
786472
786473
786474
786475
786476
786477
786478
786479
786480
786481
786482
786483
786484
786485
786489
786490
786491
786492
786495
786496
786497
786498
786499
786500
786501
786502
786503
786504
786505
786506
786507
786508
786509
786510
786511
786512
786513
786514
786515
786516
786517
786518
786519
786520
786521
786522
786523
786524
786525
786526
786527
786528
786530
786531
786532
786533
786535
786537
786538
786539
786540
786541
786543
786544
786545
786546
786547
786550
786551
786552
786553
786554
786555
786556
786557
786558
786559
786560
786561
786562
786563
786564
786565
786567
786568
786569
786570
786571
786572
786573
786574
786575
786576
786577
786578
786579
786580
786581
786582
786583
786584
786585
786586
786587
786588
786589
786590
786591
786592
786593
786594
786598
786599
786600
786601
786602
786603
786604
786605
786606
786607
786608
786609
786610
786612
786613
786614
786615
786616
786617
786618
786619
786620
786621
786622
786623
786624
786625
786626
786627
786629
786630
786631
786632
786633
786634
786635
786636
786637
786638
786639
786640
786642
786643
786644
786645
786646
786647
786648
786649
786650
786651
786652
786653
786654
786655
786656
786657
786658
786659
786660
786662
786663
786664
786665
786666
786667
786668
786669
786670
786671
786672
786673
786674
786676
786678
786679
786680
786681
786682
786683
786684
786685
786687
786688
786690
786691
786692
786693
786694
786695
786696
786697
786698
786699
786700
786701
786702
786703
786704
786705
786706
786707
786708
786709
786710
786711
786712
786713
786714
786715
786717
786718
786719
786720
786721
786722
786723
786724
786725
786726
786727
786728
786729
786730
786731
786732
786733
786734
786735
786736
786737
786738
786739
786740
786742
786743
786744
786745
786746
786747
786749
786750
786751
786752
786753
786754
786755
786756
786757
786758
786759
786760
786761
786762
786763
786764
786765
786766
786767
786768
786769
786770
786771
786772
786773
786774
786776
786777
786778
786779
786780
786781
786782
786783
786784
786785
786786
786787
786788
786789
786790
786791
786792
786794
786796
786799
786800
786802
786803
786804
786806
786810
786811
786812
786813
786814
786815
786816
786817
786818
786819
786821
786823
786824
786825
786826
786828
786830
786832
786833
786834
786835
786836
786837
786839
786840
786841
786842
786843
786844
786846
786847
786848
786849
786850
786851
786852
786853
786854
786855
786856
786857
786858
786859
786860
786862
786864
786865
786866
786867
786869
786870
786871
786872
786873
786874
786875
786877
786878
786880
786881
786882
786884
786885
786886
786888
786889
786890
786891
786892
786893
786894
786895
786896
786897
786898
786899
786900
786901
786902
786903
786905
786906
786907
786908
786909
786910
786911
786912
786913
786915
786916
786918
786919
786920
786922
786923
786924
786925
786926
786927
786928
786929
786931
786932
786933
786934
786936
786937
786939
786940
786942
786943
786944
786946
786947
786948
786949
786950
786951
786952
786953
786954
786955
786956
786957
786958
786959
786960
786961
786962
786963
786965
786966
786967
786969
786970
786971
786972
786973
786974
786975
786976
786977
786978
786979
786980
786981
786982
786983
786984
786985
786986
786987
786988
786989
786990
786993
786995
786996
786997
786998
786999
787000
787003
787004
787005
787006
787007
787008
787009
787010
787011
787012
787013
787014
787015
787016
787017
787018
787019
787020
787021
787022
787023
787024
787025
787026
787027
787028
787029
787030
787031
787032
787033
787034
787035
787036
787037
787038
787040
787041
787042
787043
787044
787045
787046
787047
787048
787050
787051
787052
787054
787055
787056
787057
787058
787059
787060
787061
787062
787063
787064
787065
787066
787067
787069
787070
787071
787073
787074
787075
787076
787077
787078
787079
787080
787081
787082
787083
787084
787085
787086
787087
787088
787090
787091
787092
787093
787094
787095
787096
787098
787099
787100
787101
787102
787104
787105
787106
787107
787108
787109
787111
787112
787113
787114
787115
787116
787117
787118
787119
787120
787122
787123
787124
787125
787126
787127
787128
787129
787130
787131
787132
787133
787134
787135
787136
787137
787139
787140
787141
787142
787144
787145
787146
787147
787148
787149
787150
787151
787152
787153
787154
787155
787156
787157
787158
787159
787160
787162
787163
787164
787165
787166
787167
787168
787169
787170
787171
787172
787173
787174
787175
787176
787177
787178
787180
787181
787182
787183
787184
787185
787186
787187
787188
787189
787191
787192
787193
787194
787195
787196
787197
787198
787199
787200
787202
787203
787204
787205
787206
787207
787208
787209
787211
787212
787213
787214
787215
787216
787217
787219
787221
787222
787226
787227
787229
787230
787231
787232
787233
787234
787235
787236
787237
787238
787239
787242
787243
787244
787245
787246
787247
787248
787249
787251
787252
787253
787254
787255
787256
787257
787258
787259
787260
787261
787262
787263
787264
787265
787266
787267
787268
787269
787270
787271
787273
787274
787275
787277
787279
787280
787281
787282
787283
787284
787285
787286
787287
787288
787289
787290
787291
787292
787293
787295
787296
787297
787298
787299
787301
787302
787303
787304
787305
787306
787307
787309
787310
787311
787312
787313
787314
787316
787317
787320
787321
787322
787323
787324
787326
787327
787328
787329
787330
787331
787333
787334
787335
787337
787338
787339
787340
787341
787342
787343
787344
787346
787347
787349
787350
787351
787352
787353
787355
787356
787357
787358
787359
787360
787361
787363
787364
787365
787366
787367
787368
787369
787370
787372
787373
787374
787375
787376
787377
787378
787380
787381
787382
787383
787384
787385
787386
787387
787388
787389
787390
787391
787392
787393
787394
787395
787396
787397
787398
787399
787400
787402
787403
787404
787405
787406
787407
787408
787409
787410
787412
787413
787414
787415
787416
787417
787418
787419
787421
787422
787423
787424
787425
787426
787427
787428
787429
787430
787433
787434
787435
787436
787437
787438
787441
787442
787443
787444
787446
787447
787448
787450
787451
787452
787453
787455
787456
787457
787458
787459
787460
787461
787462
787463
787464
787465
787466
787467
787468
787469
787470
787471
787472
787474
787475
787476
787477
787478
787479
787481
787482
787483
787484
787485
787486
787487
787489
787490
787491
787492
787493
787494
787495
787496
787497
787498
787499
787500
787501
787502
787503
787504
787505
787506
787507
787508
787509
787510
787511
787512
787513
787514
787517
787518
787519
787520
787521
787522
787524
787525
787526
787527
787528
787529
787530
787531
787532
787533
787534
787535
787536
787537
787538
787539
787540
787541
787542
787543
787544
787545
787546
787547
787548
787549
787550
787551
787552
787554
787555
787556
787557
787560
787561
787562
787563
787564
787565
787566
787568
787569
787570
787571
787572
787573
787574
787575
787577
787578
787580
787582
787583
787584
787585
787586
787587
787588
787589
787590
787591
787592
787593
787594
787595
787596
787597
787598
787599
787600
787601
787602
787603
787605
787606
787607
787608
787609
787610
787611
787612
787613
787614
787615
787616
787617
787618
787619
787620
787621
787622
787624
787627
787629
787630
787631
787632
787633
787634
787635
787636
787637
787638
787639
787640
787641
787642
787644
787645
787646
787647
787648
787649
787650
787651
787652
787653
787654
787656
787657
787658
787659
787660
787662
787663
787664
787665
787666
787667
787668
787669
787671
787672
787673
787674
787675
787676
787677
787678
787680
787681
787682
787684
787685
787686
787688
787690
787691
787693
787694
787695
787696
787699
787700
787701
787702
787705
787707
787710
787711
787712
787713
787714
787715
787716
787717
787718
787720
787721
787722
787723
787724
787725
787726
787728
787729
787730
787731
787732
787735
787736
787738
787739
787740
787741
787742
787743
787744
787745
787746
787747
787749
787750
787751
787752
787756
787757
787758
787759
787760
787761
787762
787763
787764
787765
787766
787767
787768
787769
787770
787771
787772
787773
787774
787775
787776
787777
787778
787779
787781
787782
787783
787784
787785
787786
787787
787788
787789
787790
787791
787792
787793
787794
787795
787797
787798
787799
787800
787801
787803
787804
787805
787806
787808
787809
787810
787811
787812
787813
787814
787815
787816
787817
787818
787819
787820
787822
787823
787824
787825
787826
787827
787829
787830
787832
787833
787834
787835
787836
787838
787840
787841
787843
787844
787845
787846
787847
787848
787849
787850
787852
787853
787854
787855
787856
787857
787858
787859
787861
787862
787863
787864
787865
787866
787867
787868
787869
787870
787871
787872
787873
787874
787875
787876
787877
787878
787879
787880
787881
787882
787883
787884
787885
787886
787887
787888
787889
787890
787891
787892
787893
787894
787895
787897
787898
787899
787900
787901
787902
787903
787904
787905
787906
787908
787909
787910
787911
787912
787913
787914
787915
787916
787918
787919
787920
787921
787922
787923
787924
787925
787926
787927
787928
787929
787930
787931
787932
787933
787934
787935
787936
787937
787938
787939
787940
787941
787942
787944
787945
787946
787947
787948
787949
787950
787951
787952
787953
787954
787955
787956
787957
787958
787959
787960
787961
787962
787963
787964
787966
787967
787968
787969
787970
787971
787972
787973
787974
787975
787976
787977
787978
787979
787980
787981
787982
787983
787984
787985
787986
787988
787989
787990
787996
787997
787998
787999
788000
788001
788002
788003
788004
788005
788006
788008
788009
788010
788011
788012
788013
788014
788017
788018
788019
788020
788021
788022
788024
788025
788026
788027
788029
788030
788031
788032
788034
788035
788036
788037
788038
788039
788040
788041
788042
788043
788044
788045
788046
788047
788048
788049
788050
788051
788052
788053
788054
788055
788057
788058
788059
788060
788061
788062
788063
788064
788065
788066
788067
788068
788070
788071
788072
788073
788075
788076
788077
788078
788079
788080
788082
788083
788084
788087
788089
788090
788091
788092
788093
788094
788096
788097
788098
788099
788100
788101
788102
788104
788105
788106
788107
788108
788109
788110
788111
788112
788113
788114
788115
788116
788117
788118
788119
788120
788121
788122
788124
788125
788126
788127
788128
788129
788130
788132
788133
788134
788135
788136
788137
788138
788139
788140
788141
788143
788144
788145
788146
788147
788149
788150
788151
788152
788153
788154
788155
788156
788157
788158
788159
788160
788161
788162
788163
788164
788165
788166
788167
788169
788170
788171
788173
788175
788176
788178
788179
788180
788181
788182
788183
788184
788186
788187
788188
788189
788190
788191
788192
788193
788194
788195
788196
788197
788198
788199
788200
788201
788203
788204
788205
788206
788207
788208
788209
788210
788211
788212
788213
788214
788215
788216
788217
788218
788219
788220
788221
788222
788223
788224
788225
788226
788227
788228
788229
788230
788231
788232
788233
788234
788235
788236
788237
788238
788239
788240
788242
788243
788244
788245
788246
788247
788250
788251
788252
788253
788254
788255
788256
788257
788258
788260
788261
788262
788263
788264
788265
788266
788267
788268
788269
788270
788271
788272
788273
788274
788275
788276
788277
788278
788279
788280
788282
788283
788284
788285
788286
788287
788288
788289
788290
788291
788292
788293
788294
788295
788296
788297
788298
788300
788301
788302
788303
788304
788305
788306
788307
788308
788309
788310
788311
788312
788313
788314
788315
788316
788317
788318
788319
788321
788322
788323
788324
788325
788326
788328
788330
788331
788332
788333
788334
788335
788336
788338
788339
788340
788341
788342
788343
788344
788345
788346
788347
788348
788350
788351
788352
788353
788354
788355
788356
788357
788358
788359
788360
788361
788362
788363
788364
788365
788366
788367
788368
788369
788370
788371
788372
788373
788374
788375
788376
788377
788378
788380
788381
788385
788386
788387
788388
788389
788390
788391
788392
788393
788394
788395
788396
788397
788398
788399
788400
788401
788402
788403
788404
788408
788410
788411
788412
788413
788414
788415
788416
788417
788418
788419
788420
788421
788422
788423
788424
788425
788426
788427
788428
788429
788430
788431
788432
788433
788434
788435
788436
788437
788438
788439
788440
788441
788442
788443
788444
788445
788446
788447
788448
788449
788450
788451
788452
788453
788454
788455
788456
788457
788458
788459
788460
788461
788462
788463
788464
788465
788466
788467
788468
788469
788470
788471
788472
788473
788475
788476
788477
788478
788479
788480
788482
788483
788484
788485
788486
788487
788488
788489
788490
788491
788492
788493
788494
788495
788496
788497
788498
788499
788500
788501
788504
788505
788506
788507
788508
788509
788510
788512
788513
788514
788515
788516
788517
788518
788519
788520
788521
788522
788523
788524
788525
788526
788527
788528
788529
788530
788531
788532
788533
788535
788536
788537
788538
788539
788540
788541
788542
788543
788544
788545
788546
788547
788548
788549
788550
788552
788553
788554
788555
788556
788557
788558
788559
788560
788561
788562
788563
788564
788565
788566
788567
788568
788569
788570
788571
788572
788573
788574
788575
788576
788577
788578
788579
788580
788581
788582
788583
788584
788585
788586
788587
788588
788589
788590
788591
788592
788593
788594
788595
788596
788597
788598
788599
788601
788602
788603
788604
788605
788606
788607
788608
788609
788610
788611
788612
788613
788614
788615
788616
788617
788618
788619
788620
788621
788622
788623
788624
788625
788627
788628
788629
788630
788631
788632
788633
788635
788636
788637
788638
788639
788640
788641
788642
788643
788644
788645
788646
788647
788648
788649
788650
788651
788656
788657
788659
788660
788661
788662
788663
788664
788665
788666
788667
788668
788669
788670
788672
788674
788675
788676
788677
788679
788680
788681
788682
788683
788684
788685
788686
788687
788688
788689
788690
788691
788692
788693
788694
788695
788696
788697
788699
788700
788702
788703
788704
788706
788707
788709
788710
788711
788712
788713
788714
788715
788716
788717
788718
788719
788720
788721
788722
788723
788724
788725
788726
788728
788729
788730
788731
788732
788733
788734
788735
788736
788737
788738
788739
788740
788741
788742
788743
788744
788745
788746
788747
788748
788749
788751
788752
788754
788755
788756
788757
788758
788760
788761
788762
788763
788764
788765
788766
788768
788770
788771
788772
788773
788774
788775
788776
788777
788778
788779
788780
788781
788782
788783
788785
788786
788787
788789
788790
788792
788793
788794
788795
788796
788798
788799
788800
788801
788802
788803
788804
788805
788806
788807
788809
788810
788811
788812
788813
788814
788815
788816
788817
788818
788819
