688899
68890
688900
688901
688902
688905
688906
688907
688908
688909
68891
688910
688911
688914
688915
688917
688919
68892
688920
688921
688923
688924
688926
688927
688928
688929
68893
688930
688931
688932
688933
688934
688935
688936
688937
688938
688939
68894
688942
688943
688944
688945
688946
688947
688949
68895
688950
688951
688952
688953
688954
688955
688956
688958
68896
688960
688961
688962
688963
688964
688965
688966
688967
688968
688969
68897
688970
688971
688972
688973
688974
688975
688976
688977
688978
688979
68898
688980
688981
688982
688983
688984
688985
688987
688988
688989
688990
688991
688992
688993
688994
688995
688996
688997
688998
688999
689
689001
689002
689003
689004
689005
689006
689007
689008
689009
68901
689010
689011
689012
689013
689014
689015
689016
689017
689018
689019
68902
689020
689022
689023
689024
689025
689026
689027
689028
689029
68903
689030
689031
689032
689034
689036
689037
689038
689039
689040
689041
689042
689043
689044
689048
689049
68905
689050
689051
689052
689053
689054
689055
689056
689057
689058
689059
68906
689060
689061
689063
689064
689065
689066
689067
689068
689069
689070
689071
689072
689073
689074
689075
689076
689077
689078
689079
68908
689080
689081
689082
689083
689084
689085
689086
689087
689088
689089
689090
689093
689094
689095
689096
689097
689098
689099
68910
689101
689102
689104
689105
689106
689107
689108
689109
68911
689110
689111
689112
689114
689115
689117
689118
689119
68912
689120
689121
689122
689123
689124
689125
689127
689128
689129
68913
689130
689131
689132
689133
689134
689135
689136
689137
689138
689139
68914
689140
689141
689142
689143
689144
689145
689146
689147
689148
689149
68915
689150
689151
689152
689154
689156
689157
689158
689159
689160
689161
689162
689163
689164
689165
689166
689167
689168
68917
689170
689171
689172
689173
689174
689175
689176
689178
689179
68918
689180
689182
689183
689184
689185
689186
689187
689189
68919
689190
689191
689192
689194
689195
689196
689198
689199
68920
689200
689201
689202
689203
689204
689205
689206
689207
689208
689209
68921
689210
689211
689212
689213
689214
689215
689216
689217
689218
68922
689220
689221
689222
689223
689224
689227
689229
689230
689231
689232
689233
689234
689235
689239
68924
689240
689241
689242
689243
689244
689246
689247
689248
689249
68925
689250
689251
689252
689253
689254
689255
689256
689257
689258
689259
68926
689260
689261
689262
689263
689264
689265
689267
689268
689269
68927
689270
689271
689272
689273
689274
689275
689276
689277
689278
689279
68928
689280
689281
689282
689283
689284
689285
689286
689287
68929
689290
689291
689293
689294
689295
689296
689297
689298
689299
68930
689300
689301
689302
689303
689304
689305
689306
689308
689309
68931
689311
689312
689313
689314
689315
689316
689317
689318
689319
68932
689321
689322
689323
689326
689327
689328
689329
68933
689330
689332
689333
689334
689335
689336
689337
689338
689339
68934
689341
689342
689343
689344
689346
689347
689348
689349
68935
689350
689351
689352
689353
689354
689355
689356
689358
689359
68936
689360
689361
689362
689363
689364
689365
689366
689367
689368
689369
68937
689370
689371
689372
689373
689374
689375
689376
689377
689378
68938
689381
689382
689383
689384
689385
689387
689388
689389
68939
689390
689391
689392
689393
689394
689395
689396
689397
689398
689399
68940
689400
689401
689402
689403
689405
689406
689407
689408
689409
68941
689410
689412
689413
689414
689415
689416
689417
689418
689419
68942
689420
689421
689422
689424
689425
689426
689427
689428
689429
68943
689431
689432
689433
689434
689435
689436
689437
689438
689439
68944
689440
689441
689442
689443
689444
689445
689446
689447
689448
68945
689450
689451
689452
689453
689454
689455
689456
689457
689458
689459
68946
689460
689461
689462
689463
689464
689465
689466
689467
689468
689469
68947
689470
689471
689472
689473
689474
689475
689476
689477
689478
689479
68948
689480
689481
689482
689483
689485
689486
689487
689489
68949
689490
689491
689492
689493
689494
689495
689497
689498
689499
68950
689500
689501
689502
689503
689505
689506
689507
689508
689509
68951
689510
689511
689512
689515
689516
689518
689519
68952
689522
689523
689524
689525
689526
689527
689528
689529
68953
689531
689532
689533
689534
689535
689536
689537
689538
68954
689540
689541
689542
689543
689544
689545
689546
689547
689548
689549
68955
689550
689551
689552
689553
689554
689556
689557
689558
68956
689560
689561
689562
689563
689564
689565
689566
689567
689568
68957
689570
689571
689573
689574
689575
689576
689577
689578
689579
68958
689580
689581
689582
689583
689584
689585
689586
689589
68959
689590
689591
689592
689594
689595
689596
689597
689598
689599
68960
689600
689602
689603
689604
689605
689606
689607
689608
689609
68961
689610
689611
689612
689613
689615
689616
689617
689618
689619
68962
689620
689621
689622
689623
689624
689625
689626
689627
689628
689629
68963
689632
689633
689634
689635
689636
689637
689638
689639
68964
689640
689641
689642
689643
689644
689645
689646
689647
689648
689649
68965
689650
689652
689653
689654
689656
689657
689658
689659
68966
689660
689661
689662
689663
689664
689665
689666
689667
689668
689669
68967
689670
689671
689672
689673
689674
689675
689676
689677
689678
689679
68968
689680
689681
689682
689683
689684
689685
689686
689687
689688
689689
68969
689690
689691
689692
689693
689694
689695
689696
689697
689698
689699
68970
689700
689701
689702
689703
689704
689705
689706
689707
689708
689709
68971
689710
689711
689712
689713
689714
689715
689716
689718
689719
68972
689721
689722
689723
689724
689725
689727
689728
689729
68973
689730
689731
689732
689733
689734
689735
689736
689737
689738
689739
68974
689740
689741
689742
689744
689745
689746
689747
689748
689749
68975
689750
689751
689752
689753
689754
689756
689757
689759
68976
689760
689761
689762
689763
689764
689765
689766
689767
689769
68977
689770
689771
689772
689773
689774
689775
689776
689777
689778
689779
68978
689780
689781
689782
689783
689784
689786
689787
689788
689789
68979
689790
689791
689792
689793
689794
689795
689796
689797
689798
68980
689800
689802
689803
689804
689805
689806
689807
689808
689809
68981
689810
689811
689812
689813
689814
689815
689816
689817
689818
689819
68982
689821
689822
689823
689825
689826
689827
689828
689829
68983
689830
689831
689832
689833
689834
689836
689837
689838
689839
68984
689840
689841
689842
689843
689844
689845
689846
689847
689848
689849
68985
689850
689851
689852
689853
689854
689855
689856
689857
689859
68986
689860
689861
689862
689863
689864
689865
689866
689867
689868
689869
68987
689870
689871
689872
689873
689874
689875
689876
689877
689878
689879
68988
689880
689881
689882
689883
689884
689885
689886
689887
689888
689889
68989
689890
689891
689892
689893
689895
689896
689897
689899
68990
689900
689901
689902
689903
689904
689905
689906
689908
689909
68991
689912
689913
689916
689917
689918
689919
68992
689920
689921
689922
689924
689925
689926
689927
689928
689929
68993
689931
689932
689933
689934
689935
689936
689937
689938
689939
68994
689940
689941
689944
689945
689947
689948
689949
68995
689950
689951
689952
689953
689954
689955
689956
689957
689958
689959
68996
689960
689961
689962
689963
689964
689965
689966
689967
689968
68997
689972
689973
689975
689976
689977
689978
689979
68998
689980
689981
689983
689984
689985
689986
689987
689988
689989
68999
689990
689991
689992
689993
689994
689995
689996
689998
689999
69
690
690000
690001
690002
690003
690004
690005
690006
690007
690009
690010
690011
690012
690013
690014
690015
690016
690017
690019
690020
690021
690022
690026
690027
690028
690030
690031
690032
690034
690035
690036
690037
690039
69004
690041
690042
690043
690044
690045
690046
690047
690048
690049
69005
690051
690052
690053
690054
690057
690058
690059
69006
690060
690062
690063
690064
690065
690066
690067
690068
690069
69007
690070
690071
690072
690073
690074
690076
690077
690078
690079
69008
690080
690081
690082
690083
690084
690085
690086
690087
690088
690089
69009
690091
690092
690094
690095
690096
690097
690098
690099
69010
690100
690101
690102
690103
690104
690105
690106
690107
690108
690109
69011
690110
690111
690112
690113
690114
690115
690116
690117
690118
690119
69012
690120
690121
690122
690123
690124
690126
690127
690128
690129
69013
690130
690131
690132
690133
690134
690135
690136
690137
690138
690139
69014
690143
690144
690145
690146
690147
690148
690149
69015
690150
690151
690154
690155
690156
690157
690158
690159
69016
690160
690161
690162
690163
690164
690165
690168
690169
69017
690170
690171
690172
690173
690174
690175
690176
690177
690178
690179
69018
690180
690181
690182
690183
690184
690185
690186
690188
69019
690190
690191
690192
690193
690194
690195
690197
690199
690200
690201
690202
690203
690204
690206
690207
690208
690209
690210
690211
690212
690213
690214
690215
690216
690217
690218
690219
69022
690220
690221
690222
690223
690224
690225
690226
690227
690228
690229
69023
690230
690231
690232
690233
690234
690236
690237
690238
690239
69024
690240
690241
690242
690243
690244
690245
690246
690247
690248
690249
69025
690250
690251
690252
690253
690255
690256
690257
690258
690259
69026
690260
690261
690262
690263
690264
690265
690266
690267
690268
690269
69027
690270
690271
690272
690274
690275
690276
690278
690279
69028
690280
690284
690285
690286
690288
690289
69029
690290
690291
690292
690293
690294
690296
690299
69030
690300
690301
690303
690304
690305
690306
690308
690309
690310
690311
690312
690314
690315
690316
690317
690318
690319
69032
690320
690321
690322
690323
690324
690325
690326
690327
690328
690329
69033
690330
690331
690332
690333
690335
690336
690338
690339
690340
690341
690343
690344
690345
690346
690347
690348
690349
69035
690350
690351
690353
690354
690355
690356
690357
690358
690359
69036
690360
690361
690362
690363
690364
690365
690367
690368
690369
690370
690372
690374
690375
690376
690377
690378
690379
69038
690380
690381
690383
690384
690386
690387
690388
690389
690390
690392
690393
690397
690398
690399
69040
690400
690401
690402
690403
690405
690407
690408
690409
69041
690410
690411
690412
690413
690414
690415
690416
690417
690418
690419
690420
690421
690422
690423
690424
690425
690427
690428
69043
690430
690431
690432
690434
690435
690437
690438
690439
69044
690440
690441
690442
690443
690444
690445
690446
690447
690448
690449
69045
690450
690451
690452
690453
690454
690455
690456
690457
690458
690459
69046
690460
690461
690464
690465
690468
690469
690470
690471
690472
690473
690474
690475
690476
690477
690478
690479
69048
690480
690481
690482
690483
690484
690485
690486
690487
690488
690489
69049
690490
690491
690492
690493
690494
690495
690496
690497
690498
690499
6905
69050
690500
690501
690502
690503
690505
690507
690508
690509
690510
690511
690512
690513
690514
690515
690516
690517
690518
690519
690520
690521
690522
690523
690524
690525
690526
690527
690528
690529
690530
690531
690532
690533
690534
690535
690536
690537
690538
690539
69054
690540
690541
690542
690543
690544
690545
690546
690548
690549
69055
690550
690551
690552
690553
690554
690555
690556
690557
690558
690559
69056
690560
690561
690562
690563
690565
690566
690567
690569
69057
690570
690571
690572
690574
690575
690576
690577
690578
690579
69058
690580
690581
690582
690583
690584
690585
690586
690587
690588
690589
69059
690590
690591
690593
690594
690595
690596
690597
690598
690599
69060
690600
690601
690603
690604
690605
690606
690607
690608
690609
69061
690610
690614
690615
690616
690617
690619
690620
690621
690622
690623
690624
690625
690626
690627
690628
690629
69063
690631
690632
690633
690634
690635
690636
690637
690638
69064
690640
690642
690643
690644
690645
690646
690647
690648
690649
69065
690650
690651
690652
690653
690654
690655
690656
690657
690658
690659
69066
690660
690661
690662
690663
690664
690665
690666
690667
690668
690669
690670
690671
690672
690673
690674
690675
690676
690677
690678
690679
69068
690680
690681
690682
690683
690684
690685
690686
690687
690688
690689
69069
690690
690691
690693
690694
690696
690697
690698
690699
69070
690700
690701
690702
690703
690704
690705
690709
69071
690710
690711
690712
690713
690714
690715
690716
690718
690719
69072
690720
690721
690722
690723
690724
690725
690726
690728
690729
690730
690731
690732
690733
690734
690735
690736
690737
690738
690739
690740
690742
690744
690745
690747
690748
690749
69075
690750
690751
690752
690753
690754
690757
690758
690760
690761
690762
690763
690764
690765
690766
690767
690768
690769
69077
690770
690771
690773
690776
690778
690779
69078
690781
690782
690783
690784
690786
690787
690788
690792
690793
690794
690795
690796
690797
690798
690799
690800
690801
690802
690803
690804
690805
690806
690807
690808
690809
69081
690810
690811
690812
690813
690814
690816
690817
690818
690819
690820
690821
690822
690823
690824
690826
690827
690828
690829
69083
690830
690831
690832
690833
690834
690835
690836
690837
690838
690839
690840
690841
690842
690843
690844
690845
690846
690847
690848
690849
69085
690850
690852
690853
690854
690855
690856
690857
690858
690859
69086
690860
690861
690862
690863
690864
690865
690866
690867
690868
690869
69087
690870
690871
690872
690873
690874
690876
690877
690878
69088
690880
690881
690882
690883
690886
690887
690888
69089
690890
690891
690892
690893
690894
690895
690896
690897
690898
690899
69090
690900
690901
690903
690904
690905
690906
690907
690909
69091
690910
690912
690913
690914
690915
690916
690917
690918
690919
69092
690920
690924
690925
690927
690929
69093
690930
690931
690932
690933
690934
690935
690936
690937
690938
690939
69094
690940
690941
690942
690943
690944
690945
690946
690947
690949
69095
690950
690951
690953
690954
690956
690957
690958
690959
69096
690960
690961
690962
690963
690964
690965
690966
690968
690969
69097
690971
690972
690973
690974
690975
690976
690978
690979
69098
690980
690981
690983
690985
690986
690987
690988
690989
69099
690990
690991
690992
690994
690995
690996
690998
690999
691
69100
691000
691001
691002
691003
691004
691005
691006
691007
691008
691009
69101
691010
691011
691012
691013
691014
691015
691016
691017
691018
691019
69102
691020
691021
691023
691024
691025
691026
691027
691028
691029
69103
691030
691032
691033
691034
691035
691036
691038
691039
69104
691040
691041
691042
691043
691044
691045
691046
691047
691048
691049
69105
691050
691051
691052
691053
691054
691055
691056
691057
691058
691059
69106
691060
691061
691062
691063
691064
691065
691066
691067
691068
691069
69107
691070
691071
691073
691074
691075
691076
691077
691078
691079
69108
691080
691081
691083
691084
691085
691086
691087
691088
69109
691090
691091
691092
691093
691094
691096
691097
691098
69110
691100
691101
691102
691103
691105
691106
691107
691108
69111
691110
691111
691112
691113
691114
691115
691116
691117
691118
691119
69112
691120
691121
691122
691123
691124
691125
691126
691127
691128
691129
69113
691130
691131
691132
691133
691134
691135
691136
691139
691140
691141
691142
691143
691144
691145
691146
691147
691149
69115
691150
691151
691152
691153
691154
691155
691156
691157
691158
691159
69116
691161
691164
691165
691166
691167
691168
691169
69117
691170
691172
691173
691174
691175
691177
691178
691179
691180
691181
691182
691183
691184
691185
691186
691187
691188
691189
69119
691190
691191
691192
691193
691194
691195
691196
691197
691198
691199
69120
691200
691201
691202
691203
691204
691205
691206
691207
691208
691209
69121
691210
691211
691212
691213
691214
691215
691216
691217
691218
691219
69122
691220
691221
691222
691223
691224
691225
691226
691228
691229
69123
691230
691231
691232
691233
691235
691236
691238
691239
69124
691241
691242
691243
691244
691245
691246
691247
691248
691249
69125
691251
691252
691254
691255
691256
691257
691258
691259
69126
691260
691261
691262
691263
691264
691265
691266
691267
691268
691269
69127
691270
691271
691272
691273
691274
691275
691276
691277
691278
691279
69128
691280
691282
691283
691284
691285
691286
691287
691288
691289
69129
691290
691291
691292
691293
691294
691295
691296
691297
691298
691299
6913
691300
691301
691302
691305
691306
691307
691308
691309
69131
691310
691311
691312
691313
691315
691316
691317
691318
691319
69132
691320
691321
691322
691324
691325
691327
691328
691329
69133
691330
691331
691332
691333
691334
691335
691336
691337
691338
691339
69134
691340
691341
691342
691343
691344
691346
691347
691348
691349
69135
691351
691352
691354
691355
691356
691357
691358
691359
691360
691361
691362
691363
691364
691365
691366
691367
691368
691369
691370
691372
691373
691374
691375
691376
691378
691379
69138
691380
691382
691383
691385
691386
691389
69139
691390
691391
691392
691393
691394
691395
691396
691397
691398
6914
69140
691400
691402
691404
691405
691406
691407
691408
691409
69141
691410
691411
691412
691415
691416
691417
691418
691419
69142
691420
691421
691422
691423
691424
691425
691426
691427
691428
69143
691430
691431
691432
691433
691434
691435
691436
691437
691438
691439
69144
691440
691441
691442
691443
691444
691445
691446
691447
691448
691449
69145
691450
691451
691452
691453
691454
691455
691456
691457
691458
69146
691460
691461
691462
691463
691465
691466
691467
691468
691469
69147
691470
691471
691472
691473
691474
691475
691476
691477
691478
691479
69148
691480
691482
691483
691484
691485
691486
691487
691488
691489
691490
691491
691492
691493
691494
691495
691496
691497
691498
691499
6915
69150
691500
691502
691503
691504
691505
691506
691507
691509
69151
691510
691511
691512
691513
691514
691515
691516
691517
691518
691519
69152
691520
691521
691522
691523
691524
691526
691527
691529
69153
691530
691531
691532
691534
691536
691537
691538
691539
691540
691541
691542
691544
691545
691546
691547
691548
691549
69155
691550
691551
691553
691556
691557
691558
691559
69156
691560
691561
691563
691564
691566
691567
691569
69157
691570
691571
691572
691573
691574
691575
691577
691579
69158
691581
691582
691584
691585
691586
691587
691588
691589
69159
691590
691591
691592
691594
691595
691596
691597
691598
691599
6916
69160
691600
691601
691602
691603
691604
691605
691606
691607
691608
691609
69161
691610
691611
691612
691613
691614
691615
691616
691617
691618
691619
69162
691621
691622
691623
691624
691625
691626
691627
691628
691629
69163
691630
691632
691633
691635
691636
691638
691639
69164
691641
691642
691643
691644
691645
691646
691647
691648
691649
69165
691650
691651
691652
691653
691654
691655
691656
691657
691658
691659
69166
691660
691661
691662
691663
691664
691665
691666
691667
691668
691669
69167
691671
691672
691673
691674
691675
691677
691678
691679
69168
691680
691682
691683
691684
691685
691686
691687
691688
691689
69169
691690
691691
691692
691693
691694
691695
691696
691697
691698
691699
6917
69170
691700
691701
691702
691703
691704
691705
691707
691708
691709
69171
691710
691711
691712
691713
691714
691715
691716
691717
691719
69172
691720
691724
691725
691726
691728
691729
69173
691730
691731
691732
691733
691734
691735
691736
691737
691738
69174
691740
691741
691742
691743
691744
691745
691750
691751
691752
691753
691754
691755
691756
691757
691758
691759
69176
691760
691762
691763
691764
691766
691767
691768
691769
69177
691770
691771
691772
691773
691774
691775
691776
691777
691778
691779
69178
691780
691781
691782
691783
691784
691785
691786
691787
691788
691789
69179
691790
691791
691792
691793
691794
691795
691797
691798
69180
691800
691802
691803
691804
691805
691806
691807
691808
691809
69181
691810
691811
691812
691813
691814
691815
691817
691818
691819
69182
691820
691821
691823
691824
691825
691826
691827
691828
69183
691831
691832
691833
691834
691835
691836
691837
691838
691839
69184
691840
691841
691842
691843
691844
691845
691847
691848
691849
69185
691850
691851
691852
691853
691854
691855
691857
691858
691859
69186
691860
691861
691862
691863
691864
691865
691866
691867
691868
691869
69187
691870
691871
691872
691873
691875
691876
691877
691878
691879
69188
691880
691881
691882
691883
691884
691885
691886
691887
691889
69189
691890
691891
691892
691893
691894
691896
691897
691898
691899
69190
691900
691901
691902
691903
691904
691905
691906
691907
691909
69191
691910
691911
691912
691913
691914
691915
691916
691917
691919
69192
691920
691921
691922
691923
691924
691925
691926
691927
691928
691929
69193
691930
691931
691932
691933
691934
691935
691936
691937
691938
691939
691940
691941
691942
691945
691946
691947
691948
691949
69195
691950
691951
691952
691953
691954
691956
691957
691958
691959
69196
691960
691961
691962
691963
691964
691965
691966
691967
691968
691969
69197
691970
691972
691973
691974
691975
691976
691977
691978
691979
69198
691980
691981
691982
691983
691984
691986
691987
691988
691989
69199
691990
691991
691992
691993
691994
691995
691996
691998
691999
692
69200
692000
692001
692003
692004
692005
692006
692007
692008
692009
69201
692010
692011
692012
692013
692014
692015
692016
692017
692018
692019
69202
692020
692021
692022
692023
692024
692025
692026
692027
692028
692029
69203
692031
692032
692033
692037
692038
692039
69204
692040
692041
692042
692043
692044
692045
692046
692047
692048
692049
69205
692050
692051
692052
692053
692054
692055
692056
692057
692058
692059
69206
692060
692061
692062
692063
692064
692065
692066
692067
692068
692069
69207
692070
692071
692072
692073
692074
692077
692079
692080
692081
692082
692083
692084
692085
692086
692087
692088
692089
692090
692091
692092
692093
692094
692095
692096
692097
692099
69210
692100
692103
692104
692105
692106
692107
692108
692109
69211
692110
692111
692112
692113
692114
692115
692116
692117
692118
692119
69212
692120
692121
692122
692123
692124
692125
692126
692127
692128
692129
692130
692131
692132
692134
692135
692136
692137
692138
692139
69214
692140
692141
692142
692143
692144
692145
692146
692147
692148
692149
69215
692150
692151
692152
692153
692154
692155
692156
692157
692158
692159
69216
692160
692161
692162
692163
692164
692165
692167
692168
692169
69217
692170
692171
692172
692173
692174
692175
692176
692177
692178
692179
69218
692180
692181
692182
692183
692184
692185
692186
692187
69219
692190
692191
692192
692193
692195
692196
692197
692198
692199
692200
692201
692202
692203
692204
692205
692206
692207
692208
692209
69221
692210
692211
692212
692213
692214
692215
692216
692217
692218
692220
692221
692222
692225
692226
692227
692228
692229
69223
692230
692231
692232
692233
692234
692235
692236
692238
692239
69224
692241
692242
692243
692244
692245
692246
692249
69225
692250
692251
692252
692253
692254
692255
692257
692259
69226
692260
692261
692262
692263
692265
692266
692267
692269
69227
692271
692272
692273
692274
692276
692277
692278
692279
69228
692280
692281
692282
692283
692284
692285
692286
692287
692288
692289
69229
692290
692291
692292
692293
692294
692295
692296
692297
692298
692299
69230
692301
692302
692303
692304
692305
692306
692307
692308
692309
69231
692310
692311
692312
692313
692314
692315
692316
692317
692318
692319
69232
692320
692321
692323
692324
692325
692326
692327
692328
692329
692330
692332
692333
692334
692335
692336
692337
692338
692339
692340
692341
692342
692343
692345
692346
692347
692348
692349
69235
692350
692351
692352
692353
692354
692355
692356
692357
692358
69236
692360
692362
692363
692364
692365
692366
692367
692368
692369
69237
692370
692371
692372
692373
692375
692376
692377
692378
692379
69238
692380
692381
692382
692383
692384
692385
692386
692387
692388
69239
692390
692391
692392
692393
692394
692395
692397
692398
692399
69240
692400
692401
692402
692403
692405
692406
692407
692408
692409
69241
692410
692411
692412
692413
692415
692416
692417
692418
692419
69242
692420
692421
692422
692423
692424
692425
692426
692427
692428
692429
69243
692430
692431
692432
692433
692434
692435
692436
692437
692438
692439
692440
692441
692442
692443
692444
692445
692446
692447
692448
692449
692450
692451
692452
692453
692454
692455
692456
692457
692458
692459
69246
692460
692462
692463
692464
692465
692466
692467
692468
692469
692470
692471
692472
692473
692474
692475
692476
692477
692478
692479
69248
692480
692481
692482
692483
692484
692485
692486
692487
692488
692489
69249
692490
692491
692494
692495
692496
692497
692498
692499
692500
692501
692502
692503
692504
692505
692506
692507
692508
692509
692510
692511
692512
692513
692514
692515
692516
692517
692518
692519
692520
692521
692522
692523
692524
692525
692526
692527
692528
692529
692530
692531
692532
692533
692534
692535
692539
692542
692545
692548
692549
692550
692551
692552
692553
692554
692555
692556
692557
692558
692559
692560
692561
692562
692563
692564
692565
692566
692567
692568
692569
692570
692572
692573
692574
692575
692576
692577
692578
692579
692580
692581
692582
692583
692584
692585
692587
692588
692589
69259
692590
692592
692593
692594
692595
692596
692597
692598
692599
69260
692600
692601
692602
692603
692604
692605
692606
692607
692609
69261
692610
692611
692612
692614
692615
692616
692617
692619
69262
692620
692621
692622
692623
692624
692625
692626
692627
692628
692629
69263
692630
692631
692632
692633
692634
692635
692636
692637
692638
692639
692640
692641
692642
692643
692644
692645
692646
692647
692648
692649
69265
692650
692651
692653
692654
692656
692657
692658
692659
69266
692661
692662
692663
692664
692665
692668
692669
692670
692671
692672
692673
692675
692676
692677
692678
692679
69268
692680
692681
692682
692683
692684
692685
692687
692688
692689
69269
692690
692691
692692
692693
692694
692695
692696
692697
692698
692699
69270
692700
692701
692702
692703
692704
692705
692706
692707
692708
692709
692710
692711
692712
692713
692716
692717
692718
692719
69272
692720
692721
692722
692723
692724
692725
692726
692727
692728
692729
69273
692730
692731
692732
692733
692734
692735
692736
692738
692739
69274
692741
692742
692743
692744
692745
692746
692747
692748
692749
69275
692750
692753
692754
692755
692756
692757
692759
69276
692760
692761
692762
692763
692764
692765
692766
692767
692769
69277
692770
692774
692775
692777
692778
692779
69278
692780
692781
692782
692784
692785
692786
692787
692788
692789
69279
692790
692791
692792
692793
692794
692795
692796
692797
692798
692799
692800
692801
692802
692803
692804
692805
692806
692807
692808
692809
69281
692810
692811
692812
692813
692815
692816
692817
692818
692819
69282
692820
692821
692822
692823
692824
692825
692827
692828
692829
69283
692830
692831
692832
692833
692834
692835
692836
692837
692838
692839
692840
692841
692842
692843
692844
692845
692846
692847
692848
692849
69285
692850
692851
692852
692854
692855
692856
692858
692859
69286
692860
692861
692862
692863
692864
692865
692866
692867
692868
692869
69287
692870
692871
692872
692873
692874
692875
692876
692877
692878
692879
692880
692881
692882
692883
692884
692885
692886
692887
692889
69289
692891
692892
692893
692894
692895
692896
692897
692898
692899
692900
692902
692905
692906
692907
692908
692909
692910
692911
692912
692914
692915
692916
692918
692919
69292
692920
692921
692922
692923
692926
692927
692928
692929
692930
692932
692933
692934
692935
692936
692937
692938
692939
69294
692940
692941
692942
692943
692944
692945
692946
692947
692948
692949
692950
692951
692952
692953
692954
692955
692957
692959
692960
692962
692963
692964
692965
692966
692967
692968
692969
692970
692971
692972
692973
692975
692977
692978
692979
692980
692981
692982
692983
692984
692985
692987
692989
69299
692990
692991
692992
692993
692994
692995
692996
692999
693
693001
693002
693003
693004
693005
693006
693007
693009
693010
693013
693015
693016
693017
693018
693019
693021
693022
693024
693026
693027
693028
693029
693030
693031
693032
693033
693034
693035
693036
693037
693038
693039
69304
693040
693041
693042
693043
693044
693046
693047
693048
693049
69305
693050
693051
693052
693053
693054
693055
693056
693057
693058
693059
69306
693060
693061
693062
693063
693064
693065
693066
693067
693068
693069
69307
693070
693071
693072
693073
693074
693075
693076
693077
693078
693079
69308
693080
693081
693083
693084
693085
693086
693088
693089
693090
693091
693092
693093
693094
693095
693096
693097
693098
69310
693100
693101
693102
693103
693104
693105
693106
693107
693108
693109
693110
693111
693112
693113
693114
693115
693116
693117
693118
693119
69312
693120
693121
693122
693123
693124
693125
693126
693127
693128
693129
69313
693130
693131
693132
693133
693134
693135
693137
693138
693139
69314
693140
693141
693142
693143
693144
693145
693146
693147
69315
693150
693151
693152
693153
693154
693155
693156
693157
693158
693159
69316
693160
693161
693163
693164
693165
693166
693167
693169
693170
693172
693173
693176
693178
693179
693181
693182
693183
693184
693185
693187
69319
693191
693192
693193
693194
693195
693196
693197
693199
69320
693201
693203
693204
693206
693207
69321
693210
693212
693213
693217
693218
693219
69322
693220
693222
693223
693224
693225
693227
693228
693229
69323
693230
693231
693232
693233
693234
693235
693236
693237
693238
693239
69324
693240
693241
693242
693243
693244
693245
693246
693247
693248
693249
69325
693250
693252
693253
693254
693256
693257
693258
693259
69326
693260
693261
693262
693263
693264
693265
693266
693267
693268
693269
69327
693271
693272
693273
693274
693275
693276
693277
693278
693279
69328
693280
693281
693282
693283
693284
693285
693286
693287
693288
693289
693290
693291
693292
693293
693295
693296
693297
693298
693299
6933
693300
693301
693302
693303
693304
693306
693307
693308
693309
693310
693311
693312
693313
693314
693315
693316
693317
693318
69332
693320
693321
693322
693323
693324
693325
693326
693327
693328
693329
69333
693331
693332
693333
693334
693335
693336
693337
693338
693339
693340
693341
693342
693343
693344
693345
693346
693347
693348
693349
69335
693351
693352
693353
693354
693355
693356
693357
693358
693359
69336
693360
693362
693363
693364
693365
693367
693369
693370
693371
693372
693373
693374
693375
693376
693378
693379
69338
693380
693381
693382
693383
693384
693385
693386
693387
693388
693389
69339
693390
693391
693392
693393
693394
693395
693396
693397
693398
693399
6934
69340
693400
693401
693403
693404
693405
693406
693407
693408
693409
69341
693410
693411
693412
693413
693414
693415
693418
69342
693420
693421
693422
693423
693424
693425
693426
693427
693428
693429
69343
693430
693431
693433
693435
693436
693437
693438
693439
693440
693441
693443
693444
693445
693446
693447
693448
693449
693450
693451
693452
693453
693454
693455
693456
693457
693458
693459
69346
693460
693461
693462
693463
693464
693465
693466
693467
693468
69347
693471
693472
693473
693474
693475
693476
693477
693478
693480
693481
693482
693483
693484
693485
693486
693487
693488
693489
69349
693490
693491
693492
693493
693494
693495
693496
693497
693498
693499
6935
693500
693501
693502
693503
693505
693506
693507
693508
693509
69351
693510
693511
693512
693513
693514
693515
693516
693517
693518
693519
69352
693520
693522
693523
693524
693525
693526
693527
693528
693529
69353
693530
693531
693532
693533
693534
693535
693536
693537
693538
69354
693540
693541
693542
693543
693544
693546
693547
693548
693549
69355
693550
693551
693552
693553
693554
693555
693557
693558
693559
69356
693560
693561
693562
693564
693565
693566
693567
693568
693569
69357
693570
693571
693572
693573
693575
693577
693579
69358
693580
693581
693582
693583
693584
693585
693586
693587
693588
693589
69359
693590
693591
693592
693593
693594
693595
693596
693597
693598
693599
6936
69360
693600
693601
693602
693603
693604
693605
693606
693607
693608
693609
69361
693610
693612
693616
693617
693619
69362
693620
693621
693622
693623
693624
693625
693626
693627
693628
693629
69363
693630
693631
693632
693633
693634
693635
693637
693638
693639
69364
693640
693641
693642
693643
693644
693645
693646
693647
693648
693649
69365
693650
693651
693652
693654
693656
693657
693658
693659
69366
693660
693661
693662
693668
693669
69367
693670
693671
693672
693673
693674
693675
693676
693677
693678
693679
693680
693681
693682
693683
693684
693685
693686
693688
693690
693691
693692
693694
693695
693696
693697
693698
693699
69370
693700
693701
693702
693703
693705
693706
693707
693708
693709
69371
693710
693711
693712
693713
693714
693715
693716
693717
693718
693719
693720
693721
693722
693723
693724
693725
693726
693728
69373
693730
693731
693732
693733
693734
693735
693736
693737
693739
693740
693741
693742
693743
693744
693745
693746
693747
693748
693749
69375
693750
693751
693752
693753
693755
693757
693758
693759
693760
693761
693762
693763
693764
693765
693766
693767
693768
693769
69377
693770
693771
693772
693773
693774
693775
693776
693777
693778
693779
693780
693781
693783
693786
693787
693788
693789
69379
693790
693791
693792
693794
693796
693797
693798
693799
69380
693800
693801
693802
693803
693804
693805
693806
693808
693809
69381
693811
693812
693813
693814
693815
693816
693818
693819
69382
693820
693822
693823
693824
693825
693826
693827
693828
693829
69383
693830
693831
693832
693833
693834
693835
693836
693837
693838
693839
69384
693840
693841
693843
693844
693845
693846
693847
693848
693849
69385
693851
693853
693855
693856
693857
693858
693859
69386
693860
693861
693862
693863
693864
693865
693866
693867
693868
69387
693870
693871
693872
693873
693875
693876
693877
693878
693879
69388
693880
693881
693882
693883
693884
693885
693886
693887
693888
693889
69389
693890
693893
693894
693895
693897
693899
69390
693900
693901
693902
693903
693904
693905
693906
693907
693908
693909
69391
693910
693911
693912
693913
693914
693915
693916
693917
693918
693919
69392
693920
693921
693922
693923
693924
693925
693926
693927
693928
693929
69393
693930
693931
693932
693933
693934
693935
693936
693937
693939
69394
693940
693943
693944
693946
693947
693948
69395
693951
693952
693953
693955
693956
693957
693959
69396
693960
693961
693962
693963
693964
693966
693967
693968
693969
69397
693970
693971
693972
693973
693974
693975
693976
693977
693978
693979
69398
693981
693982
693983
693984
693985
693986
693987
693988
693989
69399
693991
693993
693995
693996
693997
693998
693999
694
69400
694000
694002
694003
694004
694005
694006
694007
694009
694010
694011
694012
694014
694015
694016
694017
694018
694019
69402
694020
694021
694022
694023
694024
694025
694026
694027
694028
694029
69403
694030
694031
694032
694033
694034
694035
694036
694037
694038
69404
694040
694041
694042
694043
694044
694045
694047
694048
694049
