87927
87928
87929
87930
87931
87932
87933
87934
87935
87936
87937
87938
87940
87943
87944
87945
87946
87947
87948
87949
87950
87951
87952
87953
87954
87955
87956
87957
87958
87960
87961
87962
87963
87964
87965
87966
87967
87968
87969
87970
87971
87972
87974
87975
87976
87977
87978
87980
87981
87983
87984
87985
87987
87988
87989
87990
87991
87992
87993
87994
87995
87996
87997
87999
88000
88001
88005
88006
88007
88009
88011
88012
88013
88014
88016
88018
88019
88020
88021
88022
88023
88024
88025
88027
88028
88029
88030
88031
88032
88033
88034
88036
88037
88038
88039
88040
88041
88042
88043
88044
88046
88048
88051
88052
88053
88055
88056
88057
88058
88059
88060
88061
88062
88063
88064
88065
88066
88067
88071
88072
88074
88075
88076
88078
88080
88082
88084
88085
88087
88088
88089
88090
88091
88093
88096
88098
88099
88100
88101
88102
88103
88104
88107
88108
88110
88111
88112
88114
88116
88117
88118
88119
88122
88124
88126
88127
88128
88129
88130
88131
88132
88134
88135
88137
88138
88139
88141
88143
88145
88146
88150
88152
88153
88154
88155
88157
88158
88159
88161
88164
88165
88166
88167
88169
88170
88171
88172
88174
88175
88176
88179
88182
88183
88185
88186
88188
88189
88190
88191
88192
88195
88196
88197
88199
88200
88202
88203
88204
88205
88206
88208
88209
88211
88212
88213
88214
88215
88216
88217
88219
88220
88222
88224
88225
88226
88229
88230
88231
88233
88234
88236
88237
88238
88240
88241
88243
88246
88247
88249
88252
88253
88255
88258
88259
88260
88262
88264
88266
88267
88269
88270
88271
88272
88273
88274
88275
88276
88277
88278
88280
88282
88283
88284
88285
88286
88288
88292
88293
88296
88297
88299
88300
88302
88304
88307
88308
88309
88312
88315
88316
88318
88320
88322
88325
88332
88333
88334
88336
88338
88346
88347
88348
88350
88352
88353
88354
88356
88357
88359
88361
88362
88364
88367
88368
88369
88370
88372
88374
88375
88376
88377
88378
88379
88380
88381
88383
88386
88387
88390
88391
88393
88394
88395
88397
88400
88401
88402
88404
88405
88407
88409
88410
88412
88413
88414
88417
88418
88419
88420
88421
88423
88424
88426
88428
88429
88431
88432
88434
88435
88437
88438
88439
88440
88441
88442
88443
88446
88447
88448
88450
88451
88452
88453
88454
88456
88457
88458
88459
88463
88464
88466
88467
88469
88471
88473
88475
88478
88479
88480
88486
88487
88491
88492
88493
88494
88496
88497
88498
88500
88502
88504
88505
88506
88508
88509
88512
88516
88517
88518
88519
88520
88521
88525
88527
88528
88529
88530
88531
88534
88535
88537
88539
88540
88541
88542
88543
88544
88546
88548
88549
88552
88553
88557
88558
88559
88562
88564
88565
88566
88567
88568
88569
88570
88571
88573
88574
88576
88577
88578
88579
88580
88581
88583
88584
88585
88586
88588
88589
88590
88591
88592
88593
88594
88596
88598
88599
88601
88602
88604
88605
88606
88607
88609
88610
88611
88612
88613
88614
88618
88619
88620
88621
88622
88624
88625
88627
88629
88631
88632
88633
88634
88636
88637
88641
88642
88643
88645
88646
88647
88648
88649
88651
88653
88655
88658
88660
88662
88663
88664
88665
88669
88672
88673
88674
88677
88678
88679
88680
88681
88682
88683
88686
88693
88694
88695
88697
88703
88704
88705
88706
88707
88708
88710
88711
88712
88713
88718
88719
88721
88722
88724
88725
88726
88727
88728
88729
88730
88731
88732
88733
88734
88735
88736
88737
88738
88739
88740
88741
88743
88744
88745
88746
88747
88749
88751
88752
88754
88756
88758
88759
88760
88761
88762
88763
88764
88765
88766
88768
88769
88770
88773
88777
88778
88779
88780
88781
88782
88784
88786
88788
88789
88790
88791
88792
88794
88795
88796
88797
88798
88799
88801
88803
88806
88810
88811
88812
88813
88814
88816
88817
88818
88819
88820
88821
88824
88825
88827
88829
88830
88833
88834
88835
88836
88837
88839
88842
88844
88845
88846
88847
88851
88852
88853
88854
88856
88859
88860
88861
88863
88864
88865
88866
88867
88870
88871
88872
88874
88875
88876
88877
88878
88879
88880
88882
88884
88889
88891
88892
88893
88894
88895
88896
88897
88898
88899
88900
88901
88902
88903
88905
88906
88907
88909
88910
88911
88912
88913
88914
88915
88917
88918
88919
88920
88922
88923
88924
88925
88926
88927
88928
88929
88930
88931
88933
88934
88935
88936
88937
88938
88939
88940
88941
88943
88944
88945
88946
88947
88948
88949
88950
88952
88953
88954
88955
88956
88957
88958
88959
88960
88961
88962
88963
88964
88965
88966
88968
88969
88971
88972
88973
88974
88976
88977
88978
88979
88980
88981
88983
88985
88987
88989
88990
88991
88992
88994
88995
88996
88997
88998
88999
89001
89002
89003
89005
89008
89010
89011
89014
89015
89016
89018
89020
89024
89026
89027
89030
89031
89032
89035
89036
89038
89039
89043
89046
89050
89053
89054
89055
89056
89057
89059
89060
89061
89064
89065
89066
89068
89070
89071
89072
89074
89076
89077
89079
89084
89085
89086
89087
89088
89090
89091
89092
89093
89094
89097
89098
89099
89101
89104
89105
89107
89108
89111
89113
89115
89116
89117
89119
89122
89123
89125
89126
89132
89138
89139
89141
89143
89144
89145
89146
89147
89148
89149
89150
89151
89152
89153
89154
89155
89156
89157
89158
89159
89160
89162
89163
89164
89165
89166
89167
89168
89169
89170
89171
89172
89173
89174
89175
89176
89177
89178
89179
89180
89181
89182
89183
89185
89186
89187
89191
89193
89194
89196
89199
89200
89202
89204
89205
89206
89207
89208
89210
89211
89212
89214
89220
89221
89222
89223
89226
89231
89235
89237
89239
89241
89242
89247
89249
89250
89251
89253
89255
89256
89257
89258
89260
89261
89267
89269
89271
89277
89280
89281
89283
89284
89285
89286
89287
89288
89289
89290
89291
89292
89295
89297
89300
89301
89304
89306
89307
89308
89309
89310
89312
89313
89314
89315
89317
89318
89319
89320
89322
89323
89324
89325
89326
89328
89330
89331
89333
89335
89337
89338
89340
89345
89349
89351
89353
89354
89355
89356
89358
89359
89360
89361
89362
89363
89366
89367
89368
89369
89372
89373
89375
89376
89377
89378
89380
89381
89383
89384
89385
89386
89390
89392
89394
89397
89398
89399
89400
89401
89403
89405
89406
89408
89409
89410
89411
89414
89415
89416
89417
89418
89419
89420
89421
89422
89423
89425
89426
89427
89428
89429
89431
89432
89433
89435
89436
89437
89438
89440
89441
89443
89444
89445
89447
89448
89450
89451
89453
89455
89456
89457
89458
89459
89461
89462
89463
89465
89466
89468
89469
89470
89472
89473
89474
89475
89477
89478
89479
89481
89482
89483
89484
89486
89488
89489
89490
89492
89494
89495
89496
89497
89498
89501
89506
89507
89510
89511
89513
89514
89515
89516
89519
89521
89522
89524
89526
89527
89528
89530
89531
89532
89533
89535
89536
89537
89539
89540
89541
89543
89544
89545
89546
89547
89548
89549
89551
89552
89553
89554
89555
89556
89557
89558
89559
89560
89561
89563
89564
89566
89567
89568
89569
89571
89573
89574
89575
89576
89577
89578
89579
89581
89582
89583
89584
89585
89586
89587
89590
89591
89593
89594
89595
89596
89597
89598
89599
89601
89602
89604
89605
89606
89608
89609
89610
89611
89612
89614
89617
89618
89620
89623
89624
89625
89626
89627
89628
89629
89630
89631
89632
89633
89634
89636
89637
89638
89641
89642
89644
89645
89646
89647
89649
89650
89651
89652
89653
89654
89656
89657
89659
89661
89662
89665
89666
89670
89671
89672
89673
89674
89675
89678
89679
89681
89684
89688
89689
89691
89693
89695
89697
89698
89701
89702
89704
89705
89708
89709
89710
89713
89715
89716
89717
89718
89719
89720
89721
89722
89723
89725
89726
89727
89728
89729
89731
89732
89733
89734
89736
89737
89738
89739
89740
89741
89742
89743
89744
89745
89747
89748
89749
89750
89751
89753
89754
89756
89757
89758
89760
89762
89763
89764
89765
89766
89767
89768
89769
89770
89771
89772
89773
89774
89777
89778
89779
89781
89782
89783
89784
89785
89786
89788
89789
89790
89791
89792
89794
89795
89796
89797
89798
89799
89800
89801
89803
89804
89805
89806
89808
89809
89810
89811
89812
89813
89815
89816
89817
89820
89821
89823
89824
89825
89827
89828
89831
89832
89833
89837
89838
89841
89844
89847
89848
89850
89851
89854
89856
89857
89858
89861
89862
89865
89866
89867
89868
89869
89870
89871
89872
89873
89874
89875
89876
89877
89878
89879
89880
89882
89883
89884
89885
89886
89887
89888
89889
89890
89892
89893
89894
89895
89899
89900
89901
89902
89903
89904
89905
89906
89907
89909
89910
89911
89915
89917
89918
89919
89921
89922
89923
89924
89928
89929
89930
89931
89932
89933
89934
89935
89936
89937
89940
89941
89942
89943
89944
89945
89946
89947
89949
89950
89951
89952
89953
89955
89956
89958
89959
89960
89961
89962
89963
89964
89966
89967
89968
89969
89970
89971
89972
89973
89974
89975
89976
89977
89978
89979
89980
89981
89982
89983
89984
89986
89987
89988
89989
89990
89991
89992
89993
89994
89995
89996
89997
89998
89999
90001
90002
90003
90005
90006
90007
90008
90009
90010
90012
90013
90014
90015
90016
90017
90018
90019
90020
90021
90022
90023
90025
90026
90027
90029
90030
90031
90032
90033
90034
90035
90036
90037
90038
90040
90041
90042
90044
90045
90046
90047
90048
90050
90051
90052
90053
90054
90055
90056
90057
90058
90059
90061
90062
90063
90064
90066
90067
90068
90069
90070
90071
90072
90073
90074
90075
90076
90077
90078
90079
90080
90082
90083
90084
90085
90086
90087
90088
90090
90091
90092
90093
90094
90097
90098
90099
90100
90103
90104
90105
90106
90107
90108
90109
90110
90111
90112
90114
90115
90116
90118
90119
90120
90121
90122
90123
90125
90127
90128
90130
90131
90132
90135
90136
90137
90139
90140
90142
90145
90146
90147
90148
90149
90151
90152
90153
90154
90156
90159
90161
90163
90164
90165
90169
90170
90171
90172
90173
90175
90176
90177
90178
90179
90180
90182
90186
90187
90188
90190
90191
90193
90195
90196
90197
90198
90199
90201
90203
90204
90205
90207
90213
90214
90216
90218
90219
90220
90222
90223
90224
90225
90226
90228
90229
90230
90231
90232
90234
90235
90236
90241
90242
90244
90245
90247
90248
90251
90254
90255
90257
90258
90259
90265
90267
90270
90272
90277
90278
90279
90281
90283
90286
90289
90291
90295
90298
90299
90300
90301
90303
90304
90310
90312
90315
90316
90318
90319
90320
90321
90322
90323
90324
90325
90326
90327
90331
90332
90335
90336
90337
90338
90342
90344
90346
90349
90350
90351
90352
90353
90354
90355
90358
90359
90360
90361
90363
90364
90366
90367
90368
90369
90370
90374
90376
90377
90381
90385
90387
90388
90391
90393
90395
90397
90404
90406
90410
90411
90412
90414
90415
90416
90417
90418
90420
90421
90424
90425
90427
90428
90429
90430
90431
90433
90434
90436
90438
90439
90440
90441
90442
90443
90445
90446
90447
90449
90450
90451
90452
90456
90457
90458
90460
90461
90464
90465
90466
90468
90469
90470
90471
90472
90474
90476
90477
90480
90481
90482
90484
90488
90489
90490
90494
90497
90498
90499
90500
90501
90503
90505
90506
90507
90509
90511
90512
90517
90518
90520
90521
90523
90524
90525
90526
90527
90528
90529
90530
90531
90533
90534
90535
90536
90537
90538
90540
90541
90542
90543
90544
90546
90547
90548
90549
90550
90551
90552
90553
90555
90556
90557
90558
90560
90562
90563
90564
90565
90566
90567
90568
90569
90570
90572
90573
90574
90577
90579
90580
90581
90582
90583
90585
90586
90587
90589
90590
90591
90593
90594
90596
90597
90599
90600
90601
90602
90603
90604
90605
90606
90607
90608
90609
90613
90615
90616
90617
90618
90619
90620
90622
90626
90629
90630
90633
90634
90636
90639
90640
90641
90642
90643
90644
90645
90646
90647
90650
90652
90657
90658
90659
90662
90663
90665
90667
90669
90670
90674
90675
90677
90678
90679
90682
90684
90686
90689
90690
90692
90694
90695
90699
90700
90701
90702
90703
90704
90706
90707
90708
90709
90712
90713
90714
90715
90718
90720
90721
90722
90723
90724
90726
90728
90730
90731
90733
90734
90736
90737
90738
90740
90741
90742
90744
90745
90746
90748
90749
90750
90751
90752
90755
90756
90758
90759
90760
90761
90762
90763
90764
90765
90766
90767
90768
90769
90770
90772
90775
90776
90777
90778
90779
90780
90781
90782
90783
90784
90785
90786
90787
90790
90791
90792
90793
90795
90796
90797
90798
90799
90800
90802
90803
90804
90805
90806
90807
90808
90810
90811
90812
90813
90816
90818
90819
90820
90821
90823
90824
90826
90827
90828
90829
90831
90832
90835
90838
90839
90840
90841
90842
90843
90845
90846
90847
90848
90849
90850
90851
90852
90859
90860
90861
90863
90864
90867
90869
90870
90871
90873
90874
90875
90876
90879
90880
90881
90882
90884
90885
90887
90888
90889
90890
90891
90893
90895
90896
90898
90899
90901
90902
90903
90904
90905
90906
90907
90908
90909
90910
90911
90912
90913
90915
90916
90917
90918
90919
90921
90922
90923
90924
90926
90927
90928
90929
90930
90931
90932
90933
90934
90935
90936
90937
90938
90939
90940
90941
90942
90943
90944
90945
90949
90951
90952
90953
90954
90955
90956
90957
90958
90959
90960
90962
90963
90964
90965
90966
90967
90969
90970
90971
90972
90973
90974
90975
90976
90977
90978
90979
90980
90981
90982
90983
90984
90985
90986
90988
90989
90990
90991
90992
90993
90994
90995
90996
90997
90998
90999
91001
91005
91006
91007
91010
91011
91013
91014
91015
91017
91018
91019
91020
91021
91022
91023
91025
91026
91030
91034
91035
91036
91037
91038
91039
91041
91042
91043
91044
91045
91047
91048
91049
91050
91051
91052
91053
91054
91055
91056
91057
91060
91061
91063
91064
91065
91066
91067
91068
91069
91070
91072
91073
91074
91076
91078
91080
91081
91083
91085
91086
91087
91088
91089
91091
91094
91095
91097
91099
91100
91101
91103
91105
91106
91108
91109
91110
91111
91112
91114
91115
91117
91118
91119
91121
91122
91124
91125
91126
91128
91129
91130
91131
91132
91133
91134
91135
91136
91137
91138
91140
91141
91142
91143
91144
91145
91147
91148
91149
91150
91152
91153
91155
91156
91158
91159
91160
91161
91162
91163
91164
91165
91166
91168
91169
91170
91172
91174
91175
91176
91179
91180
91181
91183
91186
91191
91196
91198
91202
91204
91205
91206
91207
91208
91210
91212
91217
91219
91220
91221
91222
91223
91224
91225
91226
91227
91228
91229
91231
91232
91234
91235
91236
91237
91239
91243
91244
91245
91246
91248
91250
91251
91253
91254
91255
91256
91257
91258
91259
91260
91261
91262
91264
91265
91266
91267
91268
91269
91270
91272
91273
91274
91276
91281
91282
91283
91284
91286
91288
91290
91292
91293
91296
91297
91299
91302
91304
91305
91306
91310
91311
91312
91313
91314
91316
91318
91319
91322
91324
91325
91327
91328
91330
91333
91334
91336
91337
91339
91340
91342
91343
91345
91348
91349
91350
91352
91353
91354
91355
91356
91365
91366
91367
91369
91370
91371
91374
91376
91377
91378
91379
91380
91382
91384
91386
91387
91390
91391
91393
91394
91395
91396
91397
91398
91402
91403
91405
91406
91407
91408
91409
91410
91411
91412
91417
91418
91419
91421
91422
91423
91424
91425
91426
91427
91429
91430
91431
91433
91435
91438
91440
91442
91443
91445
91451
91454
91455
91456
91457
91458
91459
91460
91461
91463
91464
91465
91466
91467
91468
91470
91471
91472
91474
91475
91476
91477
91478
91479
91480
91481
91482
91485
91487
91489
91490
91493
91494
91495
91496
91497
91498
91500
91501
91502
91503
91504
91507
91508
91509
91510
91512
91513
91516
91520
91521
91522
91523
91525
91527
91528
91530
91532
91534
91535
91536
91538
91541
91542
91544
91545
91546
91547
91548
91549
91550
91551
91552
91554
91556
91558
91561
91563
91564
91565
91566
91567
91569
91570
91571
91573
91574
91576
91577
91579
91580
91581
91582
91583
91584
91586
91587
91590
91591
91592
91594
91596
91598
91599
91600
91601
91602
91603
91605
91606
91607
91608
91609
91612
91613
91614
91615
91616
91617
91618
91619
91620
91622
91623
91624
91625
91627
91628
91631
91633
91635
91639
91640
91642
91643
91644
91645
91646
91647
91648
91650
91652
91653
91655
91658
91662
91663
91665
91666
91668
91671
91672
91673
91674
91675
91676
91677
91679
91680
91683
91685
91687
91688
91690
91691
91692
91693
91694
91695
91696
91697
91699
91701
91702
91705
91706
91708
91709
91710
91711
91712
91713
91714
91715
91716
91717
91719
91720
91721
91722
91724
91725
91726
91727
91728
91729
91730
91732
91733
91734
91735
91736
91737
91738
91739
91743
91744
91745
91746
91747
91749
91750
91751
91753
91754
91755
91756
91759
91760
91762
91763
91764
91765
91767
91769
91771
91772
91773
91774
91775
91776
91777
91778
91779
91781
91782
91784
91786
91790
91791
91793
91795
91796
91797
91798
91800
91802
91804
91805
91806
91807
91809
91810
91814
91815
91816
91818
91825
91827
91832
91833
91834
91835
91836
91837
91838
91839
91840
91841
91842
91843
91844
91845
91847
91848
91851
91852
91853
91854
91855
91856
91857
91859
91860
91862
91864
91865
91867
91868
91869
91870
91872
91873
91875
91876
91878
91879
91880
91881
91882
91884
91885
91886
91887
91888
91890
91891
91892
91893
91894
91896
91897
91899
91900
91901
91902
91904
91906
91908
91909
91910
91911
91912
91913
91915
91916
91917
91918
91919
91921
91923
91924
91925
91926
91927
91928
91929
91930
91932
91934
91935
91937
91938
91939
91940
91941
91943
91945
91946
91947
91948
91949
91950
91951
91952
91953
91954
91955
91956
91957
91958
91959
91960
91961
91963
91964
91965
91966
91967
91968
91969
91970
91972
91973
91974
91975
91976
91977
91978
91979
91980
91981
91982
91983
91984
91986
91987
91989
91990
91991
91992
91993
91994
91995
91996
91997
91999
92000
92001
92002
92009
92010
92011
92014
92027
92031
92033
92038
92050
92054
92056
92057
92060
92062
92064
92066
92069
92074
92093
92095
92096
92101
92105
92108
92113
92114
92117
92122
92124
92125
92126
92127
92128
92129
92131
92132
92133
92135
92138
92141
92142
92144
92146
92150
92151
92152
92154
92155
92156
92157
92158
92159
92160
92161
92162
92164
92165
92168
92171
92174
92175
92176
92177
92178
92179
92180
92181
92182
92183
92184
92185
92187
92188
92190
92191
92193
92196
92198
92199
92202
92204
92205
92208
92209
92211
92212
92213
92215
92217
92218
92219
92220
92221
92222
92223
92225
92226
92227
92228
92230
92231
92232
92233
92234
92235
92236
92237
92238
92240
92241
92242
92243
92244
92246
92247
92248
92249
92251
92254
92256
92257
92259
92260
92261
92264
92267
92269
92272
92273
92275
92277
92279
92280
92282
92283
92285
92286
92287
92289
92291
92292
92293
92296
92297
92298
92299
92301
92302
92304
92305
92306
92307
92308
92309
92310
92311
92315
92316
92317
92319
92320
92321
92322
92323
92324
92326
92327
92329
92331
92332
92335
92337
92338
92339
92340
92341
92345
92348
92349
92350
92351
92352
92357
92358
92359
92360
92361
92362
92363
92366
92367
92368
92369
92371
92375
92376
92377
92378
92379
92380
92381
92382
92383
92384
92385
92386
92387
92388
92389
92391
92393
92395
92397
92398
92399
92401
92402
92403
92404
92407
92408
92410
92412
92413
92415
92416
92417
92418
92419
92420
92421
92422
92423
92424
92425
92426
92427
92429
92432
92434
92435
92449
92452
92456
92458
92459
92464
92465
92468
92469
92471
92472
92473
92474
92475
92476
92478
92484
92486
92488
92489
92492
92493
92495
92496
92498
92499
92501
92503
92505
92506
92507
92509
92512
92513
92515
92517
92518
92520
92521
92522
92523
92524
92526
92527
92528
92529
92530
92531
92532
92535
92536
92537
92538
92540
92541
92542
92543
92544
92545
92546
92549
92550
92551
92552
92553
92554
92555
92558
92559
92561
92562
92563
92564
92565
92566
92569
92572
92573
92575
92578
92581
92582
92583
92584
92585
92586
92587
92588
92589
92590
92591
92593
92594
92595
92597
92599
92601
92602
92603
92604
92605
92607
92609
92611
92613
92617
92620
92622
92626
92629
92634
92635
92636
92637
92640
92642
92643
92645
92647
92649
92653
92655
92657
92658
92659
92660
92662
92663
92667
92668
92669
92670
92672
92673
92674
92675
92676
92677
92678
92679
92680
92681
92682
92683
92684
92685
92687
92688
92689
92690
92691
92692
92693
92694
92695
92696
92697
92698
92699
92700
92701
92702
92703
92704
92705
92706
92707
92708
92710
92711
92712
92713
92714
92715
92716
92718
92719
92720
92722
92723
92724
92725
92727
92728
92729
92730
92731
92733
92734
92735
92736
92737
92738
92739
92742
92743
92745
92746
92747
92748
92750
92751
92752
92753
92755
92756
92757
92758
92759
92764
92765
92766
92767
92769
92770
92771
92772
92773
92774
92775
92776
92777
92778
92779
92780
92782
92784
92785
92786
92787
92788
92789
92790
92791
92793
92794
92796
92798
92799
92800
92802
92803
92804
92805
92806
92807
92809
92810
92811
92813
92814
92815
92816
92818
92819
92820
92821
92822
92823
92824
92825
92827
92828
92830
92833
92834
92837
92839
92841
92842
92844
92845
92848
92850
92851
92853
92854
92857
92858
92861
92863
92864
92865
92868
92869
92871
92873
92874
92878
92881
92882
92883
92884
92885
92887
92888
92889
92890
92891
92892
92894
92895
92896
92897
92898
92899
92901
92903
92904
92905
92906
92908
92910
92911
92912
92913
92914
92915
92916
92917
92918
92919
92920
92921
92922
92923
92924
92925
92926
92927
92929
92930
92931
92932
92935
92936
92937
92939
92940
92941
92942
92943
92944
92945
92946
92947
92948
92949
92950
92951
92952
92953
92954
92955
92956
92958
92959
92960
92961
92962
92965
92966
92967
92968
92970
92971
92972
92973
92975
92976
92977
92979
92980
92981
92982
92983
92984
92985
92986
92987
92988
92989
92990
92991
92992
92994
92995
92996
92997
92998
92999
93002
93004
93006
93007
93008
93011
93012
93013
93014
93016
93018
93021
93029
93030
93033
93036
93037
93041
93046
93053
93054
93055
93057
93058
93061
93062
93064
93068
93071
93072
93075
93077
93079
93082
93083
93084
93085
93087
93088
93089
93091
93092
93094
93096
93098
93100
93102
93103
93111
93114
93115
93116
93117
93120
93122
93124
93125
93127
93128
93129
93134
93138
93140
93142
93143
93144
93146
93147
93150
93151
93155
93156
93157
93158
93159
93160
93161
93162
93163
93164
93165
93166
93167
93168
93169
93171
93173
93174
93175
93176
93177
93178
93179
93180
93181
93184
93185
93186
93187
93188
93189
93190
93193
93194
93195
93196
93197
93198
93199
93200
93201
93202
93203
93204
93205
93206
93207
93208
93209
93210
93211
93212
93213
93214
93215
93216
93217
93218
93219
93220
93222
93223
93224
93225
93226
93227
93229
93230
93231
93232
93233
93234
93236
93238
93239
93240
93241
93242
93243
93245
93246
93248
93249
93251
93252
93254
93255
93260
93263
93265
93266
93269
93271
93272
93273
93274
93275
93276
93278
93279
93280
93281
93284
93285
93289
93290
93291
93292
93293
93296
93298
93301
93304
93307
93311
93313
93314
93320
93323
93328
93331
93333
93335
93336
93338
93340
93344
93346
93348
93350
93352
93353
93355
93356
93357
93358
93360
93361
93362
93363
93364
93366
93367
93370
93373
93376
93378
93381
93382
93383
93387
93389
93391
93394
93397
93399
93400
93401
93407
93408
93410
93411
93417
93418
93420
93421
93422
93423
93424
93426
93427
93428
93430
93432
93433
93434
93437
93439
93440
93442
93443
93444
93447
93449
93450
93451
93452
93453
93454
93455
93456
93457
93458
93460
93461
93462
93463
93465
93466
93468
93471
93472
93473
93475
93476
93478
93479
93480
93481
93482
93483
93485
93486
93487
93488
93491
93492
93494
93495
93496
93498
93499
93500
93501
93502
93503
93507
93510
93511
93512
93513
93517
93519
93520
93521
93522
93523
93524
93525
93526
93527
93528
93529
93530
93531
93532
93533
93535
93536
93538
93540
93541
93542
93543
93545
93546
93547
93548
93550
93552
93553
93554
93555
93556
93557
93558
93559
93560
93562
93564
93565
93566
93567
93569
93572
93574
93575
93576
93577
93578
93579
93580
93581
93582
93583
93584
93585
93586
93587
93588
93589
93591
93592
93593
93594
93595
93596
93598
93599
93600
93601
93602
93603
93605
93606
93607
93608
93609
93610
93611
93613
93616
93617
93619
93621
93622
93623
93625
93627
93628
93629
93630
93633
93635
93637
93638
93643
93645
93646
93647
93651
93653
93654
93655
93656
93657
93658
93663
93664
93666
93669
93672
93673
93676
93679
93682
93684
93685
93687
93690
93697
93699
93700
93701
93703
93704
93706
93708
93709
93710
93711
93712
93713
93715
93717
93718
93723
93724
93727
93729
93730
93733
93736
93737
93740
93743
93744
93745
93748
93749
93750
93751
93752
93753
93754
93755
93756
93757
93758
93759
93761
93762
93763
93764
93765
93767
93768
93769
93770
93771
93772
93774
93775
93776
93777
93778
93781
93782
93783
93784
93785
93786
93788
93790
93793
93794
93795
93796
93797
93798
93799
93800
93802
93803
93807
93808
93809
93811
93812
93813
93817
93820
93821
93822
93823
93825
93826
93827
93828
93829
93830
93831
93833
93834
93837
93839
93840
93846
93847
93851
93855
93856
93858
93862
93863
93865
93867
93868
93869
93871
93872
93873
93874
93877
93881
93882
93883
93884
93885
93886
93888
93889
93890
93891
93892
93894
93895
93896
93897
93898
93899
93900
93901
93904
93905
93906
93907
93908
93909
93910
93911
93912
93913
93914
93915
93916
93917
93918
93919
93921
93922
93924
93925
93926
93927
93928
93929
93930
93931
93933
93934
93935
93936
93937
93938
93939
93940
93941
93942
93943
93944
93945
93946
93947
93948
93949
93950
93951
93952
93953
93955
93956
93957
93958
93959
93960
93961
93962
93964
93965
93966
93967
93968
93969
93970
93971
93972
93973
93974
93976
93977
93978
93979
93980
93981
93982
93983
93985
93986
93987
93988
93989
93991
93992
93994
93995
93996
93997
93998
93999
94005
94006
94008
94009
94013
94016
94018
94019
94020
94021
94022
94023
94025
94026
94028
94029
94030
94033
94034
94038
94040
94042
94044
94046
94047
94048
94051
94052
94054
94055
94056
94057
94058
94061
94062
94063
94064
94065
94066
94067
94068
94069
94070
94071
94072
94073
94074
94078
94079
94080
94083
94084
94086
94087
94088
94091
94092
94095
94097
94098
94101
94104
94105
94106
94107
94108
94109
94114
94115
94116
94117
94119
94120
94122
94123
94127
94128
94129
94130
94131
94132
94134
94135
94136
94137
94138
94139
94140
94142
94147
94148
94149
94150
94151
94152
94153
94154
94156
94159
94160
94161
94163
94164
94170
94172
94175
94176
94177
94180
94181
94182
94183
94184
94190
94191
94192
94194
94195
94196
94197
94201
94204
94205
94206
94207
94208
94209
94210
94214
94215
94217
94218
94219
94220
94222
94223
94225
94226
94227
94228
94230
94231
94234
94235
94236
94237
94238
94239
94241
94243
94244
94246
94248
94249
94250
94251
94252
94253
94254
94255
94257
94258
94259
94260
94261
94265
94270
94271
94280
94282
94295
94302
94318
94319
94321
94322
94325
94326
94329
94331
94332
94334
94335
94336
94338
94339
94340
94341
94344
94348
94352
94353
94354
94356
94357
94359
94360
94361
94362
94363
94365
94366
94367
94369
94372
94373
94374
94376
94377
94380
94382
94384
94385
94386
94387
94388
94390
94391
94393
94394
94395
94398
94400
94401
94402
94403
94405
94406
94407
94409
94410
94411
94412
94413
94415
94419
94423
94424
94425
94428
94429
94433
94434
94435
94436
94438
94440
94442
94443
94444
94445
94446
94447
94448
94450
94451
94452
94454
94457
94458
94459
94461
94462
94463
94466
94467
94468
94469
94470
94471
94472
94473
94474
94475
94478
94480
94481
94482
94483
94484
94485
94486
94487
94488
94489
94490
94492
94494
94495
94496
94498
94502
94503
94504
94505
94508
94509
94510
94512
94513
94515
94517
94522
94523
94525
94526
94527
94528
94529
94530
94532
94533
94534
94536
94537
94540
94542
94543
94544
94545
94547
94548
94549
94550
94551
94552
94553
94555
94560
94561
94562
94563
94564
94565
94567
94568
94570
94572
94574
94575
94577
94579
94580
94581
94582
94583
94584
94585
94587
94589
94590
94592
94594
94595
94597
94598
94601
94602
94603
94605
94606
94607
94608
94609
94611
94612
94613
94615
94616
94617
94618
94619
94620
94621
94622
94623
94624
94625
94626
94627
94628
94629
94630
94631
94632
94633
94634
94635
94636
94638
94639
94641
94642
94643
94644
94645
94648
94649
94650
94652
94653
94654
94655
94656
94657
94658
94659
94660
94662
94663
94664
94665
94666
94667
94669
94670
94671
94672
94673
94675
94676
94677
94678
94679
94680
94684
94691
94694
94695
94696
94698
94699
94700
94701
94702
94703
94704
94706
94708
94709
94710
94711
94713
94715
94716
94717
94719
94720
94721
94723
94724
94725
94727
94728
94730
94731
94732
94733
94734
94735
94736
94737
94738
94739
94740
94741
94742
94744
94746
94747
94748
94749
94752
94753
94754
94755
94756
94759
94760
94761
94762
94764
94765
94766
94767
94768
94769
94770
94771
94772
94773
94774
94775
94776
94777
94779
94780
94781
94782
94783
94784
94785
94787
94789
94790
94791
94792
94793
94794
94796
94797
94798
94800
94803
94804
94805
94806
94807
94808
94809
94811
94812
94813
94814
94815
94816
94817
94818
94819
94820
94822
94823
94824
94826
94827
94828
94829
94830
94831
94832
94834
94835
94836
94837
94838
94839
94840
94841
94843
94844
94845
94846
94848
94849
94851
94853
94854
94855
94856
94857
94858
94859
94860
94862
94865
94866
94867
94869
94870
94871
94873
94874
94876
94880
94881
94882
94885
94886
94887
94888
94889
94890
94891
94892
94893
94894
94895
94896
94897
94898
94899
94901
94903
94904
94905
94910
94911
94912
94913
94914
94915
94916
94917
94919
94923
94925
94928
94929
94930
94931
94932
94933
94934
94935
94937
94938
94939
94940
94941
94942
94943
94944
94945
94946
94947
94948
94949
94950
94951
94952
94953
94954
94955
94957
94958
94959
94960
94961
94962
94963
94965
94966
94967
94969
94970
94971
94972
94973
94974
94975
94976
94977
94978
94979
94980
94981
94982
94983
94984
94985
94986
94987
94988
94989
94991
94992
94993
94994
94995
94996
94997
94998
94999
95000
95002
95004
95005
95006
95007
95008
95009
95010
95011
95012
95013
95015
95016
95017
95018
95019
95020
95021
95022
95023
95024
95025
95026
95027
95028
95029
95030
95031
95032
95034
95035
95037
95040
95043
95045
95046
95048
95050
95052
95053
95055
95056
95057
95060
95061
95063
95064
95065
95067
95068
95070
95071
95072
95075
95076
95077
95078
95080
95081
95083
95084
95085
95086
95088
95090
95091
95092
95093
95094
95096
95098
95099
95101
95102
95103
95104
95105
95106
95107
95108
95109
95110
95111
95112
95113
95114
95115
95117
95120
95123
95124
95125
95126
95127
95130
95131
95134
95136
95137
95138
95139
95141
95142
95143
95150
95151
95152
95160
95162
95164
95166
95169
95170
95173
95174
95177
95178
95179
95182
95183
95184
95185
95186
95187
95188
95189
95190
95191
95192
95193
95194
95195
95196
95197
95206
95208
95210
95215
95216
95218
95219
95220
95221
95223
95224
95225
95227
95228
95229
95230
95231
95232
95233
95234
95235
95236
95237
95240
95241
95242
95243
95244
95245
95246
95247
95248
95249
95251
95254
95257
95261
95262
95264
95267
95269
95270
95271
95272
95273
95274
95275
95277
95278
95279
95281
95283
95287
95289
95291
95292
95294
95295
95297
95307
95309
95310
95312
95313
95314
95315
95316
95318
95320
95321
95322
95324
95325
95326
95332
95334
95336
95337
95339
95341
95342
95345
95346
95347
95348
95349
95351
95353
95354
95356
95358
95359
95360
95361
95362
95363
95364
95367
95371
95372
95373
95375
95377
95378
95380
95381
95383
