805878
805879
805880
805881
805882
805883
805884
805887
805888
805889
805890
805892
805893
805894
805895
805896
805897
805898
805899
805900
805901
805902
805903
805904
805905
805907
805910
805911
805912
805913
805914
805915
805916
805917
805918
805919
805920
805921
805922
805923
805924
805925
805926
805927
805928
805929
805930
805931
805932
805933
805934
805935
805936
805937
805939
805940
805941
805942
805943
805944
805945
805946
805947
805948
805949
805950
805951
805952
805953
805954
805955
805956
805957
805958
805959
805961
805962
805963
805964
805965
805966
805967
805969
805970
805971
805972
805973
805974
805975
805976
805977
805978
805979
805980
805981
805983
805984
805985
805986
805987
805988
805989
805990
805991
805992
805993
805994
805995
805996
805997
805998
805999
806000
806001
806002
806003
806004
806005
806006
806007
806010
806011
806012
806013
806014
806015
806016
806019
806020
806021
806022
806023
806024
806025
806026
806027
806028
806029
806030
806031
806032
806033
806034
806035
806036
806037
806038
806039
806040
806041
806042
806043
806044
806045
806046
806047
806048
806049
806051
806053
806055
806056
806057
806058
806060
806061
806062
806063
806064
806065
806066
806067
806068
806069
806070
806071
806072
806073
806074
806075
806076
806077
806078
806079
806080
806081
806083
806084
806086
806088
806089
806090
806091
806093
806094
806095
806096
806097
806098
806099
806101
806102
806103
806104
806105
806106
806107
806108
806109
806110
806111
806112
806113
806114
806115
806116
806117
806118
806119
806120
806121
806122
806123
806124
806125
806126
806127
806128
806129
806130
806131
806132
806133
806134
806135
806136
806137
806138
806139
806140
806142
806143
806144
806145
806146
806147
806148
806149
806150
806151
806152
806153
806155
806156
806157
806158
806160
806161
806162
806163
806165
806166
806167
806168
806169
806170
806171
806172
806173
806174
806175
806176
806177
806178
806180
806181
806182
806183
806184
806185
806186
806187
806188
806189
806190
806191
806192
806193
806194
806195
806196
806198
806199
806200
806201
806202
806203
806204
806205
806206
806207
806208
806209
806210
806211
806212
806213
806214
806215
806216
806217
806218
806219
806220
806221
806222
806223
806224
806225
806226
806227
806228
806229
806230
806231
806232
806233
806234
806235
806236
806237
806238
806239
806240
806241
806242
806243
806244
806245
806246
806247
806248
806249
806250
806251
806252
806253
806254
806255
806256
806257
806258
806259
806260
806263
806264
806265
806266
806267
806268
806269
806270
806271
806272
806273
806274
806275
806276
806277
806278
806279
806280
806281
806282
806283
806284
806285
806286
806287
806288
806289
806291
806292
806293
806294
806295
806296
806297
806298
806299
806302
806303
806304
806306
806307
806308
806309
806310
806311
806312
806313
806314
806315
806316
806317
806318
806319
806320
806321
806322
806323
806326
806327
806328
806329
806330
806331
806332
806333
806334
806335
806336
806337
806338
806339
806340
806342
806343
806344
806345
806346
806347
806348
806349
806350
806352
806353
806354
806355
806356
806360
806361
806362
806365
806366
806367
806368
806369
806370
806371
806372
806373
806374
806375
806376
806377
806379
806380
806381
806382
806383
806386
806387
806388
806389
806390
806392
806393
806394
806395
806396
806397
806398
806399
806400
806401
806402
806403
806404
806405
806406
806407
806408
806409
806410
806411
806412
806413
806414
806415
806416
806417
806418
806419
806420
806421
806422
806423
806424
806425
806426
806427
806428
806429
806430
806431
806432
806433
806434
806435
806436
806438
806439
806441
806442
806443
806444
806445
806446
806447
806448
806449
806450
806451
806452
806454
806455
806456
806457
806458
806459
806460
806462
806463
806464
806465
806466
806467
806468
806469
806471
806472
806473
806474
806475
806476
806477
806478
806480
806481
806482
806483
806484
806485
806486
806487
806488
806489
806490
806491
806492
806493
806495
806496
806497
806498
806499
806500
806501
806502
806503
806504
806505
806506
806507
806508
806509
806510
806512
806513
806514
806515
806516
806518
806520
806521
806522
806523
806525
806526
806527
806528
806529
806530
806531
806532
806533
806535
806537
806539
806540
806541
806542
806543
806544
806545
806546
806547
806548
806549
806550
806551
806552
806553
806554
806556
806557
806558
806559
806560
806562
806563
806564
806565
806566
806567
806568
806569
806570
806571
806572
806573
806574
806575
806576
806577
806578
806579
806580
806581
806582
806583
806585
806586
806587
806588
806589
806590
806591
806592
806593
806594
806595
806596
806597
806598
806599
806600
806601
806602
806603
806604
806605
806606
806607
806608
806609
806610
806611
806612
806615
806616
806617
806618
806619
806620
806621
806622
806623
806624
806625
806626
806627
806628
806629
806631
806632
806633
806634
806635
806636
806637
806638
806639
806640
806641
806642
806643
806644
806646
806647
806648
806649
806650
806651
806653
806654
806655
806656
806657
806658
806659
806660
806661
806662
806663
806664
806665
806666
806667
806670
806671
806672
806673
806674
806675
806676
806677
806678
806679
806680
806681
806682
806683
806685
806686
806687
806688
806690
806694
806696
806697
806700
806701
806702
806703
806704
806705
806707
806708
806709
806710
806711
806712
806713
806714
806715
806716
806717
806718
806719
806720
806721
806722
806723
806724
806725
806726
806727
806728
806730
806731
806732
806733
806734
806735
806736
806737
806739
806740
806741
806742
806743
806744
806745
806746
806747
806748
806749
806750
806751
806752
806753
806754
806757
806758
806760
806761
806762
806763
806764
806765
806766
806767
806769
806770
806771
806773
806774
806775
806776
806777
806778
806779
806780
806781
806782
806783
806784
806785
806786
806787
806789
806790
806791
806792
806794
806795
806796
806797
806798
806799
806800
806801
806802
806803
806804
806805
806806
806807
806808
806809
806810
806812
806813
806814
806815
806816
806817
806818
806819
806820
806821
806822
806823
806824
806825
806826
806827
806829
806831
806832
806833
806834
806835
806836
806837
806838
806840
806841
806842
806843
806845
806846
806847
806848
806849
806850
806851
806852
806853
806854
806855
806856
806857
806859
806860
806861
806862
806863
806864
806865
806866
806867
806868
806869
806870
806871
806872
806873
806874
806876
806877
806878
806879
806880
806881
806882
806883
806884
806885
806887
806888
806889
806890
806891
806892
806893
806894
806895
806896
806897
806900
806902
806903
806904
806905
806906
806907
806908
806909
806910
806911
806912
806913
806914
806915
806916
806917
806918
806919
806920
806921
806922
806923
806924
806925
806926
806927
806928
806929
806930
806933
806934
806935
806936
806937
806938
806939
806940
806942
806943
806944
806945
806946
806947
806950
806951
806952
806953
806954
806955
806956
806957
806958
806959
806960
806962
806963
806964
806965
806966
806967
806968
806969
806970
806971
806972
806973
806974
806975
806976
806977
806978
806979
806980
806981
806982
806983
806984
806985
806986
806987
806989
806990
806991
806992
806993
806994
806995
806996
806997
806998
806999
807000
807001
807002
807003
807004
807005
807006
807007
807008
807009
807010
807011
807012
807013
807014
807015
807017
807018
807019
807020
807021
807022
807023
807024
807025
807026
807027
807028
807029
807030
807031
807032
807033
807034
807036
807037
807038
807039
807040
807041
807043
807044
807045
807046
807047
807048
807049
807050
807052
807053
807054
807055
807056
807057
807059
807060
807062
807064
807065
807066
807067
807068
807070
807071
807072
807073
807074
807075
807076
807077
807078
807079
807080
807081
807082
807084
807089
807090
807091
807092
807093
807094
807095
807096
807097
807099
807100
807101
807102
807103
807104
807105
807107
807108
807109
807110
807111
807112
807113
807114
807115
807116
807117
807118
807119
807120
807121
807122
807123
807124
807125
807126
807127
807128
807129
807130
807131
807132
807133
807134
807135
807136
807137
807138
807140
807142
807143
807144
807145
807146
807148
807149
807150
807151
807152
807153
807154
807155
807156
807157
807158
807159
807160
807161
807162
807164
807166
807167
807168
807169
807170
807171
807172
807173
807174
807175
807176
807177
807178
807179
807180
807181
807182
807183
807184
807185
807187
807188
807189
807190
807191
807192
807193
807195
807196
807197
807198
807199
807200
807202
807203
807204
807205
807207
807208
807209
807210
807211
807212
807213
807214
807215
807216
807217
807218
807219
807220
807221
807222
807223
807224
807225
807226
807227
807228
807229
807230
807231
807232
807233
807234
807235
807236
807237
807238
807239
807240
807241
807242
807243
807244
807245
807246
807247
807248
807249
807250
807251
807252
807253
807254
807255
807256
807257
807258
807259
807260
807261
807262
807263
807264
807265
807266
807268
807269
807270
807271
807272
807273
807274
807275
807276
807277
807278
807279
807280
807281
807282
807284
807285
807286
807287
807288
807289
807290
807291
807292
807293
807294
807295
807296
807297
807298
807299
807300
807301
807302
807303
807304
807305
807306
807307
807308
807309
807311
807312
807313
807314
807315
807316
807317
807318
807319
807320
807321
807322
807323
807324
807325
807326
807327
807328
807329
807330
807331
807332
807333
807334
807335
807336
807337
807338
807339
807340
807341
807342
807343
807345
807346
807347
807348
807349
807350
807351
807352
807353
807354
807355
807356
807357
807358
807359
807360
807361
807362
807363
807364
807365
807366
807367
807368
807369
807370
807371
807372
807373
807374
807375
807376
807377
807378
807379
807380
807381
807382
807383
807384
807385
807386
807387
807388
807389
807390
807391
807392
807393
807394
807395
807396
807397
807399
807400
807401
807402
807403
807404
807406
807407
807408
807409
807410
807411
807412
807413
807414
807415
807416
807417
807418
807419
807420
807421
807422
807425
807426
807427
807428
807430
807431
807432
807433
807434
807435
807436
807437
807438
807439
807440
807441
807442
807443
807444
807445
807446
807447
807448
807449
807451
807452
807453
807454
807455
807456
807457
807458
807459
807460
807461
807464
807465
807466
807467
807468
807469
807470
807471
807472
807473
807474
807475
807476
807477
807478
807479
807481
807482
807483
807484
807485
807486
807487
807488
807489
807490
807491
807493
807494
807495
807496
807497
807498
807499
807500
807501
807502
807504
807506
807507
807508
807509
807510
807511
807512
807513
807514
807515
807516
807517
807518
807519
807520
807521
807522
807523
807524
807525
807526
807527
807528
807529
807530
807532
807533
807534
807536
807538
807539
807540
807541
807542
807543
807544
807545
807546
807547
807548
807549
807550
807552
807553
807554
807555
807556
807557
807558
807559
807560
807561
807562
807563
807564
807565
807566
807567
807568
807569
807570
807571
807572
807573
807574
807575
807576
807577
807578
807579
807580
807581
807582
807583
807584
807585
807586
807587
807589
807590
807591
807592
807594
807595
807596
807597
807598
807599
807600
807601
807602
807603
807604
807605
807606
807607
807608
807610
807611
807612
807613
807614
807615
807616
807617
807618
807619
807620
807621
807622
807623
807624
807625
807626
807627
807628
807629
807630
807631
807632
807633
807634
807635
807636
807637
807638
807639
807640
807641
807642
807643
807644
807645
807646
807647
807648
807649
807650
807651
807652
807653
807654
807655
807656
807657
807658
807659
807660
807661
807662
807663
807664
807665
807666
807667
807668
807671
807672
807673
807674
807675
807676
807677
807678
807679
807680
807681
807682
807683
807684
807685
807686
807687
807688
807689
807690
807691
807692
807693
807694
807695
807696
807697
807698
807700
807701
807703
807704
807705
807706
807707
807708
807709
807710
807711
807712
807713
807714
807715
807716
807717
807718
807719
807720
807721
807722
807723
807724
807725
807726
807727
807728
807729
807730
807731
807732
807733
807734
807735
807736
807737
807738
807739
807740
807741
807742
807743
807744
807745
807746
807747
807748
807749
807750
807751
807752
807753
807754
807755
807756
807757
807758
807759
807760
807761
807762
807763
807764
807765
807766
807767
807768
807769
807770
807771
807772
807773
807774
807775
807776
807777
807778
807779
807780
807781
807782
807783
807784
807785
807786
807787
807788
807789
807790
807791
807792
807793
807794
807796
807797
807798
807799
807800
807801
807802
807803
807804
807805
807806
807807
807808
807809
807810
807811
807812
807813
807814
807815
807816
807817
807818
807819
807820
807821
807822
807823
807824
807825
807826
807827
807828
807829
807830
807831
807832
807833
807834
807835
807836
807837
807838
807839
807840
807841
807842
807843
807844
807845
807846
807847
807848
807849
807850
807851
807852
807853
807854
807855
807856
807857
807858
807859
807860
807861
807862
807863
807864
807865
807866
807867
807868
807869
807870
807871
807872
807873
807874
807875
807876
807877
807878
807879
807880
807882
807883
807884
807885
807886
807887
807888
807889
807890
807891
807892
807893
807894
807895
807896
807897
807898
807899
807900
807902
807903
807904
807905
807906
807907
807910
807912
807914
807915
807916
807917
807918
807920
807921
807923
807924
807925
807926
807927
807928
807929
807930
807931
807932
807934
807935
807936
807937
807938
807939
807940
807941
807942
807943
807944
807945
807946
807947
807948
807949
807950
807951
807952
807953
807955
807956
807957
807958
807959
807960
807962
807963
807964
807966
807967
807969
807970
807971
807972
807973
807974
807975
807976
807977
807978
807979
807980
807981
807982
807983
807984
807985
807986
807987
807988
807989
807990
807991
807992
807993
807994
807995
807996
807997
807998
807999
808000
808002
808003
808004
808005
808006
808007
808008
808009
808010
808011
808012
808013
808014
808015
808016
808018
808019
808020
808021
808022
808023
808024
808025
808026
808027
808028
808029
808030
808031
808032
808033
808034
808035
808037
808038
808039
808040
808041
808042
808043
808045
808046
808047
808048
808049
808050
808051
808052
808053
808054
808055
808056
808057
808058
808059
808060
808061
808063
808064
808065
808066
808067
808068
808069
808070
808071
808072
808073
808074
808075
808076
808077
808078
808079
808080
808081
808082
808083
808084
808085
808086
808087
808088
808089
808090
808091
808092
808093
808094
808095
808096
808097
808098
808099
808100
808101
808102
808103
808104
808105
808106
808107
808108
808109
808112
808113
808114
808115
808116
808117
808118
808119
808120
808121
808125
808126
808127
808129
808132
808133
808136
808140
808141
808143
808144
808145
808146
808147
808148
808149
808150
808151
808152
808153
808154
808155
808156
808157
808158
808159
808160
808161
808162
808163
808164
808165
808166
808167
808168
808169
808170
808171
808172
808173
808174
808175
808176
808177
808178
808179
808180
808182
808183
808184
808185
808186
808187
808188
808189
808190
808191
808192
808193
808194
808195
808196
808197
808198
808199
808201
808202
808203
808204
808205
808206
808207
808208
808209
808210
808211
808212
808213
808214
808216
808217
808218
808219
808220
808221
808222
808223
808224
808225
808226
808227
808228
808229
808230
808231
808232
808233
808234
808235
808236
808237
808238
808239
808240
808241
808242
808243
808244
808245
808246
808247
808248
808249
808250
808251
808252
808253
808254
808255
808256
808257
808258
808259
808260
808261
808262
808263
808264
808265
808266
808267
808268
808269
808270
808272
808274
808276
808277
808278
808279
808280
808281
808282
808283
808284
808285
808286
808287
808288
808289
808290
808291
808292
808293
808294
808296
808297
808299
808300
808301
808302
808305
808307
808308
808309
808310
808311
808312
808313
808316
808317
808318
808319
808320
808321
808322
808323
808324
808325
808326
808327
808328
808331
808332
808333
808334
808335
808336
808337
808338
808339
808340
808341
808342
808343
808344
808345
808347
808348
808349
808351
808352
808353
808354
808355
808356
808357
808358
808359
808360
808361
808362
808363
808364
808365
808366
808368
808370
808371
808372
808373
808374
808375
808376
808377
808378
808379
808380
808382
808383
808384
808385
808386
808389
808390
808392
808393
808395
808396
808397
808398
808401
808402
808403
808404
808405
808406
808407
808408
808409
808410
808411
808412
808413
808414
808415
808416
808417
808418
808420
808421
808422
808423
808424
808425
808427
808428
808429
808430
808431
808432
808433
808434
808436
808438
808439
808441
808442
808443
808444
808445
808446
808447
808448
808449
808450
808451
808452
808453
808454
808455
808456
808457
808458
808459
808460
808461
808462
808463
808464
808465
808467
808468
808469
808470
808471
808472
808473
808474
808476
808477
808479
808480
808481
808482
808484
808485
808486
808487
808488
808489
808490
808491
808492
808494
808495
808497
808498
808499
808500
808501
808502
808504
808505
808506
808507
808508
808509
808510
808511
808512
808513
808514
808515
808516
808517
808518
808519
808520
808521
808522
808523
808524
808525
808526
808528
808529
808530
808531
808533
808535
808536
808537
808538
808539
808540
808541
808542
808543
808544
808545
808546
808547
808549
808550
808551
808552
808554
808555
808556
808557
808558
808559
808560
808561
808562
808563
808564
808565
808566
808567
808568
808569
808570
808571
808572
808573
808574
808575
808576
808577
808578
808579
808580
808581
808582
808583
808584
808585
808586
808587
808588
808589
808590
808591
808592
808593
808594
808595
808596
808597
808598
808599
808600
808601
808602
808603
808604
808605
808606
808607
808608
808609
808610
808611
808612
808613
808614
808616
808617
808618
808619
808620
808621
808622
808623
808624
808625
808627
808628
808629
808630
808631
808632
808633
808634
808635
808636
808637
808638
808639
808640
808641
808642
808643
808644
808645
808646
808647
808648
808649
808650
808652
808653
808654
808655
808656
808657
808658
808659
808660
808661
808662
808663
808664
808665
808666
808667
808668
808669
808670
808671
808672
808673
808674
808675
808676
808677
808678
808679
808680
808681
808682
808683
808685
808686
808688
808689
808690
808692
808693
808694
808695
808696
808697
808698
808700
808701
808702
808703
808704
808705
808706
808707
808708
808709
808710
808712
808713
808714
808715
808716
808718
808719
808720
808721
808722
808723
808724
808725
808727
808728
808729
808730
808731
808732
808733
808734
808735
808736
808737
808738
808739
808740
808741
808742
808743
808744
808745
808746
808747
808748
808749
808750
808751
808752
808753
808754
808755
808756
808757
808758
808759
808760
808761
808762
808763
808764
808767
808768
808769
808770
808771
808772
808773
808774
808775
808776
808777
808778
808779
808780
808781
808782
808783
808784
808785
808786
808787
808788
808789
808790
808791
808792
808793
808794
808795
808796
808797
808798
808799
808800
808801
808802
808803
808804
808805
808807
808808
808809
808810
808811
808812
808815
808817
808818
808819
808820
808821
808822
808823
808824
808825
808826
808828
808830
808831
808832
808833
808834
808835
808836
808837
808838
808839
808840
808841
808842
808843
808845
808846
808847
808848
808849
808850
808851
808852
808853
808854
808855
808856
808858
808859
808862
808863
808864
808865
808866
808867
808868
808870
808872
808873
808874
808875
808876
808877
808878
808879
808880
808881
808882
808883
808884
808885
808886
808887
808888
808889
808891
808892
808893
808894
808895
808896
808897
808898
808899
808900
808901
808902
808903
808904
808905
808907
808908
808910
808911
808912
808913
808914
808915
808916
808917
808918
808919
808920
808921
808922
808923
808924
808925
808926
808927
808928
808929
808930
808931
808932
808933
808934
808935
808936
808937
808938
808939
808940
808941
808942
808943
808944
808945
808946
808947
808948
808949
808950
808951
808952
808954
808955
808956
808957
808958
808959
808960
808961
808962
808963
808964
808965
808966
808967
808968
808969
808970
808971
808972
808973
808974
808975
808976
808978
808980
808981
808982
808983
808984
808985
808986
808988
808989
808990
808991
808992
808993
808994
808996
808997
808998
809000
809002
809004
809005
809009
809011
809012
809013
809014
809015
809016
809017
809018
809019
809020
809021
809022
809023
809024
809025
809027
809028
809030
809031
809033
809034
809035
809036
809037
809038
809039
809040
809041
809042
809043
809044
809045
809046
809047
809048
809049
809050
809051
809052
809053
809054
809056
809057
809059
809061
809062
809063
809064
809065
809066
809068
809069
809070
809071
809072
809073
809074
809075
809076
809077
809078
809079
809080
809081
809082
809083
809084
809085
809086
809087
809088
809089
809090
809091
809092
809093
809094
809095
809096
809097
809098
809099
809100
809101
809102
809103
809105
809106
809108
809109
809110
809111
809113
809114
809115
809116
809117
809118
809119
809120
809121
809122
809123
809124
809125
809126
809127
809128
809130
809131
809132
809133
809135
809136
809137
809138
809139
809140
809141
809142
809143
809144
809145
809147
809148
809149
809150
809151
809152
809153
809155
809157
809160
809161
809163
809164
809165
809166
809167
809168
809169
809170
809171
809172
809173
809175
809176
809177
809178
809179
809180
809182
809183
809185
809186
809187
809188
809189
809190
809191
809192
809193
809194
809195
809196
809198
809199
809200
809201
809202
809203
809205
809206
809207
809208
809209
809212
809213
809214
809215
809217
809218
809219
809220
809221
809222
809223
809224
809225
809226
809227
809228
809229
809230
809231
809232
809233
809234
809235
809236
809237
809238
809239
809240
809241
809243
809244
809245
809246
809247
809248
809249
809250
809252
809253
809254
809255
809256
809257
809258
809259
809260
809262
809263
809264
809265
809267
809268
809270
809271
809272
809273
809274
809275
809276
809277
809278
809279
809280
809281
809282
809283
809284
809285
809287
809288
809289
809290
809291
809293
809294
809295
809296
809297
809298
809299
809300
809301
809302
809303
809304
809305
809306
809307
809308
809310
809311
809312
809313
809314
809315
809316
809317
809318
809320
809321
809322
809323
809324
809325
809326
809327
809328
809329
809330
809331
809332
809333
809334
809336
809337
809338
809339
809340
809341
809343
809344
809345
809346
809347
809348
809349
809351
809352
809353
809354
809355
809356
809357
809358
809359
809360
809361
809362
809363
809364
809365
809366
809367
809368
809369
809370
809371
809372
809373
809374
809375
809376
809377
809378
809379
809380
809381
809382
809383
809384
809385
809386
809387
809388
809389
809390
809391
809392
809393
809394
809395
809396
809397
809398
809399
809400
809401
809402
809404
809405
809406
809407
809408
809409
809410
809411
809412
809413
809414
809415
809416
809417
809418
809419
809420
809421
809422
809423
809424
809425
809426
809427
809428
809429
809431
809432
809433
809434
809435
809436
809437
809438
809439
809440
809441
809442
809443
809444
809445
809446
809447
809448
809449
809450
809451
809452
809453
809455
809458
809459
809460
809461
809462
809463
809464
809465
809466
809467
809468
809469
809470
809471
809472
809473
809475
809476
809477
809478
809480
809481
809482
809483
809484
809485
809486
809487
809488
809489
809490
809491
809492
809493
809494
809495
809496
809497
809499
809500
809501
809503
809504
809505
809506
809507
809508
809509
809510
809511
809512
809513
809514
809515
809516
809517
809518
809519
809520
809521
809522
809523
809524
809525
809526
809527
809528
809529
809530
809531
809532
809533
809534
809536
809537
809538
809539
809540
809541
809542
809545
809546
809547
809548
809549
809550
809551
809552
809553
809554
809555
809556
809557
809558
809559
809561
809562
809563
809564
809567
809568
809569
809570
809571
809572
809573
809574
809575
809576
809577
809578
809579
809580
809581
809582
809583
809584
809586
809587
809588
809589
809590
809591
809593
809595
809596
809598
809600
809604
809605
809607
809608
809610
809611
809613
809614
809616
809618
809619
809620
809621
809625
809626
809627
809629
809630
809631
809632
809633
809634
809635
809636
809637
809638
809639
809640
809641
809642
809643
809644
809645
809646
809647
809648
809649
809652
809654
809656
809658
809659
809660
809662
809663
809664
809665
809666
809667
809668
809670
809671
809672
809673
809674
809675
809676
809677
809678
809679
809680
809681
809682
809683
809684
809686
809687
809688
809689
809690
809691
809692
809693
809694
809695
809696
809697
809698
809699
809700
809701
809702
809704
809705
809706
809708
809709
809710
809712
809713
809714
809715
809716
809717
809718
809719
809720
809721
809722
809723
809725
809726
809727
809728
809729
809730
809732
809733
809734
809735
809736
809737
809738
809739
809740
809741
809742
809743
809744
809745
809746
809747
809748
809749
809750
809751
809752
809753
809754
809755
809757
809758
809759
809760
809761
809762
809763
809764
809765
809766
809767
809768
809769
809771
809772
809773
809774
809775
809776
809777
809778
809779
809780
809781
809782
809783
809784
809785
809786
809787
809788
809789
809791
809792
809793
809795
809796
809797
809798
809799
809800
809801
809802
809804
809805
809806
809807
809809
809811
809812
809813
809815
809817
809818
809819
809820
809822
809823
809826
809827
809828
809829
809830
809831
809832
809833
809834
809835
809836
809837
809838
809839
809840
809841
809842
809843
809844
809845
809847
809848
809850
809852
809853
809855
809856
809857
809858
809859
809860
809861
809862
809863
809865
809866
809867
809868
809869
809870
809871
809872
809873
809874
809875
809878
809880
809881
809882
809883
809884
809885
809889
809890
809891
809892
809895
809896
809897
809898
809899
809900
809901
809903
809904
809905
809906
809907
809908
809909
809910
809911
809912
809913
809914
809915
809916
809917
809918
809920
809921
809922
809923
809924
809925
809926
809928
809929
809930
809931
809932
809933
809934
809935
809936
809937
809938
809939
809940
809941
809942
809943
809945
809946
809947
809948
809949
809950
809951
809952
809953
809954
809955
809956
809957
809958
809959
809960
809961
809962
809963
809964
809965
809966
809967
809968
809969
809970
809972
809973
809974
809975
809976
809977
809978
809979
809980
809981
809982
809983
809984
809985
809986
809987
809988
809989
809990
809991
809992
809993
809994
809995
809996
809997
809998
809999
810000
810001
810002
810003
810004
810005
810006
810007
810009
810011
810012
810015
810016
810017
810018
810019
810020
810021
810023
810024
810025
810026
810027
810028
810029
810030
810031
810032
810033
810034
810035
810036
810037
810038
810039
810040
810041
810042
810043
810044
810045
810046
810047
810050
810051
810052
810054
810055
810056
810057
810059
810060
810061
810062
810063
810064
810065
810066
810067
810068
810069
810070
810071
810072
810073
810074
810075
810076
810077
810079
810080
810081
810082
810083
810084
810088
810089
810090
810092
810096
810097
810098
810099
810100
810101
810103
810104
810105
810106
810107
810108
810109
810110
810111
810112
810113
810114
810115
810116
810117
810118
810119
810120
810121
810123
810124
810125
810126
810127
810128
810129
810130
810131
810132
810133
810134
810135
810136
810137
810138
810139
810140
810141
810142
810143
810144
810145
810147
810148
810149
810150
810151
810152
810153
810154
810155
810156
810157
810158
810159
810160
810161
810162
810164
810165
810166
810167
810168
810169
810170
810171
810172
810173
810174
810175
810176
810177
810180
810183
810184
810185
810187
810188
810189
810190
810191
810192
810193
810194
810195
810196
810197
810198
810199
810200
810202
810206
810208
810209
810210
810211
810212
810213
810214
810215
810216
810217
810218
810219
810220
810221
810222
810223
810224
810225
810226
810227
810228
810229
810230
810231
810232
810233
810234
810235
810236
810237
810238
810239
810240
810241
810242
810243
810244
810245
810246
810247
810248
810249
810250
810252
810253
810254
810255
810256
810257
810258
810259
810260
810262
810263
810264
810265
810266
810269
810271
810274
810275
810279
810282
810283
810287
810288
810290
810291
810292
810294
810295
810296
810298
810299
810300
810301
810302
810303
810304
810305
810306
810307
810308
810309
810311
810312
810313
810314
810315
810316
810317
810318
810319
810320
810321
810322
810323
810324
810325
810326
810327
810328
810329
810330
810331
810332
810333
810334
810335
810336
810337
810339
810340
810341
810342
810343
810344
810345
810346
810347
810348
810349
810350
810351
810352
810353
810354
810355
810356
810358
810362
810363
810364
810365
810366
810367
810368
810369
810370
810371
810372
810373
810374
810375
810376
810377
810378
810379
810380
810381
810382
810383
810384
810385
810386
810387
810388
810389
810390
810391
810392
810393
810394
810395
810396
810397
810399
810400
810401
810402
810403
810404
810405
810406
810407
810408
810409
810410
810411
810412
810413
810414
810415
810416
810418
810419
810420
810421
810422
810423
810424
810427
810428
810429
810430
810431
810433
810435
810436
810437
810438
810439
810440
810441
810442
810443
810444
810445
810446
810447
810448
810451
810452
810454
810455
810456
810457
810458
810459
810460
810461
810462
810463
810464
810465
810466
810467
810468
810470
810471
810472
810473
810474
810476
810477
810478
810479
810481
810482
810483
810484
810487
810488
810489
810490
810491
810492
810493
810494
810495
810496
810498
810499
810500
810501
810502
810503
810504
810505
810506
810508
810509
810510
810511
810512
810513
810514
810515
810516
810517
810518
810519
810520
810523
810524
810525
810526
810527
810528
810529
810530
810531
810533
810534
810535
810536
810537
810538
810539
810540
810541
810542
810543
810544
810545
810546
810547
810548
810549
810551
810553
810554
810555
810556
810557
810558
810559
810560
810561
810562
810563
810564
810565
810566
810567
810568
810569
810570
810571
810572
810574
810575
810576
810577
810578
810579
810580
810581
810582
810583
810584
810585
810586
810587
810588
810589
810590
810591
810592
810593
810594
810595
810596
810598
810599
810600
810601
810602
810603
810604
810605
810606
810607
810608
810609
810610
810611
810612
810613
810614
810615
810616
810617
810618
810619
810620
810621
810622
810623
810624
810625
810627
810628
810629
810630
810631
810632
810633
810634
810635
810636
810638
810639
810640
810641
810642
810643
810644
810645
810646
810647
810648
810656
810657
810658
810659
810660
810662
810664
810665
810666
810667
810669
810671
810673
810674
810675
810676
810677
810678
810680
810681
810682
810683
810684
810685
810686
810687
810688
810689
810691
810692
810693
810694
810695
810696
810698
810699
810700
810701
810702
810703
810704
810705
810706
810707
810708
810709
810710
810711
810712
810714
810716
810717
810718
810719
810720
810721
810722
810723
810724
810725
810726
810727
810728
810730
810731
810733
810734
810735
810736
810737
810738
810739
810740
810741
810742
810743
810744
810745
810746
810748
810749
810750
810752
810754
810755
810756
810757
810758
810759
810760
810761
810762
810764
810765
810766
810767
810770
810771
810772
810773
810774
810775
810776
810777
810778
810779
810781
810782
810783
810785
810786
810787
810788
810789
810790
810792
810793
810794
810795
810796
810797
810798
810799
810800
810801
810802
810803
810804
810805
810806
810807
810808
810809
810810
810811
810812
810813
810814
810815
810816
810817
810818
810819
810820
810821
810822
810823
810824
810825
810826
810827
810828
810829
810830
810833
810834
810835
810836
810837
810838
810839
810840
810841
810842
810843
810846
810849
810850
810851
810852
810853
810854
810855
810856
810857
810858
810859
810864
810865
810866
810867
810868
810869
810870
810871
810872
810873
810874
810875
810876
810877
810878
810879
810880
810881
810883
810884
810885
810886
810888
810890
810891
810892
810894
810895
810896
810898
810899
810900
810901
810903
810904
810905
810907
810909
810912
810913
810914
810915
810916
810919
810921
810923
810924
810925
810926
810927
810928
810929
810930
810931
810932
810933
810934
810935
810936
810937
810938
810939
810940
810941
810942
810943
810944
810945
810946
810947
810948
810949
810950
810951
810952
810955
810956
810957
810958
810959
810960
810961
810962
810963
810964
810965
810966
810967
810968
810969
810970
810971
810972
810973
810974
810975
810976
810977
810978
810979
810980
810981
810982
810983
810984
810985
810986
810988
810990
810991
810992
810993
810994
810995
810997
810998
811001
811002
811006
811007
811010
811011
811012
811015
811016
811017
811018
811019
811020
811021
811023
811024
811025
811027
811028
811029
811031
811032
811033
811034
811036
811037
811038
811039
811040
811041
811042
811043
811044
811045
811046
811048
811049
811050
811051
811053
811054
811055
811056
811057
811058
811060
811061
811062
811063
811064
811065
811066
811067
811068
811069
811070
811071
811072
811074
811075
811076
811078
811079
811080
811081
811082
811083
811084
811085
811086
811087
811088
811089
811090
811091
811092
811093
811094
811095
811096
811097
811099
811100
811101
811102
811103
811104
811105
811107
811108
811109
811110
811111
811112
811113
811114
811115
811116
811117
811118
811119
811120
811121
811122
811123
811124
811125
811127
811129
811130
811131
811133
811134
811135
811136
811137
811138
811139
811140
811141
811142
811143
811144
811145
811146
811147
811148
811149
811150
811151
811152
811153
811154
811155
811156
811157
811158
811159
811160
811162
811163
811164
811165
811166
811167
811168
811169
811170
811171
811172
811173
811174
811175
811176
811177
811178
811179
811180
811181
811182
811183
811184
811185
811187
811189
811190
811191
811194
811195
811196
811197
811198
811199
811200
811201
811202
811203
811205
811206
811207
811208
811209
811210
811211
811212
811213
811215
811217
811218
811219
811220
811221
811222
811226
811229
811230
811231
811232
811233
811234
811235
811236
811237
811238
811239
811240
811241
811242
811244
811245
811246
811247
811248
811249
811250
811252
811253
811254
811255
811256
811260
811262
811264
811265
811267
811268
811269
811270
811271
811273
811275
811276
811277
811278
811279
811280
811281
811282
811284
811285
811286
811287
811288
811289
811290
811291
811292
811293
811294
811295
811297
811298
811300
811302
811303
811304
811305
811306
811307
811308
811309
811310
811311
811312
811313
811314
811315
811316
811318
811319
811320
811321
811322
811323
811324
811326
811327
811328
811329
811330
811331
811332
811333
811334
811335
811336
811337
811338
811339
811340
811341
811342
811343
811344
811345
811346
811347
811348
811349
811351
811352
811353
811354
811355
811356
811357
811358
811359
811360
811361
811362
811363
811364
811365
811366
811367
811368
811369
811370
811371
811372
811374
811375
811376
811377
811378
811380
811381
811382
811383
811385
811386
811387
811388
811389
811390
811391
811392
811393
811395
811396
811397
811398
811400
811401
811402
811403
811404
811405
811406
811407
811408
811409
811410
811411
811412
811413
811414
811415
811417
811418
811419
811420
811421
811422
811423
811424
811426
811427
811428
811429
811430
811433
811434
811435
811436
811438
811440
811441
811443
811444
811445
811446
811447
811448
811449
811450
811452
811453
811454
811455
811456
811457
811458
811459
811460
811461
811462
811463
811464
811466
811467
811468
