70502
705020
705021
705022
705023
705024
705025
705026
705027
705028
705029
70503
705030
705031
705032
705033
705035
705036
705037
705038
705039
705040
705041
705042
705043
705044
705045
705046
705047
705049
705050
705051
705052
705053
705054
705055
705056
705058
705059
70506
705060
705061
705062
705063
705064
705065
705067
705068
705069
705070
705071
705072
705073
705074
705075
705076
705077
705078
705079
70508
705080
705081
705082
705083
705084
705085
705086
705087
705088
705089
70509
705090
705092
705093
705094
705095
705096
705097
705098
705099
70510
705100
705101
705102
705103
705105
705106
705107
705108
705109
70511
705110
705111
705112
705113
705115
705116
705117
705118
705119
70512
705120
705121
705122
705123
705124
705126
705128
705129
70513
705130
705131
705132
705133
705134
705135
705136
705137
705138
705139
70514
705140
705141
705142
705143
705144
705145
705146
705147
705148
705149
70515
705150
705151
705152
705153
705154
705155
705156
705157
705158
705159
70516
705160
705161
705162
705164
705165
705166
705167
705168
705169
70517
705170
705171
705172
705173
705174
705177
705178
705179
70518
705180
705181
705182
705183
705184
705185
705186
705187
705188
705189
70519
705190
705191
705192
705193
705194
705195
705196
705197
705198
705199
70520
705200
705201
705202
705203
705204
705205
705206
705207
705208
705209
70521
705210
705212
705213
705214
705215
705216
705217
705218
705219
70522
705220
705221
705222
705223
705224
705225
705226
705227
705228
705229
70523
705230
705231
705232
705233
705234
705235
705236
705237
705239
70524
705240
705242
705243
705244
705245
705246
705248
705249
70525
705250
705252
705254
705255
705257
705258
70526
705262
705264
705266
705267
705269
70527
705273
705275
705276
705279
70528
705280
705281
705283
705284
705285
705289
70529
705291
705292
705294
705297
705298
705299
70530
705302
705303
705304
705305
705306
705308
705309
70531
705310
705311
705313
705314
705316
705317
705318
705319
70532
705320
705321
705323
705324
705325
705326
705328
705329
705330
705331
705332
705335
705336
705337
705338
705339
70534
705340
705342
705343
705344
705346
705347
705348
705349
70535
705350
705351
705352
705353
705354
705355
705356
705357
705358
705359
70536
705360
705361
705362
705363
705364
705365
705366
705367
705368
705369
70537
705371
705372
705373
705374
705375
705376
705377
705378
705379
70538
705380
705381
705382
705383
705384
705385
705386
705387
705388
705389
70539
705392
705393
705394
705395
705396
705397
705398
705399
705400
705401
705402
705403
705405
705406
705407
705408
705409
70541
705410
705411
705413
705414
705416
705417
705418
705419
70542
705420
705421
705422
705423
705424
705425
705426
705427
705428
705429
70543
705430
705431
705432
705433
705434
705435
705436
705437
705438
705439
70544
705442
705443
705444
705446
705447
705449
70545
705450
705451
705452
705453
705454
705455
705456
705457
705458
705459
70546
705460
705461
705462
705463
705465
705466
705467
705468
705469
70547
705470
705472
705473
705474
705475
705476
705477
705478
705479
70548
705481
705483
705484
705485
705486
705488
705489
705490
705491
705492
705493
705494
705495
705496
705497
705498
705499
70550
705500
705501
705502
705503
705504
705505
705506
705507
705508
705509
70551
705510
705512
705513
705514
705515
705516
705517
705518
705519
70552
705520
705522
705523
705524
705525
705527
705528
705529
70553
705530
705531
705532
705533
705534
705535
705536
705537
705538
705539
70554
705540
705541
705542
705543
705544
705545
705546
705547
705549
70555
705550
705552
705553
705554
705555
705556
705557
705558
705559
70556
705560
705561
705562
705563
705564
705565
705566
705568
705569
70557
705570
705571
705572
705573
705574
705575
705576
705577
705578
705579
70558
705580
705581
705582
705583
705584
705585
705586
705587
705588
705589
70559
705590
705591
705593
705594
705595
705596
705597
705598
705599
70560
705601
705602
705603
705604
705605
705606
705607
705608
705609
70561
705610
705611
705612
705613
705614
705615
705616
705617
705618
705619
70562
705620
705623
705624
705625
705626
705627
705628
705629
70563
705630
705631
705632
705633
705634
705635
705636
705637
705638
705639
70564
705640
705641
705643
705645
705646
705647
705648
705649
70565
705651
705652
705653
705654
705655
705659
70566
705664
70567
705670
705672
705674
705675
705677
705678
705679
70568
705680
705681
705682
705683
705684
705685
705686
705687
705689
70569
705690
705692
705694
705695
705696
705697
705698
705699
7057
70570
705700
705701
705702
705703
705704
705705
705706
705707
705708
705709
70571
705710
705711
705712
705713
705714
705715
705716
705717
705718
705719
70572
705720
705721
705722
705723
705724
705725
705726
705727
705728
70573
705730
705735
705736
705737
705738
705739
70574
705740
705741
705742
705744
705745
705746
705747
705748
705749
70575
705750
705751
705752
705753
705754
705755
705756
705757
705759
70576
705760
705761
705762
705763
705764
705765
705766
705767
705768
705769
70577
705770
705771
705772
705773
705774
705775
705776
705777
705778
705779
70578
705780
705781
705782
705783
705784
705785
705786
705787
705788
705789
70579
705790
705791
705792
705793
705795
705796
705797
705798
705799
70580
705800
705801
705802
705803
705804
705805
705806
705807
705808
705809
70581
705811
705812
705813
705814
705815
705816
705818
70582
705826
70583
705836
705837
705838
705839
70584
705840
705841
705842
705843
705844
705845
705847
705848
705849
70585
705850
705851
705852
705853
705854
705855
705856
705857
705858
705859
70586
705860
705861
705862
705863
705864
705865
705866
705867
705868
705869
70587
705870
705871
705872
705873
705874
705875
705876
705877
705878
705879
70588
705880
705881
705882
705883
705884
705885
705886
705887
705888
705889
705890
705891
705892
705893
705894
705895
705896
705897
705898
705899
70590
705900
705901
705902
705903
705904
705905
705906
705907
705908
705909
70591
705910
705911
705912
705913
705915
705916
705917
705918
705919
70592
705920
705921
705922
705924
705926
705928
705929
70593
705930
705933
705934
705935
705936
705937
705938
705939
705940
705941
705942
705943
705946
705947
705948
705949
705950
705951
705952
705953
705954
705956
705957
705958
705959
70596
705960
705961
705962
705963
705964
705965
705966
705967
705968
705969
70597
705970
705971
705973
705975
705976
705977
705978
705979
70598
705980
705981
705982
705983
705984
705985
705986
705987
705988
705989
70599
705990
705991
705992
705993
705994
705995
705996
705997
705998
705999
706
70600
706000
706001
706002
706003
706004
706005
706006
706007
706008
706009
70601
706010
706011
706012
706013
706014
706015
706016
706017
706018
706019
70602
706020
706021
706023
706025
706026
706029
70603
706030
706031
706033
706034
706035
706037
706038
70604
706042
706043
706044
706045
706046
706047
706048
706049
70605
706050
706051
706052
706054
706055
706056
706057
706058
706059
70606
706060
706061
706062
706063
706064
706065
706066
706067
706068
706069
70607
706070
706072
706073
706074
706075
706076
706077
706078
706079
70608
706080
706081
706082
706084
706085
706086
706087
706088
706089
70609
706090
706092
706093
706094
706095
706096
706097
706098
706099
70610
706100
706101
706103
706104
706105
706106
706107
706108
706109
70611
706110
706111
706112
706113
706114
706115
706116
706117
706118
706119
70612
706120
706121
706122
706123
706124
706125
706126
706127
706128
706129
70613
706131
706132
706133
706134
706135
706136
706137
706138
706139
70614
706140
706141
706142
706143
706144
706145
706146
706147
706148
706149
706150
706151
706152
706153
706154
706155
706157
706158
706159
70616
706160
706161
706162
706163
706164
706165
706166
706169
70617
706170
706172
706173
706174
706175
706176
706177
706178
706179
70618
706180
706181
706183
706184
706185
706186
706187
706188
706189
70619
706190
706191
706192
706193
706195
706196
706197
706198
706199
70620
706201
706202
706203
706204
706205
706206
706207
706208
706209
70621
706210
706211
706212
706213
706214
706215
706216
706217
706218
706219
70622
706220
706221
706222
706223
706224
706225
706226
706227
706228
70623
706230
706231
706232
706234
706235
706236
706237
706238
706239
70624
706240
706241
706242
706243
706244
706245
706246
706247
706248
706249
70625
706250
706251
706253
706254
706255
706257
706258
706259
70626
706260
706261
706262
706263
706264
706265
706266
706267
706268
706269
70627
706270
706271
706272
706273
706274
706275
706276
706277
706278
706279
70628
706280
706281
706282
706283
706284
706285
706286
706287
706288
706289
70629
706290
706291
706292
706293
706294
706295
706296
706297
706298
706299
706301
706302
706303
706304
706305
706306
706307
706308
70631
706310
706311
706312
706313
706314
706315
706316
706317
706318
706319
70632
706320
706321
706323
706324
706325
706326
706327
706328
706329
706330
706331
706333
706334
706335
706336
706337
706338
706339
70634
706340
706341
706342
706343
706344
706345
706346
706347
706348
706349
70635
706350
706351
706352
706353
706354
706355
706359
70636
706361
706362
706363
706364
706365
706366
706368
706369
70637
706370
706371
706372
706373
706374
706375
706376
706377
706378
70638
706380
706381
706382
706383
706384
706385
706386
706387
706388
706389
70639
706392
706395
706396
706397
70640
706400
706401
706402
706403
706404
706406
706407
706408
706409
706410
706411
706412
706413
706414
706415
706417
706418
706419
70642
706420
706422
706423
706426
706427
706428
706429
706430
706431
706432
706433
706434
706435
706437
706439
70644
706440
706441
706442
706444
706445
706446
706447
706449
706451
706454
706455
706456
706457
706458
706460
706461
706462
706463
706464
706466
706467
706468
706470
706471
706472
706473
706474
706475
706476
706477
706479
70648
706480
706481
706482
706483
706484
706485
706486
706488
706489
706490
706491
706492
706493
706494
706495
706496
706497
706498
706499
70650
706500
706501
706502
706503
706504
706505
706506
706508
706509
706510
706511
706512
706513
706514
706515
706516
706517
706518
706519
706520
706521
706522
706523
706524
706525
706526
706527
706528
706529
70653
706530
706531
706532
706533
706535
706537
706538
706539
706540
706541
706542
706543
706544
706545
706546
706547
706548
706549
70655
706550
706551
706552
706553
706554
706555
706558
706559
70656
706560
706561
706562
706563
706566
706567
706568
706569
70657
706570
706571
706572
706573
706574
706575
706576
706577
706578
706579
70658
706581
706582
706583
706584
706586
706587
706588
706589
70659
706590
706591
706592
706593
706594
706595
706596
706597
706599
70660
706602
706604
706605
706606
706607
706608
706609
70661
706610
706611
706612
706613
706614
706615
706616
706617
706618
706619
70662
706620
706621
706622
706623
706624
706625
706627
706628
706629
70663
706630
706631
706632
706633
706634
706636
706637
706638
706639
70664
706640
706641
706642
706643
706644
706645
706646
706647
706648
706649
70665
706650
706651
706652
706653
706656
706657
706658
706659
70666
706660
706662
706663
706664
706666
706669
70667
706672
706674
706675
706676
706677
706678
706679
70668
706680
706681
706685
706686
706687
706688
706689
70669
706691
706692
706693
706694
706696
706697
706698
706699
70670
706701
706703
706704
706705
706706
706707
706708
706709
706710
706711
706712
706713
706714
706715
706716
706718
706719
70672
706720
706721
706722
706723
706724
706725
706726
706727
706729
70673
706730
706731
706732
706733
706734
706735
706736
706737
706738
706739
70674
706740
706741
706742
706743
706744
706746
706747
706748
706749
70675
706750
706751
706752
706753
706754
706755
706756
706757
706758
706759
70676
706760
706761
706763
706764
706765
706766
706767
706768
706769
70677
706770
706772
706774
706775
706776
706777
706778
706779
70678
706780
706781
706782
706783
706784
706785
706786
706788
70679
706791
706792
706795
706796
706798
70680
706801
706802
706803
706804
706805
706806
706807
706808
706809
706810
706811
706812
706813
706814
706815
706816
706817
706818
706819
70682
706821
706822
706823
706824
706825
706826
706827
706828
706829
70683
706830
706831
706832
706835
70684
706840
706844
706845
706846
706849
70685
706851
706853
706854
706855
706856
706857
706858
706859
70686
706860
706861
706862
706863
706865
706866
706867
706869
70687
706870
706871
706872
706873
706874
706875
706876
706877
706878
706879
70688
706880
706881
706882
706883
706884
706887
706888
706889
70689
706890
706891
706892
706895
706896
706897
706898
706899
70690
706900
706901
706902
706903
706904
706905
706906
706907
706908
706909
70691
706910
706913
706914
706915
706916
706919
70692
706925
706926
706927
706928
706929
70693
706930
706931
706932
706933
706934
706935
706936
70694
706940
706941
706942
706943
706944
706945
70695
706952
706953
706955
706956
706957
706958
706960
706962
706963
706965
706967
706968
70697
706970
706971
706972
706974
706975
706976
706977
706978
70698
706980
706982
706983
706984
706985
706986
706988
706989
70699
706990
706992
706993
706995
706997
706998
706999
707
7070
70700
707000
707001
707002
707004
707005
707008
707009
70701
707010
707011
707012
707013
707014
707015
707016
707017
707018
707019
70702
707020
707021
707022
707023
707025
707026
707027
707028
707029
70703
707030
707031
707032
707033
707034
707035
707037
707038
707039
70704
707040
707041
707043
707044
707045
707046
707047
707048
707049
70705
707050
707052
707053
707054
707055
707056
707057
707059
70706
707060
707061
707062
707063
707064
707065
707067
707068
70707
707070
707071
707073
707075
707077
707078
707079
70708
707080
707081
707082
707083
707085
707087
707088
707089
70709
707090
707091
707092
707093
707094
707095
707096
707097
707098
707099
707101
707102
707103
707104
707105
707106
707107
707108
70711
707110
707111
707112
707113
707114
707115
707116
707117
70712
707121
707122
707123
707126
707129
70713
707131
707132
707133
707134
707137
707138
70714
707141
707142
707143
707144
707145
707146
707147
707148
707149
70715
707150
707151
707152
707153
707154
707156
707157
707158
707159
70716
707160
707161
707162
707163
707165
707166
707167
707168
707169
70717
707170
707171
707172
707173
707175
707176
707178
707179
70718
707180
707182
707183
707184
707185
707186
707187
707188
707189
707190
707191
707192
707194
707195
707197
707198
707199
70720
707200
707201
707202
707203
707204
707205
707206
707207
707208
707209
70721
707210
707211
707212
707213
707214
707215
707216
707217
707218
707219
70722
707220
707221
707222
707223
707225
707226
707227
70723
707230
707231
707234
707235
707236
707237
707238
70724
707240
707242
707245
707247
707249
70725
707251
707252
707253
707254
707255
707256
707257
707258
707259
70726
707260
707261
707262
707263
707264
707265
707267
707269
707270
707272
707273
707275
707276
707278
707279
707280
707281
707282
707283
707285
707286
707288
707289
70729
707291
707292
707295
707296
707297
707300
707304
707309
70731
707310
707313
707314
707315
707316
707317
707318
707319
70732
707320
707321
707322
707324
707326
707327
70733
707332
707334
707335
707336
707338
70734
707342
707344
707346
70735
707351
707352
707353
707354
707355
707356
707357
707358
707359
70736
707360
707361
707362
707363
707364
707365
707367
707368
707369
70737
707370
707371
707373
707374
707375
707376
707377
707378
70738
707380
707381
707382
707383
707385
707386
707387
707389
70739
707390
707391
707392
707394
707396
707397
707398
707399
70740
707400
707401
707402
707403
707405
707407
707408
707409
70741
707410
707411
707412
707414
707415
707416
707417
707418
707419
70742
707420
707421
707422
707424
707425
707426
707427
707428
707429
707430
707431
707432
707433
707434
707436
707438
707439
70744
707440
707442
707443
707444
707445
707446
707447
707448
707449
70745
707451
707452
707454
707455
707456
707457
707458
707459
70746
707460
707461
707462
707463
707464
707465
707466
707467
707468
707469
70747
707470
707471
707473
707474
707475
707476
707477
707478
707479
70748
707480
707481
707482
707483
707484
707486
707487
707488
707489
70749
707490
707491
707492
707493
707494
707495
707496
707497
707499
70750
707500
707501
707502
707503
707504
707505
707506
707507
707508
707509
70751
707510
707514
707516
707517
707518
707519
70752
707520
707521
707522
707523
707524
707525
707526
707527
707528
70753
707531
707532
707533
707534
707535
707538
707539
707540
707541
707542
707543
707544
707546
707547
70755
707550
707551
707553
707554
707555
707556
707557
707558
707559
707560
707562
707563
707564
707567
70757
707570
707573
707574
707576
707577
707578
707579
70758
707580
707581
707582
707583
707584
707585
707586
707587
707588
707589
70759
707590
707591
707592
707593
707595
707596
707597
707599
70760
707600
707601
707603
707604
707605
707607
707608
707609
70761
707610
707611
707612
707613
707614
707615
707616
707617
707619
70762
707620
707621
707622
707623
707624
707625
707626
707627
707628
707629
70763
707630
707631
707632
707633
707634
707635
707636
707637
707638
707639
707641
707642
707643
707645
707646
707647
707648
707649
70765
707650
707651
707652
707653
707654
707655
707656
707657
707658
707659
70766
707660
707661
707662
707663
707664
707665
707666
707667
707668
707669
70767
707670
707671
707672
707673
707674
707676
707677
707678
707679
70768
707680
707681
707682
707683
707684
707685
707686
707687
707688
707689
707693
707694
707695
707696
707697
707698
707699
70770
707700
707701
707702
707703
707704
707705
707706
707707
707708
707709
707710
707711
707712
707714
707715
707716
707717
707719
70772
707720
707721
707724
707725
707727
707729
70773
707730
707731
707732
707733
707735
707736
707738
707739
70774
707740
707741
707742
707744
707747
707748
707750
707751
707752
707753
707754
707755
707756
707757
707758
70776
707760
707762
707764
707765
707766
707768
707769
70777
707770
707771
707772
707774
707775
707776
707777
707778
707779
70778
707780
707781
707782
707783
707784
707785
707786
707787
707788
707789
70779
707790
707791
707793
707794
707795
707796
707797
707798
707799
70780
707800
707801
707802
707803
707804
707805
707806
707808
707809
70781
707810
707811
707812
707813
707814
707815
707816
707817
707818
707819
707820
707821
707822
707823
707825
707826
707827
707828
707829
70783
707830
707831
707832
707833
707834
707835
707836
707837
707838
707839
70784
707841
707842
707843
707845
707846
707847
707848
70785
707850
707852
707853
707854
707855
707856
707857
707858
707859
707862
707863
707864
707865
707866
707867
707868
70787
707870
707871
707875
707876
707878
707879
70788
707881
707883
707884
707885
707886
707887
707888
707889
70789
707890
707891
707893
707896
707897
707898
707899
70790
707900
707901
707902
707903
707904
707905
707906
707907
707908
707909
70791
707910
707911
707912
707913
707914
707915
707916
707917
707918
707919
70792
707920
707921
707923
707925
707926
707927
707928
707929
70793
707930
707931
707932
707933
707934
707936
707937
707938
707939
70794
707941
707942
707943
707944
707945
707946
707947
707948
707949
70795
707950
707951
707952
707953
707954
707955
707956
707957
707958
707959
70796
707960
707963
707964
707965
707966
707967
707968
707969
70797
707970
707971
707972
707973
707974
707975
707976
707977
707978
707979
70798
707980
707981
707982
707983
707984
707985
707986
707987
707988
707989
70799
707990
707992
707993
707994
707995
707996
707997
707998
707999
708
70800
708000
708001
708002
708003
708004
708005
708006
708007
708008
708009
70801
708010
708012
708014
708015
708016
708017
708018
708019
70802
708020
708021
708022
708023
708024
708025
708026
708027
708028
708029
70803
708030
708031
708032
708033
708034
708035
708036
708037
708038
708039
70804
708040
708041
708042
708043
708044
708045
708046
708047
708048
708049
70805
708050
708052
708054
708055
708056
708057
708058
708059
70806
708060
708062
708064
708065
708066
708067
708068
708069
70807
708070
708071
708072
708073
708074
708075
708076
708077
70808
708080
708081
708082
708083
708084
708086
708087
708088
708089
70809
708090
708092
708093
708095
708096
708097
708098
708099
70810
708100
708101
708102
708103
708105
708106
708107
708108
708109
70811
708110
708111
708112
708113
708114
708115
708116
708117
708118
708119
70812
708120
708121
708122
708123
708124
708125
708127
708129
70813
708130
708131
708133
708134
708135
708136
708137
708138
708139
70814
708140
708141
708142
708143
708145
708146
708147
708148
708149
70815
708150
708151
708154
708156
708157
708158
708159
70816
708162
708163
708164
708165
708166
708167
708168
708169
70817
708171
708172
708173
708174
708176
708178
708179
70818
708180
708181
708182
708183
708184
708185
708186
708187
708188
708189
70819
708190
708191
708192
708193
708194
708195
708196
708197
708198
708199
70820
708200
708201
708203
708204
708205
708207
708208
708209
70821
708210
708211
708212
708214
708215
708216
708217
708218
70822
708220
708221
708222
708223
708224
708225
708226
708227
708229
70823
708230
708231
708232
708233
708235
708236
708237
708238
708239
70824
708240
708241
708242
708243
708244
708245
708246
708247
708248
708249
70825
708250
708251
708252
708253
708254
708255
708256
708257
708258
708259
70826
708260
708261
708262
708263
708264
708265
708266
708267
708268
708269
70827
708272
708273
708274
708275
708276
708277
708278
708279
70828
708280
708282
708283
708284
708285
708286
708287
708288
708289
70829
708290
708291
708292
708293
708294
708295
708296
708297
708299
70830
708300
708301
708302
708303
708305
708306
708308
708309
70831
708310
708311
708313
708314
708315
708316
708317
708319
70832
708320
708321
708322
708323
708324
708325
708326
708327
708329
70833
708330
708332
708335
708336
708337
708338
708339
70834
708340
708343
708347
70835
708350
708351
708352
708353
708355
708356
708357
708358
708359
70836
708360
708361
708362
708363
708364
708366
708367
708368
708369
70837
708371
708372
708373
708374
708375
708376
708377
708378
708379
70838
708380
708381
708382
708383
708384
708385
708387
708388
708389
70839
708390
708391
708392
708393
708394
708395
708397
708398
70840
708400
708401
708402
708403
708404
708405
708406
708407
70841
708411
708412
708413
708414
708415
708416
708417
708418
708419
70842
708420
708421
708422
708423
708424
708425
708426
708427
708428
708429
70843
708430
708431
708432
708433
708434
708435
708436
708437
708438
70844
708440
708441
708442
708443
708444
708445
708446
708447
708448
70845
708450
708451
708452
708453
708454
708455
708456
708457
708458
708459
70846
708460
708461
708462
708463
708464
708465
708466
708468
708469
70847
708470
708471
708472
708473
708474
708475
708476
708477
708478
708479
708481
708482
708483
708484
708485
708486
708487
708488
708489
70849
708490
708491
708492
708493
708494
708495
708496
708497
708498
708499
7085
708500
708501
708502
708503
708504
708505
708506
708507
708508
708509
70851
708510
708511
708512
708513
708514
708515
708516
708517
708518
708519
70852
708520
708522
708523
708525
708526
708528
708529
70853
708530
708531
708532
708533
708534
708535
708536
708538
708539
70854
708540
708541
708543
708544
708546
708547
708548
708549
708551
708552
708555
708556
708559
70856
708560
708561
708562
708563
708564
708565
708566
708567
708568
708569
70857
708570
708571
708572
708573
708576
708577
708578
708579
70858
708580
708581
708582
708583
708584
708585
708587
708588
708589
70859
708591
708592
708593
708594
708595
708596
708597
708598
708599
70860
708600
708601
708605
708606
708607
708608
70861
708610
708611
708612
708613
708614
708615
708616
708617
708618
708619
70862
708620
708622
708623
708624
708625
708626
708627
708628
708629
70863
708630
708631
708632
708633
708634
708636
708637
708638
708639
70864
708640
708641
708642
708643
708644
708645
708646
708647
708648
708649
70865
708650
708651
708652
708654
708656
708658
708659
70866
708660
708661
708662
708663
708664
708665
708666
708667
708668
708669
70867
708671
708672
708673
708674
708675
708676
708677
708678
708679
70868
708680
708681
708682
708683
708684
708685
708687
708688
708689
70869
708690
708691
708692
708693
708694
708695
708696
708697
708698
708699
70870
708700
708701
708702
708703
708704
708705
708706
70871
708711
708712
708714
708716
708718
708719
70872
708720
708721
708722
708723
708724
708725
708726
708727
708728
708729
708730
708731
708732
708733
708734
708735
708736
708737
708739
70874
708741
708743
708744
708745
708746
708747
708748
708749
70875
708751
708752
708754
708755
708756
708757
70876
708760
708761
708762
708763
708764
708765
708766
708767
708768
708769
70877
708770
708772
708773
708774
708776
708777
708778
708779
70878
708780
708781
708782
708783
708784
708785
708786
708787
708788
708789
70879
708790
708791
708792
708793
708795
708796
708797
708798
708799
7088
70880
708800
708801
708802
708803
708804
708805
708806
708807
708808
708809
70881
708810
708811
708812
708814
708815
708817
708818
708819
70882
708820
708821
708823
708824
708825
708826
708827
708828
708829
70883
708830
708831
708832
708833
708834
708835
708836
708837
708838
708839
70884
708840
708841
708842
708844
708845
708846
708847
708849
70885
708850
708851
708852
708853
708854
708855
708856
708857
708858
708859
70886
708860
708861
708862
708863
708864
708865
708866
708867
708868
708869
708870
708871
708872
708873
708874
708875
708876
708877
708878
708879
708880
708881
708882
708883
708884
708885
708886
708887
708888
708889
70889
708890
708891
708892
708893
708894
708897
708898
708899
70890
708901
708902
708903
708905
708908
70891
708910
708911
708912
708913
708914
708915
708916
708917
708918
708919
70892
708920
708921
708923
708925
708930
708932
708934
708935
708936
708938
70894
708940
708943
708945
708946
708947
708948
70895
708950
708951
708952
708953
708954
708955
708956
708958
708959
70896
708960
708961
708962
708963
708964
708965
708966
708967
708968
708969
70897
708970
708971
708972
708973
708974
708975
708976
708977
708978
708979
70898
708980
708981
708982
708983
708985
708986
708987
708988
708989
70899
708990
708991
708992
708993
708994
708995
708996
708997
708998
708999
709
7090
70900
709000
709001
709002
709003
709004
709005
709006
709008
709009
70901
709010
709011
709012
709013
709016
709017
709018
709019
70902
709020
709023
709024
709025
709026
709027
709028
709029
70903
709030
709031
709032
709033
709034
709035
709036
709037
709038
709039
70904
709040
709041
709042
709043
709044
709045
709046
709047
709048
709049
70905
709051
709052
709053
709054
709056
709057
709058
709059
70906
709060
709061
709062
709063
709064
709065
709066
709067
709068
709069
70907
709070
709071
709072
709073
709074
709075
709076
709077
709078
709079
70908
709080
709081
709082
709083
709084
709085
709086
709087
709088
709089
70909
709090
709091
709092
709093
709094
709095
709096
709097
709098
7091
70910
709100
709101
709102
709103
709104
709105
709106
709108
709109
70911
709110
709111
709112
709113
709115
709116
709117
709118
709119
70912
709120
709121
709123
709124
709125
709126
709127
709128
709129
70913
709130
709131
709132
709134
709135
709137
709138
709139
70914
709141
709142
709143
709144
709145
709146
709147
709148
709149
70915
709150
709151
709152
709153
709154
709156
709157
709158
709159
70916
709160
709162
709163
709164
709165
709166
709167
709168
709169
70917
709170
709171
709172
709173
709174
709175
709176
709177
709178
709179
70918
709181
709182
709183
709184
709185
709186
709187
709188
709189
70919
709190
709191
709192
709193
709194
709195
709196
709197
709198
709199
7092
70920
709200
709201
709202
709203
709204
709206
709207
709208
709209
70921
709210
709211
709212
709213
709214
709215
709216
709217
709218
709219
70922
709220
709221
709222
709223
709224
709225
709226
709228
709229
70923
709230
709232
709233
709234
709235
709236
709237
709238
709239
70924
709240
709241
709242
709243
709244
709245
709246
709247
709248
709249
70925
709250
709251
709252
709253
709254
709256
709257
709258
709259
70926
709260
709261
709262
709263
709264
709265
709266
709267
709268
709269
70927
709270
709271
709272
709273
709274
709275
709276
709277
709278
709279
70928
709280
709281
709282
709283
709284
709285
709286
709287
709288
709289
70929
709290
709291
709292
709293
709294
709295
709296
709298
7093
70930
709300
709301
709302
709303
709304
709305
709306
709307
709308
709309
70931
709310
709311
709312
709313
709314
709315
709316
709319
70932
709320
709324
709326
709327
709328
709329
709330
709331
709332
709333
709334
709335
709337
709339
70934
709341
709343
709345
709346
709347
709349
709350
709351
709352
709353
709354
709355
709356
709357
709358
709359
70936
709361
709362
709364
709366
709367
709368
709369
70937
709370
709371
709372
709373
709374
709375
709376
709377
709378
709379
70938
709380
709381
709382
709383
709384
709385
709386
709387
709388
709389
70939
709390
709391
709392
709393
709394
709395
709397
709398
709399
70940
709400
709401
709402
709403
709404
709405
709406
709407
709408
709409
70941
709410
709411
709412
709414
709415
709416
709417
709418
709419
70942
709420
709421
709422
709424
709425
709426
709427
709428
709429
70943
709430
709431
709432
709434
709435
709436
709437
709438
709439
70944
709440
709441
709442
709443
709444
709445
709446
709447
709449
70945
709450
709451
709452
709453
709454
709455
709456
709457
709458
70946
709460
709462
709463
709464
709466
709467
709468
709469
70947
709470
709471
709472
709473
709474
709475
709476
709477
709479
70948
709480
709481
709482
709483
709484
709485
709486
709487
709488
709489
70949
709490
709491
709492
709493
709495
709496
709497
709498
709499
7095
70950
709501
709502
709504
709505
709506
709507
709508
709509
70951
709510
709511
709512
709513
709514
709515
709516
709518
709519
70952
709520
709521
709522
709523
709524
709525
709526
709528
709531
709533
709536
709537
709539
70954
709540
709541
709542
709543
709544
709545
709546
709547
709548
709549
70955
709550
709551
709552
709556
709557
709558
709559
70956
709560
709561
709564
709565
709566
709567
709568
709569
70957
709570
709573
709574
709577
709578
70958
709580
709583
709584
709588
709589
70959
709590
709591
709592
709593
709594
709595
709596
709597
709598
709599
70960
709600
709602
709603
709604
709605
709606
709607
709608
709609
70961
709610
709612
709614
709615
709618
709620
709621
709623
709624
709626
709629
70963
709630
709631
709632
709633
709635
709636
709637
709638
709639
70964
709640
709641
709642
709643
709644
709645
709646
709647
709648
709649
70965
709650
709651
709652
709653
709655
709656
709657
709658
70966
709660
709661
709662
709663
709664
709665
709666
709667
709668
709669
70967
709670
709671
709672
709673
709674
709675
709676
709677
709678
709679
70968
709680
709681
709682
709684
709685
709686
709688
709689
70969
709691
709692
709693
709694
709695
709696
709698
709699
70970
709700
709701
709702
709703
709705
709707
709708
70971
709712
709713
709714
709715
709716
709717
709718
709719
70972
709721
709722
709723
709724
709725
709727
709728
70973
709730
709731
709732
709733
709734
709735
709736
709738
709739
70974
709740
709741
709742
709743
709744
709745
709747
709748
709749
70975
709752
709754
709755
709756
709757
709759
70976
709760
709761
709763
709764
709765
709766
709767
709768
709769
70977
709770
709771
709772
709773
709774
709775
709776
709778
709779
70978
709780
709781
709782
709783
709784
709785
709786
709787
709788
709789
70979
709790
709792
709793
709794
709795
709796
709797
709798
709799
70980
709800
709802
709803
709804
709805
709806
709807
709808
709809
70981
709810
709811
709812
709813
709814
709815
709816
709817
709818
709819
70982
709820
709821
709822
709823
709824
709825
709826
709827
709828
709829
70983
709830
709831
709832
709833
709834
709835
709836
709837
70984
709840
709842
709843
709845
709847
709848
709849
70985
709851
709852
709853
709856
709857
709858
709859
70986
709860
709861
709862
709863
709864
709865
709866
709867
709868
709869
70987
709870
709873
709878
70988
709880
709881
709882
709883
709884
709886
709889
70989
709890
709895
709897
709898
70990
709900
709901
709902
709903
709904
709905
709906
709907
709908
709909
70991
709910
709911
709912
709913
709914
709916
709917
709919
709920
709921
709925
709926
709927
709928
709929
70993
709930
709932
709933
709934
709935
709936
709937
709938
709939
709940
709941
709943
709944
709945
709946
709947
709948
709949
70995
709950
709951
709952
709953
709954
709955
709956
709957
709958
709959
70996
709960
709961
709962
709963
709964
709965
709966
709967
709968
709969
70997
709970
709971
709972
709974
709975
709976
709977
709978
709979
70998
709980
709981
709982
709983
709984
709985
709986
709987
709988
709989
70999
709990
709991
709992
709994
709995
709996
709997
709998
709999
71
710
710001
710002
710003
710004
710005
710006
710007
710008
71001
710011
710012
710013
710014
710015
710016
710017
710018
710019
71002
710020
710021
710022
710024
710025
710026
710027
710029
710030
710031
710033
710034
710035
710036
71004
710040
710041
710042
710043
710044
710045
710046
710047
710048
710049
71005
710050
710051
710053
710054
710055
710056
710057
710058
710059
71006
710060
710061
710062
710063
710064
710065
710066
710067
710068
710069
71007
710072
710073
710074
710075
710076
710077
710078
710079
710080
710082
710083
710084
710085
710087
710088
710089
710090
710091
710092
710094
710095
710096
710097
710098
710099
71010
710100
710102
710103
710104
710105
710106
710108
710109
71011
710110
710111
710112
710113
710114
710115
710116
710118
710119
71012
710120
710121
710122
710123
710124
710125
710126
710127
710128
710129
71013
710130
710131
710132
710133
710134
710135
710136
710137
710138
710139
710140
710141
710142
710143
710144
710145
710146
710147
710148
710149
710150
710151
710152
710154
710155
710156
710157
710158
710159
71016
710160
710161
710162
710163
710164
710165
710166
710167
710168
710169
71017
710170
710171
710172
710173
710174
710175
710176
710177
710178
710179
71018
710180
710181
710182
710183
710184
710185
710186
710187
710188
710189
71019
710190
710191
710192
710193
710194
710195
710196
710197
710198
710199
71020
710200
710201
710202
710203
710204
710205
710206
710207
710208
710209
71021
710210
710211
710212
710213
710215
710216
710217
710218
710219
71022
710220
710221
710222
710223
710224
710225
710226
710227
710228
710229
71023
710230
710232
710234
710235
710236
710238
710239
71024
710240
710241
710242
710244
710245
710246
710247
710248
710249
71025
710250
710251
710252
710253
710254
710255
710256
710257
710258
710259
71026
710260
710261
710262
710263
710264
710266
710267
710268
710269
71027
710270
710271
710272
710273
710274
710275
710276
710277
710278
710279
71028
710281
710282
710283
710284
710285
710286
710287
710289
71029
710290
710291
710292
710293
710294
710295
710296
710297
710298
710299
71030
710300
710304
