829066
829067
829068
829069
829070
829071
829075
829077
829078
829079
829080
829081
829082
829083
829084
829085
829086
829087
829088
829089
829090
829091
829092
829093
829094
829095
829096
829097
829098
829099
829100
829101
829103
829104
829106
829107
829108
829110
829111
829112
829113
829115
829116
829117
829118
829119
829120
829121
829122
829123
829124
829125
829126
829127
829128
829129
829130
829131
829132
829133
829134
829135
829136
829137
829138
829139
829140
829141
829142
829143
829144
829145
829146
829147
829148
829150
829151
829152
829153
829154
829155
829156
829158
829159
829160
829161
829162
829164
829165
829166
829167
829168
829169
829170
829171
829172
829173
829174
829175
829176
829177
829178
829179
829180
829181
829182
829183
829184
829185
829186
829187
829188
829189
829190
829191
829192
829193
829194
829195
829196
829197
829198
829199
829200
829201
829202
829203
829204
829205
829206
829207
829209
829210
829211
829212
829213
829214
829215
829216
829217
829218
829219
829220
829221
829222
829223
829224
829225
829226
829227
829228
829229
829230
829231
829232
829234
829235
829236
829237
829238
829239
829240
829241
829242
829243
829244
829245
829246
829247
829248
829249
829250
829251
829252
829253
829254
829255
829256
829257
829259
829260
829261
829262
829263
829264
829265
829266
829267
829268
829269
829270
829271
829272
829273
829274
829275
829276
829277
829278
829279
829280
829281
829283
829289
829290
829291
829292
829293
829294
829295
829296
829297
829300
829301
829302
829304
829305
829307
829308
829310
829311
829312
829314
829315
829316
829317
829318
829319
829320
829321
829322
829323
829324
829325
829326
829327
829328
829329
829331
829332
829333
829334
829335
829336
829337
829339
829340
829341
829342
829343
829344
829345
829346
829347
829348
829351
829353
829354
829355
829356
829357
829358
829359
829360
829361
829362
829363
829364
829365
829366
829367
829368
829370
829372
829373
829374
829375
829376
829377
829378
829379
829380
829381
829382
829383
829384
829385
829386
829387
829388
829389
829390
829391
829392
829393
829394
829395
829396
829398
829399
829400
829401
829402
829403
829404
829405
829406
829407
829409
829410
829411
829412
829413
829417
829418
829419
829420
829422
829423
829424
829425
829426
829427
829428
829429
829430
829431
829432
829433
829434
829435
829436
829437
829438
829439
829440
829441
829443
829445
829446
829447
829448
829449
829451
829452
829453
829454
829455
829456
829459
829461
829462
829464
829465
829467
829468
829469
829471
829472
829473
829476
829477
829478
829479
829480
829481
829482
829483
829484
829485
829486
829487
829488
829489
829490
829491
829492
829493
829494
829495
829496
829497
829498
829499
829503
829504
829505
829506
829507
829508
829509
829510
829511
829512
829513
829514
829517
829519
829520
829521
829522
829523
829524
829525
829526
829527
829528
829529
829530
829531
829532
829533
829534
829535
829536
829537
829539
829540
829541
829542
829543
829544
829545
829546
829548
829549
829550
829551
829552
829553
829554
829555
829556
829557
829558
829559
829560
829562
829563
829564
829565
829566
829567
829568
829569
829570
829572
829573
829574
829575
829576
829577
829578
829579
829580
829581
829582
829583
829584
829585
829586
829587
829588
829589
829590
829591
829592
829593
829594
829595
829596
829597
829598
829599
829600
829601
829602
829603
829604
829605
829606
829607
829608
829609
829610
829612
829614
829615
829616
829617
829618
829619
829620
829621
829622
829623
829624
829625
829626
829627
829628
829629
829630
829631
829632
829634
829635
829636
829637
829638
829639
829640
829641
829642
829643
829646
829647
829649
829650
829651
829652
829653
829654
829655
829656
829657
829658
829659
829660
829661
829662
829663
829664
829665
829666
829667
829668
829669
829670
829671
829672
829673
829674
829675
829676
829677
829678
829679
829680
829681
829682
829683
829684
829685
829686
829687
829688
829689
829690
829691
829692
829693
829694
829695
829696
829697
829698
829699
829700
829701
829702
829703
829704
829705
829706
829708
829709
829710
829711
829712
829713
829714
829715
829716
829717
829718
829719
829720
829721
829722
829724
829725
829726
829727
829728
829729
829730
829731
829732
829733
829734
829735
829736
829739
829741
829742
829743
829744
829745
829746
829747
829748
829749
829750
829751
829752
829753
829754
829755
829756
829757
829758
829759
829760
829761
829762
829763
829764
829765
829766
829767
829768
829769
829770
829771
829772
829773
829774
829775
829776
829777
829778
829779
829780
829785
829786
829787
829788
829789
829790
829793
829796
829797
829798
829799
829800
829801
829802
829804
829805
829806
829808
829809
829810
829812
829813
829814
829815
829816
829817
829818
829819
829820
829821
829822
829823
829824
829826
829827
829828
829829
829830
829831
829832
829833
829834
829836
829837
829838
829839
829840
829841
829842
829843
829844
829845
829846
829847
829848
829849
829850
829851
829852
829853
829854
829855
829856
829857
829860
829861
829862
829863
829864
829869
829872
829873
829874
829875
829876
829877
829878
829879
829880
829881
829882
829883
829884
829885
829886
829887
829888
829889
829890
829891
829892
829893
829894
829895
829896
829897
829898
829899
829900
829901
829902
829903
829904
829905
829906
829907
829908
829909
829910
829912
829913
829914
829915
829916
829917
829919
829920
829921
829922
829923
829924
829925
829926
829927
829928
829929
829930
829931
829932
829933
829934
829935
829936
829937
829938
829939
829940
829941
829942
829943
829944
829945
829946
829947
829948
829949
829950
829951
829952
829953
829954
829955
829956
829957
829958
829959
829960
829961
829962
829963
829964
829965
829967
829968
829969
829970
829971
829972
829973
829974
829976
829977
829978
829980
829981
829983
829984
829985
829986
829987
829988
829989
829990
829991
829992
829993
829994
829995
829996
829997
829998
829999
830001
830002
830003
830004
830005
830006
830008
830009
830010
830011
830012
830013
830015
830016
830017
830019
830020
830021
830022
830023
830024
830025
830026
830027
830028
830029
830030
830031
830032
830033
830034
830035
830036
830037
830038
830039
830040
830041
830042
830043
830044
830045
830046
830047
830048
830049
830050
830051
830052
830053
830054
830055
830056
830057
830058
830059
830060
830061
830062
830063
830064
830065
830066
830067
830068
830069
830070
830071
830072
830073
830075
830076
830077
830078
830079
830080
830081
830082
830083
830084
830085
830086
830087
830088
830089
830090
830091
830092
830093
830094
830095
830096
830097
830098
830099
830101
830102
830103
830104
830105
830108
830109
830110
830111
830112
830113
830114
830117
830118
830120
830122
830123
830124
830125
830126
830127
830128
830129
830130
830131
830132
830133
830134
830135
830136
830137
830138
830139
830140
830141
830143
830144
830145
830146
830147
830148
830149
830150
830151
830152
830155
830157
830158
830159
830160
830162
830163
830164
830165
830166
830169
830170
830171
830172
830173
830174
830175
830176
830177
830178
830180
830181
830182
830183
830184
830185
830186
830187
830188
830189
830190
830191
830192
830193
830194
830195
830196
830197
830198
830199
830200
830201
830202
830203
830205
830206
830207
830208
830209
830210
830211
830212
830213
830214
830215
830216
830217
830218
830219
830220
830221
830222
830223
830224
830225
830226
830227
830228
830229
830230
830231
830232
830233
830234
830235
830237
830238
830239
830241
830242
830243
830244
830245
830246
830247
830248
830249
830250
830251
830252
830253
830255
830257
830258
830259
830260
830261
830262
830264
830265
830266
830268
830269
830270
830271
830273
830274
830275
830276
830277
830280
830281
830286
830289
830290
830291
830292
830293
830294
830295
830296
830297
830298
830299
830300
830301
830302
830303
830304
830306
830307
830308
830310
830311
830312
830313
830314
830316
830317
830319
830322
830324
830325
830326
830328
830330
830332
830333
830334
830335
830336
830337
830338
830339
830341
830343
830344
830345
830346
830347
830348
830349
830351
830352
830353
830354
830355
830356
830357
830358
830359
830360
830361
830362
830364
830365
830366
830367
830368
830369
830370
830371
830372
830373
830374
830375
830376
830377
830379
830380
830381
830382
830383
830384
830385
830386
830387
830388
830389
830390
830391
830392
830393
830394
830395
830397
830398
830399
830400
830401
830402
830403
830404
830405
830406
830407
830408
830409
830410
830411
830413
830414
830416
830417
830418
830419
830420
830421
830422
830423
830424
830425
830426
830427
830428
830429
830431
830432
830434
830435
830436
830437
830438
830439
830440
830441
830442
830443
830444
830445
830446
830447
830448
830449
830450
830451
830452
830453
830454
830463
830464
830468
830469
830470
830471
830474
830475
830476
830477
830478
830479
830480
830481
830482
830483
830484
830485
830486
830488
830489
830490
830491
830493
830494
830496
830497
830498
830499
830500
830501
830502
830503
830504
830505
830506
830507
830508
830510
830511
830512
830513
830514
830515
830516
830517
830518
830519
830520
830521
830523
830524
830526
830528
830529
830531
830532
830533
830535
830536
830538
830539
830541
830543
830545
830546
830547
830548
830549
830550
830551
830552
830553
830554
830555
830556
830557
830559
830560
830561
830564
830565
830567
830568
830569
830570
830571
830572
830573
830574
830575
830576
830577
830578
830579
830580
830581
830582
830583
830584
830585
830586
830587
830589
830590
830592
830593
830594
830595
830596
830597
830598
830599
830600
830602
830603
830605
830606
830607
830608
830609
830610
830611
830612
830613
830617
830620
830621
830622
830623
830624
830625
830626
830627
830628
830629
830630
830631
830632
830633
830634
830635
830636
830637
830638
830639
830640
830641
830642
830643
830644
830645
830646
830647
830648
830649
830651
830653
830655
830656
830657
830658
830659
830661
830662
830663
830664
830665
830666
830667
830668
830669
830670
830672
830673
830674
830675
830676
830677
830678
830679
830680
830681
830683
830684
830685
830686
830690
830691
830692
830693
830694
830695
830696
830697
830698
830699
830700
830701
830702
830704
830705
830706
830708
830709
830710
830711
830712
830713
830715
830716
830718
830719
830721
830722
830723
830724
830725
830726
830727
830728
830730
830731
830732
830733
830734
830735
830736
830737
830738
830739
830740
830741
830742
830744
830745
830746
830747
830748
830749
830750
830751
830752
830753
830754
830755
830756
830757
830758
830759
830760
830761
830762
830763
830764
830765
830766
830767
830768
830769
830770
830771
830772
830773
830774
830775
830776
830777
830778
830779
830780
830781
830782
830783
830784
830785
830786
830787
830788
830790
830791
830792
830794
830795
830796
830797
830798
830799
830800
830801
830802
830803
830804
830805
830806
830807
830808
830809
830810
830811
830812
830813
830814
830815
830816
830817
830818
830819
830820
830821
830822
830823
830824
830825
830826
830827
830831
830832
830833
830834
830835
830836
830837
830838
830840
830843
830844
830845
830846
830847
830848
830849
830851
830853
830854
830855
830856
830857
830858
830859
830860
830861
830862
830863
830864
830865
830866
830867
830868
830869
830870
830871
830872
830873
830874
830875
830876
830877
830878
830879
830880
830882
830883
830884
830885
830886
830887
830888
830889
830890
830891
830892
830893
830894
830895
830896
830897
830898
830899
830901
830902
830903
830904
830905
830906
830907
830908
830909
830910
830911
830912
830913
830914
830915
830916
830917
830918
830919
830920
830921
830922
830923
830924
830925
830926
830927
830929
830930
830931
830932
830933
830934
830935
830936
830937
830938
830939
830940
830941
830942
830943
830945
830946
830947
830948
830949
830951
830952
830953
830954
830955
830956
830957
830958
830959
830960
830961
830962
830963
830964
830965
830966
830967
830968
830969
830971
830972
830973
830976
830978
830979
830980
830981
830982
830983
830984
830985
830986
830987
830988
830989
830991
830992
830993
830994
830995
830996
830997
830998
830999
831000
831001
831003
831006
831007
831008
831009
831010
831011
831012
831013
831014
831015
831016
831017
831019
831020
831021
831022
831023
831024
831025
831026
831027
831028
831029
831030
831031
831032
831034
831035
831039
831040
831041
831042
831043
831044
831045
831046
831047
831048
831049
831050
831051
831052
831053
831054
831055
831056
831057
831058
831059
831060
831061
831062
831063
831064
831065
831066
831067
831069
831070
831071
831072
831073
831074
831075
831076
831077
831078
831079
831080
831081
831082
831083
831084
831085
831086
831087
831088
831089
831090
831091
831092
831095
831097
831098
831099
831100
831102
831103
831104
831105
831106
831107
831108
831109
831110
831111
831112
831113
831114
831115
831117
831118
831119
831120
831121
831122
831123
831125
831126
831127
831128
831129
831130
831131
831132
831134
831135
831136
831137
831138
831139
831140
831141
831142
831143
831144
831145
831146
831147
831148
831149
831150
831151
831152
831153
831154
831156
831157
831158
831160
831161
831162
831165
831166
831168
831171
831172
831173
831175
831176
831177
831178
831179
831180
831181
831182
831183
831184
831185
831186
831188
831189
831190
831191
831192
831193
831194
831195
831196
831197
831198
831199
831200
831201
831202
831203
831205
831206
831207
831208
831209
831210
831211
831212
831213
831214
831215
831216
831217
831218
831219
831220
831221
831222
831223
831224
831225
831226
831227
831228
831229
831230
831231
831232
831233
831234
831235
831237
831238
831239
831240
831241
831242
831243
831244
831245
831246
831247
831248
831249
831252
831253
831254
831255
831256
831257
831258
831259
831260
831261
831264
831265
831266
831267
831268
831269
831270
831271
831272
831273
831274
831275
831276
831277
831278
831279
831280
831281
831282
831283
831284
831285
831286
831287
831288
831289
831291
831292
831293
831294
831295
831296
831297
831298
831300
831301
831302
831303
831304
831305
831306
831307
831308
831309
831310
831311
831312
831313
831314
831315
831318
831319
831320
831321
831322
831323
831324
831325
831326
831327
831328
831329
831330
831331
831332
831333
831334
831335
831336
831337
831338
831339
831340
831341
831342
831343
831344
831345
831346
831349
831351
831352
831353
831354
831355
831356
831357
831358
831359
831361
831362
831364
831365
831366
831367
831368
831369
831370
831371
831372
831373
831374
831375
831376
831377
831378
831379
831380
831381
831382
831383
831385
831386
831387
831388
831389
831390
831391
831392
831393
831395
831396
831397
831398
831399
831400
831401
831402
831403
831404
831405
831406
831407
831408
831409
831410
831411
831412
831413
831414
831416
831417
831418
831419
831420
831421
831422
831423
831424
831425
831426
831428
831429
831430
831431
831433
831434
831436
831437
831438
831439
831440
831441
831442
831444
831445
831446
831448
831452
831453
831454
831455
831456
831457
831458
831459
831460
831461
831462
831463
831466
831468
831469
831470
831472
831473
831474
831475
831477
831478
831479
831480
831481
831482
831483
831484
831485
831486
831487
831488
831489
831490
831491
831492
831493
831494
831495
831496
831497
831498
831500
831501
831504
831505
831506
831507
831508
831509
831510
831511
831512
831513
831514
831515
831516
831517
831518
831520
831521
831525
831527
831528
831529
831530
831531
831532
831533
831534
831535
831536
831537
831538
831539
831540
831541
831542
831543
831544
831545
831546
831547
831548
831549
831550
831551
831552
831553
831554
831555
831557
831558
831559
831560
831561
831562
831563
831564
831565
831566
831567
831568
831569
831571
831572
831573
831574
831575
831576
831577
831578
831579
831580
831581
831582
831583
831584
831586
831587
831588
831589
831590
831591
831592
831593
831594
831595
831596
831597
831598
831599
831600
831601
831602
831603
831604
831605
831606
831607
831608
831609
831610
831611
831612
831614
831615
831616
831617
831618
831619
831620
831621
831622
831623
831624
831625
831626
831627
831629
831630
831631
831632
831634
831635
831636
831637
831638
831639
831640
831641
831642
831643
831644
831645
831646
831647
831648
831649
831650
831651
831652
831653
831654
831655
831656
831657
831658
831659
831660
831661
831662
831663
831664
831665
831666
831667
831668
831669
831670
831671
831672
831673
831674
831675
831676
831677
831678
831680
831682
831683
831684
831685
831686
831687
831689
831690
831691
831692
831693
831694
831695
831696
831697
831698
831699
831700
831701
831702
831703
831704
831705
831706
831707
831708
831709
831710
831711
831712
831713
831714
831716
831717
831719
831720
831721
831722
831723
831724
831725
831726
831727
831728
831729
831730
831731
831732
831733
831734
831735
831736
831737
831738
831739
831741
831742
831743
831744
831745
831746
831747
831748
831749
831750
831751
831752
831753
831754
831755
831756
831757
831758
831759
831760
831761
831762
831763
831765
831766
831767
831768
831769
831770
831771
831772
831773
831775
831776
831778
831779
831780
831781
831782
831783
831784
831785
831786
831787
831788
831789
831790
831791
831792
831794
831795
831799
831800
831801
831802
831803
831806
831807
831809
831810
831811
831812
831813
831814
831815
831817
831818
831819
831820
831821
831822
831823
831824
831825
831827
831828
831829
831830
831831
831832
831834
831835
831836
831837
831838
831839
831840
831841
831842
831843
831844
831845
831846
831847
831848
831849
831850
831851
831852
831853
831855
831856
831857
831858
831860
831861
831862
831863
831865
831866
831867
831868
831869
831870
831871
831872
831873
831874
831875
831876
831877
831878
831879
831880
831881
831882
831883
831884
831885
831886
831887
831888
831889
831890
831891
831892
831893
831894
831895
831896
831897
831898
831899
831900
831901
831902
831903
831904
831905
831906
831907
831908
831909
831910
831911
831912
831914
831915
831916
831917
831918
831919
831920
831922
831924
831925
831926
831927
831928
831929
831930
831931
831932
831933
831934
831935
831938
831940
831941
831942
831943
831944
831945
831946
831949
831950
831951
831952
831953
831954
831955
831956
831957
831959
831960
831962
831963
831964
831967
831968
831969
831970
831971
831972
831973
831974
831975
831976
831977
831978
831979
831980
831981
831982
831983
831984
831985
831986
831987
831988
831989
831990
831991
831992
831993
831994
831995
831996
831997
831998
831999
832000
832001
832002
832004
832005
832006
832008
832009
832010
832011
832012
832013
832014
832015
832016
832017
832018
832019
832020
832021
832022
832023
832025
832027
832028
832029
832030
832031
832032
832033
832034
832035
832036
832037
832038
832039
832040
832041
832042
832043
832044
832045
832046
832047
832048
832049
832050
832051
832052
832053
832054
832056
832057
832058
832059
832061
832063
832064
832066
832067
832068
832070
832072
832073
832074
832075
832076
832077
832078
832079
832080
832081
832082
832083
832084
832085
832086
832088
832089
832090
832091
832092
832093
832094
832096
832097
832098
832099
832100
832102
832103
832104
832105
832106
832107
832108
832109
832110
832111
832112
832113
832114
832115
832119
832120
832121
832122
832124
832125
832127
832128
832130
832132
832133
832134
832135
832136
832137
832138
832139
832140
832142
832143
832144
832145
832146
832147
832148
832149
832150
832151
832152
832153
832154
832155
832156
832157
832159
832160
832161
832162
832163
832164
832165
832166
832167
832168
832170
832171
832172
832173
832174
832175
832176
832177
832178
832179
832180
832181
832182
832184
832186
832187
832188
832189
832190
832192
832193
832194
832195
832196
832197
832198
832199
832201
832202
832203
832204
832205
832206
832207
832208
832209
832210
832211
832212
832214
832215
832216
832218
832219
832220
832221
832222
832223
832224
832225
832227
832228
832229
832230
832231
832232
832233
832234
832236
832237
832238
832239
832240
832243
832245
832246
832247
832250
832251
832252
832254
832255
832256
832257
832258
832259
832260
832261
832262
832263
832265
832266
832267
832269
832270
832271
832272
832273
832274
832275
832276
832277
832278
832279
832280
832281
832282
832284
832285
832286
832287
832288
832289
832290
832291
832293
832294
832295
832296
832297
832298
832299
832300
832301
832302
832303
832304
832305
832306
832307
832308
832309
832310
832311
832312
832313
832314
832315
832316
832317
832318
832319
832320
832321
832322
832323
832324
832325
832326
832327
832328
832329
832330
832331
832332
832333
832334
832335
832336
832337
832338
832339
832341
832342
832343
832344
832345
832346
832347
832348
832349
832350
832351
832352
832353
832354
832355
832356
832357
832358
832359
832360
832361
832362
832363
832364
832365
832366
832367
832368
832369
832370
832371
832372
832373
832374
832375
832376
832377
832378
832379
832381
832382
832385
832386
832387
832388
832389
832390
832391
832392
832393
832394
832395
832396
832397
832398
832399
832400
832401
832402
832403
832404
832405
832407
832408
832409
832410
832411
832413
832414
832415
832416
832417
832418
832419
832420
832421
832422
832423
832424
832425
832426
832427
832428
832429
832430
832431
832432
832434
832436
832437
832438
832440
832441
832442
832443
832444
832445
832446
832447
832448
832449
832450
832451
832452
832453
832454
832455
832456
832457
832458
832459
832460
832461
832463
832465
832466
832467
832468
832470
832471
832472
832473
832474
832475
832476
832477
832478
832479
832480
832481
832482
832484
832486
832487
832488
832489
832490
832491
832492
832493
832494
832495
832496
832497
832498
832499
832500
832501
832502
832504
832505
832506
832507
832508
832509
832510
832511
832512
832513
832514
832515
832516
832517
832518
832519
832521
832523
832524
832525
832526
832527
832528
832529
832530
832531
832532
832533
832534
832535
832536
832537
832538
832539
832540
832541
832542
832543
832544
832545
832546
832547
832549
832550
832551
832552
832553
832554
832555
832557
832558
832559
832561
832563
832564
832565
832566
832567
832569
832570
832571
832572
832573
832574
832575
832576
832577
832578
832579
832580
832581
832583
832584
832585
832586
832587
832588
832590
832592
832593
832594
832595
832596
832597
832598
832599
832600
832601
832602
832604
832605
832606
832607
832608
832609
832610
832611
832612
832613
832614
832615
832616
832617
832618
832619
832620
832621
832622
832623
832624
832625
832627
832628
832629
832630
832631
832632
832633
832634
832635
832636
832637
832638
832639
832640
832641
832642
832643
832644
832645
832646
832647
832648
832649
832650
832651
832652
832653
832654
832655
832657
832658
832659
832660
832661
832663
832664
832665
832667
832668
832669
832670
832671
832672
832673
832674
832675
832676
832677
832678
832679
832680
832681
832682
832683
832688
832689
832690
832691
832692
832693
832695
832696
832697
832698
832699
832700
832701
832702
832703
832705
832706
832707
832708
832709
832710
832711
832712
832713
832714
832715
832716
832717
832718
832719
832720
832721
832723
832724
832725
832726
832727
832728
832729
832730
832731
832732
832733
832734
832735
832736
832737
832738
832739
832740
832741
832742
832743
832744
832745
832746
832747
832748
832749
832750
832751
832752
832754
832755
832756
832757
832758
832759
832760
832762
832763
832764
832766
832768
832769
832770
832771
832772
832773
832774
832775
832776
832777
832779
832780
832781
832784
832785
832786
832787
832788
832789
832790
832791
832792
832793
832794
832796
832797
832798
832799
832800
832801
832802
832803
832804
832805
832806
832807
832808
832809
832810
832811
832814
832815
832816
832817
832818
832819
832820
832821
832822
832823
832824
832825
832826
832827
832828
832829
832830
832831
832832
832833
832834
832835
832837
832838
832839
832840
832841
832842
832843
832844
832845
832846
832847
832848
832849
832850
832851
832852
832853
832854
832855
832856
832857
832858
832859
832860
832861
832862
832863
832864
832865
832866
832867
832868
832870
832873
832874
832875
832876
832878
832880
832881
832882
832883
832885
832886
832888
832889
832890
832891
832892
832893
832894
832895
832896
832897
832898
832899
832900
832901
832902
832903
832905
832906
832908
832909
832910
832911
832912
832913
832914
832915
832916
832918
832919
832920
832921
832922
832923
832924
832925
832926
832927
832928
832929
832930
832931
832932
832933
832934
832935
832936
832937
832939
832940
832941
832943
832944
832945
832947
832948
832949
832950
832951
832952
832953
832955
832956
832957
832958
832959
832960
832961
832962
832963
832964
832965
832966
832967
832968
832969
832970
832971
832972
832973
832975
832976
832977
832978
832979
832980
832981
832982
832983
832984
832985
832986
832987
832988
832989
832990
832991
832992
832993
832995
832996
832997
832998
832999
833000
833001
833002
833003
833004
833005
833006
833007
833008
833009
833010
833011
833012
833013
833014
833015
833016
833018
833019
833020
833021
833022
833023
833025
833026
833027
833029
833030
833031
833032
833033
833034
833035
833036
833037
833038
833039
833041
833042
833043
833044
833045
833046
833047
833048
833049
833050
833051
833052
833053
833054
833055
833056
833057
833058
833059
833060
833061
833062
833063
833064
833065
833066
833067
833068
833069
833070
833071
833074
833075
833078
833079
833080
833082
833083
833084
833085
833086
833087
833088
833089
833090
833091
833092
833093
833094
833095
833096
833097
833098
833099
833100
833101
833102
833103
833104
833105
833106
833107
833108
833110
833111
833112
833113
833114
833115
833116
833117
833118
833119
833121
833122
833123
833124
833125
833126
833127
833128
833129
833130
833131
833132
833133
833134
833135
833136
833137
833138
833139
833140
833141
833142
833143
833145
833146
833147
833148
833149
833150
833152
833153
833154
833155
833156
833158
833159
833160
833161
833162
833164
833165
833166
833167
833168
833169
833170
833171
833172
833173
833174
833175
833176
833177
833178
833179
833180
833181
833182
833183
833184
833186
833187
833189
833190
833191
833192
833193
833194
833195
833196
833197
833198
833199
833200
833202
833203
833204
833205
833206
833208
833209
833210
833211
833212
833213
833214
833215
833216
833217
833218
833220
833221
833223
833225
833226
833227
833228
833229
833230
833231
833232
833233
833234
833235
833236
833237
833238
833239
833240
833241
833242
833243
833244
833245
833247
833249
833250
833251
833252
833253
833254
833255
833256
833257
833258
833259
833260
833261
833262
833263
833264
833266
833267
833268
833269
833270
833271
833272
833273
833274
833275
833276
833277
833278
833279
833280
833281
833282
833283
833286
833288
833290
833291
833292
833296
833298
833299
833300
833301
833302
833303
833304
833305
833307
833308
833309
833310
833311
833312
833314
833315
833316
833317
833318
833319
833320
833321
833322
833323
833324
833326
833328
833329
833331
833333
833334
833335
833336
833337
833338
833339
833341
833342
833345
833346
833347
833348
833349
833350
833351
833352
833353
833354
833355
833356
833357
833358
833359
833361
833362
833363
833364
833365
833367
833368
833369
833370
833371
833372
833373
833374
833375
833376
833377
833378
833379
833380
833381
833383
833384
833385
833386
833387
833388
833389
833391
833392
833393
833394
833395
833396
833397
833398
833399
833400
833401
833402
833403
833404
833405
833407
833408
833409
833411
833412
833413
833414
833416
833417
833418
833419
833420
833421
833422
833423
833424
833425
833427
833428
833429
833430
833431
833432
833433
833434
833436
833437
833438
833439
833440
833441
833442
833443
833444
833445
833446
833447
833449
833450
833451
833452
833453
833454
833455
833456
833457
833458
833459
833460
833461
833462
833463
833464
833465
833466
833467
833468
833469
833470
833471
833473
833474
833475
833478
833479
833480
833481
833482
833483
833484
833485
833486
833487
833490
833491
833492
833493
833494
833495
833496
833497
833498
833499
833500
833501
833502
833503
833504
833505
833506
833507
833508
833509
833510
833511
833512
833513
833514
833516
833517
833518
833519
833520
833521
833522
833523
833524
833525
833526
833527
833528
833529
833530
833531
833532
833533
833534
833535
833536
833537
833538
833539
833541
833543
833544
833545
833546
833547
833548
833549
833551
833552
833553
833554
833555
833556
833558
833559
833560
833561
833562
833563
833564
833565
833566
833567
833568
833569
833570
833571
833572
833573
833574
833575
833576
833577
833578
833579
833580
833581
833582
833583
833584
833585
833586
833587
833588
833589
833590
833591
833592
833593
833594
833595
833596
833597
833598
833599
833600
833601
833602
833603
833604
833605
833606
833607
833608
833610
833611
833613
833614
833615
833616
833617
833618
833620
833621
833622
833623
833624
833625
833626
833627
833628
833631
833632
833633
833634
833636
833637
833638
833639
833640
833641
833643
833644
833645
833646
833647
833650
833651
833652
833653
833654
833655
833656
833657
833658
833659
833660
833661
833662
833663
833664
833665
833666
833667
833668
833669
833670
833671
833672
833673
833674
833675
833676
833677
833678
833679
833680
833681
833682
833683
833684
833686
833687
833688
833689
833690
833692
833693
833694
833696
833697
833698
833699
833700
833701
833702
833703
833704
833705
833706
833707
833708
833709
833710
833711
833712
833713
833714
833716
833717
833718
833719
833720
833721
833722
833724
833725
833726
833727
833728
833729
833730
833731
833732
833733
833734
833735
833736
833737
833738
833739
833740
833741
833742
833743
833744
833745
833746
833747
833748
833749
833750
833751
833752
833753
833754
833755
833757
833759
833760
833761
833762
833763
833765
833766
833769
833770
833771
833773
833774
833775
833779
833780
833781
833784
833785
833786
833787
833788
833790
833791
833792
833794
833795
833796
833797
833798
833799
833800
833802
833803
833804
833809
833810
833811
833812
833813
833814
833817
833818
833819
833820
833822
833823
833824
833825
833826
833827
833828
833830
833831
833832
833833
833835
833836
833837
833838
833839
833840
833843
833847
833848
833849
833851
833852
833854
833855
833856
833857
833858
833859
833860
833861
833863
833865
833867
833868
833869
833870
833871
833872
833873
833874
833875
833876
833877
833878
833879
833880
833881
833883
833884
833885
833886
833887
833888
833889
833890
833891
833892
833893
833894
833895
833896
833897
833898
833899
833900
833901
833902
833903
833904
833905
833906
833907
833908
833909
833910
833911
833913
833914
833915
833916
833917
833918
833919
833920
833921
833922
833923
833924
833925
833926
833927
833928
833929
833930
833931
833932
833933
833934
833935
833937
833938
833939
833940
833941
833942
833943
833946
833948
833949
833950
833951
833952
833953
833954
833955
833956
833957
833958
833959
833960
833961
833962
833963
833964
833965
833966
833967
833968
833969
833970
833971
833972
833973
833974
833975
833977
833978
833979
833980
833981
833982
833983
833984
833985
833986
833987
833988
833989
833990
833991
833992
833993
833994
833995
833999
834000
834001
834002
834003
834004
834005
834006
834007
834008
834009
834010
834011
834012
834013
834014
834015
834016
834017
834018
834019
834020
834021
834022
834023
834024
834025
834026
834027
834028
834029
834031
834032
834033
834034
834035
834036
834037
834039
834040
834041
834042
834043
834045
834046
834047
834048
834049
834050
834051
834052
834055
834056
834057
834059
834060
834061
834062
834063
834064
834065
834066
834069
834071
834073
834074
834075
834077
834078
834079
834080
834081
834083
834084
834085
834086
834087
834089
834090
834091
834092
834093
834094
834095
834096
834097
834098
834099
834100
834101
834102
834103
834104
834105
834106
834107
834108
834109
834110
834111
834112
834113
834114
834115
834116
834117
834118
834119
834121
834122
834123
834124
834125
834126
834127
834128
834129
834130
834131
834132
834133
834134
834135
834136
834137
834138
834139
834140
834141
834142
834143
834144
834145
834146
834147
834148
834149
834150
834152
834153
834155
834156
834157
834158
834159
834160
834162
834163
834165
834166
834168
834169
834170
834171
834172
834173
834175
834176
834177
834179
834180
834181
834182
834183
834184
834185
834186
834187
834188
834189
834190
834191
834192
834193
834194
834195
834196
834198
834199
834200
834201
834202
834203
834204
834205
834206
834207
834208
834209
834210
834211
834212
834213
834214
834215
834216
834217
834218
834219
834220
834221
834222
834226
834227
834228
834229
834230
834231
834232
834233
834234
834235
834236
834238
834239
834241
834243
834244
834245
834246
834247
834248
834249
834250
834252
834254
834256
834257
834259
834260
834261
834262
834263
834264
834265
834266
834268
834269
834270
834271
834272
834273
834274
834275
834276
834277
834279
834280
834281
834282
834284
834286
834287
834288
834289
834290
834291
834292
834293
834294
834295
834296
834297
834298
834299
834300
834301
834302
834303
834304
834305
834306
834307
834308
834309
834311
834312
834313
834314
834316
834317
834318
834319
834320
834321
834322
834323
834324
834325
834326
834327
834328
834329
834330
834331
834332
834333
834334
834335
834336
834337
834338
834339
834340
834341
834342
834343
834345
834347
834349
834350
834351
834352
834353
834354
834355
834356
834357
834358
834359
834361
834362
834363
834365
834366
834367
834368
834369
834370
834371
834372
834373
834374
834375
834376
834377
834378
834379
834380
834381
834383
834384
834385
834386
834387
834389
834390
834391
834392
834393
834394
834395
834396
834397
834398
834399
834400
834402
834403
834404
834405
834406
834407
834408
834409
834411
834412
834413
834414
834415
834416
834417
834418
834419
834420
834421
834422
834423
834424
834425
834426
834427
834428
834429
834430
834432
834433
834434
834436
834437
834438
834442
834443
834444
834445
834446
834447
834448
834449
834450
834451
834452
834453
834454
834455
834457
834458
834460
834462
834463
834464
834466
834467
834468
834469
834470
834471
834473
834474
834475
834476
834477
834478
834479
834480
834481
834482
834483
834484
834486
834487
834488
834489
834490
834491
834492
834493
834494
834496
834497
834498
834499
834500
834502
834503
834504
834505
834506
834507
834508
834509
834511
834512
834513
834514
834515
834516
834517
834518
834519
834520
834522
834523
834525
834526
834527
834528
834529
834530
834531
834532
834533
834534
834535
834536
834537
834538
834539
834540
834541
834542
834543
834544
834545
834546
834547
834548
834549
834552
834553
834555
834557
834559
834560
834561
834562
834565
834566
834567
834568
834569
834570
834571
834572
834573
834574
834575
834576
834577
834578
834579
834581
834582
834583
834584
834585
834586
834587
834588
834589
834590
834592
834593
834594
834595
834597
834598
834599
834600
834601
834602
834603
834604
834605
834606
834607
834608
834609
834610
834611
834612
834613
834614
834616
834618
834619
834621
834622
834623
834624
834625
834627
834628
834629
834630
834631
834632
834633
834634
834635
834636
834637
834638
834639
834640
834641
834642
834643
834644
834645
834646
834647
834648
834649
834650
834652
834653
834654
834655
834656
834657
834658
834659
834660
834661
834662
834663
834664
834665
834666
834667
834669
834670
834671
834672
834673
834674
834675
834676
834677
834678
834679
834680
834681
834682
834683
834684
834685
834686
834687
834688
834689
834691
834692
834693
834694
834695
834696
834697
834698
834699
834700
834701
834702
