840289
840290
840291
840292
840293
840294
840295
840296
840297
840298
840299
840300
840301
840302
840303
840304
840305
840306
840307
840308
840309
840310
840311
840312
840313
840314
840316
840317
840318
840319
840320
840321
840322
840323
840324
840325
840326
840327
840328
840329
840330
840331
840332
840333
840334
840336
840337
840339
840340
840341
840342
840343
840345
840346
840347
840348
840349
840350
840351
840352
840353
840354
840355
840356
840357
840358
840359
840360
840361
840362
840363
840364
840365
840366
840367
840368
840370
840371
840372
840373
840374
840375
840376
840377
840378
840379
840381
840382
840383
840384
840386
840387
840388
840389
840390
840391
840392
840393
840394
840395
840397
840398
840399
840400
840401
840402
840403
840404
840405
840406
840407
840408
840409
840410
840411
840412
840413
840414
840415
840416
840417
840418
840419
840420
840421
840422
840423
840424
840425
840426
840427
840428
840429
840430
840431
840432
840433
840434
840435
840436
840437
840438
840439
840440
840441
840442
840444
840445
840447
840448
840449
840450
840451
840452
840453
840454
840455
840456
840457
840458
840459
840461
840462
840464
840465
840467
840470
840471
840472
840473
840475
840476
840477
840478
840479
840480
840482
840484
840485
840486
840487
840488
840490
840491
840492
840493
840497
840498
840501
840502
840503
840504
840505
840506
840507
840509
840510
840512
840513
840514
840515
840516
840517
840518
840519
840520
840521
840523
840524
840525
840526
840527
840528
840530
840531
840533
840534
840535
840536
840537
840538
840539
840540
840541
840542
840543
840544
840545
840546
840547
840548
840549
840550
840551
840552
840553
840554
840555
840556
840557
840558
840559
840560
840561
840562
840563
840564
840565
840566
840567
840568
840569
840570
840572
840573
840574
840575
840576
840577
840578
840579
840580
840581
840582
840583
840584
840585
840586
840587
840588
840589
840590
840591
840592
840593
840594
840595
840596
840597
840598
840599
840600
840601
840602
840603
840604
840605
840606
840607
840608
840609
840610
840611
840612
840613
840614
840615
840616
840617
840618
840619
840620
840621
840622
840623
840624
840625
840626
840627
840628
840630
840631
840633
840634
840636
840638
840639
840641
840643
840644
840645
840646
840647
840648
840649
840650
840652
840654
840655
840657
840660
840663
840664
840665
840666
840667
840668
840670
840672
840673
840674
840679
840681
840682
840683
840684
840685
840686
840688
840689
840691
840692
840693
840694
840695
840696
840697
840698
840700
840701
840702
840703
840704
840705
840706
840707
840708
840709
840710
840711
840712
840713
840714
840715
840716
840717
840718
840719
840720
840721
840722
840723
840724
840725
840726
840727
840728
840729
840731
840732
840733
840734
840735
840738
840739
840740
840744
840745
840746
840747
840748
840749
840750
840751
840752
840753
840754
840755
840756
840757
840758
840759
840760
840763
840764
840765
840766
840767
840768
840769
840770
840771
840772
840773
840774
840775
840776
840777
840778
840779
840780
840781
840782
840783
840784
840786
840787
840788
840789
840790
840791
840792
840793
840794
840795
840796
840797
840798
840799
840800
840801
840802
840803
840804
840805
840806
840807
840808
840809
840810
840811
840812
840814
840815
840818
840819
840820
840823
840825
840826
840827
840828
840829
840830
840831
840832
840833
840840
840841
840842
840843
840844
840845
840846
840847
840848
840849
840850
840851
840852
840853
840854
840855
840856
840857
840860
840861
840862
840863
840864
840865
840867
840868
840869
840870
840871
840872
840873
840874
840875
840876
840877
840878
840880
840882
840884
840885
840886
840887
840889
840890
840891
840892
840893
840894
840895
840896
840897
840898
840899
840900
840901
840902
840903
840905
840906
840908
840910
840916
840917
840918
840919
840920
840921
840922
840923
840924
840925
840926
840927
840928
840929
840930
840931
840933
840934
840935
840936
840937
840938
840939
840940
840941
840942
840943
840944
840945
840946
840947
840948
840949
840950
840951
840952
840953
840954
840955
840956
840957
840958
840959
840960
840961
840962
840963
840964
840965
840966
840967
840968
840969
840970
840971
840972
840973
840974
840975
840976
840977
840978
840979
840980
840981
840982
840983
840984
840985
840986
840987
840988
840989
840990
840991
840992
840993
840994
840995
840996
840997
840998
840999
841000
841001
841002
841003
841004
841005
841006
841007
841008
841009
841010
841011
841012
841013
841014
841015
841016
841017
841018
841019
841020
841021
841022
841023
841024
841025
841026
841027
841029
841030
841031
841032
841033
841034
841035
841036
841037
841038
841039
841040
841041
841042
841043
841044
841045
841046
841047
841048
841049
841050
841051
841052
841053
841054
841055
841056
841057
841058
841059
841060
841061
841062
841063
841064
841065
841066
841067
841068
841069
841070
841071
841072
841073
841074
841075
841076
841077
841078
841079
841080
841081
841082
841083
841084
841085
841086
841087
841088
841089
841090
841091
841092
841093
841094
841095
841096
841097
841098
841099
841100
841101
841102
841103
841104
841105
841106
841107
841108
841109
841110
841111
841112
841113
841114
841115
841116
841117
841118
841120
841121
841122
841123
841124
841125
841126
841127
841128
841129
841130
841131
841132
841133
841134
841135
841136
841137
841138
841139
841140
841141
841142
841143
841144
841145
841146
841147
841148
841149
841150
841151
841152
841153
841154
841155
841156
841157
841158
841159
841160
841161
841162
841163
841164
841165
841166
841167
841168
841169
841170
841171
841172
841173
841174
841175
841176
841177
841178
841179
841180
841181
841182
841183
841184
841185
841186
841187
841188
841189
841190
841191
841192
841193
841194
841195
841196
841197
841198
841199
841200
841201
841202
841203
841204
841205
841206
841207
841208
841209
841210
841211
841212
841213
841214
841215
841216
841217
841218
841219
841220
841221
841222
841223
841224
841225
841226
841227
841228
841229
841230
841231
841232
841233
841234
841235
841236
841237
841238
841239
841240
841241
841242
841243
841244
841245
841246
841247
841248
841249
841250
841251
841252
841253
841254
841255
841256
841257
841258
841259
841260
841261
841262
841263
841264
841265
841266
841267
841268
841269
841270
841271
841272
841273
841274
841275
841276
841277
841278
841280
841281
841282
841283
841284
841285
841286
841287
841288
841289
841290
841291
841292
841293
841294
841295
841296
841297
841298
841299
841300
841301
841302
841303
841304
841305
841306
841307
841308
841309
841310
841311
841312
841313
841314
841315
841316
841317
841318
841319
841320
841321
841322
841323
841324
841325
841326
841327
841328
841329
841330
841331
841332
841333
841334
841335
841336
841337
841338
841339
841340
841341
841342
841343
841344
841345
841346
841347
841348
841349
841350
841351
841352
841353
841354
841355
841356
841357
841359
841360
841361
841362
841363
841364
841365
841366
841367
841368
841369
841370
841371
841372
841373
841374
841375
841376
841377
841378
841379
841380
841381
841382
841383
841384
841385
841386
841387
841388
841389
841390
841391
841392
841393
841394
841395
841396
841397
841398
841399
841400
841401
841402
841403
841404
841405
841406
841407
841408
841409
841410
841411
841412
841413
841414
841415
841416
841417
841418
841419
841420
841421
841422
841423
841424
841425
841427
841428
841429
841430
841431
841433
841434
841435
841436
841437
841438
841439
841441
841442
841443
841444
841445
841446
841447
841448
841449
841450
841451
841452
841454
841455
841456
841457
841458
841459
841460
841461
841462
841463
841464
841465
841466
841467
841468
841469
841470
841471
841472
841473
841475
841476
841477
841478
841479
841480
841481
841482
841483
841484
841485
841486
841487
841488
841489
841490
841491
841492
841493
841494
841495
841496
841497
841498
841499
841500
841501
841502
841503
841504
841505
841506
841508
841509
841510
841511
841512
841513
841514
841515
841516
841517
841518
841519
841520
841521
841522
841523
841524
841525
841526
841527
841528
841529
841530
841531
841532
841533
841534
841535
841536
841537
841538
841539
841540
841541
841542
841543
841544
841545
841546
841548
841549
841552
841554
841555
841556
841557
841558
841559
841560
841561
841562
841563
841564
841565
841566
841567
841568
841569
841570
841571
841572
841573
841575
841576
841577
841578
841579
841580
841581
841582
841584
841585
841586
841587
841588
841589
841590
841591
841592
841593
841594
841595
841596
841597
841598
841599
841601
841602
841603
841604
841605
841606
841607
841608
841609
841610
841611
841612
841613
841614
841615
841616
841617
841618
841619
841620
841621
841625
841626
841627
841628
841629
841630
841631
841632
841633
841634
841638
841640
841641
841642
841643
841644
841645
841646
841647
841648
841649
841650
841651
841654
841655
841656
841657
841658
841659
841660
841661
841662
841663
841664
841665
841666
841667
841668
841669
841671
841673
841674
841675
841676
841677
841678
841680
841681
841682
841683
841684
841685
841686
841687
841688
841689
841690
841691
841692
841693
841694
841695
841697
841698
841699
841700
841701
841703
841704
841705
841707
841708
841709
841710
841711
841712
841713
841714
841715
841716
841717
841718
841719
841720
841721
841722
841723
841724
841725
841726
841727
841728
841729
841731
841732
841733
841734
841735
841736
841737
841738
841739
841740
841741
841742
841743
841744
841745
841746
841747
841749
841751
841752
841753
841754
841755
841756
841757
841758
841759
841760
841761
841762
841763
841764
841765
841766
841767
841768
841769
841771
841772
841773
841774
841775
841776
841777
841778
841780
841781
841782
841783
841784
841785
841787
841788
841793
841794
841795
841796
841798
841800
841801
841802
841803
841804
841805
841806
841807
841808
841810
841811
841812
841813
841815
841816
841819
841820
841821
841822
841823
841824
841825
841826
841828
841829
841830
841831
841833
841834
841835
841836
841837
841840
841843
841844
841845
841846
841847
841848
841849
841850
841851
841852
841853
841854
841855
841856
841857
841859
841860
841861
841863
841864
841865
841866
841867
841868
841869
841870
841871
841872
841873
841874
841877
841878
841879
841880
841881
841882
841883
841884
841885
841886
841887
841888
841889
841890
841891
841892
841893
841894
841895
841896
841897
841898
841899
841900
841901
841902
841903
841904
841905
841906
841907
841909
841910
841911
841912
841913
841914
841915
841919
841920
841922
841923
841924
841925
841926
841927
841928
841929
841931
841932
841933
841934
841935
841936
841937
841938
841939
841940
841941
841942
841943
841944
841945
841946
841947
841948
841949
841950
841951
841952
841953
841954
841955
841956
841957
841958
841960
841962
841963
841964
841965
841966
841967
841968
841969
841970
841971
841972
841973
841974
841976
841977
841978
841979
841980
841981
841982
841983
841984
841985
841986
841987
841988
841989
841990
841991
841992
841993
841994
841996
841998
841999
842000
842001
842002
842003
842004
842005
842006
842007
842010
842011
842012
842013
842015
842016
842017
842018
842020
842021
842022
842023
842024
842025
842027
842028
842029
842030
842031
842032
842033
842034
842035
842036
842037
842038
842039
842040
842041
842043
842044
842045
842046
842047
842048
842049
842050
842051
842052
842053
842054
842055
842056
842057
842058
842059
842060
842061
842062
842063
842064
842065
842066
842067
842068
842069
842070
842071
842072
842073
842075
842077
842078
842079
842080
842081
842082
842083
842084
842085
842086
842087
842088
842089
842090
842091
842092
842093
842094
842095
842096
842098
842099
842100
842101
842102
842103
842104
842105
842106
842107
842108
842109
842110
842111
842112
842114
842115
842116
842117
842118
842119
842120
842121
842122
842123
842124
842125
842126
842127
842128
842130
842131
842132
842133
842134
842135
842136
842137
842138
842139
842140
842141
842142
842143
842144
842145
842146
842147
842148
842149
842150
842151
842152
842153
842154
842155
842157
842158
842159
842160
842161
842162
842163
842164
842165
842166
842167
842168
842169
842170
842171
842172
842173
842174
842175
842176
842179
842180
842181
842182
842183
842185
842186
842187
842188
842189
842190
842191
842192
842193
842194
842195
842196
842197
842198
842199
842200
842202
842204
842205
842206
842208
842209
842210
842211
842212
842214
842216
842217
842218
842219
842220
842221
842222
842223
842224
842225
842226
842227
842228
842229
842230
842231
842232
842233
842234
842235
842236
842237
842238
842239
842240
842241
842242
842243
842244
842245
842246
842247
842248
842250
842251
842252
842253
842254
842256
842257
842258
842259
842260
842261
842262
842264
842265
842266
842267
842268
842269
842270
842272
842273
842274
842275
842276
842277
842278
842279
842280
842281
842282
842283
842285
842286
842287
842288
842289
842290
842291
842292
842293
842294
842295
842296
842297
842298
842299
842300
842301
842302
842303
842304
842305
842306
842307
842308
842309
842310
842311
842312
842313
842314
842315
842316
842317
842318
842319
842320
842321
842322
842323
842324
842325
842326
842327
842328
842329
842330
842331
842332
842334
842335
842336
842337
842338
842340
842341
842342
842343
842344
842345
842346
842347
842348
842349
842350
842351
842352
842353
842354
842355
842356
842357
842358
842360
842361
842362
842363
842364
842365
842366
842367
842369
842370
842371
842372
842373
842374
842375
842376
842377
842378
842379
842380
842381
842384
842385
842386
842387
842388
842389
842390
842391
842392
842393
842394
842395
842397
842398
842399
842400
842401
842403
842404
842405
842406
842407
842408
842409
842410
842411
842412
842413
842415
842416
842417
842418
842419
842420
842421
842422
842423
842424
842425
842426
842427
842428
842429
842430
842431
842432
842433
842434
842436
842437
842438
842439
842440
842442
842444
842445
842446
842447
842448
842449
842450
842451
842452
842453
842454
842455
842456
842457
842458
842459
842460
842461
842462
842463
842464
842465
842466
842467
842468
842469
842470
842471
842473
842474
842475
842476
842477
842479
842481
842482
842483
842484
842485
842486
842487
842488
842489
842490
842491
842492
842493
842494
842495
842497
842498
842499
842500
842501
842502
842503
842504
842505
842506
842507
842508
842509
842510
842511
842512
842513
842514
842515
842516
842521
842522
842523
842524
842525
842526
842527
842528
842529
842531
842533
842534
842535
842536
842537
842538
842539
842540
842541
842542
842543
842544
842545
842546
842547
842548
842549
842550
842551
842552
842553
842554
842555
842556
842558
842559
842560
842562
842563
842564
842565
842569
842570
842572
842575
842577
842579
842580
842581
842582
842583
842585
842586
842587
842588
842589
842590
842591
842592
842593
842594
842595
842596
842597
842598
842599
842600
842601
842602
842603
842604
842605
842606
842607
842608
842610
842611
842612
842613
842614
842615
842616
842617
842618
842619
842620
842621
842622
842623
842624
842625
842626
842627
842628
842629
842630
842631
842632
842633
842634
842635
842636
842637
842638
842643
842644
842645
842647
842649
842650
842651
842652
842653
842654
842655
842656
842657
842658
842659
842660
842661
842662
842663
842664
842665
842666
842668
842670
842672
842673
842674
842675
842676
842677
842679
842680
842681
842682
842683
842684
842686
842687
842688
842689
842690
842691
842692
842693
842694
842695
842696
842697
842698
842699
842700
842701
842702
842703
842704
842705
842706
842707
842708
842709
842710
842711
842712
842713
842714
842715
842716
842717
842718
842719
842720
842721
842722
842724
842725
842726
842727
842728
842729
842730
842731
842732
842733
842734
842735
842736
842738
842739
842740
842741
842742
842743
842744
842745
842746
842748
842749
842750
842751
842752
842753
842754
842755
842756
842757
842758
842760
842761
842762
842763
842764
842765
842766
842767
842768
842769
842770
842771
842772
842773
842774
842775
842776
842777
842778
842779
842780
842781
842782
842783
842784
842785
842786
842787
842788
842789
842790
842791
842792
842793
842794
842795
842796
842797
842798
842800
842801
842802
842803
842804
842805
842806
842807
842808
842809
842810
842811
842812
842813
842814
842815
842816
842817
842819
842820
842821
842823
842824
842825
842826
842828
842829
842830
842831
842832
842834
842836
842837
842838
842844
842845
842846
842847
842848
842850
842851
842852
842853
842855
842859
842861
842863
842868
842872
842873
842874
842876
842877
842879
842881
842883
842884
842885
842891
842892
842894
842896
842900
842901
842903
842905
842906
842910
842913
842914
842915
842917
842918
842920
842922
842923
842924
842925
842927
842928
842930
842931
842933
842934
842936
842937
842938
842941
842942
842944
842945
842946
842947
842948
842949
842950
842951
842953
842954
842955
842956
842957
842958
842959
842960
842961
842962
842963
842964
842965
842966
842968
842969
842971
842972
842973
842975
842976
842977
842978
842979
842980
842981
842982
842983
842984
842985
842986
842987
842988
842989
842990
842991
842992
842993
842994
842995
842996
842997
842998
842999
843000
843001
843004
843005
843006
843007
843008
843009
843012
843013
843014
843015
843016
843017
843018
843019
843020
843021
843022
843023
843024
843025
843026
843027
843028
843029
843030
843031
843032
843033
843034
843035
843037
843038
843039
843042
843043
843044
843046
843047
843048
843049
843050
843051
843052
843053
843054
843055
843056
843057
843058
843059
843060
843061
843062
843063
843064
843065
843066
843068
843069
843073
843074
843076
843077
843078
843079
843080
843081
843082
843083
843084
843085
843086
843087
843088
843089
843090
843091
843092
843093
843094
843095
843096
843097
843098
843099
843100
843101
843102
843103
843104
843105
843106
843107
843108
843109
843110
843111
843112
843114
843115
843116
843117
843118
843119
843120
843121
843122
843123
843125
843126
843127
843128
843129
843130
843131
843132
843134
843136
843137
843138
843139
843140
843141
843142
843143
843144
843145
843146
843147
843148
843150
843151
843152
843153
843154
843155
843156
843157
843158
843159
843160
843161
843162
843163
843164
843165
843166
843167
843168
843169
843170
843171
843172
843173
843174
843175
843176
843177
843178
843179
843180
843181
843182
843183
843184
843185
843186
843187
843188
843189
843190
843192
843193
843194
843195
843196
843197
843198
843199
843200
843201
843202
843203
843204
843205
843206
843207
843208
843209
843210
843211
843212
843213
843214
843217
843218
843219
843220
843221
843222
843223
843224
843225
843226
843227
843228
843229
843230
843231
843232
843233
843234
843235
843236
843237
843238
843239
843240
843241
843242
843243
843244
843245
843246
843247
843248
843249
843250
843251
843252
843253
843254
843255
843256
843257
843258
843259
843261
843262
843263
843264
843266
843267
843268
843269
843270
843271
843272
843273
843274
843275
843276
843277
843278
843279
843280
843281
843282
843283
843285
843286
843287
843288
843289
843290
843291
843292
843293
843294
843295
843296
843297
843298
843299
843300
843301
843302
843303
843304
843305
843306
843307
843308
843309
843310
843311
843312
843313
843314
843315
843316
843317
843318
843319
843320
843321
843322
843323
843324
843325
843326
843327
843328
843329
843330
843331
843332
843333
843335
843336
843337
843338
843339
843340
843341
843342
843343
843344
843345
843347
843348
843349
843350
843351
843352
843353
843354
843355
843357
843358
843359
843360
843361
843362
843363
843364
843365
843366
843367
843368
843369
843370
843371
843375
843376
843378
843379
843380
843381
843382
843383
843385
843386
843387
843388
843389
843390
843391
843392
843393
843394
843395
843396
843397
843398
843399
843400
843401
843402
843403
843404
843405
843406
843407
843408
843409
843410
843411
843412
843413
843414
843415
843416
843418
843419
843420
843421
843425
843427
843428
843429
843430
843431
843432
843433
843435
843436
843437
843440
843441
843442
843443
843445
843446
843447
843448
843450
843451
843452
843453
843454
843456
843457
843458
843459
843460
843461
843462
843463
843465
843466
843467
843468
843469
843470
843471
843472
843473
843474
843475
843477
843478
843479
843480
843481
843482
843483
843484
843485
843486
843487
843488
843489
843490
843491
843493
843494
843495
843496
843497
843498
843499
843500
843501
843502
843503
843504
843505
843506
843507
843508
843509
843510
843511
843512
843513
843514
843515
843516
843517
843518
843519
843520
843521
843522
843523
843524
843525
843526
843527
843528
843529
843530
843531
843532
843533
843534
843535
843536
843537
843538
843540
843541
843542
843543
843544
843545
843547
843553
843554
843555
843557
843558
843559
843560
843561
843562
843563
843564
843565
843567
843572
843573
843575
843578
843579
843580
843581
843582
843583
843585
843586
843587
843588
843589
843590
843592
843593
843594
843595
843596
843598
843600
843602
843604
843605
843606
843607
843608
843609
843610
843612
843613
843614
843615
843616
843617
843618
843619
843620
843621
843623
843624
843625
843626
843627
843628
843629
843630
843631
843632
843633
843634
843635
843636
843637
843638
843639
843640
843641
843642
843643
843644
843645
843646
843647
843648
843649
843650
843651
843652
843653
843655
843656
843657
843658
843659
843660
843661
843662
843663
843664
843665
843666
843667
843668
843669
843670
843671
843672
843673
843674
843675
843676
843677
843678
843679
843680
843681
843682
843683
843685
843686
843687
843688
843689
843690
843691
843692
843693
843694
843695
843697
843698
843700
843701
843703
843704
843705
843708
843709
843710
843712
843713
843714
843715
843716
843717
843719
843720
843721
843723
843724
843725
843726
843727
843728
843729
843730
843731
843732
843733
843734
843735
843736
843737
843738
843739
843740
843741
843742
843743
843744
843745
843746
843747
843750
843751
843752
843753
843754
843755
843756
843757
843758
843759
843761
843762
843763
843764
843765
843766
843767
843768
843769
843770
843771
843772
843773
843774
843775
843776
843777
843778
843779
843780
843781
843782
843783
843784
843785
843786
843787
843788
843789
843790
843791
843792
843793
843794
843795
843796
843797
843798
843799
843800
843801
843802
843803
843804
843805
843806
843807
843808
843809
843810
843811
843812
843813
843814
843815
843816
843817
843818
843819
843820
843821
843822
843823
843824
843825
843828
843829
843830
843831
843832
843833
843834
843835
843836
843837
843838
843839
843841
843842
843843
843844
843845
843846
843847
843848
843849
843850
843851
843854
843855
843856
843857
843858
843859
843860
843861
843862
843863
843864
843865
843866
843867
843868
843869
843870
843871
843874
843875
843876
843877
843878
843879
843880
843881
843882
843883
843884
843885
843886
843887
843888
843889
843891
843892
843893
843894
843895
843896
843897
843898
843899
843900
843901
843902
843903
843904
843905
843906
843907
843908
843909
843910
843911
843912
843913
843914
843915
843916
843917
843918
843919
843920
843921
843922
843923
843924
843925
843926
843927
843928
843929
843930
843931
843932
843933
843934
843935
843937
843938
843939
843940
843941
843942
843943
843944
843947
843948
843949
843950
843951
843952
843953
843954
843955
843956
843957
843958
843959
843960
843961
843962
843963
843964
843965
843966
843967
843968
843969
843970
843971
843972
843974
843975
843976
843977
843978
843979
843980
843981
843982
843983
843984
843985
843986
843987
843988
843989
843990
843991
843992
843993
843994
843995
843996
843997
843998
843999
844000
844001
844002
844003
844004
844005
844006
844007
844008
844009
844010
844011
844012
844013
844014
844015
844016
844017
844018
844019
844020
844021
844022
844023
844024
844025
844026
844027
844028
844029
844030
844031
844032
844033
844034
844035
844037
844038
844039
844040
844041
844042
844043
844044
844045
844047
844048
844052
844054
844055
844059
844060
844062
844063
844065
844066
844068
844069
844070
844071
844072
844073
844074
844075
844076
844077
844079
844080
844081
844082
844083
844085
844086
844088
844089
844090
844091
844094
844096
844097
844098
844099
844100
844101
844103
844104
844106
844110
844112
844113
844114
844115
844117
844118
844119
844120
844121
844122
844123
844124
844125
844126
844127
844128
844129
844130
844131
844132
844133
844134
844135
844137
844138
844139
844140
844141
844142
844143
844144
844145
844146
844147
844148
844149
844150
844151
844152
844153
844154
844155
844156
844157
844158
844159
844160
844161
844162
844164
844165
844166
844168
844169
844170
844171
844172
844173
844174
844175
844176
844177
844178
844179
844180
844182
844183
844184
844185
844186
844188
844189
844190
844191
844192
844193
844194
844196
844197
844198
844199
844200
844201
844202
844203
844204
844205
844206
844207
844208
844209
844210
844211
844212
844213
844214
844215
844216
844217
844218
844220
844222
844223
844224
844225
844227
844228
844229
844230
844231
844232
844233
844234
844235
844236
844237
844238
844239
844240
844241
844242
844243
844244
844245
844246
844247
844248
844249
844251
844252
844254
844255
844256
844257
844258
844259
844260
844261
844262
844263
844264
844265
844266
844267
844268
844269
844270
844271
844272
844273
844274
844275
844278
844279
844280
844281
844282
844283
844284
844285
844286
844287
844288
844289
844290
844291
844292
844293
844295
844297
844304
844306
844307
844308
844309
844310
844311
844313
844314
844315
844316
844317
844318
844319
844320
844321
844322
844323
844324
844325
844326
844327
844328
844329
844331
844332
844333
844334
844335
844336
844337
844338
844339
844340
844341
844342
844343
844344
844345
844346
844347
844348
844349
844350
844351
844352
844353
844354
844355
844356
844357
844358
844359
844360
844361
844362
844363
844364
844365
844366
844367
844368
844369
844370
844371
844372
844373
844374
844375
844376
844377
844378
844379
844380
844381
844382
844383
844384
844385
844386
844387
844388
844389
844390
844391
844392
844394
844395
844396
844397
844398
844399
844400
844401
844402
844403
844404
844406
844407
844408
844409
844410
844411
844412
844413
844414
844415
844416
844417
844419
844420
844421
844424
844425
844426
844427
844428
844429
844430
844431
844432
844433
844434
844435
844436
844437
844439
844440
844441
844442
844443
844444
844445
844446
844447
844448
844449
844450
844451
844452
844453
844454
844455
844456
844457
844458
844459
844460
844461
844462
844463
844464
844465
844466
844467
844468
844470
844471
844472
844473
844474
844475
844476
844477
844478
844479
844480
844481
844482
844483
844484
844485
844486
844487
844488
844489
844490
844491
844493
844494
844496
844497
844498
844499
844500
844501
844502
844503
844504
844505
844506
844507
844508
844509
844510
844511
844512
844513
844514
844515
844516
844517
844518
844519
844521
844522
844523
844524
844525
844526
844527
844528
844529
844530
844532
844533
844534
844535
844536
844537
844538
844539
844540
844541
844542
844543
844544
844545
844546
844547
844548
844549
844550
844551
844552
844553
844554
844555
844556
844557
844558
844559
844560
844561
844562
844563
844564
844565
844566
844567
844568
844569
844570
844571
844572
844573
844574
844575
844576
844578
844579
844581
844582
844583
844584
844585
844586
844587
844588
844589
844590
844591
844592
844593
844594
844595
844596
844597
844598
844599
844601
844602
844603
844604
844605
844606
844608
844609
844610
844612
844613
844614
844616
844617
844618
844619
844620
844621
844622
844623
844624
844625
844627
844628
844629
844630
844631
844632
844633
844634
844635
844636
844637
844638
844639
844640
844641
844642
844643
844644
844646
844647
844649
844650
844652
844654
844655
844656
844657
844658
844659
844660
844661
844663
844664
844665
844666
844667
844669
844671
844672
844673
844674
844678
844679
844680
844681
844682
844683
844684
844685
844686
844687
844688
844689
844690
844691
844692
844693
844694
844695
844696
844697
844698
844701
844702
844703
844704
844705
844706
844707
844708
844709
844710
844711
844712
844713
844714
844715
844716
844717
844718
844719
844720
844721
844722
844723
844724
844725
844726
844727
844729
844730
844732
844733
844735
844738
844739
844740
844742
844743
844744
844745
844747
844749
844750
844751
844753
844754
844755
844756
844757
844758
844759
844760
844761
844762
844763
844764
844765
844766
844767
844768
844769
844770
844771
844772
844773
844774
844775
844776
844777
844778
844779
844780
844781
844782
844783
844784
844785
844786
844787
844788
844789
844790
844792
844794
844795
844797
844798
844799
844801
844802
844807
844808
844809
844810
844811
844812
844813
844814
844816
844817
844818
844819
844820
844821
844822
844823
844824
844826
844827
844828
844829
844830
844831
844832
844833
844834
844835
844836
844837
844839
844840
844841
844842
844844
844845
844846
844847
844848
844849
844851
844852
844853
844854
844855
844856
844858
844859
844860
844861
844862
844863
844864
844865
844866
844868
844869
844871
844872
844873
844874
844875
844876
844877
844880
844881
844883
844886
844888
844889
844890
844891
844892
844893
844894
844895
844896
844897
844898
844899
844900
844902
844904
844905
844907
844908
844909
844910
844912
844913
844915
844916
844917
844918
844919
844920
844921
844922
844923
844924
844925
844926
844927
844928
844929
844931
844932
844933
844934
844937
844938
844939
844940
844941
844942
844943
844944
844945
844946
844947
844948
844949
844950
844951
844952
844953
844954
844955
844956
844957
844958
844959
844960
844961
844962
844963
844964
844965
844966
844967
844968
844969
844970
844971
844972
844973
844974
844975
844976
844977
844978
844979
844980
844981
844982
844983
844984
844985
844986
844987
844988
844989
844990
844991
844992
844993
844994
844995
844996
844997
844998
844999
845000
845001
845003
845004
845005
845006
845007
845008
845009
845010
845011
845012
845013
845014
845015
845016
845017
845018
845019
845020
845022
845023
845024
845025
845027
845028
845029
845030
845031
845032
845033
845034
845036
845038
845039
845040
845041
845042
845043
845045
845046
845047
845048
845049
845050
845052
845053
845054
845055
845056
845057
845058
845059
845060
845061
845062
845063
845065
845066
845067
845068
845069
845070
845071
845072
845073
845075
845076
845077
845078
845079
845082
845084
845085
845086
845087
845088
845089
845090
845091
845092
845093
845094
845095
845096
845097
845098
845099
845101
845102
845103
845104
845106
845107
845108
845109
845110
845111
845112
845113
845114
845115
845116
845117
845118
845119
845120
845121
845123
845124
845125
845126
845128
845130
845131
845132
845133
845134
845135
845136
845138
845139
845140
845141
845143
845145
845148
845151
845152
845153
845154
845155
845156
845157
845160
845161
845162
845163
845164
845165
845166
845167
845172
845174
845175
845177
845178
845179
845180
845181
845182
845183
845184
845185
845186
845187
845188
845189
845190
845191
845192
845193
845194
845195
845196
845197
845198
845199
845200
845201
845202
845203
845205
845206
845207
845208
845209
845210
845211
845212
845213
845214
845215
845216
845217
845218
845219
845220
845222
845223
845224
845226
845228
845229
845230
845231
845233
845234
845235
845237
845238
845240
845241
845244
845245
845246
845247
845248
845249
845250
845251
845252
845253
845256
845257
845258
845259
845260
845261
845264
845265
845266
845267
845269
845270
845271
845272
845274
845276
845277
845278
845279
845281
845282
845290
845291
845292
845293
845294
845295
845296
845297
845301
845302
845303
845304
845305
845306
845307
845308
845309
845311
845312
845313
845314
845315
845317
845318
845319
845320
845321
845322
845323
845324
845325
845326
845327
845328
845329
845330
845331
845332
845333
845334
845335
845337
845338
845339
845340
845341
845342
845343
845344
845345
845346
845347
845348
845349
845350
845351
845352
845353
845354
845355
845356
845357
845358
845359
845361
845362
845363
845364
845365
845366
845367
845368
845369
845370
845371
845372
845374
845375
845376
845377
845378
845379
845384
845385
845386
845387
845390
845391
845392
845393
845394
845395
845396
845397
845398
845399
845400
845401
845402
845403
845404
845405
845406
845407
845408
845409
845410
845411
845412
845413
845414
845415
845416
845417
845418
845419
845420
845421
845422
845423
845424
845425
845426
845427
845428
845429
845430
845431
845432
845433
845434
845435
845438
845439
845440
845441
845442
845443
845445
845446
845447
845448
845449
845450
845452
845455
845456
845457
845458
845460
845461
845462
845464
845465
845466
845467
845468
845469
845470
845471
845472
845473
845474
845475
845476
845477
845478
845479
845480
845481
845484
845485
845486
845488
845489
845490
845491
845493
845494
845495
845496
845497
845501
845506
845508
845509
845511
845512
845513
845514
845515
845516
845517
845518
845519
845520
845521
845522
845523
845524
845525
845526
845527
845528
845529
845530
845532
845533
845534
845535
845536
845537
845538
845539
845540
845541
845542
845543
845545
845546
845549
845550
845551
845553
845554
845555
845556
845557
845558
845559
845560
845561
845562
845563
845564
845565
845567
845568
845569
845570
845571
845572
845573
845574
845575
845576
845577
845578
845580
845583
845584
845585
845587
845588
845589
845590
845592
845593
845594
845597
845598
845599
845600
845601
845602
845603
845604
845605
845606
845608
845609
845610
845611
845612
845613
845614
845615
845616
845617
845618
845619
845620
845621
845623
845624
845625
845626
845627
845628
845629
845630
845635
845636
845637
845638
845639
845640
845641
845642
845643
845644
845645
845646
845647
845648
845649
845650
845651
845653
845654
845655
845657
845658
845659
845660
845661
845662
845663
845664
845665
845666
845667
845669
845670
845671
845672
845673
845674
845675
845676
845677
845678
845679
845680
845681
845682
845683
845685
845686
845687
845688
845689
845690
845691
845692
845693
845694
845695
845696
845698
845699
845700
845701
845702
845703
845704
845705
845706
845708
845710
845711
845712
845713
845714
845715
845717
845718
845719
845720
845721
845722
845723
845724
845725
845726
845727
845728
845729
845730
845731
845732
845733
845734
845735
845736
845737
845738
845739
845741
845742
845743
845745
845748
845749
845751
845755
845756
845759
845760
845761
845762
845763
845765
845766
845767
845768
845769
845770
845771
845772
845773
845776
845777
845778
845779
845781
845782
845783
845784
845785
845786
845787
845788
845791
845792
845793
845794
845796
845797
845798
845799
845800
845802
845803
845805
845807
845808
845810
845811
845812
845813
845814
845815
845816
845817
845818
845819
845820
845821
845822
845823
845824
845825
845826
845828
845829
845830
845831
845832
845834
845835
845836
845837
845838
845839
845840
845841
845842
845843
845844
845845
845848
845849
845850
845851
845852
845853
845854
845856
845857
845858
845859
845860
845861
845863
845864
845866
845867
845868
845869
845871
845872
845873
845874
845875
845876
845877
845880
845881
845883
845884
845885
845886
845887
845888
845889
845890
845891
845892
845893
845894
845895
845896
845897
845898
845899
845900
845901
845904
845905
845906
845907
845908
845909
845910
845911
845912
845916
845917
845918
845921
845923
845927
845928
845929
845930
845932
845933
845934
845936
845937
845938
845943
845946
845947
845948
845949
845950
845951
845952
845953
845954
845955
845956
845957
845958
845959
845960
845961
845962
845963
