741517
741518
741519
741520
741521
741522
741523
741524
741525
741526
741528
741529
741530
741531
741532
741533
741534
741535
741536
741537
741538
741539
74154
741540
741541
741542
741543
741544
741545
741546
741547
741548
741549
741550
741551
741552
741553
741554
741555
741556
741557
741558
741559
741561
741562
741563
741564
741565
741566
741567
741568
741569
741570
741571
741572
741573
741574
741575
741576
741577
741578
741579
74158
741580
741581
741582
741583
741584
741586
741588
741592
741593
741594
741595
741596
741597
74160
741600
741601
741602
741603
741604
741605
741606
741607
741609
74161
741610
741611
741612
741613
741614
741616
741617
741618
741619
74162
741620
741621
741622
741623
741624
741625
741626
741627
741628
741629
741630
741631
741632
741634
741636
741638
741639
74164
741640
741642
741643
741644
741645
741646
741647
741648
741649
74165
741651
741652
741654
741655
741656
741657
741658
741659
741660
741661
741662
741663
741664
741665
741666
741667
741668
741669
74167
741670
741671
741672
741673
741674
741675
741676
741677
741678
741679
74168
741680
741681
741683
741684
741685
741686
741687
741688
741689
74169
741690
741691
741692
741693
741694
741695
741696
741697
741698
741699
74170
741700
741702
741703
741704
741705
741706
741707
741708
741709
74171
741710
741711
741712
741713
741714
741715
741716
741717
741718
741719
741720
741721
741722
741723
741724
741726
741727
741728
741729
74173
741730
741731
741732
741733
741736
741738
741739
74174
741740
741741
741742
741743
741744
741745
741746
741747
741748
741749
74175
741750
741751
741753
741754
741755
741756
741757
741758
741759
74176
741760
741761
741762
741763
741764
741765
741766
741767
741768
741769
74177
741770
741771
741772
741773
741774
741775
741776
741777
741778
741779
74178
741780
741781
741782
741784
741785
741786
741787
741788
741789
74179
741790
741792
741793
741794
741795
741796
741797
741798
741799
74180
741800
741801
741802
741803
741804
741807
741808
74181
741810
741811
741812
741815
741816
741817
741818
741820
741821
741822
741823
741824
741825
741826
741827
741829
74183
741830
741831
741832
741833
741834
741836
741837
741838
741839
74184
741840
741841
741842
741843
741845
741846
741847
741848
741849
741850
741851
741852
741853
741855
741856
741858
741859
74186
741860
741861
741862
741863
741864
741865
741866
741868
741869
74187
741871
741872
741874
741876
741877
74188
741880
741882
741883
741884
741885
741886
741887
741888
741889
74189
741890
741891
741892
741893
741894
741895
741896
741897
741898
741899
74190
741900
741901
741902
741903
741904
741905
741906
741907
741908
741909
74191
741910
741911
741912
741913
741914
741915
741916
741917
741918
741919
74192
741920
741921
741922
741923
741924
741926
741927
741929
74193
741930
741931
741932
741933
741934
741935
741936
741937
741938
741939
74194
741940
741941
741942
741943
741944
741945
741946
741947
741948
741949
74195
741950
741951
741952
741953
741954
741955
741956
741957
741958
74196
741960
741962
741964
741965
741966
741969
74197
741970
741971
741972
741973
741974
741975
741978
741979
74198
741980
741981
741982
741984
741985
741986
741987
741989
74199
741990
741991
741993
741994
741995
741996
741997
741998
741999
742
742000
742001
742005
742006
742008
742009
742010
742011
742012
742014
742016
742022
742030
742033
742034
742037
742038
742039
74204
742040
742041
742042
742043
742044
742045
742046
742047
742048
742049
74205
742050
742051
742052
742053
742054
742055
742056
742057
742058
742059
742060
742061
742062
742063
742064
742065
742066
742067
742068
742069
74207
742070
742071
742072
742073
742074
742075
742076
742077
742078
742079
74208
742080
742081
742082
742083
742084
742085
742087
742089
742090
742091
742093
742094
742095
742096
742097
742098
74210
742100
742101
742102
742103
742104
742105
742106
742107
742108
742109
74211
742110
742111
742112
742113
742114
742115
742116
742117
742118
742119
742121
742122
742123
742124
742125
742127
742128
74213
742130
742131
742132
742133
742134
742135
742136
742137
742138
742139
74214
742140
742141
742142
742143
742145
742146
742147
742148
742149
74215
742150
742151
742152
742154
742155
742156
742157
742158
742159
74216
742160
742161
742162
742164
742165
742166
742169
74217
742170
742177
742178
742179
74218
742180
742184
742185
742187
742188
74219
742191
742192
742194
742196
742197
742198
74220
742200
742201
742202
742203
742204
742205
742206
742207
742208
742209
74221
742210
742211
742212
742213
742215
742216
742219
742220
742221
742222
742223
742224
742225
742226
742227
742228
742229
74223
742231
742232
742234
742235
742236
742237
742238
742239
74224
742241
742242
742243
742244
742245
742246
742247
742248
742249
74225
742250
742251
742252
742253
742254
742255
742257
742259
742260
742261
742262
742263
742264
742266
742267
742269
74227
742270
742271
742272
742273
742274
742275
742276
742277
742278
742279
74228
742280
742281
742282
742283
742284
742285
742286
742287
742288
74229
742290
742291
742292
742293
742296
742297
742298
742299
742300
742301
742302
742303
742304
742305
742306
742308
742309
74231
742310
742311
742312
742314
742315
742316
742317
742318
742319
742321
742323
742325
742327
742328
74233
742330
742331
742332
742333
742334
742335
742336
742337
742338
742339
742340
742341
742342
742343
742344
742345
742346
742347
742348
742349
742350
742351
742353
742354
742355
742356
742357
742358
742359
74236
742360
742363
742364
742365
742366
742367
742369
74237
742370
742372
742373
742374
742376
742377
742378
74238
742380
742381
742382
742383
742384
742385
742386
742387
742388
742389
74239
742390
742391
742392
742394
742396
742397
742398
742399
74240
742400
742401
742402
742404
742405
742406
742407
742408
742409
74241
742410
742411
742412
742413
742414
742415
742416
742417
742419
74242
742421
742423
742424
742425
742426
742427
74243
742431
742433
742434
742437
742439
74244
742440
742441
742442
742443
742444
742445
742447
742448
742449
74245
742451
742453
742454
742457
742459
74246
742460
742461
742462
742463
742465
742467
742469
74247
742470
742471
742472
742473
742474
742475
742477
742478
742479
74248
742480
742481
742482
742483
742484
742485
742486
742487
742488
742489
74249
742490
742491
742492
742495
742496
742497
742498
74250
742500
742501
742502
742503
742504
742506
742507
742508
742509
742510
742511
742512
742513
742514
742515
742516
742517
742518
742519
74252
742520
742521
742522
742523
742525
742526
742527
742528
742529
74253
742530
742531
742532
742533
742534
742535
742537
742538
742539
74254
742540
742542
742543
742544
742545
742546
742547
742548
742549
74255
742550
742551
742552
742553
742554
742555
742556
742557
742558
742559
742560
742561
742563
742564
742565
742566
742567
742568
74257
742570
742571
742572
742573
742574
742575
742576
742577
742578
742579
74258
742580
742581
742582
742584
742585
742586
742587
742588
742589
74259
742590
742592
742593
742596
742598
742599
74260
742600
742602
742604
742605
742606
742607
742608
742609
742610
742611
742612
742613
742614
742615
742616
742617
742618
742619
74262
742620
742621
742622
742623
742624
742625
742626
742627
742628
742629
74263
742630
742631
742632
742633
742634
742635
742637
742638
742639
74264
742640
742641
742642
742643
742644
742645
742646
742647
742648
742649
74265
742651
742652
742653
742655
742656
742657
742659
74266
742660
742661
742662
742664
742665
742666
742667
742668
74267
742671
742672
742674
742675
742676
742677
742678
74268
742682
742683
742685
742686
742687
742689
74269
742691
742692
742693
742694
742695
742696
742697
742698
742699
74270
742700
742701
742702
742703
742704
742705
742706
742707
742708
742709
74271
742710
742713
742714
742715
742716
742717
742719
74272
742720
742722
742723
742724
742725
742726
742727
742728
742729
74273
742730
742731
742732
742733
742734
742735
742736
742737
742738
742739
74274
742740
742741
742742
742743
742744
742745
742746
742747
742748
742749
74275
742750
742751
742752
742753
742754
742755
742756
742757
742758
742759
74276
742760
742761
742762
742763
742769
742770
742771
742773
742774
742775
742776
742777
742778
742779
742780
742781
742782
742783
742784
742785
742786
742787
742788
742789
74279
742790
742791
742792
742793
742794
742795
742796
742797
742798
742799
74280
742801
742802
742803
742804
742806
742807
742808
742809
74281
742810
742811
742812
742813
742814
742815
742816
742818
742819
742820
742821
742822
742823
742824
742825
742826
742828
742829
74283
742830
742831
742832
742833
742834
742835
742837
742838
742839
742840
742841
742842
742843
742844
742845
742846
742847
742848
742849
742850
742851
742852
742853
742854
742855
742857
742858
742859
74286
742860
742861
742862
742863
742864
742865
742866
742867
742868
742869
74287
742870
742871
742873
742874
742875
742876
742877
742878
742879
74288
742880
742881
742882
742883
742884
742885
742887
742888
742889
74289
742890
742891
742892
742893
742894
742896
742897
742898
742899
742900
742901
742902
742903
742904
742905
742906
742907
742908
742909
742910
742911
742912
742913
742916
742917
742918
742919
74292
742920
742921
742922
742923
742924
742925
742926
742927
742928
742929
74293
742930
742931
742932
742933
742934
742935
742936
742937
742938
742939
74294
742940
742942
742943
742944
742946
742947
742948
742949
74295
742950
742951
742952
742953
742954
742955
742956
742957
742958
742959
74296
742960
742961
742962
742963
742964
742965
742966
742967
742969
74297
742970
742973
742975
742976
742977
742978
742980
742981
742983
742984
742986
742987
742989
742990
742994
742995
742996
742997
742998
742999
743
74300
743002
743003
743004
743005
743006
743007
743008
74301
743010
743011
743012
743013
743014
743015
743016
743018
743019
74302
743020
743021
743022
743023
743024
743025
743026
743027
743028
743029
74303
743030
743031
743032
743033
743034
743035
743037
743038
743039
74304
743040
743041
743042
743043
743044
743045
743046
743047
743048
743049
74305
743050
743051
743052
743053
743054
743055
743056
743057
743058
743059
74306
743060
743061
743062
743063
743064
743065
743066
743067
743068
743069
74307
743070
743071
743072
743073
743074
743075
743077
743078
743079
74308
743081
743082
743083
743085
743086
743087
743088
743089
74309
743090
743091
743092
743093
743094
743095
743096
743097
743098
743099
74310
743100
743101
743103
743104
743105
743106
743107
743108
743109
74311
743110
743111
743112
743114
743115
743116
743117
743118
743119
74312
743120
743121
743122
743123
743124
743126
743127
743128
743129
74313
743130
743131
743132
743133
743135
743136
743137
743139
74314
743140
743141
743142
743143
743144
743145
743146
743147
743148
743149
74315
743150
743151
743153
743154
743155
743156
743157
743158
74316
743160
743161
743164
743165
743166
743167
743168
74317
743170
743171
743173
743174
743175
743176
743177
743178
74318
743180
743181
743182
743184
743185
743186
743187
743188
743189
74319
743190
743191
743192
743194
743195
743196
743197
743198
743199
74320
743200
743201
743202
743203
743204
743205
743206
743207
743208
743209
74321
743210
743211
743212
743213
743214
743215
743216
743217
743218
743219
74322
743220
743221
743222
743223
743224
743225
743226
743227
743228
743229
74323
743230
743231
743232
743233
743234
743235
743236
743238
743239
74324
743240
743241
743242
743243
743244
743245
743246
743247
743248
743249
74325
743250
743251
743252
743253
743254
743255
743256
743257
743258
743259
74326
743261
743263
743264
743265
743266
743267
743268
743269
74327
743270
743271
743272
743273
743276
743277
743278
743279
74328
743280
743281
743282
743283
743284
743285
743288
74329
743291
743292
743293
743294
743295
743296
743297
743298
743299
74330
743300
743301
743302
743303
743304
743305
743306
743307
743308
743309
743310
743312
743313
743314
743315
743316
743317
743318
743319
74332
743321
743322
743323
743324
743325
743326
743327
743328
743329
74333
743330
743331
743332
743333
743334
743335
743336
743337
743338
743339
74334
743340
743341
743342
743343
743344
743346
743347
743348
74335
743350
743351
743352
743353
743354
743355
743356
743357
743358
74336
743360
743362
743363
743364
743365
743367
743368
743369
74337
743370
743371
743372
743373
743374
743375
743376
743378
743379
743380
743381
743382
743383
743384
743385
743386
743387
743388
743389
74339
743390
743391
743392
743393
743394
743395
743396
743397
743398
743399
74340
743400
743401
743402
743403
743404
743405
743406
743407
743408
743409
74341
743410
743411
743412
743413
743414
743416
743417
743418
743419
74342
743420
743421
743422
743423
743425
743426
743427
743428
743429
74343
743431
743432
743433
743434
743435
743436
743437
743438
743439
74344
743440
743441
743442
743443
743444
743445
743446
743448
743449
74345
743450
743451
743452
743453
743454
743455
743456
743457
743458
743459
74346
743460
743462
743463
743464
743465
743466
743467
743468
743469
74347
743470
743471
743472
743473
743474
743476
743477
743478
743479
74348
743480
743481
743482
743483
743484
743487
743488
743489
74349
743490
743491
743492
743494
743497
743499
74350
743501
743502
743503
743504
743505
743506
743508
743510
743511
743512
743514
743515
743517
743518
743519
74352
743520
743521
743522
743523
743524
743525
743526
743527
743528
743529
74353
743530
743531
743532
743533
743534
743536
743537
743538
743539
74354
743540
743541
743542
743543
743544
743545
743546
743547
743548
743549
74355
743550
743551
743552
743553
743554
743555
743556
743557
743558
74356
743560
743561
743562
743563
743564
743565
743566
743567
743568
743569
743570
743571
743572
743573
743574
743575
743576
743577
743578
743579
743581
743582
743583
743584
743585
743586
743587
743588
743589
74359
743590
743591
743592
743593
743594
743595
743596
743597
743598
743599
74360
743600
743601
743602
743603
743604
743605
743606
743607
743608
743609
743610
743611
743612
743613
743614
743615
743616
743617
743618
743619
743620
743621
743622
743623
743624
743625
743626
743627
743628
74363
743630
743631
743632
743633
743634
743635
743636
743637
743638
743639
74364
743640
743641
743642
743643
743644
743645
743646
743647
743648
743649
74365
743650
743651
743652
743653
743654
743655
743656
743657
743658
743659
743660
743661
743662
743663
743664
743665
743666
743667
743668
743669
74367
743670
743671
743672
743673
743674
743676
743677
743678
743679
74368
743680
743681
743682
743687
743688
743689
74369
743690
743691
743692
743693
743694
743695
743696
743697
743699
74370
743700
743701
743703
743704
743705
743706
743707
743708
743709
74371
743710
743711
743712
743713
743714
743715
743716
743717
743718
743719
74372
743720
743721
743722
743723
743724
743725
743726
743727
743728
743729
74373
743730
743731
743732
743733
743734
743735
743736
743737
743738
743739
74374
743740
743741
743742
743743
743744
743745
743746
743747
743748
743749
743750
743751
743752
743753
743754
743755
743756
743757
743758
743759
743760
743761
743762
743763
743764
743765
743766
743767
743768
743769
743770
743771
743772
743773
743775
743776
743777
743778
743779
74378
743780
743781
743782
743783
743784
743785
743786
743787
743788
743789
74379
743790
743791
743792
743793
743795
743796
743797
743798
743799
74380
743800
743801
743802
743803
743804
743805
743806
743807
743808
743809
74381
743810
743811
743812
743813
743814
743815
743816
743817
743818
74382
743820
743821
743822
743823
743824
743825
743826
743827
743828
743829
74383
743830
743831
743832
743833
743834
743835
743836
743837
743838
743839
74384
743840
743841
743842
743843
743844
743845
743846
743847
743848
743849
743850
743851
743852
743853
743854
743855
743856
743857
743858
743859
74386
743860
743861
743862
743863
743865
743866
743867
743868
74387
743870
743871
743872
743873
743875
743876
743877
743878
743879
743880
743881
743884
743885
743886
743887
743888
743889
74389
743890
743891
743892
743893
743895
743896
743897
743898
743899
74390
743901
743902
743903
743904
743905
743906
743907
743908
743909
74391
743910
743911
743913
743915
743917
743918
743919
74392
743920
743921
743922
743923
743924
743925
743926
743927
743928
743929
743930
743931
743932
743933
743934
743935
743936
743937
743938
74394
743940
743941
743942
743943
743944
743945
743946
743947
743948
743949
74395
743950
743951
743952
743953
743955
743956
743957
743958
743959
743960
743961
743962
743963
743964
743965
743966
743967
743968
743969
74397
743970
743971
743972
743973
743975
743976
743977
743978
743979
74398
743980
743981
743982
743983
743984
743985
743987
743988
74399
743990
743991
743992
743993
743994
743996
743997
743998
743999
744
74400
744000
744001
744002
744003
744004
744005
744006
744007
744008
744009
74401
744010
744011
744012
744013
744014
744015
744016
744017
744018
744019
74402
744020
744021
744022
744023
744024
744025
744026
744027
744028
744029
74403
744030
744031
744032
744033
744034
744035
744036
744037
744038
744039
74404
744040
744041
744042
744043
744044
744045
744046
744047
744048
744049
74405
744050
744051
744052
744053
744054
744055
744056
744058
744059
74406
744060
744061
744062
744063
744064
744065
744066
744067
744069
744070
744072
744073
744074
744075
744076
744077
744078
744079
74408
744080
744081
744082
744083
744084
744085
744086
744087
744088
744089
74409
744090
744091
744092
744093
744094
744095
744096
744097
744098
744099
74410
744100
744101
744102
744103
744105
744106
744107
744108
744110
744111
744112
744114
744115
744116
744117
744118
744119
74412
744122
744123
744124
744125
744127
744128
744129
74413
744130
744131
744132
744133
744134
744135
744136
744137
744138
744139
74414
744140
744141
744142
744143
744144
744145
744146
744147
744148
744149
74415
744150
744151
744152
744153
744154
744156
744158
744159
74416
744160
744161
744163
744164
744166
744167
744168
744169
74417
744173
744174
744175
744176
744177
744178
744179
744180
744181
744182
744183
744184
744186
744187
744188
744189
74419
744190
744191
744192
744193
744194
744195
744196
744197
744199
7442
74420
744200
744201
744202
744203
744204
744205
744206
744207
744208
744209
74421
744210
744211
744212
744213
744214
744215
744216
744217
744218
744219
74422
744220
744221
744222
744223
744224
744225
744226
744227
744228
744229
74423
744230
744231
744232
744233
744234
744235
744236
744237
744238
744239
74424
744240
744241
744242
744243
744244
744245
744246
744247
744248
744249
74425
744251
744252
744253
744254
744255
744256
744257
744258
744259
74426
744260
744261
744262
744263
744264
744265
744267
744268
744269
74427
744270
744271
744272
744273
744274
744275
744276
744277
744278
744279
74428
744280
744281
744282
744283
744284
744285
744287
744288
744289
74429
744290
744291
744292
744293
744294
744295
744296
744297
744298
744299
7443
74430
744301
744302
744303
744304
744305
744306
744307
744308
74431
744310
744311
744312
744314
744315
744316
744317
74432
744320
744321
744322
744323
744324
744325
744326
744327
744328
74433
744330
744331
744332
744333
744334
744335
744336
744338
744339
74434
744340
744341
744342
744344
744345
744346
744349
74435
744350
744351
744352
744353
744354
744355
744356
744357
744358
744359
74436
744360
744361
744362
744363
744365
744366
744368
744369
74437
744370
744371
744372
744373
744374
744375
744376
744378
744379
74438
744380
744381
744382
744383
744384
744385
744386
744387
744388
744389
74439
744390
744391
744392
744393
744394
744395
744396
744397
744398
744399
74440
744400
744401
744402
744404
744405
744406
744407
744408
744409
74441
744410
744411
744412
744413
744414
744415
744416
744417
744418
744419
74442
744420
744421
744422
744423
744424
744425
744426
744427
744428
744429
74443
744430
744433
744434
744435
744437
744438
744439
74444
744441
744442
744443
744444
744445
744446
744447
744448
744449
74445
744450
744451
744452
744453
744454
744455
744456
744457
744458
744460
744461
744463
744464
744465
744466
744467
744468
744469
74447
744471
744472
744473
744474
744475
744476
744477
744478
744479
74448
744480
744482
744483
744484
744485
744486
744487
74449
744491
744492
744493
744494
744495
744496
744497
744498
744499
7445
744502
744503
744504
744505
744506
744507
744508
744509
74451
744510
744511
744512
744513
744514
744515
744516
744517
744518
744519
74452
744520
744521
744522
744524
744525
744526
744527
744528
744529
74453
744530
744531
744532
744533
744534
744535
744536
744537
744538
744539
74454
744540
744541
744542
744543
744546
744547
744548
744549
74455
744550
744551
744552
744553
744554
744555
744556
744557
744558
744559
74456
744560
744561
744562
744563
744564
744565
744566
744567
744568
744569
74457
744570
744571
744572
744573
744575
744576
744577
744578
744579
74458
744581
744582
744583
744584
744585
744586
744587
744588
744589
74459
744590
744591
744592
744594
744595
744596
744599
7446
74460
744600
744601
744602
744603
744604
744605
744606
744607
744608
744609
74461
744610
744611
744612
744613
744615
744616
744617
744618
744619
744620
744621
744622
744623
744624
744625
744626
744627
744628
744629
74463
744630
744631
744632
744634
744635
744637
744638
744639
74464
744640
744641
744642
744643
744644
744645
744646
744647
744648
744649
74465
744650
744651
744652
744653
744654
744655
744656
744658
74466
744660
744661
744663
744664
744665
744667
744668
744669
74467
744670
744671
744672
744673
744674
744676
744677
744678
744679
74468
744680
744681
744682
744683
744685
744687
74469
744690
744696
744697
744699
74470
744700
744701
744702
744703
744704
744705
744706
744709
74471
744710
744711
744712
744713
744714
744715
744716
744717
744718
744719
74472
744720
744721
744723
744724
744725
744726
744727
744728
744729
74473
744730
744731
744732
744733
744734
744735
744736
744737
744738
744739
74474
744740
744741
744742
744743
744744
744745
744746
744747
744749
74475
744750
744751
744752
744753
744754
744755
744756
744757
744758
744759
74476
744760
744761
744762
744763
744765
744766
744767
744768
744769
74477
744770
744771
744772
744773
744774
744775
744776
744777
744778
744779
74478
744781
744782
744783
744784
744786
744787
744788
744789
74479
744790
744791
744792
744793
744794
744795
744796
744797
744798
744799
74480
744800
744801
744802
744803
744804
744805
744806
744807
744808
744809
74481
744810
744811
744812
744813
744814
744815
744816
744817
744818
744819
74482
744820
744821
744822
744823
744824
744825
744826
744827
744828
744829
744830
744831
744832
744833
744834
744835
744836
744837
744838
744839
74484
744840
744841
744842
744843
744844
744845
744846
744847
744849
74485
744850
744851
744852
744853
744854
744855
744856
744857
744858
744859
74486
744860
744861
744862
744863
744864
744865
744866
744867
744868
74487
744870
744871
744872
744876
744877
744879
74488
744880
744881
744883
744884
744885
744886
744887
744888
744889
74489
744890
744891
744892
744893
744894
744895
744896
7449
74490
744900
744901
744902
744903
744904
744906
744907
744909
74491
744910
744911
744912
744913
744914
744916
744918
744919
74492
744920
744921
744922
744924
744925
744927
744928
744929
74493
744930
744931
744932
744933
744934
744935
744936
744937
744938
744939
74494
744940
744941
744942
744943
744944
744945
744947
744948
744949
74495
744950
744951
744952
744953
744954
744955
744956
744957
744958
744959
74496
744960
744961
744962
744963
744964
744965
744966
744967
744968
744969
74497
744970
744971
744972
744973
744974
744975
744976
744977
744978
744979
74498
744980
744981
744982
744983
744984
744985
744986
744987
744989
74499
744990
744991
744992
744993
744994
744996
744997
744998
744999
745
7450
74500
745000
745001
745002
745003
745007
745008
745009
745010
745011
745012
745013
745014
745015
74502
745023
745026
745028
745029
745031
745032
745033
745034
745035
745037
745038
745039
74504
745040
745041
745042
745043
745044
745045
745046
745048
74505
745050
745051
745054
745055
745057
745058
745059
745060
745061
745062
745063
745064
745065
745066
745067
745068
745069
74507
745070
745071
745073
745074
745075
745076
745077
745078
745079
745080
745081
745082
745084
745085
745086
745087
745088
745089
745095
745097
745098
745099
7451
74510
745100
745101
745102
745103
745104
745105
745106
745107
745108
745109
74511
745110
745111
745112
745113
745114
745115
745116
745117
745118
745119
74512
745120
745121
745122
745123
745124
745125
745126
745127
745128
745129
74513
745130
745132
745133
745134
745135
745136
745137
745138
745139
74514
745140
745141
745142
745143
745144
745145
745146
745147
745148
745149
745150
745151
745152
745153
745154
745155
745156
745157
745158
745159
745160
745161
745163
745166
745167
745168
74517
745170
745171
745172
745173
745174
745175
745176
745178
745179
745180
745181
745182
745183
745184
745185
745186
745188
745189
74519
745190
745191
745192
745193
745194
745195
745196
745197
745198
745199
7452
74520
745200
745201
745202
745203
745204
745205
745206
745207
745208
745209
745210
745212
745213
745214
745215
745217
745218
745219
74522
745220
745221
745222
745223
745224
745225
745226
745227
745228
745229
74523
745230
745231
745232
745233
745234
745235
745236
745237
745238
745239
74524
745240
745241
745242
745244
745245
745246
745248
745249
74525
745250
745251
745252
745254
745256
745257
745258
745259
74526
745260
745261
745263
745264
745265
745266
745267
745268
745269
74527
745271
745272
745273
745274
745275
745276
745277
745279
745281
745283
745284
745285
745287
745288
74529
745290
745291
745292
745293
745294
745295
745297
745298
745299
7453
74530
745300
745301
745302
745303
745304
745305
745306
745307
745308
745309
745310
745311
745312
745313
745314
745315
745317
745318
745319
745320
745321
745322
745323
745324
745325
745326
745327
745328
74533
745330
745331
745332
745334
745335
745336
745337
745338
745339
74534
745340
745341
745342
745343
745344
745345
745346
745347
745348
745349
74535
745350
745351
745352
745353
745354
745355
745356
745357
745358
745359
74536
745361
745362
745363
745364
745365
745366
745367
745368
745369
74537
745370
745371
745372
745373
745374
745375
745376
745377
745378
745379
74538
745380
745381
745382
745383
745384
745385
745386
745387
745389
74539
745390
745391
745392
745393
745394
745395
745396
745397
745398
745399
7454
74540
745400
745401
745402
745403
745404
745405
745406
745407
745408
745409
74541
745410
745411
745412
745413
745414
745415
745416
745419
745420
745421
745422
745423
745424
745425
745426
745427
745428
745429
74543
745430
745431
745432
745433
745434
745435
745436
745437
745438
74544
745440
745441
745442
745444
745445
745448
74545
745450
745451
745452
745453
745454
745456
745457
745459
74546
745462
745463
745464
745465
745466
745467
745468
745469
74547
745470
745471
745472
745473
745475
745476
745477
745479
74548
745480
745481
745482
745483
745484
745485
745486
745487
745488
745489
74549
745490
745491
745492
745493
745495
745496
745498
745499
74550
745500
745501
745502
745503
745504
745505
745506
745507
745508
745509
74551
745510
745512
745513
745514
745516
745517
745518
745519
745520
745521
745522
745523
745525
745527
745528
745529
74553
745530
745531
745532
745533
745534
745535
745536
745537
745538
745539
74554
745540
745541
745542
745543
745544
745545
745546
745547
745548
745549
74555
745550
745551
745552
745554
745555
745556
745557
745558
74556
745560
745561
745562
745563
745565
745567
745568
745569
745570
745571
745572
745573
745574
745575
745576
745577
745578
745579
74558
745580
745581
745582
745583
745584
745585
745586
745587
745588
745589
74559
745591
745592
745594
745595
745596
745597
745598
745599
7456
74560
745600
745601
745603
745604
745605
745606
745607
745608
745609
74561
745610
745611
745612
745613
745614
745615
745616
745617
745618
745619
74562
745620
745621
745622
745623
745624
745625
745626
745628
745629
745630
745631
745632
745633
745634
745635
745636
745637
745638
745639
74564
745640
745641
745642
745643
745644
745645
745646
745647
745648
745649
74565
745650
745652
745653
745655
745656
745657
745658
745659
74566
745660
745661
745662
745664
745665
745666
745668
74567
745670
745671
745672
745674
745675
745677
745679
74568
745680
745681
745682
745683
745686
745687
745688
745689
74569
745690
745691
745692
745693
745694
745695
745696
745697
745698
745699
7457
74570
745701
745702
745703
745704
745705
745706
745707
745708
745709
74571
745710
745711
745712
745713
745714
745715
745716
745717
745718
745719
74572
745721
745722
745723
745724
745725
745727
745728
745729
74573
745730
745731
745732
745733
745734
745735
745736
745738
745739
74574
745741
745743
745744
745745
745746
745747
745748
745749
74575
745750
745751
745752
745753
745754
745756
745757
745758
745759
74576
745761
745763
745764
745765
745766
745767
745768
74577
745774
745775
745776
745777
745778
745779
74578
745780
745781
745782
745783
745784
745785
745786
745787
745788
745789
74579
745790
745791
745792
745793
745794
745795
745796
745797
745798
745799
7458
74580
745800
745801
745802
745803
745805
745806
745807
745808
745809
74581
745810
745812
745813
745814
745815
745818
745819
74582
745821
745825
745827
745829
74583
745830
745831
745832
745833
745834
745835
745836
745837
745838
745839
74584
745840
745842
745843
745844
745845
745846
745847
745848
745849
74585
745850
745851
745852
745853
745854
745855
745856
745857
745858
745859
74586
745860
745861
745862
745863
745864
745865
745866
745867
745868
745869
74587
745870
745872
745873
745874
745876
745877
745879
745880
745881
745882
745883
745884
745885
745886
745887
745888
745889
74589
745890
745891
745892
745893
745894
745895
745897
745898
745899
7459
745900
745901
745902
745903
745904
745905
745906
745907
745908
745909
74591
745910
745911
745912
745913
745914
745915
745916
745917
745918
745919
74592
745920
745921
745922
745923
745924
745925
745926
745927
745928
745929
74593
745930
745931
745933
745934
745935
745936
745937
745938
745939
74594
745940
745941
745942
745943
745944
745946
745947
745948
745949
74595
745950
745951
745952
745953
745954
745955
745957
745958
745959
74596
745960
745961
745962
745963
745964
745965
745966
745967
745968
745969
74597
745970
745971
745972
745973
745975
745976
745978
745979
74598
745980
745981
745982
745983
745984
745985
745986
745987
745988
745989
74599
745990
745991
745992
745993
745995
745996
745997
745998
745999
746
7460
746000
746001
746002
746003
746005
746006
746007
746008
746009
74601
746010
746011
746012
746013
746014
746015
746016
746018
746019
74602
746020
746021
746022
746024
746025
746027
746028
746029
74603
746030
746031
746032
746033
746034
746035
746036
746037
746038
746039
74604
746040
746041
746042
746043
746044
746045
746046
746047
746048
746049
74605
746051
746052
746053
746054
746055
746056
746057
746058
746059
74606
746060
746061
746062
746063
746064
746065
746066
746067
746068
746069
74607
746071
746072
746073
746074
746075
746076
746077
746078
746079
74608
746080
746081
746082
746083
746084
746085
746087
746088
746089
74609
746090
746091
746093
746094
746095
746096
746097
746098
746099
7461
74610
746100
746101
746102
746103
746104
746105
746106
746107
746108
746109
74611
746110
746111
746112
746113
746114
746115
746116
746117
746118
746119
74612
746120
746121
746122
746124
746125
746126
746127
746128
746129
74613
746131
746132
746133
746134
746135
746136
746137
746139
74614
746140
746142
746143
746144
746145
746146
746147
746148
746149
74615
746150
746151
746152
746153
746154
746155
746156
746157
746158
746159
74616
746160
746161
746162
746163
746164
746165
746166
746168
74617
746170
746171
746172
746173
746174
746175
746176
746177
746178
746179
74618
746180
746181
746182
746183
746184
746185
746186
746187
746188
746189
74619
746190
746191
746192
746193
746194
746195
746196
746197
746198
746199
7462
74620
746200
746201
746202
746203
746204
746205
746206
746207
746208
746209
74621
746210
746211
746212
746213
746214
746215
746216
746217
746218
746219
74622
746220
746221
746222
746223
746224
746225
746226
746227
746228
746229
74623
746230
746231
746232
746233
746234
746235
746236
746237
746238
746239
74624
746240
746241
746242
746243
746244
746245
746246
746247
746248
746249
746250
746251
746252
746253
746254
746255
746256
746257
746258
746259
746260
746261
746262
746263
746264
746265
746266
746267
746268
74627
746270
746271
746272
746274
746275
746276
746277
746278
746279
74628
746280
746281
746282
746283
746285
746286
746287
746288
746289
74629
746290
746291
746292
746293
746294
746295
746296
746297
746298
746299
74630
746300
746301
746302
746303
746304
746305
746306
746307
746308
746309
74631
746310
746312
746313
746314
746315
746316
746317
746318
746319
74632
746320
746321
746322
746323
746324
746325
746326
746327
746328
746329
74633
746333
746334
746335
746336
746337
746338
746339
74634
746340
746341
746343
746344
746345
746346
746347
746348
746349
74635
746350
746351
746352
746354
746355
746356
746357
746358
74636
746360
746361
746365
746366
746367
746368
74637
746370
746371
746372
746373
746375
746376
746377
746378
746379
74638
746380
746381
746382
746383
746385
746386
746387
746389
74639
746390
746391
746392
746393
746394
746395
746396
746398
746399
74640
746400
746401
746402
746403
746404
746405
746406
746407
746408
746409
74641
746410
746411
746412
746413
746414
746415
746416
746417
746418
746419
74642
746421
746422
746423
746424
746425
746426
746427
746428
746429
74643
746430
746431
746432
746435
746436
746437
746439
74644
746440
746441
746442
746443
746444
746445
746447
746448
746449
74645
746451
746452
746453
746455
746457
746459
74646
746460
746461
746462
746463
746464
746465
746466
746467
746469
74647
746471
746472
746473
746475
746476
746477
746478
746479
74648
746480
746482
746483
746484
746485
746486
746487
746488
746489
74649
746490
746491
746492
746493
746494
746495
746496
746497
746498
746499
74650
746500
746501
746503
746504
746505
746506
746507
746508
746509
74651
746510
746511
746513
746514
746515
746516
746517
746518
74652
746520
746521
746522
746523
746524
746525
746526
746527
746528
746529
746530
746532
746533
746534
746535
746536
746537
746538
746539
74654
746540
746541
746542
746543
746544
746545
746546
746547
746548
746549
74655
746550
746551
746552
746553
746554
746555
746556
746557
746558
746559
74656
746560
746561
746562
746563
746564
746565
746566
746567
746568
746569
74657
746570
746571
746572
746573
746574
746575
746576
746577
746578
746579
74658
746581
746583
746584
746585
746586
746587
746588
74659
746590
746594
746595
746596
746597
746598
746599
74660
746600
746601
746603
746604
746605
746606
746607
746608
746609
74661
746610
746611
746612
746613
746614
746615
746616
746617
746618
746619
74662
746622
746623
746624
746625
746627
746628
746629
74663
746630
746631
746632
746633
746634
746635
746637
746638
746639
74664
746640
746641
746642
746643
746644
746645
746646
746647
746648
746649
74665
746650
746651
