1072363
1072365
1072366
1072367
1072368
1072369
107237
1072370
1072371
1072372
1072373
1072374
1072375
1072376
1072379
1072384
1072385
1072387
1072388
1072389
107239
1072390
1072394
1072395
1072398
1072399
10724
107240
1072400
1072401
1072402
1072403
1072404
1072405
1072406
1072407
1072408
1072409
1072410
1072411
1072412
1072413
1072414
1072415
1072416
1072418
1072419
107242
1072420
1072421
1072423
1072424
1072425
1072426
1072427
1072428
1072429
107243
1072430
1072431
1072432
1072434
1072435
1072436
1072437
1072438
107244
1072440
1072441
1072442
1072444
1072445
1072446
1072447
1072448
1072449
1072450
1072452
1072453
1072454
1072455
1072456
1072457
1072458
1072459
107246
1072460
1072461
1072462
1072463
1072464
1072465
1072466
1072467
1072468
1072469
1072470
1072471
1072472
1072473
1072474
1072475
1072476
1072477
1072478
1072479
107248
1072480
1072481
1072482
1072483
1072484
1072485
1072486
1072487
1072488
1072489
1072490
1072491
1072492
1072493
1072494
1072495
1072496
1072497
1072498
1072499
10725
107250
1072500
1072501
1072502
1072503
1072504
1072505
1072506
1072507
1072508
1072509
107251
1072510
1072511
1072512
1072513
1072514
1072515
1072516
1072517
1072518
1072519
107252
1072520
1072522
1072523
1072524
1072525
1072526
1072527
1072528
1072529
1072531
1072532
1072533
1072534
1072535
1072536
1072537
1072538
1072539
107254
1072540
1072541
1072542
1072544
1072547
1072548
1072549
107255
1072550
1072551
1072552
1072553
1072554
1072555
1072556
1072557
1072558
107256
1072560
1072561
1072562
1072563
1072564
1072565
1072566
1072567
1072568
107257
1072571
1072572
1072573
1072574
1072575
1072576
1072577
1072578
1072579
107258
1072580
1072581
1072582
1072583
1072584
1072585
1072586
1072587
1072588
1072589
107259
1072590
1072592
1072593
1072594
1072596
1072598
1072599
10726
1072600
1072601
1072602
1072603
1072604
1072605
1072606
1072607
1072608
1072609
107261
1072610
1072611
1072612
1072613
1072614
1072615
1072616
1072617
1072618
1072619
107262
1072620
1072621
1072624
1072625
1072626
1072627
1072628
1072629
1072630
1072631
1072633
1072634
1072635
1072637
1072638
1072639
107264
1072641
1072643
1072644
1072645
1072646
1072647
1072648
1072649
1072650
1072652
1072653
1072655
1072656
1072657
1072659
1072660
1072661
1072663
1072664
1072665
1072666
1072667
1072668
1072669
1072671
1072672
1072673
1072674
1072675
1072676
1072677
107268
1072680
1072681
1072682
1072683
1072684
1072685
1072686
1072687
1072688
1072689
107269
1072690
1072691
1072692
1072693
1072694
1072695
1072696
1072697
1072698
1072699
10727
107270
1072700
1072701
1072702
1072703
1072704
1072705
1072706
1072707
1072708
1072709
1072710
1072711
1072712
1072713
1072714
1072715
1072716
1072717
1072719
107272
1072720
1072721
1072722
1072723
1072724
1072725
1072727
1072728
1072729
107273
1072730
1072731
1072733
1072734
1072735
1072736
1072737
1072739
1072740
1072741
1072742
1072743
1072744
1072745
1072746
1072747
1072748
1072749
107275
1072750
1072751
1072752
1072753
1072754
1072755
1072757
1072758
1072759
107276
1072760
1072761
1072762
1072763
1072764
1072765
1072766
1072767
1072768
107277
1072770
1072771
1072772
1072773
1072774
1072775
1072776
1072777
1072778
1072779
1072780
1072781
1072782
1072783
1072784
1072785
1072786
1072787
1072788
1072789
107279
1072790
1072791
1072792
1072793
1072794
1072795
1072796
1072797
1072798
1072799
10728
1072800
1072801
1072802
1072803
1072804
1072805
1072806
1072807
1072808
1072809
1072810
1072811
1072812
1072813
1072814
1072815
1072816
1072817
1072819
107282
1072820
1072821
1072822
1072823
1072824
1072825
1072826
1072827
1072828
1072829
1072831
1072832
1072833
1072834
1072835
1072837
1072839
1072840
1072842
1072845
1072846
1072847
1072848
1072849
107285
1072850
1072851
1072852
1072853
1072854
1072855
1072856
1072858
1072859
107286
1072860
1072861
1072862
1072863
1072864
1072865
1072866
1072868
1072869
107287
1072870
1072871
1072872
1072873
1072874
1072875
1072876
1072877
1072879
107288
1072880
1072882
1072883
1072887
1072888
107289
1072890
1072891
1072892
1072894
1072895
1072896
1072898
1072899
10729
107290
1072901
1072902
1072903
1072904
1072905
1072906
1072907
1072908
1072909
107291
1072910
1072911
1072912
1072914
1072916
1072917
107292
1072920
1072921
1072922
1072924
1072925
1072926
1072927
1072928
1072929
1072930
1072932
1072933
1072935
1072936
1072937
1072938
1072939
107294
1072940
1072941
1072942
1072943
1072944
1072945
1072946
1072947
1072949
107295
1072950
1072951
1072952
1072953
1072954
1072955
1072957
1072958
1072959
107296
1072960
1072961
1072962
1072963
1072964
1072965
1072966
1072967
1072968
1072969
107297
1072970
1072971
1072972
1072973
1072974
1072975
1072976
1072977
1072978
107298
1072980
1072981
1072982
1072983
1072987
107299
1072990
1072991
1072992
1072993
1072994
1072995
1072996
1072997
1072999
1073
10730
107300
1073000
1073001
1073002
1073003
1073004
1073005
1073006
1073007
1073008
107301
1073010
1073011
1073012
1073013
1073014
1073015
1073016
1073017
1073018
1073019
1073020
1073021
1073023
1073024
1073025
1073026
1073027
1073028
1073029
1073030
1073031
1073032
1073033
1073034
1073035
1073036
1073037
1073038
1073039
1073040
1073041
1073044
1073045
1073046
1073048
1073049
107305
1073051
1073054
1073056
1073057
1073058
1073059
107306
1073060
1073061
1073062
1073063
1073064
1073066
1073067
1073068
1073069
1073070
1073071
1073072
1073073
1073074
1073075
1073076
1073077
1073078
1073079
107308
1073080
1073081
1073083
1073084
1073085
1073086
1073087
1073088
1073089
107309
1073090
1073091
1073092
1073093
1073094
1073095
1073096
1073097
1073098
1073099
10731
1073100
1073101
1073102
1073103
1073105
1073106
1073107
1073108
1073109
107311
1073110
1073111
1073112
1073113
1073114
1073115
1073116
1073117
1073119
107312
1073120
1073121
1073122
1073123
1073124
1073125
1073126
1073129
107313
1073130
1073131
1073132
1073133
1073134
1073135
1073136
1073137
1073138
1073139
1073140
1073141
1073142
1073143
1073144
1073145
1073146
1073147
1073148
1073149
107315
1073150
1073151
1073153
1073154
1073155
1073156
1073157
1073158
1073159
107316
1073160
1073161
1073162
1073163
1073164
1073165
1073166
1073167
1073168
1073169
1073170
1073171
1073172
1073173
1073174
1073175
1073176
1073177
1073178
1073179
107318
1073180
1073181
1073183
1073184
1073186
1073187
107319
1073190
1073191
1073192
1073193
1073194
1073196
1073198
1073199
10732
107320
1073201
1073202
1073203
1073204
1073205
1073206
1073207
1073208
1073209
107321
1073210
1073211
1073212
1073213
1073215
1073216
1073217
1073218
1073219
1073220
1073222
1073223
1073224
1073225
1073226
1073227
1073228
107323
1073230
1073232
1073233
1073234
1073237
1073238
1073239
1073240
1073241
1073242
1073243
1073245
1073246
1073247
1073248
1073249
107325
1073250
1073251
1073252
1073253
1073254
1073255
1073256
1073257
1073259
107326
1073260
1073261
1073262
1073263
1073264
1073265
1073267
1073268
1073269
107327
1073270
1073271
1073272
1073273
1073274
1073275
1073276
1073277
1073278
1073279
107328
1073280
1073283
1073284
1073285
1073287
1073288
1073289
107329
1073291
1073292
1073294
1073295
1073296
1073297
1073298
1073299
10733
1073300
1073301
1073302
1073304
1073305
1073306
1073307
1073308
1073309
107331
1073310
1073311
1073312
1073313
1073315
1073316
1073317
1073319
1073320
1073321
1073324
1073325
1073328
107333
1073330
1073331
1073332
1073333
1073334
1073335
1073336
1073337
107334
1073341
1073342
1073343
1073344
1073345
1073346
1073347
1073348
107335
1073350
1073351
1073352
1073353
1073354
1073355
1073356
1073357
1073358
1073359
107336
1073360
1073361
1073362
1073363
1073364
1073369
1073373
1073377
1073378
107338
1073380
1073381
1073382
1073383
1073384
1073385
1073386
1073387
1073388
1073389
1073390
1073392
1073393
1073394
1073396
1073397
1073398
10734
1073400
1073401
1073402
1073403
1073404
1073405
1073406
1073407
1073408
1073409
107341
1073410
1073411
1073412
1073413
1073414
1073415
1073416
1073417
1073418
1073419
107342
1073420
1073421
1073423
1073424
1073425
1073426
1073427
1073429
107343
1073430
1073431
1073432
1073433
1073434
1073435
1073436
1073437
1073438
1073439
1073440
1073441
1073442
1073443
1073444
1073445
1073446
1073447
1073448
1073449
107345
1073450
1073451
1073452
1073453
1073454
1073455
1073456
1073457
1073458
1073459
1073460
1073461
1073462
1073463
1073464
1073465
1073466
1073467
1073468
1073469
1073470
1073471
1073472
1073473
1073474
1073476
1073477
1073478
1073479
1073480
1073481
1073482
1073483
1073484
1073485
1073486
1073487
1073489
107349
1073490
1073492
1073493
1073494
1073495
1073497
10735
1073500
1073501
1073502
1073503
1073504
1073505
1073507
1073508
1073509
107351
1073510
1073511
1073515
1073517
1073519
107352
1073520
1073521
1073522
1073523
1073524
1073525
1073526
1073527
1073529
107353
1073530
1073531
1073532
1073533
1073534
1073535
1073536
1073537
1073538
1073539
1073540
1073541
1073542
1073543
1073544
1073545
1073546
1073547
1073548
1073549
107355
1073551
1073552
1073553
1073554
1073555
1073556
1073557
1073558
1073560
1073561
1073562
1073563
1073564
1073565
1073566
1073567
1073568
1073569
107357
1073570
1073571
1073572
1073573
1073574
1073575
1073576
1073577
1073578
1073579
107358
1073580
1073582
1073583
1073584
1073585
1073586
1073587
1073588
1073589
107359
1073590
1073591
1073592
1073593
1073594
1073595
1073596
1073597
1073598
1073599
1073600
1073601
1073602
1073603
1073604
1073605
1073606
1073607
1073608
1073609
1073610
1073611
1073612
1073613
1073614
1073615
1073616
1073617
1073618
1073619
107362
1073620
1073621
1073622
1073623
1073624
1073625
1073626
1073627
1073628
1073629
1073630
1073631
1073632
1073633
1073634
1073635
1073636
1073637
1073638
1073639
107364
1073640
1073641
1073642
1073643
1073644
1073646
1073647
1073648
1073649
107365
1073650
1073651
1073652
1073653
1073654
1073655
1073656
1073657
1073658
1073659
1073660
1073662
1073663
1073664
1073665
1073666
1073667
1073668
1073669
1073670
1073671
1073672
1073673
1073674
1073675
1073676
1073677
1073678
1073680
1073681
1073682
1073683
1073684
1073685
1073686
1073687
1073690
1073692
1073694
1073696
1073697
1073698
1073699
107370
1073700
1073701
1073702
1073703
1073704
1073705
1073706
1073707
1073708
1073709
107371
1073710
1073711
1073712
1073713
1073714
1073715
1073716
1073717
1073718
1073719
107372
1073720
1073721
1073722
1073723
1073724
1073725
1073726
1073727
1073728
1073729
1073730
1073732
1073733
1073735
1073736
1073738
1073739
107374
1073742
1073743
1073745
1073746
1073747
1073749
1073750
1073751
1073752
1073753
1073754
1073755
1073756
1073757
1073758
1073759
107376
1073760
1073761
1073762
1073763
1073764
1073765
1073766
1073767
1073768
1073769
1073770
1073771
1073772
1073773
1073775
1073776
1073777
1073778
1073779
1073780
1073781
1073782
1073783
1073784
1073785
1073786
1073788
1073789
1073790
1073791
1073792
1073793
1073794
1073795
1073796
1073797
1073798
1073799
107380
1073800
1073801
1073802
1073803
1073804
1073805
1073806
1073807
1073808
1073809
1073810
1073811
1073812
1073813
1073814
1073815
1073817
1073821
1073822
1073823
1073825
1073826
1073828
1073829
107383
1073830
1073831
1073832
1073833
1073834
1073835
1073836
1073837
1073838
1073839
107384
1073840
1073841
1073842
1073843
1073844
1073845
1073846
1073847
1073848
1073849
1073850
1073851
1073852
1073853
1073854
1073855
1073857
1073858
1073859
1073861
1073862
1073863
1073864
1073865
1073866
1073867
1073868
1073869
107387
1073870
1073871
1073872
1073873
1073875
1073876
1073877
1073878
1073879
1073880
1073881
1073882
1073883
1073884
1073885
1073886
1073887
1073888
1073889
1073890
1073891
1073893
1073895
1073896
1073897
1073898
1073899
10739
1073900
1073901
1073902
1073905
1073906
1073907
1073908
1073909
107391
1073910
1073911
1073912
1073915
1073916
1073917
1073918
1073919
107392
1073920
1073921
1073922
1073923
1073924
1073926
1073927
1073928
1073929
107393
1073930
1073931
1073932
1073933
1073934
1073935
1073936
1073937
1073938
1073939
1073940
1073941
1073942
1073943
1073944
1073945
1073946
1073947
1073948
1073949
107395
1073950
1073951
1073952
1073953
1073954
1073955
1073956
1073957
1073958
1073959
1073961
1073962
1073963
1073964
1073966
1073967
1073968
1073969
107397
1073970
1073971
1073972
1073973
1073974
1073975
1073976
1073977
1073979
107398
1073980
1073981
1073982
1073983
1073984
1073985
1073986
1073987
1073988
1073989
1073990
1073991
1073992
1073993
1073995
1073996
1073997
1073998
1073999
10740
107400
1074000
1074003
1074004
1074005
1074006
1074007
1074008
1074009
1074010
1074011
1074012
1074013
1074014
1074015
1074016
1074017
1074018
1074019
107402
1074020
1074021
1074022
1074023
1074024
1074025
1074026
1074027
1074028
1074029
107403
1074030
1074031
1074032
1074033
1074034
1074035
1074036
1074037
1074038
1074039
1074041
1074042
1074043
1074044
1074045
1074046
1074047
1074048
1074049
1074050
1074051
1074052
1074053
1074054
1074055
1074056
1074057
1074058
1074059
107406
1074060
1074061
1074062
1074063
1074064
1074065
1074066
1074067
1074068
1074069
1074070
1074071
1074072
1074073
1074074
1074076
1074077
1074078
1074079
107408
1074080
1074081
1074082
1074083
1074084
1074085
1074086
1074087
1074088
1074089
1074090
1074091
1074093
1074094
1074096
1074097
1074098
1074099
10741
1074100
1074101
1074102
1074103
1074104
1074105
1074106
1074107
1074108
1074109
1074110
1074111
1074112
1074113
1074114
1074115
1074116
1074117
1074118
1074119
107412
1074120
1074121
1074122
1074123
1074125
1074126
1074127
1074128
1074129
107413
1074130
1074131
1074132
1074133
1074134
1074135
1074136
1074137
1074138
1074139
107414
1074140
1074141
1074142
1074143
1074144
1074145
1074146
1074147
1074148
1074149
1074151
1074152
1074153
1074154
1074156
1074157
1074158
107416
1074161
1074162
1074163
1074164
1074165
1074166
1074167
1074168
1074169
107417
1074170
1074171
1074172
1074173
1074174
1074175
1074177
1074178
107418
1074180
1074181
1074182
1074184
1074185
1074186
1074187
1074188
1074189
1074190
1074191
1074192
1074193
1074195
1074196
1074197
1074198
1074199
10742
107420
1074200
1074201
1074202
1074204
1074205
1074206
1074207
1074208
1074209
107421
1074210
1074211
1074212
1074213
1074214
1074215
1074216
1074217
1074218
1074219
107422
1074220
1074221
1074222
1074223
1074224
1074225
1074226
1074227
1074229
107423
1074233
1074234
1074235
1074236
1074237
1074238
1074239
107424
1074241
1074242
1074243
1074244
1074245
1074246
1074247
1074248
1074249
107425
1074250
1074251
1074252
1074253
1074254
1074255
1074256
1074257
1074258
1074259
107426
1074260
1074261
1074262
1074264
1074265
1074266
1074267
1074268
1074269
107427
1074270
1074271
1074272
1074273
1074275
1074276
1074277
1074278
1074279
107428
1074280
1074281
1074282
1074283
1074284
1074285
1074286
1074287
1074288
1074289
107429
1074290
1074292
1074293
1074294
1074295
1074296
1074297
1074298
1074299
10743
107430
1074300
1074301
1074302
1074303
1074304
1074305
1074306
1074307
1074308
1074309
1074310
1074311
1074312
1074313
1074314
1074315
1074316
1074317
1074318
1074319
107432
1074320
1074321
1074322
1074323
1074324
1074325
1074326
1074327
1074328
107433
1074330
1074331
1074332
1074333
1074335
1074336
1074337
1074338
1074339
107434
1074340
1074341
1074342
1074343
1074344
1074345
1074346
1074347
1074348
1074349
1074350
1074351
1074352
1074353
1074354
1074355
1074356
1074357
1074358
1074359
107436
1074360
1074361
1074362
1074363
1074364
1074365
1074366
1074367
1074368
1074369
107437
1074371
1074372
1074373
1074374
1074375
1074376
1074377
1074378
1074379
107438
1074380
1074381
1074383
1074384
1074385
1074386
1074388
1074389
107439
1074390
1074391
1074392
1074393
1074394
1074395
1074396
1074397
1074398
1074399
10744
1074400
1074401
1074403
1074404
1074405
1074407
1074408
1074409
1074410
1074411
1074412
1074413
1074414
1074415
1074416
1074417
1074418
1074419
1074420
1074421
1074422
1074423
1074424
1074425
1074426
1074427
1074428
107443
1074430
1074431
1074433
1074434
1074435
1074436
1074437
1074438
1074439
107444
1074440
1074441
1074442
1074443
1074444
1074445
1074446
1074447
1074449
107445
1074451
1074452
1074454
1074455
1074456
1074461
1074462
1074463
1074464
1074465
1074467
1074468
1074469
107447
1074470
1074471
1074472
1074473
1074474
1074475
1074476
1074477
1074478
1074479
107448
1074480
1074481
1074482
1074483
1074484
1074485
1074486
1074487
1074488
1074489
1074490
1074491
1074493
1074494
1074495
1074496
1074497
1074498
1074499
1074500
1074501
1074502
1074503
1074504
1074505
1074506
1074507
1074508
1074509
1074510
1074511
1074512
1074513
1074514
1074515
1074516
1074517
1074518
1074519
107452
1074520
1074521
1074522
1074523
1074524
1074525
1074526
1074527
1074528
1074529
107453
1074530
1074531
1074532
1074533
1074534
1074535
1074536
1074537
1074539
107454
1074540
1074541
1074542
1074543
1074544
1074545
1074550
1074551
1074552
1074553
1074554
1074555
1074558
1074559
107456
1074560
1074561
1074562
1074563
1074564
1074565
1074566
1074567
1074568
1074569
1074570
1074573
1074576
1074578
1074580
1074581
1074582
1074583
1074585
1074586
1074587
1074589
107459
1074590
1074591
1074592
1074593
1074594
1074595
1074596
1074597
1074598
1074599
10746
1074600
1074602
1074603
1074604
1074605
1074606
1074607
1074608
1074609
1074610
1074611
1074612
1074613
1074614
1074616
1074617
1074618
1074619
1074620
1074621
1074622
1074623
1074624
1074625
1074627
1074628
1074629
107463
1074630
1074632
1074633
1074634
1074636
1074637
1074638
1074639
1074641
1074642
1074643
1074644
1074645
1074647
1074648
1074650
1074651
1074652
1074653
1074654
1074655
1074656
1074657
1074658
1074659
1074660
1074661
1074662
1074663
1074664
1074665
1074666
1074667
1074668
1074669
1074670
1074671
1074672
1074673
1074675
1074676
1074677
1074678
1074679
1074680
1074681
1074682
1074683
1074684
1074685
1074686
1074687
1074688
1074689
1074690
1074691
1074692
1074693
1074694
1074695
1074696
1074697
1074698
1074699
10747
1074700
1074701
1074702
1074703
1074704
1074705
1074706
1074709
1074710
1074712
1074713
1074715
1074717
1074718
1074719
1074720
1074721
1074722
1074723
1074724
1074725
1074726
1074727
1074728
1074729
1074730
1074731
1074732
1074733
1074734
1074735
1074736
1074738
1074740
1074741
1074742
1074743
1074744
1074745
1074746
1074747
1074748
1074749
107475
1074750
1074751
1074752
1074753
1074754
1074755
1074756
1074757
1074758
1074760
1074761
1074762
1074763
1074764
1074765
1074766
1074767
1074768
1074769
1074770
1074771
1074772
1074773
1074774
1074775
1074776
1074777
1074778
1074779
1074780
1074781
1074782
1074783
1074784
1074785
1074786
1074787
1074788
1074789
1074790
1074792
1074793
1074794
1074795
1074796
1074797
1074798
1074799
10748
107480
1074800
1074801
1074802
1074803
1074804
1074805
1074806
1074807
1074808
1074810
1074811
1074812
1074814
1074815
1074816
1074817
1074818
1074819
1074821
1074822
1074823
1074824
1074825
1074826
1074827
1074828
1074829
1074830
1074831
1074833
1074834
1074836
1074837
1074838
1074839
1074841
1074842
1074843
1074844
1074846
1074848
1074849
107485
1074850
1074851
1074852
1074854
1074855
1074856
1074857
1074858
1074859
107486
1074860
1074862
1074863
1074864
1074865
1074867
1074868
1074869
1074870
1074871
1074873
1074874
1074875
1074876
1074877
1074878
1074879
107488
1074880
1074881
1074882
1074883
1074885
1074886
1074887
1074888
1074889
107489
1074890
1074891
1074892
1074893
1074894
1074895
1074896
1074897
1074898
1074899
10749
1074900
1074901
1074902
1074903
1074904
1074905
1074906
1074907
1074908
1074909
107491
1074910
1074912
1074913
1074914
1074916
1074918
1074919
1074920
1074922
1074923
1074924
1074925
1074926
1074927
1074928
1074929
107493
1074930
1074931
1074932
1074933
1074934
1074936
1074937
1074939
107494
1074940
1074941
1074943
1074945
1074946
1074947
1074948
1074950
1074951
1074952
1074953
1074954
1074955
1074956
1074957
1074958
1074959
107496
1074960
1074961
1074962
1074963
1074964
1074966
1074967
1074968
1074969
107497
1074970
1074971
1074972
1074973
1074974
1074975
1074976
1074977
1074978
1074979
1074980
1074981
1074982
1074983
1074984
1074986
1074987
1074988
1074989
107499
1074990
1074991
1074992
1074993
1074994
1074995
1074996
1074997
1074998
1074999
1075
10750
107500
1075000
1075002
1075003
1075004
1075005
1075006
1075007
1075008
1075009
107501
1075010
1075011
1075012
1075013
1075014
1075015
1075016
1075017
1075018
1075019
1075021
1075022
1075023
1075024
1075025
1075026
1075027
1075028
1075029
107503
1075030
1075031
1075032
1075033
1075034
1075035
1075036
1075037
1075038
1075039
107504
1075040
1075041
1075044
1075045
1075046
1075047
1075048
1075049
107505
1075050
1075053
1075057
1075060
1075061
1075062
1075063
1075064
1075065
1075066
1075067
1075068
1075069
1075071
1075075
1075076
1075077
1075078
1075080
1075081
1075084
1075086
1075088
1075089
107509
1075093
1075098
1075099
10751
1075103
1075107
1075108
107511
1075110
1075111
1075115
1075117
1075121
1075122
1075125
1075131
1075134
1075135
1075136
1075137
1075139
1075141
1075143
1075144
1075145
1075147
107515
1075152
1075153
1075155
1075157
1075158
1075161
1075162
1075163
1075164
1075165
1075167
1075168
1075169
1075170
1075171
1075172
1075173
1075175
1075176
1075177
1075179
107518
1075180
1075181
1075182
1075184
1075185
1075186
1075187
1075188
1075189
107519
1075190
1075191
1075192
1075193
1075194
1075195
1075196
1075197
1075198
1075199
10752
107520
1075201
1075202
1075203
1075204
1075205
1075206
1075207
1075208
1075209
1075210
1075211
1075212
1075213
1075214
1075215
1075216
1075217
1075218
1075219
1075220
1075221
1075222
1075223
1075224
1075225
1075226
1075227
1075228
1075229
107523
1075230
1075231
1075232
1075233
1075234
1075235
1075236
1075237
1075238
1075239
107524
1075240
1075241
1075242
1075243
1075244
1075245
1075246
1075247
1075248
1075249
107525
1075250
1075251
1075252
1075253
1075254
1075255
1075256
1075257
1075258
1075259
107526
1075260
1075261
1075262
1075264
1075265
1075266
1075267
1075268
1075269
1075270
1075271
1075272
1075273
1075274
1075275
1075276
1075277
1075278
1075279
107528
1075280
1075281
1075282
1075284
1075285
1075286
1075287
1075288
1075289
107529
1075290
1075291
1075292
1075293
1075294
1075295
1075296
1075297
1075299
10753
1075300
1075301
1075302
1075303
1075304
1075305
1075306
1075307
1075308
1075309
107531
1075310
1075311
1075312
1075313
1075314
1075315
1075316
1075317
1075318
1075319
107532
1075320
1075321
1075322
1075323
1075324
1075325
1075327
1075328
1075329
107533
1075330
1075331
1075332
1075333
1075334
1075335
1075336
1075337
1075338
1075339
107534
1075340
1075341
1075342
1075343
1075344
1075345
1075346
1075348
1075349
1075350
1075352
1075353
1075354
1075355
1075356
1075357
1075358
1075359
107536
1075360
1075361
1075362
1075363
1075364
1075365
1075367
1075368
1075370
1075371
1075372
1075373
1075375
1075376
1075377
1075378
1075379
107538
1075380
1075381
1075382
1075383
1075384
1075385
1075386
1075387
1075389
107539
1075390
1075391
1075392
1075393
1075394
1075395
1075396
1075398
10754
107540
1075400
1075401
1075402
1075403
1075404
1075405
1075406
1075407
1075408
1075409
107541
1075410
1075411
1075412
1075413
1075414
1075415
1075416
1075417
1075418
1075419
1075420
1075421
1075422
1075423
1075424
1075425
1075426
1075427
1075428
107543
1075430
1075431
1075432
1075433
1075434
1075435
1075436
1075437
1075438
1075439
1075440
1075441
1075442
1075443
1075445
1075448
1075449
107545
1075450
1075451
1075452
1075453
1075454
1075455
1075456
1075458
1075459
1075460
1075462
1075463
1075464
1075465
1075466
1075467
1075468
1075469
1075470
1075471
1075472
1075473
1075474
1075475
1075476
1075477
1075478
1075479
107548
1075480
1075481
1075482
1075483
1075484
1075485
1075486
1075487
1075488
1075489
1075490
1075491
1075492
1075493
1075494
1075495
1075496
1075497
1075498
1075499
10755
107550
1075500
1075501
1075502
1075503
1075504
1075505
1075506
1075507
1075508
1075509
107551
1075510
1075511
1075512
1075513
1075514
1075515
1075516
1075517
1075518
1075519
107552
1075520
1075522
1075523
1075524
1075525
1075526
1075527
1075528
1075529
1075530
1075531
1075532
1075534
1075536
1075537
1075538
1075539
107554
1075540
1075541
1075542
1075543
1075544
1075545
1075546
1075547
1075548
1075549
107555
1075550
1075551
1075552
1075553
1075554
1075558
1075560
1075561
1075562
1075563
1075564
1075565
1075566
1075567
1075568
1075570
1075571
1075572
1075573
1075574
1075575
1075576
1075577
1075578
1075579
107558
1075580
1075581
1075582
1075583
1075584
1075585
1075586
1075587
1075588
1075589
1075590
1075591
1075592
1075593
1075594
1075595
1075596
1075597
1075598
1075599
10756
107560
1075600
1075601
1075602
1075603
1075604
1075605
1075606
1075607
1075608
1075609
107561
1075610
1075611
1075612
1075613
1075614
1075615
1075616
1075617
1075618
1075619
1075620
1075621
1075623
1075625
1075626
1075627
1075628
1075629
1075630
1075631
1075632
1075633
1075634
1075635
1075636
1075637
1075638
1075639
107564
1075640
1075641
1075642
1075643
1075644
1075645
1075646
1075647
1075648
1075649
107565
1075650
1075652
1075653
1075654
1075655
1075656
1075657
1075658
1075659
1075660
1075661
1075662
1075663
1075664
1075665
1075667
1075668
1075669
1075670
1075671
1075672
1075673
1075674
1075675
1075676
1075677
1075678
1075679
1075680
1075681
1075682
1075683
1075684
1075685
1075686
1075687
1075688
1075689
107569
1075691
1075692
1075693
1075694
1075695
1075696
1075697
1075698
1075699
10757
107570
1075700
1075701
1075702
1075703
1075704
1075705
1075706
1075707
1075708
1075709
1075710
1075711
1075712
1075713
1075714
1075715
1075716
1075717
1075718
1075719
1075720
1075721
1075722
1075724
1075725
1075727
1075728
1075729
1075730
1075731
1075732
1075734
1075735
1075736
1075737
1075738
1075739
1075740
1075741
1075742
1075743
1075744
1075745
1075746
1075747
1075748
1075750
1075753
1075754
1075755
1075756
1075757
1075758
1075759
1075760
1075761
1075762
1075763
1075764
1075765
1075766
1075767
1075768
107577
1075772
1075773
1075774
1075775
1075776
1075777
1075778
1075779
1075780
1075781
1075782
1075783
1075784
1075785
1075786
1075787
1075788
1075789
1075790
1075791
1075792
1075793
1075794
1075795
1075796
1075797
1075798
1075799
10758
107580
1075800
1075801
1075802
1075803
1075804
1075805
1075806
1075807
1075808
1075809
107581
1075810
1075811
1075812
1075813
1075814
1075815
1075816
1075817
1075818
1075819
1075820
1075821
1075822
1075823
1075824
1075826
1075827
1075828
1075829
107583
1075830
1075831
1075832
1075833
1075834
1075835
1075836
1075837
1075838
1075839
107584
1075840
1075841
1075842
1075843
1075844
1075845
1075846
1075847
1075848
1075850
1075851
1075852
1075853
1075854
1075855
1075856
1075857
1075858
1075859
107586
1075860
1075861
1075862
1075863
1075864
1075865
1075866
1075868
1075869
107587
1075872
1075873
1075874
1075875
1075876
1075877
1075878
1075879
107588
1075880
1075882
1075883
1075884
1075885
1075886
1075887
1075889
107589
1075891
1075892
1075893
1075894
1075895
1075896
1075897
1075899
10759
107590
1075900
1075902
1075903
1075904
1075905
1075906
1075907
1075908
1075909
107591
1075910
1075912
1075913
1075914
1075915
1075916
1075917
1075918
1075919
107592
1075920
1075921
1075922
1075923
1075924
1075925
1075926
1075928
1075929
107593
1075930
1075933
1075934
1075935
1075936
1075937
1075938
1075939
107594
1075940
1075941
1075942
1075943
1075944
1075945
1075946
1075947
1075948
1075949
107595
1075950
1075951
1075952
1075953
1075954
1075955
1075956
1075957
1075958
1075959
107596
1075960
1075961
1075962
1075963
1075964
1075965
1075966
1075968
1075969
1075970
1075971
1075972
1075973
1075974
1075975
1075976
1075977
1075978
1075979
107598
1075980
1075981
1075982
1075983
1075985
1075986
1075987
1075988
1075989
1075990
1075991
1075992
1075993
1075994
1075995
1075996
1075997
1075998
1075999
10760
1076000
1076001
1076002
1076003
1076004
1076005
1076006
1076007
1076008
1076009
1076010
1076011
1076012
1076013
1076014
1076016
1076017
1076018
1076019
1076020
1076021
1076022
1076023
1076024
1076025
1076026
1076027
1076028
1076029
107603
1076030
1076031
1076032
1076033
1076034
1076035
1076036
1076037
1076038
1076039
1076040
1076041
1076042
1076043
1076044
1076045
1076046
1076047
1076048
1076049
107605
1076050
1076051
1076052
1076053
1076054
1076055
1076056
1076057
1076058
107606
1076060
1076061
1076062
1076063
1076064
1076067
1076068
1076069
1076070
1076072
1076073
1076074
1076075
1076076
1076077
1076078
1076079
1076080
1076081
1076082
1076083
1076084
1076085
1076086
1076087
1076088
1076089
107609
1076090
1076091
1076093
1076095
1076099
10761
107610
1076100
1076101
1076103
1076104
1076105
1076106
1076109
107611
1076110
1076111
1076112
1076113
1076114
1076116
1076117
1076118
1076119
107612
1076120
1076121
1076122
1076123
1076124
1076125
1076128
1076129
107613
1076130
1076132
1076133
1076134
1076135
1076136
1076137
1076138
1076139
107614
1076140
1076141
1076142
1076143
1076144
1076145
1076146
1076147
1076148
1076149
1076150
1076151
1076152
1076153
1076154
1076155
1076156
1076157
1076158
1076159
107616
1076160
1076161
1076162
1076163
1076164
1076165
1076166
1076167
1076168
1076169
107617
1076171
1076172
1076173
1076174
1076175
1076176
1076177
1076178
1076179
1076181
1076182
1076183
1076184
1076185
1076186
1076187
1076188
1076189
107619
1076190
1076191
1076192
1076193
1076195
1076196
1076197
1076198
1076199
10762
107620
1076200
1076201
1076202
1076203
1076204
1076205
1076206
1076207
1076208
1076209
107621
1076210
1076211
1076212
1076213
1076214
1076215
1076216
1076217
1076218
1076219
1076220
1076221
1076222
1076223
1076224
1076225
1076226
1076227
1076228
1076229
107623
1076230
1076231
1076233
1076234
1076235
1076236
1076237
1076238
1076239
1076240
1076241
1076242
1076243
1076244
1076245
1076246
1076248
1076249
107625
1076250
1076251
1076253
1076255
1076256
1076258
1076259
107626
1076260
1076261
1076262
1076263
1076264
1076266
1076267
1076268
1076269
107627
1076271
1076272
1076273
1076274
1076275
1076276
1076277
1076278
1076279
1076280
1076281
1076282
1076283
1076284
1076285
1076286
1076287
1076288
1076289
107629
1076290
1076291
1076292
1076293
1076294
1076295
1076297
1076298
1076299
10763
107630
1076300
1076301
1076302
1076303
1076304
1076305
1076306
1076307
1076308
107631
1076310
1076311
1076312
1076313
1076316
1076317
1076318
1076319
107632
1076321
1076322
1076324
1076326
1076327
1076329
1076330
1076331
1076334
1076335
1076336
1076337
1076338
1076339
107634
1076340
1076341
1076342
1076343
1076344
1076348
1076349
1076350
1076351
1076352
1076353
1076354
1076355
1076356
1076357
1076358
107636
1076361
1076363
1076364
1076366
1076367
1076368
1076369
107637
1076371
1076372
1076373
1076375
1076376
1076377
1076378
1076379
1076380
1076384
1076389
107639
1076395
1076396
10764
1076403
1076404
1076409
107641
1076410
1076411
1076412
1076413
1076415
1076416
1076417
1076418
1076419
107642
1076420
1076423
1076424
1076425
1076426
1076427
1076428
107643
1076430
1076431
1076432
1076433
1076434
1076435
1076436
1076437
1076438
1076439
1076440
1076441
1076442
1076443
1076444
1076445
1076446
1076447
1076448
1076449
1076450
1076451
1076452
1076453
1076454
1076455
1076456
1076458
1076459
1076460
1076461
1076462
1076463
1076464
1076465
1076467
1076468
1076469
107647
1076470
1076471
1076472
1076473
1076474
1076475
1076476
1076477
1076478
1076479
1076480
1076481
1076482
1076483
1076484
1076485
1076486
1076487
1076488
1076489
1076490
1076491
1076492
1076493
1076494
1076496
1076497
1076499
10765
1076500
1076502
1076503
1076505
1076506
1076507
1076508
1076509
107651
1076510
1076511
1076512
107652
1076521
1076522
1076523
1076524
1076525
1076526
1076527
1076528
1076529
107653
1076530
1076532
1076533
1076534
1076535
1076536
1076537
1076538
1076539
1076540
1076541
1076542
1076543
1076544
1076546
1076547
1076548
1076549
107655
1076550
1076551
1076554
1076555
1076556
1076557
1076559
107656
1076560
1076561
1076562
1076563
1076564
1076565
1076566
1076567
1076568
1076569
107657
1076572
1076573
1076579
107658
1076580
1076581
1076582
1076584
1076585
1076586
1076587
1076588
1076589
107659
1076590
1076599
10766
107660
1076600
1076601
1076602
1076603
1076605
1076606
1076607
1076608
1076609
107661
1076611
1076612
1076613
1076614
1076616
1076617
1076618
1076619
107662
1076620
1076621
1076622
1076623
1076626
1076627
1076628
1076629
1076630
1076631
1076633
1076634
1076636
1076637
1076638
1076639
1076640
1076641
1076642
1076643
1076644
1076645
1076646
1076647
107665
1076650
1076651
1076652
1076653
1076654
1076655
1076656
1076657
1076659
1076661
1076662
1076663
1076664
107667
1076670
1076673
1076675
1076676
1076677
1076679
107668
1076682
1076683
1076684
1076686
1076689
107669
1076690
1076691
1076692
1076694
1076695
1076696
1076697
1076698
1076699
107670
1076700
1076701
1076702
1076703
1076704
1076705
1076706
1076707
1076708
1076710
1076711
1076712
1076713
1076714
1076715
1076716
1076717
1076718
1076719
1076720
1076723
1076724
1076725
1076726
1076727
1076728
1076729
107673
1076731
1076732
1076733
1076734
1076735
1076736
1076737
1076738
1076739
1076740
1076741
1076742
1076743
1076745
1076746
1076748
1076749
107675
1076750
1076751
1076752
1076753
1076755
1076756
1076757
1076759
107676
1076761
1076762
1076763
1076764
1076765
1076766
1076767
1076768
107677
1076770
1076771
1076772
1076774
1076775
1076777
1076778
1076779
107678
1076781
1076783
1076784
1076785
1076786
1076787
1076788
1076789
107679
1076790
1076791
1076792
1076793
1076794
1076795
1076796
1076798
10768
1076800
1076804
1076805
1076806
1076807
1076808
1076809
1076810
1076811
1076812
1076813
1076814
1076815
1076816
1076818
1076819
107682
1076820
1076825
1076826
1076828
1076829
1076830
1076832
1076838
1076839
1076840
1076841
1076842
1076843
1076844
1076845
1076846
1076847
1076848
107685
1076850
1076852
1076853
1076854
1076855
1076856
1076858
1076860
1076861
1076862
1076863
1076865
1076866
1076868
1076869
1076871
1076872
1076873
1076874
1076875
1076877
1076879
1076880
1076881
1076882
1076883
1076884
1076885
1076886
1076887
1076888
1076889
1076890
1076891
1076892
1076893
1076894
1076895
1076896
1076897
1076898
1076899
107690
1076900
1076901
1076902
1076904
1076905
1076908
1076909
107691
1076910
1076911
1076912
1076913
1076915
1076916
1076918
1076920
1076921
1076922
1076923
1076925
1076926
1076927
1076928
1076929
107693
1076930
1076931
1076932
1076933
1076935
1076936
1076937
1076938
1076939
107694
1076940
1076941
1076942
1076943
1076945
1076946
1076947
1076948
1076949
107695
1076950
1076951
1076952
1076954
1076955
1076956
1076957
1076959
1076960
1076961
1076963
1076964
1076965
1076967
1076968
1076969
1076970
1076971
1076972
1076973
1076974
1076975
1076976
1076977
1076980
1076981
1076982
1076983
1076984
1076985
1076986
1076987
1076988
1076989
107699
1076990
1076991
1076992
1076993
1076994
1076995
1076996
1076997
1076998
1076999
10770
1077000
1077001
1077002
1077003
1077004
1077005
1077006
1077007
1077008
1077009
107701
1077010
1077011
1077014
1077017
1077018
1077019
1077020
1077021
1077022
1077023
1077024
1077025
1077026
1077027
1077028
1077029
107703
1077030
1077031
1077032
1077033
1077034
1077035
1077036
1077037
1077038
1077039
1077040
1077044
1077045
1077046
1077047
1077048
1077049
107705
1077050
1077051
1077052
1077053
1077055
1077056
1077057
1077058
1077059
1077060
1077061
1077062
1077063
1077064
1077065
1077066
1077068
1077069
1077070
1077071
1077072
1077073
1077074
1077075
1077076
1077078
1077079
1077082
1077083
1077084
1077085
1077089
107709
1077090
1077091
1077093
1077094
1077095
1077096
1077097
10771
1077100
1077101
1077102
1077103
1077104
1077105
1077106
1077107
1077108
1077110
1077111
1077112
1077113
1077114
1077116
1077117
1077119
1077120
1077121
1077122
1077123
1077124
1077125
1077126
1077127
1077128
1077129
1077130
1077132
1077135
1077136
1077137
1077138
1077139
107714
1077140
1077141
1077142
1077143
1077145
1077147
1077148
1077149
1077150
1077151
1077152
1077153
1077154
1077156
1077158
1077159
1077160
1077161
1077162
1077163
1077164
1077165
1077166
1077167
1077168
1077169
107717
1077170
1077172
1077173
1077174
1077175
1077176
1077177
107718
1077181
1077182
1077183
1077184
1077185
1077186
1077187
1077189
107719
1077190
1077191
1077192
1077194
1077195
1077196
1077197
1077198
1077199
10772
1077203
1077204
1077205
1077206
1077207
1077208
1077209
1077210
1077211
1077212
1077213
1077214
1077215
1077216
1077217
1077218
1077219
107722
1077220
1077222
1077223
1077224
1077225
1077226
1077228
107723
1077230
1077231
1077233
1077234
1077235
1077236
1077237
1077238
1077239
1077240
1077241
1077242
1077243
1077244
1077245
1077246
1077247
1077248
1077249
1077250
1077251
1077252
1077253
1077254
1077255
1077256
1077257
1077258
1077259
1077260
1077261
1077262
1077263
1077264
1077265
1077266
1077267
1077268
1077269
1077271
1077272
1077273
1077274
1077275
1077276
1077277
1077278
1077279
1077280
1077281
1077282
1077283
1077284
1077285
1077286
1077287
1077288
1077289
107729
1077290
1077291
1077292
1077293
1077294
1077295
1077296
1077297
1077298
1077299
10773
107730
1077300
1077301
1077304
1077305
1077306
1077307
1077308
1077309
107731
1077310
1077311
1077313
1077314
1077315
1077316
1077317
1077318
1077319
1077320
1077321
1077322
1077323
1077324
1077325
1077326
1077327
1077328
1077329
107733
1077330
1077331
1077332
1077333
1077334
1077335
1077336
1077337
1077338
1077339
1077340
1077342
1077343
1077344
1077345
1077346
1077347
1077348
1077349
1077350
1077352
1077354
1077355
1077356
1077357
1077358
1077359
107736
1077360
1077361
1077362
1077363
1077364
1077365
1077366
1077367
1077368
1077369
107737
1077370
1077372
1077373
1077374
1077375
1077376
1077378
1077379
107738
1077380
1077381
1077382
1077383
1077384
1077385
1077386
1077387
1077388
1077389
1077390
1077391
1077395
1077396
1077397
1077398
1077399
10774
1077400
1077401
1077402
1077403
1077404
1077405
1077407
1077408
1077409
107741
1077410
1077412
1077413
1077414
1077415
1077416
1077417
1077418
1077419
1077420
1077421
1077422
1077423
1077424
1077425
1077426
1077427
1077428
1077429
107743
1077430
1077431
1077432
1077433
1077434
1077435
1077436
1077437
1077438
1077439
1077440
1077441
1077442
1077443
1077444
1077445
1077446
1077447
1077448
1077449
107745
1077450
1077451
1077452
1077453
1077454
1077455
1077456
1077457
1077458
1077459
1077461
1077462
1077463
1077464
1077465
1077467
1077468
1077469
107747
1077470
1077471
1077472
1077473
1077474
1077475
1077476
1077477
1077478
1077479
107748
1077480
1077482
1077483
1077484
1077485
1077486
1077487
1077488
1077489
1077490
1077491
1077492
1077493
1077494
1077495
1077496
1077497
1077498
1077499
10775
107750
1077500
1077501
1077502
1077504
1077505
1077506
1077507
1077508
1077509
107751
1077510
1077511
1077512
1077514
1077515
1077517
1077519
107752
1077520
1077522
1077523
1077524
1077525
1077526
1077527
1077528
1077529
107753
1077530
1077531
1077532
1077533
1077534
1077535
1077536
1077537
1077539
1077540
1077541
1077542
1077544
1077545
1077546
1077547
1077548
1077549
1077550
1077551
1077552
1077553
1077554
1077556
1077557
1077558
1077559
107756
1077560
1077561
1077562
1077563
1077564
1077568
1077569
1077570
1077571
1077572
1077573
1077574
1077575
1077576
1077578
1077579
1077580
1077581
1077582
1077583
1077584
1077586
1077587
1077588
1077589
107759
1077591
1077593
1077594
1077596
1077597
1077598
1077599
10776
1077600
1077601
1077602
1077603
1077605
1077607
1077608
107761
1077610
1077611
1077613
1077615
1077617
1077618
1077619
1077620
1077621
1077622
1077623
1077624
1077625
1077626
1077627
1077628
1077629
107763
1077630
1077631
1077632
1077633
1077634
1077635
1077637
1077638
1077639
1077641
1077642
1077643
1077644
1077645
1077646
1077647
1077648
107765
1077650
1077651
1077652
1077653
1077654
1077657
1077658
1077659
1077660
1077661
1077662
1077663
1077665
1077666
1077667
1077668
1077669
107767
1077670
1077672
1077674
1077675
1077676
1077677
1077678
107768
1077680
1077681
1077682
1077683
1077684
1077685
1077686
1077687
1077689
1077690
1077691
1077692
1077693
1077694
1077695
1077696
1077697
1077698
1077699
1077700
1077701
1077702
1077703
1077704
1077705
1077706
1077708
1077709
107771
1077710
