857379
857380
857381
857382
857383
857384
857385
857386
857387
857388
857389
857390
857391
857392
857393
857394
857395
857396
857397
857398
857399
857400
857401
857402
857403
857405
857406
857407
857408
857410
857411
857412
857413
857415
857416
857417
857418
857419
857422
857423
857424
857425
857426
857427
857428
857429
857431
857432
857433
857434
857435
857437
857440
857441
857442
857443
857444
857445
857446
857447
857448
857449
857450
857451
857452
857453
857454
857455
857457
857462
857464
857467
857468
857469
857471
857474
857476
857477
857481
857483
857485
857487
857488
857491
857492
857494
857495
857496
857497
857498
857499
857500
857501
857503
857504
857505
857506
857507
857508
857509
857510
857511
857513
857515
857516
857519
857520
857521
857522
857523
857524
857525
857526
857528
857530
857531
857533
857534
857536
857538
857539
857541
857542
857543
857544
857545
857546
857547
857548
857549
857550
857551
857552
857553
857556
857557
857558
857559
857560
857563
857564
857565
857567
857568
857570
857572
857573
857574
857575
857576
857577
857578
857579
857580
857581
857582
857583
857584
857586
857589
857592
857594
857595
857596
857598
857599
857600
857601
857602
857603
857604
857605
857606
857610
857611
857612
857613
857614
857615
857616
857617
857618
857619
857620
857621
857622
857623
857625
857626
857628
857629
857630
857631
857632
857633
857634
857635
857636
857637
857639
857640
857641
857644
857645
857648
857649
857650
857653
857655
857656
857657
857658
857659
857660
857661
857662
857663
857664
857665
857666
857669
857670
857671
857673
857674
857677
857678
857680
857681
857682
857683
857684
857685
857686
857687
857688
857690
857691
857692
857693
857694
857695
857696
857697
857698
857700
857701
857702
857703
857704
857705
857706
857707
857708
857710
857711
857712
857713
857714
857715
857716
857717
857718
857719
857720
857721
857722
857723
857725
857726
857727
857728
857729
857730
857731
857732
857733
857734
857735
857736
857737
857738
857739
857740
857741
857742
857743
857744
857747
857748
857749
857750
857751
857753
857754
857755
857756
857757
857759
857760
857761
857762
857763
857764
857765
857766
857768
857770
857771
857772
857773
857774
857775
857776
857777
857778
857779
857780
857781
857782
857783
857784
857785
857786
857787
857789
857790
857791
857793
857794
857795
857797
857799
857800
857802
857804
857805
857806
857807
857808
857810
857811
857812
857813
857814
857815
857816
857818
857819
857820
857821
857822
857823
857824
857827
857828
857829
857830
857831
857832
857833
857836
857837
857838
857839
857840
857842
857843
857844
857845
857846
857847
857848
857849
857850
857851
857852
857854
857855
857856
857857
857858
857859
857861
857862
857863
857865
857868
857871
857872
857873
857874
857875
857876
857879
857880
857886
857887
857889
857890
857891
857892
857893
857894
857895
857896
857897
857898
857899
857901
857904
857905
857906
857907
857908
857909
857910
857911
857912
857913
857914
857915
857916
857918
857919
857920
857921
857922
857923
857925
857926
857930
857931
857932
857933
857934
857935
857936
857937
857938
857939
857940
857941
857942
857943
857945
857946
857947
857948
857949
857950
857951
857952
857954
857955
857956
857957
857958
857959
857960
857961
857962
857963
857964
857967
857968
857969
857970
857971
857972
857973
857976
857978
857979
857980
857981
857982
857983
857984
857985
857989
857990
857991
857992
857993
857994
857995
857997
857998
857999
858000
858001
858002
858003
858004
858005
858006
858007
858008
858010
858011
858012
858014
858015
858016
858017
858018
858019
858020
858021
858022
858023
858024
858026
858027
858028
858029
858030
858031
858032
858035
858036
858037
858038
858039
858040
858041
858042
858043
858044
858045
858046
858047
858048
858049
858050
858051
858052
858053
858054
858055
858056
858057
858058
858059
858060
858061
858063
858064
858065
858066
858067
858068
858069
858070
858071
858073
858074
858075
858077
858078
858079
858080
858082
858083
858085
858087
858088
858089
858090
858091
858092
858093
858095
858096
858097
858098
858099
858100
858103
858104
858105
858106
858108
858110
858111
858113
858114
858115
858116
858117
858118
858119
858120
858121
858122
858123
858124
858125
858126
858129
858130
858131
858132
858133
858134
858135
858139
858140
858141
858142
858144
858145
858146
858147
858148
858149
858150
858152
858155
858156
858157
858158
858159
858160
858161
858162
858164
858165
858166
858167
858168
858169
858170
858171
858172
858173
858175
858176
858177
858178
858179
858180
858181
858182
858185
858186
858187
858188
858189
858191
858192
858193
858194
858195
858196
858197
858198
858199
858200
858201
858202
858203
858204
858205
858206
858207
858208
858209
858211
858212
858213
858214
858215
858216
858217
858218
858219
858220
858221
858222
858223
858224
858225
858227
858228
858229
858231
858232
858233
858234
858235
858236
858239
858240
858241
858242
858243
858244
858245
858246
858249
858250
858251
858252
858253
858254
858255
858257
858258
858259
858262
858263
858264
858265
858266
858267
858268
858269
858270
858271
858272
858273
858274
858275
858276
858277
858278
858279
858280
858281
858282
858283
858284
858286
858287
858288
858289
858290
858291
858292
858293
858294
858295
858296
858297
858298
858299
858300
858301
858302
858303
858304
858305
858306
858307
858308
858309
858310
858311
858312
858313
858314
858315
858316
858318
858319
858320
858321
858322
858323
858324
858325
858326
858327
858328
858329
858330
858331
858332
858333
858334
858335
858336
858337
858338
858339
858340
858342
858343
858344
858345
858346
858347
858348
858349
858350
858351
858352
858353
858354
858355
858356
858357
858358
858359
858360
858361
858362
858363
858364
858365
858366
858367
858368
858369
858370
858371
858372
858373
858374
858375
858376
858377
858378
858380
858381
858384
858385
858386
858387
858388
858389
858392
858393
858394
858395
858397
858398
858399
858400
858401
858402
858403
858404
858405
858407
858408
858409
858410
858411
858412
858414
858416
858417
858418
858419
858421
858423
858425
858428
858430
858431
858432
858433
858434
858435
858436
858437
858438
858439
858440
858441
858445
858446
858447
858449
858450
858452
858453
858455
858456
858457
858458
858459
858460
858461
858462
858463
858464
858465
858466
858467
858468
858469
858470
858471
858472
858473
858475
858476
858477
858478
858479
858480
858482
858483
858484
858485
858486
858487
858488
858489
858490
858491
858492
858494
858496
858497
858498
858499
858500
858501
858502
858506
858507
858508
858509
858510
858511
858513
858514
858515
858516
858517
858518
858519
858520
858521
858522
858523
858524
858525
858526
858527
858528
858529
858530
858532
858533
858535
858537
858539
858540
858541
858542
858543
858544
858545
858546
858547
858548
858549
858550
858551
858552
858553
858554
858555
858556
858557
858558
858559
858560
858564
858565
858566
858568
858569
858570
858571
858572
858575
858576
858577
858579
858580
858581
858582
858584
858585
858586
858587
858588
858589
858591
858592
858593
858594
858595
858596
858597
858598
858599
858601
858602
858603
858604
858605
858606
858607
858608
858609
858610
858611
858612
858613
858614
858615
858616
858617
858618
858619
858620
858621
858622
858623
858624
858625
858626
858627
858630
858631
858632
858633
858634
858636
858637
858638
858641
858644
858646
858647
858648
858649
858650
858651
858652
858653
858654
858655
858656
858657
858658
858659
858660
858661
858663
858665
858666
858667
858668
858669
858670
858671
858672
858673
858674
858675
858676
858677
858678
858679
858680
858681
858682
858683
858684
858685
858687
858688
858689
858690
858691
858692
858693
858694
858695
858696
858697
858698
858700
858701
858702
858708
858709
858710
858711
858712
858713
858714
858715
858716
858717
858718
858722
858723
858724
858725
858726
858727
858728
858729
858730
858731
858732
858733
858734
858735
858736
858738
858739
858740
858742
858743
858744
858745
858746
858747
858748
858749
858750
858752
858753
858754
858755
858756
858757
858758
858760
858761
858762
858763
858764
858765
858766
858767
858768
858769
858770
858771
858772
858773
858774
858776
858777
858778
858779
858780
858781
858782
858783
858784
858785
858786
858787
858788
858789
858790
858791
858792
858793
858794
858796
858798
858799
858800
858801
858802
858804
858805
858806
858807
858809
858810
858811
858812
858813
858814
858815
858816
858817
858820
858821
858822
858823
858824
858825
858826
858827
858828
858829
858830
858831
858832
858833
858834
858835
858836
858837
858838
858839
858840
858841
858842
858843
858844
858845
858846
858847
858848
858850
858851
858852
858853
858854
858856
858857
858858
858859
858860
858861
858862
858863
858864
858866
858867
858868
858869
858870
858871
858872
858873
858874
858876
858877
858878
858879
858881
858882
858883
858884
858885
858886
858887
858888
858889
858890
858891
858892
858893
858894
858895
858896
858897
858898
858899
858900
858901
858902
858903
858904
858905
858906
858907
858909
858910
858911
858912
858913
858914
858916
858917
858918
858919
858920
858921
858922
858923
858924
858925
858926
858927
858928
858930
858931
858932
858933
858934
858935
858936
858937
858939
858940
858941
858942
858943
858944
858945
858946
858947
858949
858950
858951
858952
858953
858954
858955
858956
858957
858958
858959
858960
858961
858962
858963
858964
858965
858966
858967
858968
858969
858970
858971
858972
858973
858974
858975
858976
858977
858978
858980
858981
858982
858983
858984
858985
858986
858987
858988
858989
858990
858991
858993
858994
858995
858996
858997
858998
858999
859000
859001
859002
859003
859004
859006
859007
859008
859009
859010
859011
859012
859013
859015
859018
859019
859020
859021
859022
859023
859024
859025
859026
859027
859028
859029
859031
859032
859033
859034
859035
859036
859037
859038
859039
859040
859041
859042
859043
859045
859046
859047
859048
859049
859050
859051
859052
859053
859054
859057
859058
859059
859060
859061
859062
859063
859064
859065
859066
859067
859068
859069
859070
859071
859072
859073
859074
859075
859076
859077
859078
859079
859080
859081
859082
859083
859084
859085
859086
859087
859088
859089
859090
859091
859093
859095
859096
859097
859098
859099
859100
859101
859102
859103
859104
859105
859107
859108
859109
859110
859111
859112
859113
859114
859116
859117
859118
859119
859120
859121
859122
859125
859126
859127
859128
859129
859130
859131
859132
859133
859134
859135
859136
859138
859139
859140
859141
859142
859143
859144
859145
859146
859147
859148
859149
859150
859151
859152
859153
859154
859155
859157
859158
859159
859160
859161
859162
859163
859164
859165
859166
859167
859168
859169
859171
859173
859174
859175
859176
859177
859178
859179
859180
859181
859182
859183
859184
859185
859186
859187
859188
859189
859190
859191
859192
859193
859194
859195
859197
859198
859201
859204
859205
859206
859207
859208
859209
859210
859211
859212
859213
859214
859215
859216
859217
859218
859219
859220
859221
859223
859224
859225
859226
859227
859229
859230
859231
859232
859233
859234
859235
859236
859237
859238
859240
859242
859243
859244
859245
859246
859247
859248
859249
859250
859251
859252
859254
859256
859257
859259
859260
859261
859262
859263
859264
859268
859269
859270
859271
859272
859273
859274
859276
859277
859278
859279
859280
859281
859282
859283
859284
859285
859286
859287
859288
859289
859290
859292
859293
859294
859295
859296
859297
859298
859299
859300
859301
859302
859303
859304
859305
859306
859307
859308
859309
859310
859311
859312
859313
859314
859315
859317
859318
859319
859320
859321
859323
859324
859325
859327
859328
859330
859331
859335
859340
859341
859342
859343
859344
859345
859346
859347
859348
859349
859350
859352
859353
859354
859355
859356
859357
859358
859359
859360
859361
859362
859363
859364
859365
859366
859367
859368
859369
859370
859371
859372
859373
859374
859375
859376
859377
859378
859379
859380
859381
859382
859383
859384
859385
859386
859387
859388
859389
859390
859391
859392
859393
859394
859396
859397
859398
859399
859400
859401
859402
859403
859404
859405
859406
859408
859409
859410
859411
859412
859413
859415
859416
859417
859418
859421
859423
859424
859425
859426
859427
859428
859429
859430
859431
859432
859433
859434
859435
859436
859437
859438
859439
859440
859441
859442
859444
859447
859448
859449
859451
859452
859453
859454
859455
859456
859457
859458
859459
859460
859462
859463
859464
859466
859467
859468
859469
859470
859471
859472
859473
859474
859475
859477
859478
859479
859480
859481
859482
859483
859484
859486
859487
859488
859489
859490
859491
859492
859493
859494
859496
859497
859498
859499
859500
859501
859502
859503
859504
859505
859506
859507
859508
859509
859510
859511
859512
859513
859515
859517
859518
859519
859520
859521
859522
859523
859524
859525
859526
859527
859528
859529
859530
859531
859532
859533
859534
859535
859536
859537
859538
859540
859541
859542
859544
859545
859546
859547
859548
859549
859550
859552
859553
859554
859555
859556
859557
859558
859559
859560
859561
859562
859563
859564
859565
859566
859567
859569
859570
859571
859572
859573
859574
859575
859576
859577
859578
859579
859580
859581
859583
859584
859585
859586
859587
859588
859589
859591
859592
859593
859594
859596
859597
859598
859599
859600
859602
859603
859604
859605
859606
859607
859608
859609
859610
859611
859612
859613
859614
859615
859616
859617
859618
859619
859621
859622
859623
859624
859625
859626
859627
859628
859629
859630
859631
859632
859633
859634
859635
859636
859637
859638
859639
859641
859642
859643
859644
859645
859646
859647
859648
859649
859650
859651
859652
859653
859655
859656
859657
859658
859659
859660
859662
859663
859664
859665
859667
859668
859669
859670
859671
859672
859673
859675
859676
859677
859678
859679
859680
859681
859682
859683
859684
859685
859686
859687
859688
859689
859691
859692
859693
859695
859696
859697
859698
859699
859700
859701
859702
859703
859704
859705
859706
859707
859708
859709
859711
859712
859713
859714
859715
859716
859717
859718
859719
859720
859722
859723
859724
859725
859726
859727
859728
859729
859730
859731
859732
859733
859734
859735
859736
859737
859738
859739
859740
859742
859743
859744
859745
859746
859747
859748
859749
859750
859751
859752
859753
859754
859755
859756
859757
859758
859759
859760
859761
859762
859763
859764
859765
859766
859767
859768
859769
859770
859771
859772
859773
859774
859775
859776
859777
859779
859780
859781
859782
859783
859784
859785
859787
859788
859789
859790
859791
859792
859793
859794
859795
859796
859797
859798
859799
859800
859801
859803
859804
859805
859806
859807
859808
859809
859810
859811
859812
859813
859815
859816
859817
859818
859819
859820
859821
859822
859823
859824
859825
859826
859828
859829
859830
859831
859832
859833
859834
859835
859838
859839
859843
859844
859845
859846
859847
859848
859849
859850
859851
859852
859853
859855
859856
859857
859858
859859
859860
859861
859862
859863
859864
859865
859867
859868
859869
859870
859871
859872
859873
859874
859875
859876
859877
859878
859880
859881
859882
859883
859884
859885
859886
859887
859888
859889
859890
859891
859892
859893
859894
859895
859896
859897
859898
859899
859900
859901
859902
859903
859904
859905
859906
859907
859908
859909
859910
859911
859912
859913
859914
859915
859916
859918
859919
859920
859921
859922
859923
859924
859925
859926
859927
859928
859929
859930
859931
859932
859933
859934
859935
859936
859937
859938
859939
859940
859941
859942
859943
859944
859945
859946
859947
859948
859950
859951
859952
859953
859954
859955
859956
859957
859958
859959
859960
859961
859962
859963
859964
859965
859966
859967
859968
859969
859970
859973
859974
859975
859976
859977
859978
859979
859980
859981
859982
859983
859984
859985
859986
859987
859988
859989
859990
859991
859992
859993
859994
859995
859996
859997
859998
859999
860001
860002
860003
860004
860005
860006
860007
860008
860009
860010
860011
860012
860013
860014
860015
860016
860017
860018
860019
860020
860021
860022
860023
860024
860025
860026
860027
860028
860029
860030
860031
860032
860033
860034
860036
860037
860038
860039
860043
860044
860045
860046
860047
860048
860049
860050
860051
860052
860053
860054
860055
860056
860057
860058
860059
860060
860061
860062
860063
860064
860065
860067
860068
860069
860070
860071
860072
860073
860074
860075
860076
860077
860078
860079
860081
860082
860083
860084
860085
860086
860087
860088
860089
860090
860091
860092
860093
860094
860095
860096
860097
860098
860099
860100
860101
860102
860103
860104
860105
860106
860107
860108
860109
860110
860111
860112
860113
860114
860115
860116
860117
860118
860119
860120
860121
860122
860123
860124
860125
860126
860127
860128
860129
860130
860131
860132
860133
860134
860135
860136
860137
860138
860139
860140
860141
860142
860143
860144
860145
860146
860147
860148
860149
860150
860151
860152
860153
860154
860155
860156
860157
860158
860160
860161
860162
860163
860164
860165
860166
860167
860168
860169
860170
860171
860172
860173
860174
860175
860176
860177
860178
860179
860180
860181
860183
860184
860185
860186
860187
860188
860189
860190
860191
860192
860193
860194
860196
860197
860198
860199
860201
860202
860203
860204
860205
860206
860207
860208
860209
860210
860211
860212
860213
860214
860215
860216
860217
860218
860219
860221
860222
860223
860224
860227
860228
860229
860230
860231
860232
860233
860234
860235
860236
860238
860239
860240
860241
860243
860245
860247
860248
860249
860250
860251
860252
860253
860254
860255
860256
860257
860258
860259
860260
860261
860262
860263
860264
860265
860266
860267
860268
860269
860270
860271
860272
860273
860274
860275
860277
860278
860279
860280
860281
860283
860284
860285
860286
860287
860288
860289
860290
860291
860292
860293
860294
860296
860297
860298
860300
860301
860302
860303
860304
860305
860306
860307
860308
860309
860310
860312
860313
860314
860315
860316
860317
860319
860320
860321
860323
860324
860325
860327
860328
860329
860330
860332
860333
860334
860336
860337
860338
860339
860340
860341
860342
860345
860346
860347
860348
860349
860350
860352
860354
860355
860356
860358
860359
860360
860361
860362
860363
860364
860365
860366
860367
860368
860369
860370
860372
860373
860374
860375
860376
860379
860380
860383
860384
860387
860389
860390
860391
860392
860393
860394
860395
860396
860397
860398
860399
860400
860401
860402
860403
860404
860405
860406
860407
860408
860409
860410
860411
860412
860413
860414
860415
860416
860417
860419
860420
860421
860422
860423
860424
860425
860426
860427
860428
860429
860430
860431
860432
860433
860434
860435
860436
860437
860438
860439
860440
860441
860442
860443
860444
860445
860446
860447
860448
860449
860450
860451
860452
860453
860454
860455
860456
860457
860458
860459
860461
860462
860463
860464
860465
860466
860467
860468
860469
860470
860471
860472
860473
860474
860475
860476
860477
860478
860479
860480
860481
860482
860483
860484
860485
860486
860487
860488
860489
860490
860491
860492
860493
860494
860495
860496
860497
860498
860499
860500
860501
860502
860503
860504
860505
860506
860507
860508
860509
860510
860511
860512
860513
860514
860515
860516
860517
860519
860520
860521
860522
860523
860524
860525
860526
860527
860528
860529
860530
860531
860532
860533
860534
860535
860536
860537
860538
860539
860542
860543
860544
860545
860546
860547
860548
860549
860550
860551
860552
860553
860554
860555
860556
860557
860559
860560
860561
860562
860563
860564
860565
860566
860568
860569
860570
860571
860572
860573
860575
860576
860577
860578
860580
860581
860582
860583
860584
860585
860586
860587
860588
860589
860590
860591
860592
860593
860594
860595
860597
860598
860599
860601
860602
860603
860604
860606
860607
860608
860609
860610
860611
860612
860613
860614
860615
860616
860617
860618
860619
860620
860621
860622
860623
860624
860625
860626
860627
860628
860630
860631
860633
860634
860635
860636
860637
860638
860641
860642
860643
860644
860645
860646
860647
860648
860649
860650
860651
860652
860653
860654
860655
860656
860657
860658
860659
860660
860661
860662
860663
860664
860665
860666
860667
860668
860669
860670
860671
860672
860673
860674
860675
860676
860677
860678
860681
860682
860683
860684
860685
860686
860687
860688
860690
860691
860692
860693
860694
860695
860697
860698
860699
860700
860701
860702
860703
860704
860705
860706
860707
860708
860709
860711
860712
860713
860714
860716
860717
860718
860719
860720
860721
860722
860723
860724
860725
860726
860727
860728
860729
860730
860731
860732
860733
860734
860735
860736
860737
860738
860739
860740
860741
860742
860743
860744
860745
860746
860747
860748
860749
860750
860751
860752
860753
860754
860755
860757
860758
860759
860760
860761
860762
860763
860764
860765
860766
860767
860768
860769
860770
860771
860772
860773
860774
860775
860776
860777
860778
860779
860780
860781
860782
860783
860784
860785
860786
860787
860788
860789
860790
860791
860792
860793
860794
860795
860798
860799
860800
860801
860802
860803
860804
860805
860806
860807
860809
860810
860811
860812
860813
860814
860816
860817
860818
860819
860820
860821
860822
860823
860824
860825
860826
860827
860828
860829
860830
860831
860832
860833
860834
860835
860836
860837
860838
860839
860840
860841
860842
860843
860844
860845
860846
860847
860848
860849
860851
860852
860854
860855
860856
860857
860859
860860
860861
860862
860863
860864
860865
860866
860867
860868
860869
860870
860871
860872
860873
860875
860876
860878
860879
860880
860881
860882
860883
860884
860885
860887
860888
860889
860890
860891
860892
860893
860894
860895
860896
860897
860898
860899
860900
860901
860902
860903
860905
860906
860907
860908
860909
860911
860912
860913
860914
860915
860916
860917
860918
860919
860920
860921
860922
860923
860924
860925
860926
860927
860928
860929
860930
860931
860933
860934
860935
860936
860937
860939
860940
860941
860942
860943
860944
860945
860946
860947
860948
860949
860950
860951
860952
860953
860954
860955
860956
860957
860958
860959
860960
860961
860962
860963
860964
860965
860966
860968
860970
860971
860972
860973
860974
860975
860977
860978
860979
860981
860982
860983
860984
860985
860986
860987
860988
860989
860990
860991
860992
860993
860994
860995
860996
860997
860998
860999
861000
861001
861002
861003
861004
861005
861006
861007
861008
861010
861011
861012
861013
861014
861015
861016
861017
861018
861019
861020
861021
861022
861023
861024
861025
861026
861027
861028
861029
861030
861031
861034
861035
861036
861037
861038
861039
861040
861041
861042
861043
861044
861045
861046
861047
861048
861049
861050
861051
861052
861053
861054
861055
861056
861057
861058
861059
861060
861061
861062
861063
861064
861066
861068
861069
861070
861071
861072
861073
861074
861075
861076
861077
861078
861079
861080
861081
861082
861083
861084
861086
861087
861088
861089
861091
861092
861093
861094
861095
861096
861097
861098
861100
861101
861102
861103
861104
861105
861106
861107
861109
861110
861112
861113
861114
861115
861116
861118
861119
861121
861122
861123
861124
861126
861127
861129
861130
861131
861132
861133
861134
861135
861136
861137
861138
861139
861140
861141
861142
861143
861144
861145
861146
861148
861149
861150
861151
861152
861153
861154
861155
861156
861157
861158
861159
861160
861161
861162
861163
861164
861165
861166
861168
861169
861170
861172
861174
861175
861176
861177
861178
861179
861180
861181
861182
861183
861184
861185
861186
861187
861188
861189
861190
861191
861192
861194
861195
861196
861197
861198
861199
861200
861201
861202
861203
861204
861205
861206
861208
861211
861213
861214
861215
861216
861217
861218
861219
861220
861221
861222
861224
861225
861226
861227
861228
861229
861230
861231
861232
861233
861234
861235
861236
861237
861238
861239
861240
861241
861242
861243
861244
861245
861247
861249
861250
861251
861252
861253
861254
861255
861256
861257
861258
861259
861261
861262
861264
861265
861266
861267
861268
861269
861270
861271
861273
861274
861275
861276
861277
861279
861280
861282
861284
861286
861287
861288
861289
861291
861292
861293
861294
861295
861296
861297
861298
861299
861301
861302
861303
861304
861305
861306
861308
861309
861310
861311
861312
861313
861314
861315
861316
861317
861318
861320
861321
861322
861323
861325
861326
861327
861328
861329
861331
861332
861333
861334
861335
861336
861337
861338
861339
861340
861341
861342
861343
861344
861345
861346
861348
861349
861350
861351
861352
861353
861354
861355
861357
861359
861360
861361
861362
861363
861364
861365
861366
861367
861368
861369
861370
861372
861373
861374
861375
861376
861377
861378
861379
861380
861381
861382
861383
861384
861385
861386
861387
861388
861390
861392
861394
861395
861396
861398
861399
861400
861402
861403
861404
861406
861407
861408
861409
861410
861411
861412
861413
861414
861416
861417
861418
861419
861420
861421
861422
861423
861424
861425
861426
861427
861428
861429
861430
861431
861432
861433
861434
861436
861437
861438
861439
861440
861441
861442
861443
861444
861445
861446
861447
861448
861449
861450
861451
861452
861453
861454
861455
861456
861457
861458
861459
861460
861461
861462
861463
861464
861465
861466
861467
861470
861471
861472
861473
861474
861475
861476
861477
861478
861479
861480
861481
861482
861484
861485
861486
861487
861488
861489
861490
861491
861492
861493
861494
861495
861496
861497
861498
861499
861500
861502
861503
861504
861505
861506
861507
861508
861509
861510
861511
861512
861513
861514
861515
861516
861517
861518
861519
861520
861523
861524
861525
861526
861527
861528
861529
861530
861531
861532
861533
861534
861535
861536
861537
861538
861541
861542
861543
861544
861545
861547
861549
861550
861551
861552
861554
861555
861556
861557
861560
861561
861562
861563
861564
861565
861566
861567
861569
861570
861571
861572
861574
861575
861576
861578
861579
861580
861581
861582
861583
861584
861585
861586
861588
861589
861590
861591
861592
861593
861596
861597
861598
861599
861600
861601
861602
861603
861604
861605
861606
861607
861608
861609
861610
861611
861612
861613
861615
861616
861617
861618
861619
861621
861622
861623
861624
861625
861626
861627
861629
861630
861631
861632
861633
861634
861635
861636
861637
861638
861639
861640
861643
861644
861645
861646
861647
861648
861649
861650
861653
861654
861655
861656
861657
861658
861660
861661
861662
861663
861664
861665
861666
861667
861668
861669
861670
861671
861672
861673
861674
861675
861676
861678
861680
861681
861682
861683
861684
861685
861686
861687
861688
861689
861690
861691
861692
861693
861694
861695
861696
861698
861699
861700
861702
861704
861705
861706
861707
861710
861712
861714
861715
861716
861717
861718
861719
861720
861721
861722
861723
861724
861725
861726
861727
861729
861730
861733
861734
861735
861736
861737
861739
861740
861741
861742
861743
861744
861745
861746
861747
861748
861749
861750
861751
861752
861753
861754
861755
861756
861757
861758
861759
861760
861761
861762
861763
861764
861765
861766
861767
861768
861769
861770
861771
861772
861773
861774
861775
861776
861777
861778
861779
861780
861781
861782
861783
861784
861786
861788
861789
861790
861791
861792
861793
861794
861795
861796
861797
861798
861799
861800
861801
861802
861804
861805
861806
861807
861808
861809
861810
861811
861812
861813
861814
861815
861816
861817
861818
861819
861820
861821
861822
861824
861825
861827
861828
861829
861830
861831
861832
861833
861836
861837
861840
861841
861842
861843
861844
861845
861846
861847
861848
861850
861851
861852
861853
861854
861855
861856
861857
861858
861859
861860
861861
861862
861863
861864
861865
861866
861867
861868
861869
861870
861871
861872
861873
861874
861875
861876
861878
861879
861880
861881
861882
861883
861884
861885
861886
861887
861888
861889
861890
861891
861892
861893
861894
861895
861896
861897
861899
861900
861901
861902
861903
861904
861905
861906
861907
861908
861909
861911
861912
861913
861914
861915
861916
861917
861918
861919
861920
861921
861922
861923
861924
861925
861926
861927
861928
861929
861930
861931
861933
861934
861935
861936
861937
861938
861939
861940
861941
861942
861943
861944
861945
861946
861947
861948
861949
861951
861952
861953
861954
861957
861958
861959
861960
861961
861962
861963
861964
861967
861968
861969
861970
861971
861972
861973
861974
861975
861977
861978
861979
861980
861981
861982
861983
861984
861985
861986
861987
861988
861989
861990
861991
861992
861993
861994
861995
861996
861997
861998
861999
862000
862001
862002
862003
862004
862005
862006
862007
862008
862009
862010
862011
862012
862013
862014
862015
862016
862017
862018
862019
862020
862021
862022
862023
862024
862025
862026
862027
862028
862029
862030
862031
862033
862035
862037
862038
862039
862040
862041
862042
862043
862045
862046
862047
862050
862051
862052
862053
862054
862055
862056
862057
862058
862060
862061
862062
862063
862064
862065
862066
862067
862068
862069
862070
862071
862072
862073
862075
862078
862079
862080
862081
862082
862083
862084
862085
862087
862090
862091
862092
862093
862095
862096
862097
862098
862100
862101
862103
862104
862105
862106
862110
862112
862113
862114
862115
862117
862118
862119
862120
862121
862122
862124
862125
862126
862127
862128
862129
862130
862131
862132
862134
862135
862136
862137
862138
862139
862140
862141
862142
862145
862148
862150
862151
862152
862153
862154
862155
862156
862157
862158
862159
862160
862161
862162
862163
862164
862165
862166
862167
862168
862169
862170
862171
862172
862173
862174
862175
862176
862178
862179
862180
862182
862183
862184
862185
862186
862187
862188
862189
862190
862191
862192
862193
862194
862195
862196
862197
862198
862199
862202
862203
862204
862205
862206
862207
862208
862209
862210
862211
862212
862213
862214
862215
862216
862217
862218
862219
862220
862221
862222
862223
862224
862225
862226
862227
862228
862229
862230
862231
862232
862233
862234
862235
862236
862237
862238
862239
862240
862241
862242
862243
862244
862245
862246
862247
862248
862249
862250
862251
862252
862253
862254
862255
862256
862257
862258
862259
862260
862261
862262
862263
862264
862265
862266
862267
862268
862269
862270
862271
862272
862273
862274
862275
862276
862277
862278
862279
862280
862281
862282
862283
862284
862285
862286
862287
862288
862289
862290
862291
862292
862295
862296
862297
862298
862299
862300
862301
862302
862303
862304
862305
862306
862307
862308
862309
862310
862311
862312
862314
862317
862318
862319
862320
862321
862322
862323
862324
862325
862326
862327
862328
862329
862330
862331
862334
862335
862336
862337
862338
862339
862340
862341
862342
862343
862344
862345
862346
862348
862349
862350
862351
862352
862353
862354
862355
862356
862358
862359
862360
862361
862362
862363
862364
862365
862366
862367
862368
862369
862370
862371
862372
862373
862374
862375
862376
862377
862378
862379
862380
862381
862382
862383
862384
862385
862386
862387
862388
862389
862390
862391
862392
862393
862394
862395
862396
862397
862398
862399
862400
862401
862402
862403
862404
862405
862406
862407
862408
862409
862410
862411
862412
862413
862414
862415
862416
862417
862418
862419
862420
862421
862422
862423
862424
862425
862426
862427
862428
862429
862430
862431
862432
862433
862434
862435
862436
862437
862438
862439
862440
862441
862442
862443
862444
862445
862446
862447
862448
862449
862450
862451
862452
862453
862454
862455
862456
862457
862458
862459
862460
862461
862462
862463
862464
862465
862466
862467
862469
862470
862471
862472
862473
862474
862475
862476
862477
862478
862480
862481
862482
862483
862484
862485
862486
862487
862488
862489
862490
862491
862494
862495
862497
862498
862499
862500
862502
862503
862504
862505
862506
862507
862508
862509
862510
862511
862512
862513
862514
862515
862516
862517
862518
862519
862520
862521
862522
862523
862524
862525
862526
862528
862529
862530
862531
862532
862533
862534
862535
862536
862537
862538
862539
862540
862541
862542
862543
862544
862545
862546
862547
862548
862549
862551
862552
862553
862554
862555
862556
862557
862559
862560
862561
862562
862564
862565
862566
862567
862568
862569
862570
862571
862572
862573
862574
862575
862576
862577
862578
862579
862580
862581
862582
862584
862585
862586
862587
862588
862589
862590
862591
862592
862593
862594
862598
862599
862600
862601
862603
862604
862605
862606
862608
862609
862610
862611
862612
862613
862614
862615
862616
862617
862618
862619
862620
862621
862622
862623
862624
862625
862626
862627
862628
862629
862631
862634
862635
862636
862637
862638
862639
862640
862641
862642
862643
862644
862645
862646
862647
862648
862649
862651
862652
862653
862654
862655
862656
862657
862658
862659
862660
862661
862662
862663
862664
862665
862666
862667
862669
862671
862672
862673
862674
862675
862676
862677
862678
862679
862680
862681
862682
862683
862684
862685
862686
862687
862688
862689
862690
862691
862692
862693
862694
862695
862696
862697
862698
862699
862700
862701
862703
862704
862705
862706
862707
862708
862709
862710
862711
862712
862713
862714
862715
862716
862717
862718
862719
862720
862721
862722
862723
862724
862725
862726
862727
862728
862729
862730
862731
862732
862733
862734
862736
862737
862738
862739
862740
862741
862742
862743
862744
862745
862746
862747
862748
862749
862750
862751
862753
862754
862756
862758
862759
862760
862762
862763
862764
862766
862767
862768
862769
862770
862771
862772
862773
862774
862775
862776
862777
862778
862779
862780
862781
862782
862783
862784
862785
862786
862787
862788
862789
862790
862791
862792
862793
862794
862795
862796
862798
862799
862800
862801
862802
862803
862804
862805
862806
862807
862808
862809
862810
862811
862813
862814
862815
862816
862817
862818
862819
862820
862821
862822
862823
862824
862825
862826
862827
862828
862829
862830
862831
862832
862833
862834
862835
862836
862837
862838
862839
862840
862841
862842
862843
862844
862845
862847
862848
862849
862850
862851
862852
862853
862854
862855
862856
862857
862858
862859
862860
862861
862862
862865
862866
862867
862868
862869
862870
862873
862874
862876
862877
862878
862879
862880
862881
862882
862883
862884
862885
862888
862889
862890
862892
862893
862894
862895
862897
862900
862901
862902
862903
862905
862906
862907
862908
862910
862912
862913
862916
862917
862918
862919
862920
862921
862922
862923
862924
862925
862926
862927
862928
862929
862930
862931
862932
862933
862934
862935
862936
862937
862938
862940
862941
862942
862944
862945
862946
862947
862948
862949
862950
862951
862952
862953
862954
862955
862956
862957
862958
862959
862960
862961
862962
862963
862964
862965
862966
862967
862968
862969
862970
862971
862972
862973
862974
862975
862976
862977
862978
862980
862981
862983
862984
862985
862986
862987
862988
862989
862990
862991
862992
862993
862994
862995
862996
862997
862998
862999
863000
863001
863002
863003
863004
863005
863006
863007
863008
863009
863010
863011
863014
863015
863017
863019
863020
863022
863023
863024
863025
863026
863027
863028
863029
863031
