756982
756983
756984
756985
756987
75699
756990
756992
756993
756994
756995
756996
756997
756998
756999
757
75700
757000
757001
757002
757003
757004
757005
757007
757008
757009
75701
757010
757011
757012
757013
757014
757015
757016
757017
757018
757019
75702
757020
757021
757022
757024
757025
757026
757027
757028
757029
75703
757030
757031
757032
757033
757034
757035
757036
757037
757038
757039
75704
757040
757042
757043
757045
757046
757047
757048
757049
75705
757050
757051
757052
757053
757055
757056
757057
757058
757059
75706
757060
757061
757062
757063
757064
757065
757067
757068
757069
75707
757070
757071
757072
757073
757075
757076
757077
757078
757079
75708
757080
757081
757083
757084
757085
757087
757089
75709
757091
757092
757093
757094
757095
757097
757098
757099
75710
757100
757101
757102
757103
757104
757105
757106
757107
757109
757110
757111
757112
757113
757114
757115
757116
757117
757118
757119
75712
757120
757121
757122
757123
757124
757126
757127
757128
757129
75713
757131
757132
757133
757134
757135
757136
757137
757139
75714
757140
757141
757142
757143
757144
757145
757146
757147
757148
757149
757151
757152
757153
757154
757156
757157
757158
757159
75716
757160
757161
757162
757163
757165
757166
757167
757168
757169
75717
757170
757173
757174
757175
757176
757177
757178
757179
75718
757180
757181
757182
757183
757184
757185
757186
757187
757188
75719
757190
757193
757194
757195
757196
757198
757199
75720
757201
757202
757203
757204
757206
757207
757209
75721
757210
757211
757212
757213
757214
757215
757216
757217
757218
75722
757220
757221
757222
757223
757224
757225
757226
757227
757228
757229
75723
757230
757231
757232
757233
757234
757235
757236
757237
757238
757239
75724
757240
757241
757242
757243
757244
757245
757246
757247
757248
75725
757250
757251
757252
757253
757254
757255
757256
757257
757258
757259
757260
757261
757262
757263
757264
757265
757266
757267
757268
757269
757270
757271
757272
757273
757274
757275
757276
757277
757278
75728
757281
757282
757283
757284
757285
757286
757287
757288
757289
75729
757292
757293
757294
757295
757296
757299
75730
757300
757301
757303
757305
757306
757307
757309
75731
757310
757311
757312
757313
757314
757315
757316
757317
757318
757319
75732
757321
757322
757323
757324
757325
757326
757328
757329
75733
757330
757331
757333
757334
757335
757336
757337
757338
757339
75734
757340
757341
757342
757343
757344
757345
757346
757347
757348
757349
75735
757350
757351
757352
757353
757354
757355
757356
757357
757358
757359
75736
757360
757362
757363
757364
757365
757367
757368
75737
757370
757371
757372
757373
757374
757375
75738
757380
757381
757382
757383
757384
757385
757386
757387
757388
757389
757390
757391
757392
757393
757394
757395
757396
757397
757398
757399
75740
757400
757401
757402
757403
757404
757405
757406
757407
757408
757409
75741
757410
757411
757412
757413
757414
757415
757416
757417
757418
757419
75742
757420
757421
757422
757423
757424
757425
757426
757428
757429
75743
757430
757431
757432
757433
757434
757435
757436
757437
757438
757439
75744
757440
757441
757442
757443
757444
757445
757446
757447
757448
757449
75745
757450
757451
757452
757453
757454
757455
757456
757457
757459
75746
757460
757461
757462
757463
757464
757466
757467
757468
757469
75747
757470
757471
757472
757473
757474
757475
757476
757477
757478
757479
75748
757480
757481
757482
757483
757484
757485
757486
757487
757488
757489
75749
757490
757492
757493
757494
757495
757496
757497
757499
75750
757500
757501
757502
757503
757504
757505
757506
757507
757508
757509
75751
757510
757511
757512
757513
757514
757515
757516
75752
757520
757521
757522
757523
757524
757525
757526
757527
757528
757529
75753
757530
757531
757532
757535
757536
757537
757538
757539
75754
757540
757541
757542
757543
757544
757545
757546
757548
75755
757550
757551
757552
757553
757554
757555
757556
757557
757558
757559
75756
757560
757561
757562
757563
757564
757565
757566
757567
757568
757569
75757
757570
757571
757572
757573
757574
757576
757577
757578
757579
75758
757580
757581
757582
757583
757584
757585
757586
757588
757589
75759
757590
757592
757593
757594
757595
757596
757597
757598
757599
75760
757600
757601
757602
757603
757604
757605
757607
757608
757609
75761
757610
757611
757614
757615
757616
757617
757618
757619
75762
757620
757621
757622
757623
757624
757625
757626
757627
757628
757629
75763
757630
757632
757633
757634
757635
757636
757638
757639
75764
757640
757642
757643
757644
757645
757646
757647
757648
757649
75765
757650
757651
757652
757654
757655
757657
757658
757659
75766
757660
757661
757664
757665
757666
757668
75767
757671
757672
757673
757674
757675
757676
757677
757678
75768
757680
757681
757682
757683
757684
757685
757686
757687
757688
75769
757690
757691
757693
757694
757696
757697
757698
75770
757700
757701
757702
757703
757704
757705
757706
757707
757708
757709
75771
757710
757712
757714
757715
757716
757717
757718
75772
757720
757721
757722
757723
757724
757725
757726
757727
757728
757729
757730
757731
757732
757733
757734
757735
757736
757737
757738
757739
75774
757740
757741
757742
757743
757744
757745
757746
757747
757748
757749
75775
757750
757751
757752
757753
757754
757755
757756
757757
757758
757759
757760
757761
757762
757763
757764
757765
757766
757767
757768
757769
75777
757770
757771
757772
757773
757774
757775
757776
757777
757778
757779
75778
757781
757783
757784
757785
757787
757788
757789
75779
757791
757792
757793
757794
757795
757796
757797
757798
757799
75780
757800
757801
757802
757805
757807
757808
757809
75781
757810
757811
757812
757813
757814
757815
757816
757817
757818
757819
757820
757821
757822
757826
757827
757828
757830
757831
757832
757834
757835
757836
757837
757838
75784
757840
757841
757842
757843
757844
757845
757846
757847
757848
757849
75785
757850
757851
757852
757853
757854
757855
757856
757858
757859
75786
757860
757861
757862
757863
757864
757865
757866
757867
757868
757870
757871
757872
757873
757874
757875
757876
757878
757879
75788
757880
757881
757882
757883
757884
757885
757886
757887
757888
757889
75789
757890
757891
757892
757893
757894
757895
757896
757897
757898
757899
75790
757901
757902
757903
757904
757905
757906
757907
757908
757909
75791
757910
757911
757912
757913
757914
757915
757916
757917
757918
757919
75792
757920
757921
757922
757923
757925
757926
757927
757928
757929
75793
757930
757933
757934
757935
757936
757938
757939
75794
757940
757941
757942
757944
757945
757946
757947
757948
757949
75795
757950
757951
757953
757955
757956
757957
757958
757959
75796
757960
757961
757963
757964
757965
757966
757967
757968
757969
75797
757970
757971
757972
757973
757974
757975
757976
757977
757979
75798
757980
757981
757982
757983
757984
757986
757987
757988
757989
75799
757990
757991
757992
757993
757994
757995
757996
757997
757998
757999
758
75800
758000
758001
758002
758003
758004
758005
758008
758009
75801
758010
758011
758012
758013
758015
758016
758017
758018
758019
75802
758020
758021
758022
758023
758024
758025
758026
758027
758029
75803
758031
758032
758033
758035
758036
758037
758038
758039
75804
758040
758041
758042
758043
758044
758045
758046
758047
758048
758049
75805
758050
758051
758052
758053
758054
758055
758056
758057
758058
758059
75806
758060
758061
758062
758063
758064
758065
758066
758067
758068
758069
758070
758071
758072
758073
758074
758075
758076
758077
758078
75808
758080
758082
758083
758084
758085
758086
758087
758088
758089
75809
758091
758092
758094
758095
758096
758097
75810
758100
758101
758102
758103
758104
758105
758106
758107
758108
758109
75811
758110
758111
758112
758113
758114
758115
758116
758117
758118
758119
75812
758120
758122
758124
758125
758127
758128
75813
758130
758131
758132
758133
758134
758135
758136
758137
758138
75814
758140
758142
758144
758145
758146
758149
75815
758150
758151
758152
758153
758154
758155
758156
758157
758158
758159
75816
758160
758161
758162
758164
758165
758166
758167
758168
758169
75817
758170
758171
758172
758173
758174
758176
758177
758178
75818
758180
758181
758182
758183
758184
758185
758186
758187
758188
758189
75819
758190
758191
758194
758196
758197
758198
758199
75820
758201
758202
758203
758204
758205
758206
758207
758208
758209
75821
758210
758211
758213
758214
758215
758218
758219
75822
758220
758221
758222
758223
758224
758225
758226
758227
758228
758229
75823
758230
758231
758232
758233
758234
758235
758236
758237
758238
75824
758240
758241
758242
758243
758244
758245
758247
758249
75825
758250
758251
758252
758253
758254
758255
758256
758257
758259
75826
758260
758261
758262
758263
758264
758266
758267
758268
758269
75827
758270
758271
758272
758273
758274
758275
758277
758279
75828
758280
758281
758282
758283
758285
758286
758287
758288
758289
75829
758290
758291
758292
758293
758294
758295
758297
758299
75830
758300
758301
758302
758303
758304
758305
758306
758307
758308
758309
75831
758310
758311
758312
758314
758315
758316
758317
758318
758319
75832
758320
758321
758322
758323
758324
758325
758326
758327
758328
758329
75833
758330
758331
758332
758333
758334
758335
758336
758337
758338
758339
75834
758340
758341
758342
758343
758344
758345
758347
758348
758349
75835
758350
758351
758352
758353
758354
758355
758356
758357
758358
758359
75836
758360
758362
758363
758366
758367
758368
75837
758370
758371
758373
758374
758375
758376
758377
758379
75838
758380
758381
758382
758383
758384
758385
758386
758387
758388
758389
75839
758390
758392
758393
758394
758395
758396
758397
758398
75840
758400
758401
758402
758403
758404
758406
758407
758408
758409
75841
758410
758411
758412
758413
758414
758416
758417
758418
758419
75842
758420
758421
758422
758423
758424
758426
758427
758428
75843
758430
758432
758433
758434
758435
758436
758437
758438
758439
75844
758440
758441
758442
758443
758444
758445
758446
758447
758448
758449
75845
758451
758452
758453
758454
758456
758457
758458
758459
75846
758460
758461
758462
758463
758464
758465
758466
758467
758468
758469
75847
758470
758471
758472
758473
758474
758475
758476
758477
758478
758479
75848
758480
758481
758482
758483
758484
758485
758486
758487
758488
758489
75849
758490
758491
758492
758493
758494
758495
758496
758497
758498
758499
75850
758500
758501
758502
758503
758504
758505
758506
758507
758508
758509
75851
758511
758512
758513
758514
758515
758516
758517
758518
758519
75852
758520
758521
758522
758523
758524
758525
758526
758527
758528
758529
75853
758530
758531
758532
758533
758534
758535
758536
758537
758539
75854
758540
758541
758542
758543
758544
758545
758546
758547
758548
758549
75855
758550
758551
758552
758553
758554
758555
758556
758557
758558
758559
75856
758560
758561
758563
758564
758567
758568
75857
758570
758571
758572
758573
758574
758575
758576
758577
758578
758579
75858
758580
758581
758582
758583
758584
758585
758586
758587
758588
758589
75859
758590
758591
758592
758593
758594
758595
758596
758597
758598
758599
75860
758600
758601
758602
758603
758604
758606
758607
758608
758609
75861
758610
758611
758612
758613
758614
758615
758616
758617
758618
758619
75862
758622
758623
758624
758625
758626
758627
758628
758629
75863
758630
758631
758632
758633
758634
758635
758636
758637
758638
758639
75864
758640
758641
758642
758643
758645
758646
758647
758648
758649
75865
758650
758651
758652
758653
758654
758655
758657
758658
758659
75866
758660
758661
758662
758663
758664
758665
758666
758667
758669
75867
758670
758672
758674
758675
758676
758677
758678
758679
75868
758680
758681
758682
758683
758684
758685
758686
758687
758688
758689
75869
758690
758691
758692
758693
758694
758695
758696
758699
75870
758700
758702
758703
758704
758705
758706
758707
758709
758710
758711
758712
758713
758714
758716
758717
75872
758720
758722
758723
758724
758725
758726
758727
758729
75873
758730
758731
758733
758734
758736
758737
758738
758739
75874
758740
758741
758742
758743
758744
758746
758747
758748
75875
758750
758751
758756
758757
758758
758759
75876
758761
758762
758763
758765
758766
758767
758768
758769
75877
758770
758772
758773
758774
758775
758777
758778
758779
758780
758781
758782
758784
758785
758786
758787
758789
75879
758790
758791
758792
758794
758795
758796
758797
758798
75880
758800
758801
758802
758803
758804
758805
758806
758807
758808
758809
75881
758810
758811
758812
758813
758814
758815
758816
758817
758818
758819
75882
758820
758821
758822
758823
758824
758825
758826
758827
758828
758829
75883
758830
758831
758832
758833
758835
758836
758837
758838
75884
758844
758845
758846
758847
758848
75885
758850
758852
758853
758855
758857
758858
758859
75886
758860
758861
758862
758863
758864
758865
758866
758867
758868
758869
75887
758870
758875
758877
758878
758879
75888
758880
758881
758882
758883
758884
758885
758886
758887
758889
75889
758890
758891
758892
758893
758894
758895
758896
758897
758898
758899
75890
758900
758901
758902
758903
758904
758906
758907
758908
758909
75891
758910
758911
758912
758913
758914
758915
758916
758917
758918
758919
75892
758920
758921
758922
758923
758924
758925
758926
758928
758929
75893
758930
758931
758932
758933
758934
758935
758937
758938
758939
75894
758940
758941
758942
758943
758944
758945
758946
758947
758948
758949
758950
758951
758952
758953
758954
758955
758956
758957
758958
758959
75896
758960
758961
758962
758963
758964
758965
758966
758968
758969
75897
758971
758972
758973
758974
758975
758976
758977
758978
758979
758980
758981
758982
758983
758984
758985
758986
758988
75899
758990
758991
758992
758995
758997
758998
759
75900
759000
759001
759002
759003
759004
759005
759006
759007
759008
759009
75901
759010
759012
759013
759014
759016
759019
75902
759020
759021
759022
759023
759024
759025
759026
759029
75903
759030
759031
759032
759034
759035
759036
759038
759039
75904
759040
759041
759042
759043
759045
759046
759047
759048
759049
75905
759050
759051
759053
759054
759056
759057
759058
759059
759060
759062
759063
759064
759065
759066
759067
759069
75907
759070
759071
759072
759073
759074
759075
759076
759078
759079
75908
759080
759081
759082
759083
759084
759085
759086
759087
759088
759089
75909
759091
759092
759094
759095
759096
759097
759098
759099
75910
759100
759101
759102
759103
759104
759105
759107
759108
759109
75911
759110
759111
759112
759113
759114
759115
759116
759117
759118
759119
75912
759120
759121
759123
759124
759125
759126
759127
759128
759129
75913
759130
759131
759132
759133
759134
759135
759136
759137
759138
759139
75914
759140
759141
759142
759143
759144
759145
759147
759149
75915
759150
759151
759152
759153
759154
759155
759156
759157
759158
759159
75916
759160
759161
759162
759163
759165
759166
759167
759168
759169
75917
759170
759171
759172
759173
759174
759175
759176
759177
759179
75918
759180
759181
759182
759183
759184
759186
759187
759188
759189
75919
759191
759192
759193
759194
759195
759197
759198
759199
75920
759200
759201
759202
759203
759204
759205
759206
759208
759209
75921
759210
759212
759213
759214
759215
759216
759219
75922
759220
759221
759222
759225
759226
759227
759228
759229
75923
759230
759232
759233
759234
759235
759236
759238
75924
759240
759241
759242
759243
759244
759245
759246
759247
759248
759249
75925
759250
759251
759252
759254
759255
759256
759257
759258
759259
75926
759260
759261
759262
759263
759264
759265
759266
759267
759268
759269
75927
759270
759271
759272
759273
759274
759275
759276
759277
759278
759279
75928
759280
759281
759282
759283
759284
759285
759286
759287
759288
759289
75929
759290
759291
759292
759293
759294
759295
759296
759297
759298
759299
75930
759300
759301
759302
759303
759304
759305
759306
759307
759308
759309
759310
759311
759312
759313
759314
759315
759316
759317
759319
75932
759320
759321
759322
759323
759324
759325
759326
759328
759329
75933
759331
759332
759333
759334
759335
759338
759339
75934
759340
759342
759345
759346
759347
759348
759349
75935
759350
759351
759352
759353
759354
759355
759356
759357
759358
759359
75936
759360
759361
759362
759363
759365
759366
759367
759368
759369
75937
759370
759371
759372
759373
759374
759375
759376
759377
759378
759379
75938
759380
759381
759383
759384
759385
759386
759387
759388
759389
75939
759390
759391
759392
759393
759395
759396
759397
759398
759399
75940
759400
759401
759402
759403
759404
759405
759406
759407
759408
759409
75941
759411
759412
759413
759414
759415
759417
759418
759419
75942
759420
759421
759422
759423
759424
759425
759426
759428
759429
75943
759430
759433
759435
759436
759437
759438
759439
75944
759440
759441
759442
759443
759444
759445
759446
759447
759448
75945
759450
759451
759452
759453
759454
759456
759457
759458
759459
75946
759460
759461
759462
759463
759464
759465
759466
759467
759468
759469
75947
759470
759471
759472
759473
759474
759475
759476
759477
759478
759479
75948
759480
759481
759482
759483
759484
759485
759486
759488
759489
75949
759490
759491
759492
759493
759494
759495
759496
759497
759498
759499
75950
759500
759501
759502
759503
759504
759505
759506
759507
759508
759509
75951
759511
759512
759513
759514
759515
759516
759517
759518
759519
75952
759520
759521
759522
759523
759524
759526
759528
759529
75953
759530
759531
759532
759533
759534
759535
759536
759537
759538
759539
75954
759540
759541
759543
759544
759545
759546
759547
759548
759549
75955
759550
759551
759553
759554
759555
759556
759557
759558
759559
75956
759560
759561
759562
759564
759565
759566
759567
759568
759569
75957
759570
759571
759572
759573
759574
759575
759576
759577
759578
759579
75958
759580
759581
759582
759583
759584
759585
759586
759587
759588
75959
759590
759591
759592
759593
759594
759595
759596
759597
759598
759599
75960
759600
759601
759602
759603
759604
759605
759606
759607
759608
759609
75961
759610
759611
759612
759613
759614
759615
759616
759617
759618
759619
75962
759620
759622
759623
759625
759626
759627
759628
759629
75963
759630
759631
759632
759633
759634
759635
759636
759637
759639
75964
759640
759641
759642
759643
759644
759645
759647
759648
759649
759650
759651
759652
759653
759654
759655
759656
759657
759658
759659
75966
759660
759661
759662
759663
759664
759665
759666
759667
759668
759669
75967
759670
759671
759672
759675
759676
759677
759678
759679
75968
759680
759681
759682
759683
759684
759685
759686
759687
759688
759689
75969
759690
759691
759692
759693
759694
759695
759697
759698
759699
75970
759700
759701
759702
759703
759704
759705
759706
759707
759708
759709
75971
759710
759711
759712
759713
759714
759715
759716
759718
759719
75972
759720
759721
759722
759723
759724
759725
759726
759727
759728
759729
75973
759731
759732
759733
759734
759736
759737
759738
759739
75974
759740
759741
759742
759743
759744
759745
759746
759747
759748
759749
75975
759750
759751
759752
759753
759754
759755
759756
759757
759758
759759
75976
759760
759761
759763
759764
759765
759766
759767
759768
759769
75977
759770
759771
759772
759774
759775
759776
759777
759778
759779
75978
759780
759781
759782
759783
759784
759785
759786
759787
759788
759789
75979
759790
759792
759793
759794
759795
759796
759797
759798
759799
75980
759800
759801
759802
759803
759804
759805
759806
759807
759808
759809
75981
759810
759811
759813
759814
759815
759816
759818
759819
75982
759820
759821
759822
759823
759824
759825
759826
759828
759829
75983
759830
759831
759832
759833
759834
759835
759836
759837
759838
759839
75984
759840
759841
759842
759843
759844
759845
759846
759847
759848
75985
759850
759851
759852
759853
759854
759855
759856
759857
759858
75986
759860
759861
759862
759863
759864
759865
759866
759867
759868
759869
75987
759870
759871
759872
759873
759874
759875
759876
759877
759878
759879
75988
759880
759881
759882
759883
759884
759885
759886
759887
759888
759889
75989
759890
759891
759892
759893
759894
759895
759896
759897
759898
759899
75990
759900
759902
759903
759904
759906
759907
759908
759909
75991
759910
759911
759912
759913
759914
759916
759917
759918
759919
75992
759920
759921
759922
759923
759924
759925
759926
759927
759928
759929
75993
759930
759931
759932
759933
759934
759935
759936
759937
759938
759939
75994
759940
759941
759942
759943
759944
759945
759946
759947
759948
759949
75995
759950
759951
759952
759953
759954
759955
759956
759957
759958
759959
75996
759960
759961
759962
759963
759964
759965
759966
759968
75997
759970
759971
759972
759974
759975
759977
759978
759979
75998
759980
759981
759982
759983
759984
759985
759986
759987
759988
759989
759990
759991
759992
759993
759994
759997
759998
759999
76
760
76000
760000
760001
760002
760003
760004
760005
760006
760007
760008
760009
760010
760011
760012
760013
760014
760015
760016
760017
760018
760019
76002
760020
760021
760022
760023
760025
760026
760027
760028
760029
760030
760031
760032
760033
760034
760035
760036
760037
760038
760039
760040
760041
760043
760044
760045
760046
760047
760048
760049
760050
760051
760052
760053
760054
760055
760056
760057
760058
760059
76006
760060
760061
760062
760063
760064
760065
760066
760067
760068
760069
76007
760070
760071
760072
760073
760074
760075
760076
760077
760078
760079
76008
760080
760081
760082
760083
760084
760085
760086
760087
760088
760089
76009
760090
760091
760092
760093
760094
760095
760096
760097
760098
760099
76010
760100
760101
760102
760103
760104
760106
760107
760108
760109
76011
760110
760111
760112
760113
760114
760115
760117
76012
760121
760122
760124
760125
760126
760127
760128
760129
76013
760130
760131
760132
760133
760134
760135
760136
760137
760138
760139
760140
760141
760142
760143
760144
760145
760146
760147
760148
760149
76015
760150
760151
760153
760154
760155
760157
760158
760159
76016
760160
760161
760162
760163
760164
760165
760167
760168
760169
760170
760171
760172
760173
760174
760175
760176
760177
760178
760179
76018
760180
760181
760182
760183
760184
760187
760188
760189
760190
760191
760192
760194
760195
760196
760197
760198
76020
760200
760201
760202
760203
760204
760205
760206
760207
760208
760209
760210
760211
760212
760213
760214
760215
760216
760217
760218
760219
76022
760221
760222
760223
760225
760226
760227
760228
760229
76023
760230
760231
760233
760234
760236
760238
760239
76024
760240
760242
760243
760245
760246
760247
760248
760249
76025
760250
760251
760252
760253
760254
760255
760256
760257
760258
760259
76026
760260
760261
760262
760263
760264
760265
760266
760267
760268
760269
76027
760270
760271
760272
760273
760274
760275
760276
760277
760278
760279
76028
760280
760281
760282
760284
760285
760286
760287
760288
760289
76029
760290
760291
760292
760293
760295
760296
760297
760298
760299
76030
760300
760301
760302
760303
760304
760305
760307
760308
760309
76031
760310
760311
760312
760313
760314
760316
760317
760318
760319
76032
760321
760322
760323
760324
760325
760326
760327
760328
760329
760330
760331
760332
760333
760335
760336
760337
760338
760339
76034
760340
760341
760342
760343
760344
760346
760348
760349
76035
760350
760351
760353
760354
760355
760356
760357
760358
760359
76036
760360
760361
760362
760363
760364
760365
760366
760367
760368
760369
76037
760370
760371
760372
760373
760374
760375
760376
760378
760379
76038
760381
760382
760383
760384
760385
760386
760387
760389
760390
760391
760392
760393
760394
760395
760396
760397
760398
760399
76040
760400
760401
760402
760404
760405
760406
760407
760408
760409
760410
760411
760412
760413
760414
760415
760416
760417
760418
760419
76042
760420
760421
760422
760423
760424
760426
760427
760429
76043
760430
760433
760434
760435
760436
760437
76044
760440
760441
760442
760443
760444
760445
760446
760447
760448
760449
76045
760450
760451
760452
760453
760454
760455
760456
760457
760458
760459
760460
760461
760462
760464
760465
760466
760467
760468
760469
76047
760470
760471
760472
760473
760474
760475
760476
760477
760478
760479
760481
760482
760483
760484
760485
760486
760487
760489
760490
760492
760493
760494
760495
760496
760497
760498
760499
760500
760502
760503
760504
760505
760506
760508
760510
760511
760512
760513
760515
760516
760517
760518
760519
760520
760521
760522
760523
760524
760527
760528
760529
76053
760530
760531
760532
760533
760534
760535
760536
760537
760538
760539
76054
760540
760541
760542
760543
760544
760545
760546
760549
76055
760550
760551
760552
760553
760554
760556
760557
760558
760559
760561
760562
760563
760564
760565
760566
760567
760568
760569
760570
760571
760573
760574
760575
760576
760578
760579
76058
760580
760581
760582
760583
760584
760585
760587
760588
760589
76059
760590
760591
760592
760593
760594
760595
760596
760597
760598
760599
760600
760601
760602
760603
760604
760605
760606
760607
760608
760609
760611
760612
760613
760614
760615
760616
760617
760619
76062
760620
760621
760623
760624
760628
760630
760631
760632
760633
760634
760635
760636
760637
760638
760639
76064
760640
760641
760642
760643
760644
760645
760646
760647
760648
760649
76065
760651
760652
760653
760654
760655
760656
760657
760659
76066
760660
760662
760663
760664
760665
760666
760667
760668
760669
76067
760670
760671
760673
760674
760675
760676
760677
760678
760679
76068
760680
760681
760682
760683
760684
760686
760687
760688
760689
76069
760690
760692
760693
760694
760695
760696
760697
760698
760699
76070
760700
760701
760702
760703
760704
760705
760706
760707
760708
76071
760710
760711
760712
760713
760714
760715
760717
760718
760719
76072
760720
760721
760722
760723
760724
760725
760726
760727
760728
760729
76073
760730
760731
760732
760733
760734
760735
760736
760737
760738
760739
76074
760740
760741
760742
760743
760744
760745
760746
760747
760748
760749
76075
760750
760751
760752
760753
760754
760755
760756
760757
760758
760759
76076
760760
760761
760762
760763
760764
760765
760766
760767
760768
760769
76077
760770
760771
760772
760773
760774
760775
760776
760777
760778
760779
760780
760782
760783
760784
760785
760787
760788
760789
760790
760791
760792
760793
760794
760795
760796
760797
760798
76080
760800
760802
760803
760805
760806
760807
760808
760809
76081
760810
760811
760812
760814
760815
760816
760817
760818
760819
76082
760820
760821
760822
760824
760825
760826
760827
760828
760829
76083
760830
760831
760832
760833
760834
760835
760836
760837
760838
760839
76084
760840
760841
760842
760843
760844
760845
760847
760848
760849
760850
760851
760853
760854
760855
760856
760857
760858
760859
76086
760860
760861
760862
760863
760864
760865
760866
760867
760868
760869
76087
760870
760871
760872
760873
760874
760875
760876
760877
760878
760879
76088
760880
760881
760882
760883
760884
760885
760886
760887
760888
760889
76089
760890
760891
760892
760893
760894
760895
760896
760897
760898
760899
76090
760900
760901
760902
760903
760905
760906
760907
760908
760909
76091
760911
760913
760914
760915
760916
760917
760918
760919
760920
760921
760922
760923
760924
760926
760927
760928
760929
76093
760930
760931
760932
760934
760935
760936
760937
760938
760939
76094
760940
760941
760942
760943
760946
760947
76095
760950
760951
760952
760953
760954
760955
760956
760957
760958
760959
76096
760960
760961
760962
760963
760964
760965
760966
760967
760968
760969
76097
760970
760971
760972
760973
760974
760975
760976
760977
760978
760979
76098
760980
760981
760982
760983
760984
760985
760987
760989
76099
760990
760991
760992
760993
760994
760995
760996
760997
760998
760999
761
76100
761000
761001
761002
761003
761004
761005
761006
761007
761008
761009
76101
761010
761011
761012
761013
761014
761015
761016
761017
761018
761019
76102
761020
761021
761022
761023
761024
761025
761026
761027
761028
761029
76103
761030
761033
761036
761039
76104
761042
761043
761044
761045
761046
761047
761048
761049
76105
761050
761051
761052
761054
761055
761056
761057
761058
761059
76106
761060
761061
761062
761063
761064
761065
761066
761067
761068
761069
76107
761071
761072
761073
761074
761075
761077
761078
761079
76108
761080
761081
761082
761084
761085
761086
761087
761088
761089
76109
761090
761091
761092
761095
761098
761099
76110
761100
761101
761102
761104
761105
761106
761107
761108
76111
761115
761116
761117
761118
76112
761120
761122
761124
761127
761128
76113
761131
761132
761133
761134
761135
761136
761137
761138
761139
761140
761142
761143
761144
761145
761146
761147
761148
76115
761150
761151
761152
761153
761155
761156
761158
761159
76116
761160
761161
761162
761163
761165
761166
761167
761168
76117
761170
761172
761173
761174
761175
761176
761177
761178
761179
76118
761180
761181
761183
761184
761185
761186
761187
761188
761189
76119
761190
761191
761192
761193
761194
761195
761196
761197
761198
761199
76120
761200
761201
761202
761203
761204
761205
761206
761207
761208
761209
76121
761210
761211
761213
761214
761215
761216
761217
761218
761219
76122
761220
761221
761222
761223
761224
761225
761226
761227
761228
761229
76123
761230
761231
761233
761235
761236
761237
761238
761239
761240
761241
761243
761244
761245
761246
761247
761248
761249
76125
761251
761252
761253
761254
761255
761257
761258
761259
761260
761261
761262
761264
761265
761267
761268
761269
76127
761270
761271
761272
761273
761275
761276
761277
761278
761279
76128
761280
761281
761282
761283
761284
761285
761288
761289
76129
761290
761291
761292
761293
761294
761295
761296
761297
761298
761299
76130
761300
761301
761302
761303
761304
761305
761306
761307
761308
761309
76131
761310
761311
761312
761313
761314
761316
761317
761318
761319
76132
761320
761321
761322
761323
761324
761325
761326
761327
761328
761329
76133
761330
761332
761333
761334
761335
761336
761337
761338
761339
76134
761340
761341
761342
761343
761344
761347
761348
761349
76135
761350
761351
761352
761353
761354
761355
761356
761358
761359
76136
761360
761361
761362
761363
761364
761365
761366
761367
761368
761369
76137
761370
761371
761372
761373
761374
761375
761376
761377
761378
761379
76138
761380
761381
761382
761383
761384
761385
761386
761387
761388
761389
76139
761390
761391
761392
761394
761396
761397
761398
761399
76140
761400
761401
761402
761403
761405
761406
761407
761408
761409
76141
761411
761412
761413
761414
761415
761417
761418
761419
76142
761420
761421
761422
761423
761424
761426
761427
761428
761429
76143
761432
761433
761435
761436
761437
761439
76144
761440
761443
761444
761445
761446
761447
761449
761450
761452
761453
761454
761455
761457
76146
761460
761461
761462
761463
761464
761465
761466
761467
761468
761469
76147
761470
761471
761472
761473
761474
761476
761477
761478
761479
76148
761480
761481
761483
761484
761485
761486
761487
761489
761491
761492
761493
761494
761496
761497
761498
761499
76150
761500
761501
761502
761503
761504
761505
761506
761507
761508
761509
76151
761510
761511
761512
761513
761514
761515
761516
761517
761518
761519
76152
761520
761521
761522
761523
761525
761526
761527
761528
761529
761530
761531
761532
761533
761534
761535
761536
761537
761538
761539
76154
761540
761541
761542
761543
761547
761548
76155
761550
761551
761552
761553
761554
761555
761556
761557
761558
76156
761560
761561
761562
761563
761564
761565
761566
761567
761569
76157
761570
761571
761572
761574
761575
761576
761577
761578
761579
761580
761581
761582
761583
761584
761585
761586
761587
761588
761589
76159
761590
761592
761593
761594
761595
761596
761597
761598
761599
76160
761600
761601
761602
761603
761604
761605
761606
761607
761608
761609
76161
761610
761611
761612
761613
761614
761615
761618
761619
761620
761621
761622
761623
761624
761625
761626
761628
76163
761632
761633
761634
761635
761636
761637
761638
761639
76164
761640
761641
761642
761643
761644
761645
761646
761647
761648
761649
76165
761651
761653
761654
761655
761656
761657
761658
761659
76166
761660
761661
761662
761663
761664
761665
761666
761667
761668
761669
76167
761670
761671
761672
761673
761674
761675
761676
761677
761678
761679
76168
761681
761682
761683
761684
761685
761686
761687
761688
761689
76169
761691
761692
761693
761694
761695
761696
761699
76170
761700
761701
761702
761703
761704
761705
761706
761707
761708
761709
76171
761710
761711
761712
761714
761715
761716
761717
761718
761719
76172
761720
761721
761722
761723
761724
761725
761727
761728
761730
761731
761732
761733
761734
761735
761736
761737
761738
761739
76174
761740
761741
761742
761743
761744
761745
761746
761747
761748
761749
76175
761750
761751
761752
761753
761754
761755
761756
761757
761758
761759
76176
761760
761761
761762
761763
761764
761765
761767
761768
761769
76177
761770
761772
761773
761774
761775
761776
761777
761778
761779
76178
761780
761781
761782
761783
761784
761785
761786
761788
761789
76179
761790
761791
761792
761793
761794
761796
761797
761798
761799
76180
761800
761801
761802
761803
761804
761805
761806
761807
761809
76181
761811
761812
761813
761814
761818
761819
76182
761820
761821
761823
761824
761825
761826
761827
761828
761829
76183
761830
761832
761834
761835
761836
761837
761839
761840
761841
761842
761843
761844
761845
761846
761847
761848
761849
761850
761851
761852
761853
761854
761855
761856
761857
761858
761859
76186
761860
761861
761862
761863
761864
761865
761866
761867
761868
761869
76187
761870
761871
761872
761873
761874
761875
761876
761877
761878
761879
761880
761881
761882
761883
761884
761885
761886
761887
761888
761889
76189
761890
761891
761892
761893
761894
761895
761896
761898
76190
761900
761901
761902
761903
761904
761906
761907
761909
76191
761910
761912
761914
761916
761918
761919
76192
761920
761921
761922
761924
761925
761927
761928
761929
761930
761931
761932
761933
761934
761935
761937
761938
761939
76194
761940
761941
761942
761943
761944
761945
761946
761947
761948
761949
76195
761950
761951
761952
761953
761954
761956
761957
761958
761959
76196
761960
761961
761962
761963
761964
761965
761966
761967
761968
761969
76197
761970
761971
761972
761973
761974
761975
761976
761977
761978
761979
76198
761980
761981
761982
761983
761984
761985
761986
761987
761988
761989
76199
761990
761991
761992
761994
761995
761996
761997
761998
761999
762
76200
762000
762001
762002
762003
762004
762006
762007
762008
762009
76201
762010
762011
762012
762013
762014
762015
762017
762018
762019
76202
762021
762022
762023
762024
762025
762026
762027
762028
762029
76203
762030
762031
762032
762033
762034
762035
762037
762038
762039
762041
762042
762044
762045
762046
762047
762048
762049
76205
762050
762051
762052
762053
762054
762056
762057
762058
762059
76206
762060
762061
762062
762063
762064
762065
762066
762067
762068
762069
76207
762072
762073
762074
762075
762076
762077
762078
762079
76208
762080
