772466
772467
772468
772469
77247
772470
772471
772472
772473
772474
772475
772476
772477
772478
77248
772480
772481
772482
772483
772484
772485
772486
772487
772488
772489
77249
772490
772491
772492
772493
772494
772495
772496
772497
772498
772499
77250
772500
772501
772502
772503
772505
772506
772507
772508
772509
77251
772510
772511
772512
772513
772514
772515
772516
772517
772518
772519
77252
772520
772521
772522
772523
772524
772525
772526
772527
772528
772529
77253
772531
772532
772533
772534
772535
772536
772537
772538
772539
772540
772541
772542
772543
772544
772545
772547
772548
772549
772551
772552
772554
772555
772556
772557
772558
772559
77256
772560
772561
772562
772563
772564
772565
772566
772567
772569
77257
772570
772571
772572
772573
772574
772575
772576
772577
772578
772579
772580
772581
772582
772583
772584
772585
772586
772587
772588
772589
77259
772590
772591
772592
772593
772594
772595
772596
772597
772598
772599
77260
772600
772602
772603
772604
772605
772606
772607
772608
772609
77261
772611
772612
772613
772615
772616
772617
772618
772619
77262
772620
772621
772622
772623
772624
772625
772626
772627
772628
772629
772630
772632
772633
772634
772635
772637
772638
772639
77264
772640
772641
772642
772643
772644
772645
772646
772647
772648
772649
77265
772650
772651
772652
772653
772654
772655
772656
772657
772658
772659
77266
772660
772661
772662
772663
772664
772665
772666
772667
772668
772669
77267
772670
772671
772672
772673
772674
772675
772676
772677
772678
772679
77268
772680
772681
772682
772683
772684
772685
772686
772687
772688
772689
77269
772690
772691
772692
772693
772694
772695
772696
772697
772698
772699
77270
772700
772701
772702
772703
772704
772705
772706
772708
772709
77271
772710
772711
772712
772714
772715
772716
772717
772718
772719
772720
772721
772723
772724
772725
772726
772727
772728
772729
77273
772730
772731
772732
772733
772734
772735
772736
772737
772738
772739
772740
772741
772742
772743
772744
772745
772746
772747
772748
772749
772750
772751
772752
772753
772755
772756
772757
772758
772759
77276
772760
772761
772762
772763
772764
772765
772766
772767
772768
772769
77277
772770
772771
772772
772773
772774
772775
772777
772778
772779
77278
772780
772781
772782
772783
772784
772785
772786
772787
772788
772789
772790
772791
772792
772793
772794
772796
772797
772798
772799
77280
772800
772801
772802
772804
772805
772806
772807
772809
77281
772810
772811
772812
772813
772814
772815
772816
772817
772818
772819
77282
772820
772821
772822
772823
772824
772825
772827
772828
772829
77283
772830
772831
772832
772833
772834
772835
772836
772837
772838
772839
77284
772840
772841
772842
772843
772844
772847
772848
772849
77285
772850
772851
772852
772853
772854
772855
772856
772857
772858
772859
77286
772860
772861
772862
772863
772864
772865
772866
772867
772868
772871
772872
772873
772874
772875
772876
772877
772878
772879
77288
772880
772881
772882
772883
772884
772885
772886
772887
772888
772889
77289
772890
772891
772892
772893
772894
772895
772896
772897
772898
772899
772900
772901
772902
772903
772904
772905
772906
772907
772908
772909
77291
772910
772911
772913
772914
772915
772916
772917
772918
772919
77292
772920
772921
772923
772924
772925
772926
772927
772928
772929
77293
772930
772932
772933
772934
772935
772936
772937
772938
772939
77294
772940
772941
772942
772943
772944
772945
772946
772947
772948
772949
77295
772950
772951
772952
772953
772954
772955
772956
772957
772959
77296
772961
772962
772964
772965
772966
772967
772969
77297
772970
772971
772972
772973
772974
772975
772976
772977
772979
772980
772981
772982
772983
772984
772985
772986
772987
772988
772989
77299
772990
772991
772992
772993
772994
772995
772996
772997
772998
772999
773
77300
773000
773001
773002
773003
773005
773006
773007
773008
773009
77301
773011
773012
773013
773014
773015
773016
773017
773018
773019
773020
773022
773023
773024
773025
773026
773027
773029
773031
773032
773034
773035
773036
773037
773038
773039
77304
773040
773041
773042
773043
773044
773046
773047
773048
773049
77305
773050
773051
773053
773054
773055
773056
773057
773058
773059
77306
773060
773062
773063
773064
773065
773067
773068
773069
773070
773071
773072
773073
773074
773075
773076
773077
773078
773079
773080
773081
773082
773083
773084
773085
773086
773087
773088
773089
773090
773091
773092
773093
773094
773095
773096
773097
773098
773099
773100
773101
773102
773104
773105
773106
773107
773108
773109
77311
773110
773111
773112
773113
773114
773115
773116
773117
773118
773119
77312
773120
773121
773122
773123
773124
773125
773126
773127
773128
773129
773131
773132
773133
773134
773135
773136
773139
773140
773141
773142
773143
773144
773145
773146
773147
773148
773149
77315
773150
773151
773153
773154
773155
773156
773158
77316
773161
773162
773163
773164
773165
773166
773167
773168
773169
773171
773172
773173
773174
773175
773176
773177
773178
773179
773180
773181
773182
773183
773184
773185
773186
773187
773188
773189
77319
773190
773191
773192
773195
773196
773197
773198
773199
77320
773200
773201
773202
773203
773204
773207
773208
773209
77321
773210
773211
773212
773213
773214
773215
773216
773217
773218
773219
77322
773220
773221
773222
773223
773224
773225
773226
773228
773229
77323
773230
773232
773234
773235
773236
773237
773238
773239
773240
773241
773242
773243
773244
773245
773247
773249
77325
773250
773251
773252
773253
773254
773255
773256
773257
773258
773259
77326
773261
773262
773263
773264
773265
773266
773267
773268
77327
773270
773271
773272
773273
773274
773275
773276
773277
773278
773279
773280
773281
773283
773284
773285
773286
773287
773288
773289
77329
773290
773291
773292
773293
773294
773295
773297
773298
773299
77330
773300
773301
773302
773303
773305
773306
773307
773308
773309
77331
773310
773311
773312
773313
773314
773315
773316
773318
773319
77332
773320
773321
773322
773323
773324
773325
773326
773328
773329
77333
773330
773331
773332
773333
773334
773336
773337
773338
773339
77334
773340
773341
773343
773344
773346
773347
773348
773349
77335
773350
773351
773352
773354
773355
773356
773357
773358
77336
773360
773361
773362
773363
773364
773365
773366
773367
77337
773371
773372
773374
773375
773377
77338
773380
773381
773382
773384
773385
773386
773387
773388
773389
77339
773390
773391
773392
773393
773394
773395
773396
773397
773398
773399
7734
77340
773400
773401
773402
773403
773405
773406
773407
773408
773409
77341
773410
773411
773414
773415
773417
773418
77342
773420
773421
773422
773423
773424
773426
773427
773428
773429
77343
773430
773432
773433
773434
773435
773436
773437
773438
77344
773441
773442
773443
773444
773445
773446
773447
773448
773449
77345
773450
773451
773452
773453
773454
773455
773456
773457
773458
773459
77346
773460
773461
773462
773463
773464
773465
773466
773467
773468
773469
77347
773470
773471
773472
773473
773474
773475
773476
773477
773478
773479
77348
773480
773481
773483
773486
773487
773488
773490
773491
773493
773494
773495
773496
773497
773498
7735
77350
773500
773501
773502
773503
773504
773505
773506
773507
773509
77351
773510
773511
773512
773513
773514
773515
773516
773517
773518
773519
77352
773520
773521
773522
773523
773524
773525
773526
773527
773529
77353
773530
773531
773535
773536
773537
773538
773539
77354
773541
773542
773543
773544
773545
773546
773547
773549
77355
773550
773551
773552
773553
773556
773557
773558
773559
77356
773560
773561
773562
773565
773566
773567
773568
773569
77357
773570
773571
773572
773573
773577
773579
77358
773580
773581
773582
773584
773585
773589
77359
773590
773591
773592
773593
773594
773596
773597
773598
773599
7736
77360
773600
773601
773602
773603
773604
773605
773606
773608
773609
77361
773610
773612
773613
773615
773616
773617
773618
773619
773620
773621
773622
773623
773624
773625
773626
773627
773628
773629
77363
773630
773634
773635
773636
773637
773638
773639
773640
773641
773642
773643
773646
773647
773648
773649
77365
773650
773651
773652
773653
773654
773655
773656
773658
773659
773660
773661
773662
773664
773665
773666
773667
773668
773669
773670
773671
773673
773674
773675
773676
773677
773678
773679
77368
773680
773681
773682
773683
773684
773686
773687
773688
773689
773690
773691
773692
773694
773695
773696
773697
773698
773699
7737
77370
773701
773702
773703
773704
773705
773706
773707
773708
773709
77371
773710
773711
773712
773713
773714
773715
773716
773717
773718
773719
77372
773720
773721
773722
773723
773724
773725
773726
773727
773728
773729
773730
773731
773732
773734
773735
773736
773737
773738
773739
77374
773740
773741
773742
773743
773744
773745
773746
773747
773748
77375
773750
773751
773755
773756
773757
773758
773759
773762
773764
773765
773766
773767
773769
77377
773771
773772
773773
773775
773776
773777
773778
773779
77378
773780
773781
773783
773784
773785
773787
773788
773789
773790
773791
773793
773795
773796
773798
7738
773800
773801
773802
773803
773804
773805
773806
773807
773808
773809
77381
773811
773812
773813
773814
773815
773817
773818
773819
77382
773820
773822
773823
773824
773825
773829
773830
773831
773832
773833
773835
773837
773838
773839
77384
773840
773841
773842
773843
773844
773845
773846
773847
773848
773849
77385
773852
773854
773857
77386
773861
773862
773867
773868
77387
773870
773871
773872
773873
773875
773876
773879
77388
773880
773881
773882
773883
773884
773885
773886
773887
773888
773889
77389
773890
773891
773892
773893
773894
773895
773897
773898
773899
77390
773900
773901
773902
773904
773907
773908
773909
77391
773910
773911
773913
773917
773918
773920
773921
773922
773923
773924
773925
773926
773927
773928
773929
77393
773930
773931
773932
773934
773935
773936
773937
773938
773939
773940
773941
773942
773943
773945
773947
773949
773950
773951
773952
773953
773954
773955
773956
773957
773958
773959
77396
773960
773961
773962
773963
773964
773965
773968
77397
773971
773972
773973
773974
773975
773976
773977
773978
773979
77398
773980
773981
773982
773983
773984
773985
773987
773989
77399
773991
773993
773995
773998
773999
774
77400
774000
774001
774002
774003
774004
774005
774006
774007
774008
774009
77401
774010
774011
774012
774013
774014
774015
774016
774017
774018
774019
77402
774020
774021
774022
774026
774028
774029
77403
774030
774031
774033
774035
774036
774037
774038
774039
77404
774040
774041
774042
774043
774044
774046
774047
774049
77405
774050
774051
774052
774053
774054
774055
774056
774058
774059
77406
774060
774061
774062
774063
774064
774065
774066
774067
774068
77407
774070
774071
774072
774073
774074
774075
774076
774078
774079
77408
774081
774083
774085
774087
77409
774090
774091
774092
774093
774094
774095
774098
774099
77410
774100
774101
774102
774103
774104
774105
774106
774107
774108
774109
77411
774110
774111
774113
774114
774115
774116
774117
774119
77412
774120
774121
774123
774124
774125
774126
774127
774128
774129
77413
774130
774131
774132
774133
774134
774135
774137
774138
774139
77414
774140
774141
774143
774144
774146
774147
774149
77415
774151
774152
774153
774154
774155
774157
774159
77416
774160
774161
774163
774164
774165
774166
774167
774168
774169
77417
774172
774173
774174
774175
774176
774179
77418
774181
774182
774183
774184
774185
774188
77419
774190
774191
774192
774194
774195
774196
774197
774198
774199
77420
774200
774201
774202
774203
774204
774206
774207
774209
77421
774210
774211
774212
774213
774214
774215
774216
774217
774218
774219
77422
774221
774222
774224
774225
774226
774227
774228
774229
77423
774230
774231
774232
774233
774234
774235
774236
774237
774239
774240
774241
774242
774243
774244
774245
774246
774247
774248
774249
774252
774253
774255
774256
774258
774259
774260
774261
774262
774263
774264
774265
774266
774267
774268
774269
774270
774271
774273
774274
774275
774277
774278
774279
77428
774280
774281
774283
774284
774285
774286
774288
774289
77429
774290
774291
774292
774293
774294
774295
774296
774297
774298
774299
77430
774300
774301
774302
774303
774305
774306
774308
774309
774310
774311
774312
774313
774314
774315
774316
774318
774319
77432
774320
774321
774322
774323
774324
774325
774326
774327
774328
774329
77433
774330
774331
774332
774333
774334
774335
774336
774337
774338
774339
77434
774340
774341
774342
774343
774344
774346
774350
774351
774352
774353
774354
774355
774356
774357
774358
774359
77436
774360
774361
774362
774363
774364
774365
774366
774367
774368
774369
77437
774370
774371
774372
774373
774375
774376
774377
774378
774379
77438
774380
774382
774383
774384
774385
774386
774387
774388
774389
77439
774390
774392
774393
774394
774395
774396
774397
774398
774399
77440
774400
774401
774402
774403
774404
774405
774406
774408
774409
77441
774410
774411
774412
774413
774414
774415
774416
774417
774418
774419
77442
774420
774421
774422
774423
774424
774425
774426
774427
774428
774429
77443
774430
774431
774432
774433
774434
774435
774436
774437
774438
774439
77444
774440
774441
774442
774443
774444
774445
774446
774447
774448
774449
77445
774450
774451
774452
774453
774454
774456
774457
774458
774459
774460
774461
774462
774463
774464
774465
774466
774467
774468
774469
77447
774470
774472
774473
774474
774475
774476
774478
774479
77448
774481
774482
774484
774485
774486
774488
774489
774491
774493
774494
774495
774496
774497
774498
77450
774500
774502
774504
774506
774507
774508
774509
77451
774510
774511
774512
774513
774514
774515
774516
774518
774519
77452
774520
774521
774522
774523
774524
774525
774526
774527
774528
77453
774530
774531
774533
774534
774535
774536
774537
774538
774539
77454
774540
774541
774544
774545
774548
774549
774550
774551
774552
774553
774554
774555
774556
774558
774559
774560
774561
774563
774564
774565
774566
774567
774571
774572
774574
774576
774577
774579
77458
774581
774583
774584
774585
774586
774587
774589
77459
774590
774591
774592
774593
774595
774596
774597
774598
774599
77460
774600
774601
774602
774603
774604
774605
774606
774607
774608
774609
77461
774610
774611
774612
774613
774615
774616
774617
774618
77462
774620
774621
774623
774626
774627
774628
774629
77463
774630
774631
774632
774633
774634
774635
774636
774637
774638
774639
77464
774640
774641
774642
774643
774644
774645
774646
774647
774648
774649
77465
774650
774652
774653
774654
774655
774656
774657
774658
774659
77466
774660
774661
774662
774663
774664
774666
774667
774668
774669
77467
774670
774672
774674
774675
774676
774677
774679
77468
774680
774681
774682
774683
774684
774685
774687
774688
774689
77469
774690
774691
774693
774694
774695
774696
774697
774698
774699
77470
774700
774701
774702
774703
774704
774705
774707
774708
774709
77471
774710
774711
774712
774713
774714
774715
774716
774718
774719
77472
774720
774721
774722
774723
774725
774727
774728
774729
77473
774730
774731
774732
774733
774734
774735
774736
774737
774738
774739
77474
774740
774741
774743
774744
774745
774746
774747
774748
774749
77475
774750
774751
774752
774753
774754
774755
774756
774757
774758
774759
77476
774760
774761
774762
774763
774764
774765
774766
774767
774768
774769
77477
774771
774772
774773
774774
774775
774776
774777
774778
774779
77478
774780
774781
774782
774783
774784
774785
774786
774787
774788
774789
77479
774790
774791
774792
774793
774794
774795
774796
774797
774799
77480
774800
774801
774802
774803
774805
774806
774807
774808
774809
77481
774810
774811
774812
774813
774814
774815
774816
774817
774818
774819
77482
774820
774821
774822
774823
774824
774825
774826
774827
774828
774829
77483
774830
774831
774833
774834
774835
774836
774837
774838
774839
77484
774841
774842
774843
774844
774845
774846
774847
774849
77485
774850
774852
774853
774854
774855
774856
774857
774858
774859
77486
774860
774861
774862
774863
774864
774865
774866
774867
774869
77487
774870
774871
774872
774873
774875
774876
774877
774878
774879
77488
774880
774882
774883
774884
774885
774886
774887
774888
774889
77489
774890
774891
774892
774893
774894
774895
774896
774898
774899
774900
774901
774902
774903
774904
774905
774906
774907
774908
77491
774912
774913
774914
774915
774916
774917
774919
77492
774920
774921
774922
774923
774924
774925
774926
774927
774928
774929
77493
774930
774931
774932
774933
774934
774935
774936
774938
774939
77494
774940
774941
774943
774944
774945
774946
774949
77495
774950
774951
774953
774954
774955
774956
774957
774958
774959
77496
774960
774961
774962
774964
774965
774967
774969
774972
774973
774974
774975
774976
774977
774978
774979
77498
774980
774981
774983
774985
774986
774988
774989
77499
774990
774991
774992
774993
774994
774995
774996
774997
774998
774999
775
775000
775002
775003
775004
775006
775007
775008
775009
77501
775010
775011
775012
775013
775015
775016
775017
775018
775019
77502
775020
775021
775023
775024
775025
775026
775027
775028
77503
775031
775033
775035
775036
775037
775038
775039
77504
775040
775041
775042
775043
775044
775045
775046
775048
77505
775050
775052
775053
775056
775057
775058
775059
77506
775060
775061
775062
775063
775064
775065
775067
775068
775069
77507
775070
775071
775073
775074
775075
775076
775077
775078
775079
77508
775080
775081
775082
775083
775084
775085
775086
775087
775088
775089
77509
775090
775091
775092
775093
775094
775095
775097
775098
775099
77510
775100
775101
775102
775103
775104
775105
775106
775107
775108
77511
775110
775111
775112
775113
775114
775115
775116
775117
775118
775119
77512
775120
775121
775122
775123
775124
775125
775126
775128
77513
775130
775131
775132
775133
775134
775135
775136
775137
775138
77514
775140
775142
775143
775146
775147
775149
77515
775150
775151
775154
775155
775156
775157
775158
775159
775160
775162
775163
775165
775166
775167
775168
775169
77517
775170
775171
775172
775174
775175
775176
775177
775178
77518
775180
775181
775182
775183
775184
775185
775186
775187
775188
775189
77519
775190
775191
775192
775193
775194
775195
775196
775197
775198
775199
77520
775200
775201
775202
775203
775204
775205
775206
775207
775208
775209
775210
775212
775213
775214
775217
775218
77522
775221
775222
775223
775224
775225
775226
775227
775228
775229
77523
775230
775231
775232
775233
775234
775235
775236
775237
775238
775239
77524
775240
775241
775243
775244
775245
775246
775247
775248
775249
775250
775251
775252
775253
775254
775255
775257
775258
775259
77526
775260
775261
775262
775263
775264
775265
775266
775267
775268
775269
77527
775270
775271
775272
775273
775274
775275
775276
775277
775278
775279
77528
775280
775281
775282
775283
775284
775285
775286
775287
775288
775289
77529
775290
775291
775292
775293
775294
775295
775296
775297
775298
775299
77530
775300
775301
775302
775303
775305
775306
775307
775308
775309
775310
775311
775312
775313
775314
775316
775317
775318
775319
77532
775320
775321
775322
775323
775324
775325
775326
775327
775328
775329
77533
775330
775331
775332
775333
775334
775336
775337
775338
77534
775340
775341
775342
775343
775344
775345
775346
775347
775348
775349
77535
775350
775351
775352
775353
775354
775355
775356
775357
775358
775359
77536
775362
775363
775364
775365
775366
775367
775368
775369
775370
775371
775373
775376
775377
775378
775379
775380
775381
775382
775383
775384
775385
775386
775387
775388
775391
775392
775393
775394
775396
775397
775399
77540
775400
775401
775402
775404
775405
775406
775407
775408
775409
775410
775412
775413
775414
775416
775418
775419
775420
775421
775422
775423
775424
775426
775427
775428
775429
77543
775430
775432
775433
775434
775435
775436
775437
775438
77544
775440
775441
775442
775444
775446
775447
775449
77545
775450
775451
775452
775453
775455
775456
775457
775458
775459
77546
775460
775461
775462
775463
775465
775467
775468
77547
775470
775471
775472
775473
775474
775475
775476
775477
775478
775479
77548
775480
775481
775482
775483
775484
775485
775486
775487
775488
775489
77549
775490
775492
775495
775496
775497
775498
775499
77550
775500
775501
775502
775503
775504
775505
775506
775507
775508
775509
77551
775510
775511
775512
775513
775514
775515
775516
775517
775518
775519
77552
775520
775521
775522
775524
775525
775526
775527
775528
775529
77553
775530
775531
775532
775533
775534
775535
775536
775537
775538
775539
77554
775540
775541
775542
775543
775545
775546
775547
775548
775549
77555
775550
775552
775553
775554
775555
775556
775557
775558
775559
775560
775561
775562
775563
775564
775566
775567
775568
775569
77557
775570
775571
775572
775573
775574
775576
775577
775578
775579
77558
775580
775581
775582
775583
775585
775586
775587
775588
775589
77559
775590
775591
775592
775593
775594
775595
775596
775597
775598
775599
77560
775600
775601
775602
775603
775604
775605
775606
775607
775609
77561
775610
775611
775612
775613
775614
775615
775616
775617
775618
775619
77562
775620
775621
775622
775623
775626
775627
775628
775629
77563
775630
775631
775632
775633
775634
775635
775636
775637
775639
77564
775643
775644
775645
775646
775647
775648
775649
77565
775651
775653
775654
775655
775656
775657
775658
775659
77566
775660
775661
775662
775663
775664
775665
775668
775669
775670
775671
775672
775673
775674
775675
775676
775677
775678
775679
77568
775680
775681
775682
775684
775686
775688
775690
775691
775692
775693
775695
775697
775698
775699
77570
775700
775701
775702
775703
775705
775706
775707
775708
775709
77571
775710
775711
775712
775713
775714
775715
775717
775718
775719
77572
775720
775721
775722
775724
775725
775726
775727
775728
775729
77573
775730
775731
775732
775733
775734
775735
775736
775737
775738
775739
77574
775740
775741
775742
775743
775744
775745
775746
775747
775748
775749
77575
775750
775751
775752
775753
775754
775755
775757
775758
775759
77576
775760
775761
775763
775764
775765
775766
775767
775768
775769
77577
775770
775771
775772
775774
775775
775776
775777
775778
775779
77578
775780
775781
775782
775783
775784
775785
775786
775787
775788
775789
77579
775790
775791
775792
775793
775795
775796
775797
775798
775799
77580
775800
775801
775802
775803
775804
775805
775806
775807
775808
775809
775810
775811
775812
775813
775814
775815
775816
775817
775818
775819
77582
775821
775822
775823
775824
775825
775826
775827
775828
775829
77583
775830
775831
775832
775833
775834
775835
775836
775837
775838
775839
77584
775840
775841
775842
775845
775846
775847
775848
775849
77585
775850
775851
775852
775853
775854
775855
775856
775857
775858
775859
77586
775860
775861
775862
775863
775864
775865
775866
775867
775868
775869
77587
775870
775871
775872
775873
775874
775875
775876
775877
775879
77588
775880
775881
775882
775883
775884
775885
775886
775887
775888
775889
775890
775891
775892
775893
775894
775895
775896
775897
775898
775899
77590
775900
775901
775902
775903
775904
775905
775906
775907
775908
775909
77591
775910
775911
775912
775914
775915
775916
775917
775918
775919
77592
775920
775921
775922
775923
775924
775925
775926
775927
775928
77593
775931
775932
775933
775934
775935
775936
775938
77594
775940
775941
775943
775944
775945
775946
775948
775949
77595
775950
775952
775953
775955
775956
775957
775959
77596
775961
775962
775964
775965
775966
775967
775968
775969
77597
775971
775972
775974
775975
775978
775979
775981
775982
775983
775986
775988
77599
775990
775991
775992
775994
775995
775996
775998
775999
776
77600
776000
776002
776003
776004
776005
776006
776007
776008
776009
776011
776012
776014
776016
776017
776018
776019
77602
776020
776021
776022
776023
776024
776025
776026
776027
776028
776029
77603
776030
776031
776032
776033
776034
776035
776036
776037
776038
776039
77604
776040
776041
776042
776043
776044
776045
776046
776047
776048
776049
776050
776051
776052
776053
776054
776055
776056
776057
776058
776059
77606
776060
776061
776062
776063
776064
776065
776066
776067
776068
776069
77607
776070
776071
776072
776073
776074
776075
776076
776077
776078
776079
77608
776080
776082
776083
776087
776088
776089
77609
776090
776091
776092
776093
776094
776095
776096
776098
77610
776100
776101
776102
776103
776104
776105
776106
776107
776108
776109
776110
776111
776112
776113
776114
776115
776116
776117
776118
77612
776121
776123
776124
776125
776126
776127
776128
776129
776130
776131
776132
776133
776134
776135
776136
776137
776138
77614
776141
776142
776143
776144
776145
776146
776148
776149
77615
776151
776152
776153
776154
776155
776156
776159
77616
776160
776161
776162
776163
776164
776165
776166
776167
776168
776169
77617
776170
776171
776172
776173
776174
776175
776176
776177
776178
77618
776180
776182
776183
776185
776186
776187
776188
776189
776190
776191
776192
776193
776194
776195
776196
776197
776198
776199
77620
776200
776201
776202
776203
776204
776205
776206
776207
776208
77621
776210
776211
776212
776213
776214
776215
776216
776217
776218
776219
77622
776220
776221
776223
776225
77623
776230
776231
776233
776234
776236
776239
77624
776242
776243
776245
776246
776249
77625
776251
776253
776255
776256
776258
776259
77626
776263
776264
776265
776266
776267
776268
776269
776270
776271
776272
776273
776274
776275
776277
776278
776279
77628
776280
776281
776282
776284
776285
776286
776287
776288
776290
776291
776293
776294
776295
776296
776297
776298
776300
776301
776302
776303
776304
776305
776306
776307
776308
776309
77631
776310
776311
776312
776313
776314
776315
776316
776317
776318
776319
77632
776320
776321
776322
776323
776324
776325
776326
776327
776328
776329
77633
776330
776331
776332
776333
776334
776335
776336
776337
776339
776340
776343
776344
776348
776349
77635
776350
776351
776352
776353
776354
776355
776356
776357
776358
776359
77636
776360
776361
776362
776364
776365
776366
776367
776368
776369
776370
776371
776372
776373
776374
776375
776376
776377
776378
776379
776380
776381
776382
776383
776384
776385
776386
776387
776388
776390
776391
776392
776393
776394
776395
776396
776397
776398
776399
77640
776400
776401
776402
776403
776404
776405
776406
776407
776408
776409
77641
776410
776411
776412
776413
776414
776416
776417
776418
776419
77642
776421
776422
776423
776425
776426
776427
776428
776429
77643
776430
776431
776432
776433
776434
776435
776436
776437
776438
776439
776440
776441
776442
776443
776444
776445
776446
776447
776448
776449
77645
776450
776451
776452
776453
776455
776456
776457
776458
776459
77646
776460
776461
776463
776464
776465
776466
776467
776469
77647
776470
776471
776472
776473
776474
776476
776477
776478
776479
776480
776481
776482
776483
776484
776485
776486
776487
776488
776489
77649
776490
776491
776492
776493
776494
776495
776496
776497
776498
776499
77650
776500
776501
776502
776503
776504
776505
776506
776507
776508
776509
77651
776510
776511
776512
776513
776514
776515
776518
776519
77652
776520
776521
776522
776523
776524
776525
776526
776527
776528
776529
77653
776530
776532
776533
776534
776535
776536
776537
776538
776539
77654
776540
776541
776542
776543
776544
776545
776546
776547
77655
776550
776551
776552
776553
776554
776555
776556
776557
776558
776559
776560
776561
776562
776563
776565
776566
776567
776568
776569
77657
776570
776572
776575
776576
776577
776578
776579
776580
776581
776582
776583
776584
776585
776586
776587
776588
776589
77659
776590
776591
776592
776593
776594
776595
776596
776597
776599
77660
776600
776602
776603
776604
776606
776607
776608
776609
77661
776610
776611
776612
776613
776614
776616
776619
776620
776621
776622
776623
776624
776625
776626
776627
776628
776629
77663
776630
776631
776633
776634
776635
776637
776638
77664
776641
776642
776643
776644
776645
776648
776649
77665
776653
776654
776655
776656
776657
776658
776659
776660
776661
776662
776663
776664
776666
776667
776668
776669
77667
776670
776671
776672
776673
776675
776677
776679
77668
776682
776684
776686
776688
776689
77669
776690
776691
776693
776694
776695
776696
776697
776698
77670
776701
776702
776703
776704
776705
776706
776707
776708
776709
77671
776710
776712
776714
776716
776717
776718
776719
77672
776720
776721
776722
776723
776724
776725
776726
776727
776728
776729
77673
776730
776731
776732
776733
776734
776735
776736
776737
776738
776739
77674
776740
776741
776742
776743
776744
776745
776746
776748
776749
776750
776751
776752
776753
776754
776755
776756
776757
776758
776759
776760
776761
776762
776763
776764
776765
776766
776767
776768
776769
77677
776770
776771
776772
776773
776774
776775
776776
776777
776778
776779
77678
776780
776781
776782
776783
776784
776785
776786
776787
776788
776789
77679
776790
776791
776792
776793
776794
776795
776797
776799
77680
776800
776801
776802
776803
776805
776806
776807
776808
776809
77681
776810
776811
776812
776813
776814
776815
776816
776817
776818
776819
77682
776820
776821
776822
776823
776827
776828
77683
776830
776831
776832
776833
776834
776835
776836
776837
776838
776839
77684
776840
776841
776842
776844
776847
776848
77685
776850
776851
776852
776854
776855
776858
77686
776860
776862
776863
776864
776865
776866
776867
776868
776869
776870
776871
776872
776873
776874
776875
776876
776877
776879
77688
776882
776884
776885
776886
776888
776889
776890
776891
776892
776893
776894
776895
776896
776898
776899
77690
776900
776901
776902
776903
776904
776906
776907
776909
77691
776912
776913
776914
776915
776917
776919
77692
776920
776922
776923
776924
776926
776927
776928
776929
77693
776930
776931
776933
776935
776936
776937
776938
77694
776940
776941
776942
776943
776944
776945
776946
776947
776948
776949
77695
776950
776951
776952
776953
776954
776955
776956
776957
776958
776959
77696
776961
776962
776963
776965
776966
776967
776968
776969
77697
776970
776971
776972
776973
776974
776976
776977
776979
77698
776981
776983
776984
776987
776989
77699
776990
776991
776992
776993
776994
776995
776996
776997
776998
776999
777
77700
777000
777001
777002
777003
777004
777005
777006
777007
777008
777009
77701
777010
777011
777012
777013
777014
777016
777017
777018
77702
777020
777024
777025
777027
77703
777030
777031
777033
777034
77704
777040
777042
777043
777044
777045
777048
777049
77705
777050
777053
777055
777056
777058
77706
777061
777062
777063
777067
777068
77707
777070
777071
777072
777073
777074
777075
777076
777077
777078
777079
77708
777080
777081
777082
777083
777084
777085
777086
777087
777088
777089
77709
777090
777091
777093
777094
777095
777096
777097
777099
77710
777101
777102
777103
777105
777107
777108
777109
77711
777110
777111
777112
777113
777114
777115
777116
777117
777119
77712
777120
777121
777123
777124
777125
777126
777127
777128
777129
77713
777130
777131
777132
777134
777135
777136
777137
77714
777140
777141
777142
777143
777144
777145
777146
777147
777148
777149
77715
777150
777151
777152
777153
777154
777155
777157
777158
777159
77716
777160
777161
777162
777163
777164
777165
777166
777167
777168
777169
777170
777171
777172
777173
777174
777175
777176
777177
777178
777179
77718
777180
777182
777183
777184
777185
777186
777187
777188
777189
777190
777192
777193
777194
777195
777196
777197
777198
777199
77720
777200
777202
777203
777205
777206
777207
777209
777210
777211
777212
777213
777214
777215
777216
777217
777218
777219
77722
777220
777221
777222
777223
777225
777226
777227
777228
777229
777231
777233
777234
777235
777236
777237
777239
77724
777241
777242
777243
777244
777245
777247
777248
777249
77725
777250
777251
777252
777253
777254
777255
777256
777258
777260
777261
777262
777264
777265
777266
777267
777269
77727
777270
777271
777273
777274
777276
777277
777278
777279
77728
777280
777281
777282
777283
777284
777285
777286
777288
777289
77729
777290
777291
777292
777293
777294
777295
777296
777298
777299
77730
777300
777301
777302
777303
777304
777305
777306
777307
777308
777309
77731
777310
777311
777313
777314
777315
777316
777317
777318
777319
77732
777320
777321
777322
777323
777324
777325
777326
777327
777328
777329
77733
777330
777332
777333
777335
777337
777339
77734
777342
777343
777344
777345
777346
777347
77735
777350
777351
777353
777354
777356
777357
777358
777359
77736
777360
777361
777362
777364
777365
777366
777367
777369
777370
777372
777373
777376
777377
777378
777379
77738
777380
777381
777382
777383
777384
777385
777386
777387
777388
777389
777390
777391
777392
777393
777395
777396
777397
777398
777399
77740
777400
777401
777402
777403
777404
777405
777407
777408
77741
777410
777411
777412
777413
777414
777415
777417
777418
777419
77742
777420
777421
777422
777423
777424
777425
777426
777427
777428
777429
77743
777430
777431
777432
777433
777434
777435
777436
777437
777438
777439
77744
777440
777441
777442
777443
777444
777446
777447
777448
777449
77745
777450
777452
777453
777454
777455
777456
777457
777458
777459
77746
777460
777461
777462
777464
777465
777467
777468
777469
77747
777470
777471
777472
777473
777474
777475
777476
777477
777478
777479
77748
777480
777481
777482
777483
777484
777485
777486
777487
777488
77749
777490
777491
777492
777493
777494
777495
777496
777497
777498
777499
77750
777500
777501
777502
777503
777504
777505
777507
777508
77751
777510
777511
777512
777513
777514
777515
777516
777517
777518
777519
77752
777520
777521
777522
777523
777524
777525
777526
777527
777528
777529
77753
777530
777531
777532
777533
777534
777535
777536
777537
777538
777539
777540
777541
777542
777543
777544
777545
777546
777547
777548
777549
77755
777550
777551
777552
777553
777554
777555
777556
777558
777559
77756
777560
777561
777562
777563
777564
777565
777566
777567
777568
77757
777570
777571
777572
777574
777575
777576
777577
777578
777579
77758
777580
777582
777583
777587
777588
77759
777591
777592
777593
777594
777595
777596
777597
777598
777599
77760
777600
777602
777603
777604
777607
777608
777609
777610
777611
777612
777613
777614
777615
777616
777617
777618
777619
77762
777620
777621
777622
777623
777624
777625
777626
777628
777629
77763
777630
777631
777632
777633
777634
777635
777636
777637
777638
777639
77764
777640
777641
777642
777643
777644
777645
777646
777647
777648
777649
77765
777650
777651
777652
777653
777654
777655
777657
777658
777659
77766
777660
777661
777662
777663
777664
777665
777666
777667
777668
777669
77767
777670
777671
777672
777673
777674
777676
777677
777678
777679
777680
777681
777682
777684
777685
777686
777687
777688
77769
777690
777691
777692
777693
777694
777695
777696
777697
777698
777699
77770
777700
777701
777702
777703
777704
777705
777706
777707
777708
777709
77771
777710
777711
777712
777713
777714
777715
777716
777717
777718
777719
77772
777720
777721
777722
777723
777724
777725
777726
777727
777728
777729
77773
777730
777731
777732
