891429
891430
891431
891432
891433
891434
891435
891436
891437
891438
891440
891441
891442
891443
891444
891445
891446
891447
891448
891449
891451
891452
891453
891454
891455
891456
891457
891458
891459
891460
891461
891462
891463
891464
891465
891466
891467
891468
891469
891470
891471
891472
891473
891474
891476
891477
891479
891480
891481
891482
891483
891484
891485
891486
891487
891488
891489
891490
891491
891492
891493
891494
891495
891496
891497
891498
891499
891500
891501
891502
891503
891504
891505
891506
891507
891508
891509
891510
891511
891512
891513
891514
891515
891516
891517
891518
891519
891520
891521
891522
891523
891524
891525
891526
891527
891528
891529
891530
891531
891532
891533
891534
891535
891536
891537
891538
891539
891540
891541
891543
891544
891545
891546
891547
891548
891549
891550
891551
891552
891553
891555
891556
891557
891558
891559
891560
891561
891562
891563
891564
891565
891566
891567
891568
891569
891570
891571
891572
891573
891574
891575
891576
891577
891578
891579
891580
891581
891582
891583
891584
891585
891586
891587
891588
891589
891590
891591
891592
891593
891594
891596
891597
891598
891599
891600
891601
891602
891603
891604
891605
891608
891609
891610
891611
891612
891613
891614
891615
891616
891617
891618
891619
891620
891621
891622
891624
891625
891626
891627
891628
891629
891630
891631
891632
891633
891634
891635
891636
891637
891639
891640
891641
891642
891643
891644
891645
891646
891647
891648
891649
891650
891651
891652
891653
891654
891655
891656
891657
891658
891659
891660
891661
891662
891663
891664
891665
891666
891667
891668
891669
891670
891671
891672
891673
891675
891676
891677
891678
891679
891680
891681
891683
891684
891685
891686
891687
891688
891689
891690
891691
891692
891693
891694
891695
891698
891699
891700
891701
891702
891703
891704
891705
891706
891707
891708
891710
891711
891712
891713
891714
891715
891716
891717
891718
891719
891720
891721
891722
891723
891724
891725
891726
891727
891728
891729
891730
891731
891732
891734
891735
891736
891737
891738
891739
891740
891742
891743
891744
891747
891748
891749
891750
891752
891753
891754
891755
891756
891757
891758
891759
891760
891761
891762
891763
891764
891765
891766
891767
891768
891769
891770
891771
891772
891773
891774
891775
891776
891777
891778
891779
891780
891781
891782
891783
891784
891785
891786
891787
891788
891789
891790
891791
891792
891793
891794
891795
891796
891797
891798
891799
891800
891801
891802
891803
891804
891805
891806
891808
891809
891810
891811
891812
891813
891814
891815
891816
891817
891818
891819
891820
891821
891822
891823
891824
891825
891826
891827
891829
891830
891831
891832
891833
891834
891835
891836
891837
891838
891839
891840
891841
891842
891843
891844
891845
891846
891847
891848
891849
891850
891852
891853
891854
891855
891856
891857
891858
891859
891860
891861
891862
891863
891864
891865
891866
891867
891868
891869
891870
891871
891872
891873
891874
891875
891876
891877
891878
891879
891880
891881
891882
891883
891884
891885
891886
891887
891888
891889
891890
891891
891892
891893
891894
891895
891896
891897
891898
891899
891900
891901
891902
891903
891904
891905
891906
891907
891908
891909
891910
891911
891912
891913
891914
891915
891916
891918
891919
891920
891921
891922
891923
891924
891925
891926
891927
891928
891929
891930
891931
891933
891934
891935
891936
891937
891938
891939
891940
891941
891942
891943
891945
891946
891947
891948
891950
891951
891952
891953
891954
891955
891956
891957
891958
891959
891960
891961
891962
891963
891964
891965
891966
891967
891968
891969
891970
891971
891972
891973
891974
891975
891976
891977
891978
891979
891980
891981
891982
891983
891984
891985
891986
891987
891988
891989
891990
891991
891993
891994
891995
891996
891998
891999
892000
892001
892002
892003
892004
892005
892006
892007
892008
892009
892010
892011
892012
892013
892014
892015
892016
892017
892019
892021
892022
892023
892024
892025
892026
892027
892028
892030
892031
892032
892033
892034
892035
892036
892040
892041
892044
892045
892046
892048
892049
892050
892051
892052
892053
892054
892055
892056
892057
892058
892059
892061
892062
892065
892066
892067
892068
892069
892070
892071
892072
892073
892074
892075
892076
892077
892078
892079
892080
892081
892083
892084
892085
892086
892087
892088
892089
892090
892091
892094
892095
892096
892097
892098
892099
892100
892101
892102
892103
892104
892105
892106
892107
892108
892109
892110
892111
892112
892113
892114
892115
892116
892117
892118
892119
892120
892121
892122
892123
892124
892125
892126
892127
892128
892130
892131
892132
892133
892134
892135
892136
892138
892140
892141
892142
892143
892144
892145
892146
892147
892148
892149
892150
892151
892152
892153
892154
892156
892157
892158
892159
892160
892161
892162
892163
892164
892165
892166
892167
892168
892169
892170
892171
892172
892173
892174
892175
892176
892177
892178
892180
892181
892182
892184
892185
892186
892187
892188
892190
892191
892192
892193
892194
892195
892196
892197
892198
892199
892200
892201
892202
892203
892204
892205
892206
892207
892208
892209
892210
892211
892212
892213
892214
892215
892218
892219
892221
892222
892223
892225
892226
892227
892228
892230
892231
892232
892233
892234
892235
892236
892237
892238
892239
892240
892241
892242
892243
892244
892245
892246
892247
892248
892249
892250
892251
892252
892253
892254
892255
892256
892257
892258
892259
892260
892261
892262
892263
892264
892265
892266
892267
892268
892269
892270
892271
892272
892273
892274
892275
892276
892277
892278
892279
892280
892281
892282
892283
892284
892285
892286
892287
892288
892289
892290
892291
892292
892293
892294
892296
892297
892298
892299
892300
892301
892302
892303
892304
892305
892306
892307
892308
892310
892311
892312
892313
892314
892315
892316
892318
892319
892320
892321
892323
892325
892327
892328
892329
892330
892331
892332
892333
892334
892335
892336
892337
892338
892339
892340
892341
892342
892343
892344
892345
892346
892347
892348
892349
892350
892351
892352
892353
892354
892355
892356
892357
892358
892359
892360
892361
892362
892363
892364
892365
892366
892367
892368
892369
892370
892371
892372
892373
892375
892376
892377
892378
892379
892380
892381
892382
892383
892384
892386
892387
892389
892390
892391
892392
892394
892395
892396
892397
892398
892400
892401
892403
892404
892405
892406
892407
892408
892409
892410
892411
892412
892413
892414
892415
892416
892417
892418
892419
892420
892421
892423
892425
892426
892427
892428
892429
892430
892431
892432
892433
892434
892435
892436
892437
892438
892439
892440
892441
892442
892443
892444
892445
892446
892447
892448
892449
892450
892451
892452
892453
892454
892455
892456
892457
892458
892459
892463
892464
892465
892467
892469
892470
892471
892472
892473
892474
892475
892476
892477
892478
892479
892480
892481
892482
892483
892484
892485
892486
892488
892490
892491
892492
892493
892494
892495
892497
892498
892499
892501
892502
892503
892504
892505
892506
892507
892508
892509
892510
892511
892512
892513
892514
892515
892516
892517
892518
892519
892520
892521
892522
892523
892524
892525
892526
892528
892529
892530
892531
892532
892533
892534
892535
892536
892537
892538
892539
892540
892541
892542
892543
892544
892545
892546
892547
892548
892549
892550
892551
892552
892553
892554
892555
892556
892557
892558
892559
892560
892561
892562
892563
892564
892565
892566
892567
892568
892569
892570
892571
892572
892573
892574
892575
892576
892577
892578
892579
892580
892581
892582
892584
892585
892586
892587
892588
892589
892590
892591
892592
892593
892594
892595
892596
892597
892598
892599
892600
892601
892602
892603
892604
892605
892606
892607
892608
892609
892610
892611
892612
892614
892615
892616
892617
892618
892619
892620
892621
892622
892623
892624
892625
892626
892627
892628
892629
892630
892631
892632
892633
892634
892635
892636
892637
892638
892639
892641
892642
892643
892644
892645
892646
892648
892650
892651
892652
892653
892654
892655
892656
892657
892658
892659
892660
892661
892662
892664
892665
892666
892667
892668
892669
892670
892671
892672
892673
892675
892676
892678
892679
892680
892681
892682
892683
892684
892685
892686
892687
892688
892689
892690
892691
892692
892693
892694
892695
892696
892697
892699
892700
892701
892702
892703
892704
892705
892706
892707
892708
892710
892711
892712
892713
892714
892715
892716
892717
892718
892719
892720
892721
892722
892723
892724
892725
892726
892727
892728
892729
892730
892731
892732
892733
892734
892735
892736
892737
892738
892739
892740
892741
892742
892743
892744
892745
892746
892747
892749
892751
892752
892753
892754
892755
892756
892757
892758
892759
892760
892761
892762
892763
892764
892765
892766
892767
892768
892769
892770
892771
892772
892773
892774
892775
892776
892777
892780
892782
892783
892784
892785
892786
892787
892788
892789
892790
892791
892792
892793
892794
892795
892796
892797
892798
892799
892800
892801
892802
892803
892804
892805
892806
892807
892808
892809
892810
892811
892813
892814
892817
892818
892819
892821
892823
892824
892825
892827
892828
892829
892830
892831
892832
892834
892835
892836
892837
892838
892840
892841
892842
892843
892844
892845
892847
892848
892849
892851
892852
892853
892854
892855
892856
892857
892858
892859
892860
892861
892862
892863
892865
892866
892867
892868
892869
892870
892871
892872
892873
892874
892875
892876
892877
892878
892879
892881
892882
892883
892884
892885
892886
892887
892888
892889
892890
892891
892892
892893
892894
892895
892896
892897
892898
892899
892900
892901
892902
892903
892904
892905
892906
892907
892908
892909
892910
892912
892913
892915
892916
892917
892918
892919
892920
892921
892922
892923
892924
892925
892926
892928
892929
892930
892932
892933
892934
892935
892936
892937
892938
892939
892940
892941
892942
892943
892944
892945
892946
892947
892948
892949
892950
892951
892952
892953
892954
892955
892956
892957
892958
892959
892961
892962
892963
892964
892965
892966
892967
892968
892969
892970
892972
892973
892974
892975
892976
892977
892978
892979
892980
892981
892982
892983
892984
892985
892986
892987
892988
892989
892993
892994
892997
893000
893001
893002
893003
893004
893005
893006
893007
893008
893009
893010
893012
893013
893014
893015
893016
893017
893018
893019
893020
893021
893022
893023
893024
893025
893026
893028
893029
893030
893031
893032
893033
893034
893035
893036
893038
893039
893040
893041
893042
893043
893044
893045
893046
893047
893048
893049
893050
893051
893052
893055
893056
893057
893058
893059
893060
893061
893062
893063
893064
893065
893066
893068
893069
893070
893071
893072
893073
893074
893075
893076
893077
893078
893079
893080
893081
893082
893083
893084
893085
893086
893087
893088
893089
893090
893091
893092
893093
893094
893095
893097
893098
893099
893100
893101
893102
893103
893104
893105
893106
893107
893108
893109
893110
893111
893112
893113
893114
893115
893116
893117
893118
893119
893120
893121
893122
893123
893124
893125
893126
893127
893128
893129
893130
893131
893132
893133
893134
893135
893136
893137
893138
893139
893140
893141
893142
893143
893144
893145
893146
893148
893149
893150
893151
893152
893153
893154
893155
893156
893157
893158
893159
893160
893161
893162
893163
893164
893165
893167
893168
893169
893170
893171
893173
893174
893175
893177
893178
893179
893180
893181
893182
893183
893184
893185
893186
893187
893188
893189
893190
893191
893192
893193
893194
893195
893196
893197
893198
893199
893200
893201
893202
893203
893204
893205
893206
893207
893208
893209
893210
893211
893212
893213
893214
893215
893216
893217
893218
893219
893220
893222
893223
893224
893225
893226
893227
893228
893230
893231
893232
893233
893234
893235
893236
893237
893238
893239
893240
893241
893242
893244
893245
893246
893247
893249
893250
893251
893252
893253
893254
893255
893256
893257
893258
893259
893260
893261
893262
893263
893264
893265
893266
893267
893269
893270
893271
893272
893273
893274
893275
893276
893278
893279
893280
893281
893282
893283
893284
893285
893286
893287
893288
893289
893290
893291
893292
893293
893294
893295
893296
893297
893298
893299
893300
893301
893302
893303
893304
893305
893306
893307
893308
893309
893310
893311
893312
893313
893314
893315
893316
893317
893318
893319
893320
893321
893322
893323
893324
893325
893326
893327
893328
893329
893330
893331
893332
893333
893334
893335
893337
893338
893339
893340
893341
893342
893343
893344
893345
893346
893347
893349
893350
893351
893352
893353
893354
893355
893356
893357
893358
893359
893361
893362
893363
893364
893365
893366
893368
893369
893370
893371
893372
893373
893375
893376
893377
893378
893379
893380
893381
893382
893383
893384
893385
893386
893387
893388
893389
893390
893392
893393
893394
893396
893397
893398
893399
893400
893401
893402
893403
893404
893405
893406
893407
893408
893409
893410
893411
893412
893413
893414
893415
893416
893417
893418
893419
893420
893421
893422
893423
893424
893425
893426
893427
893428
893429
893431
893432
893433
893434
893435
893436
893438
893439
893442
893443
893444
893445
893447
893448
893449
893450
893452
893454
893455
893456
893457
893458
893459
893460
893461
893462
893463
893464
893465
893466
893467
893468
893469
893470
893471
893472
893473
893474
893475
893476
893477
893478
893479
893480
893481
893482
893483
893484
893485
893486
893487
893488
893489
893490
893491
893492
893493
893494
893495
893496
893497
893498
893499
893500
893501
893502
893503
893504
893505
893506
893507
893508
893509
893510
893511
893512
893513
893514
893515
893516
893518
893519
893520
893521
893522
893523
893524
893525
893526
893527
893528
893529
893530
893531
893532
893533
893534
893535
893536
893537
893538
893539
893540
893541
893542
893543
893544
893545
893546
893547
893548
893549
893550
893551
893552
893553
893554
893555
893556
893557
893559
893560
893561
893562
893563
893565
893566
893567
893568
893569
893570
893571
893572
893573
893574
893575
893576
893578
893579
893580
893581
893583
893584
893585
893586
893587
893588
893589
893590
893591
893592
893593
893594
893595
893596
893597
893598
893599
893600
893601
893602
893603
893604
893605
893606
893607
893608
893609
893610
893611
893612
893613
893614
893615
893616
893617
893618
893620
893621
893622
893623
893624
893625
893626
893627
893628
893629
893630
893631
893632
893633
893634
893635
893636
893637
893638
893639
893640
893641
893642
893643
893644
893645
893646
893647
893648
893649
893650
893651
893652
893653
893654
893655
893656
893657
893658
893659
893660
893661
893662
893663
893664
893665
893666
893667
893669
893670
893671
893673
893675
893676
893677
893678
893679
893680
893681
893682
893683
893684
893685
893686
893687
893688
893689
893690
893692
893693
893694
893695
893696
893698
893699
893700
893701
893702
893703
893704
893705
893706
893707
893708
893709
893710
893711
893712
893714
893715
893716
893717
893718
893719
893720
893721
893722
893723
893724
893726
893727
893728
893729
893730
893731
893732
893733
893735
893736
893737
893739
893740
893741
893742
893743
893744
893745
893746
893747
893748
893749
893750
893751
893752
893753
893754
893756
893757
893758
893759
893760
893761
893762
893763
893764
893765
893766
893767
893770
893771
893772
893773
893775
893776
893777
893778
893779
893780
893782
893783
893784
893785
893786
893788
893790
893791
893792
893793
893795
893797
893798
893799
893800
893801
893802
893803
893804
893805
893806
893807
893808
893810
893811
893812
893813
893814
893815
893816
893817
893818
893819
893820
893822
893823
893824
893825
893827
893828
893829
893830
893831
893832
893833
893834
893835
893836
893837
893838
893839
893840
893841
893842
893843
893844
893845
893846
893847
893848
893849
893850
893851
893852
893853
893854
893855
893856
893857
893858
893859
893860
893861
893862
893863
893864
893865
893866
893867
893868
893869
893870
893871
893872
893873
893874
893875
893876
893877
893878
893879
893880
893881
893883
893884
893885
893886
893887
893888
893889
893890
893891
893892
893893
893894
893895
893898
893900
893903
893904
893905
893906
893907
893908
893909
893911
893913
893914
893917
893919
893920
893921
893922
893923
893925
893928
893929
893931
893932
893933
893934
893935
893936
893937
893938
893939
893940
893941
893942
893943
893944
893945
893946
893947
893948
893950
893951
893952
893953
893954
893955
893956
893957
893958
893959
893960
893961
893962
893964
893965
893966
893968
893969
893970
893971
893972
893973
893974
893975
893976
893977
893978
893979
893980
893981
893982
893983
893984
893985
893986
893987
893988
893989
893990
893992
893993
893995
893996
893997
893998
893999
894000
894001
894002
894003
894004
894005
894006
894007
894008
894009
894010
894011
894012
894013
894014
894015
894016
894017
894019
894020
894022
894023
894024
894026
894027
894028
894029
894030
894031
894032
894033
894034
894035
894036
894037
894038
894039
894041
894042
894043
894044
894045
894046
894047
894048
894049
894050
894051
894052
894053
894054
894055
894056
894057
894058
894059
894060
894061
894062
894063
894064
894065
894066
894067
894068
894069
894070
894071
894072
894073
894074
894075
894076
894077
894078
894079
894080
894081
894082
894083
894084
894085
894086
894087
894088
894089
894090
894091
894092
894093
894094
894095
894096
894097
894098
894099
894100
894101
894102
894103
894104
894105
894106
894107
894109
894110
894111
894112
894113
894115
894116
894117
894118
894119
894120
894121
894123
894124
894125
894126
894127
894128
894129
894130
894131
894132
894133
894135
894136
894137
894138
894139
894141
894142
894143
894144
894145
894146
894147
894148
894149
894151
894152
894153
894154
894155
894157
894158
894159
894160
894162
894164
894165
894166
894167
894169
894170
894171
894172
894173
894174
894175
894176
894177
894178
894180
894181
894182
894183
894184
894185
894186
894187
894188
894189
894190
894191
894192
894193
894194
894195
894196
894197
894198
894199
894200
894201
894202
894203
894204
894205
894206
894207
894208
894209
894210
894211
894212
894213
894214
894215
894216
894217
894218
894219
894220
894222
894223
894224
894225
894226
894227
894228
894229
894230
894231
894232
894233
894234
894235
894236
894237
894238
894239
894241
894242
894243
894244
894245
894246
894247
894248
894250
894251
894252
894253
894255
894256
894257
894259
894260
894261
894262
894263
894264
894265
894266
894267
894268
894270
894271
894272
894273
894274
894276
894277
894278
894279
894280
894281
894282
894283
894284
894285
894286
894287
894288
894289
894290
894291
894292
894293
894295
894296
894297
894298
894299
894300
894301
894302
894303
894304
894305
894307
894308
894309
894310
894311
894312
894313
894314
894315
894316
894317
894318
894319
894320
894321
894322
894323
894324
894325
894326
894327
894328
894329
894331
894332
894333
894334
894335
894336
894337
894338
894339
894340
894341
894342
894343
894344
894345
894346
894347
894348
894349
894350
894351
894352
894353
894354
894355
894356
894357
894358
894359
894360
894362
894363
894364
894365
894366
894368
894369
894370
894372
894373
894374
894375
894376
894377
894378
894379
894380
894382
894383
894384
894385
894387
894388
894389
894390
894391
894392
894393
894394
894395
894396
894397
894398
894399
894400
894401
894402
894403
894404
894405
894407
894408
894410
894411
894412
894413
894414
894416
894417
894418
894420
894421
894422
894423
894424
894425
894426
894427
894428
894429
894430
894431
894432
894434
894435
894436
894437
894438
894439
894440
894441
894442
894443
894444
894445
894446
894447
894448
894449
894450
894451
894452
894453
894454
894455
894456
894457
894458
894459
894460
894461
894462
894463
894464
894465
894466
894467
894468
894469
894471
894472
894473
894474
894475
894476
894477
894478
894480
894481
894482
894484
894485
894487
894488
894489
894490
894491
894492
894493
894494
894495
894496
894497
894498
894499
894500
894501
894502
894503
894504
894505
894506
894508
894509
894511
894512
894513
894515
894518
894520
894521
894522
894523
894524
894525
894526
894527
894528
894529
894530
894531
894532
894533
894535
894536
894537
894539
894540
894541
894542
894543
894544
894545
894546
894547
894548
894549
894550
894551
894552
894553
894554
894555
894556
894557
894558
894559
894560
894561
894562
894563
894564
894565
894566
894567
894568
894569
894570
894571
894572
894575
894576
894577
894579
894580
894581
894582
894583
894584
894585
894586
894587
894588
894589
894590
894591
894592
894593
894594
894595
894596
894597
894598
894599
894600
894601
894603
894604
894605
894606
894607
894609
894610
894611
894612
894613
894614
894615
894616
894617
894618
894619
894620
894621
894622
894623
894624
894625
894626
894627
894628
894629
894630
894631
894632
894633
894634
894635
894636
894637
894638
894639
894640
894641
894642
894643
894644
894645
894646
894647
894648
894649
894651
894652
894653
894654
894655
894656
894657
894658
894659
894660
894661
894662
894664
894665
894667
894668
894669
894670
894671
894672
894673
894674
894675
894676
894677
894678
894679
894680
894681
894682
894683
894684
894685
894686
894687
894688
894689
894690
894691
894692
894693
894694
894695
894696
894697
894698
894699
894701
894702
894703
894704
894705
894706
894707
894708
894709
894710
894711
894713
894714
894716
894717
894718
894719
894720
894722
894723
894724
894725
894726
894727
894728
894729
894730
894731
894732
894733
894734
894735
894737
894738
894740
894741
894742
894743
894744
894745
894746
894747
894748
894749
894750
894751
894752
894753
894754
894755
894756
894757
894758
894759
894760
894761
894762
894763
894764
894765
894766
894767
894768
894769
894770
894771
894772
894773
894774
894776
894777
894778
894779
894780
894781
894782
894783
894784
894785
894786
894787
894788
894789
894790
894791
894792
894793
894794
894795
894796
894797
894798
894800
894801
894802
894803
894804
894805
894806
894807
894808
894809
894810
894811
894812
894813
894814
894815
894817
894818
894819
894820
894821
894822
894823
894824
894825
894826
894827
894828
894829
894830
894831
894832
894834
894835
894837
894838
894839
894840
894841
894842
894843
894844
894845
894846
894847
894848
894849
894850
894852
894853
894854
894855
894856
894857
894858
894859
894860
894861
894862
894863
894864
894865
894866
894867
894868
894869
894870
894871
894872
894873
894874
894875
894876
894877
894878
894879
894880
894881
894882
894883
894884
894885
894886
894887
894888
894889
894890
894891
894892
894893
894894
894895
894896
894897
894898
894899
894900
894901
894902
894903
894904
894905
894906
894907
894909
894910
894911
894912
894913
894914
894915
894916
894917
894918
894919
894920
894921
894922
894923
894924
894925
894926
894927
894928
894929
894930
894931
894933
894934
894935
894936
894937
894938
894939
894940
894943
894944
894946
894947
894948
894949
894950
894951
894952
894953
894954
894955
894956
894958
894959
894960
894961
894962
894963
894964
894965
894966
894967
894969
894971
894972
894973
894975
894977
894978
894979
894980
894981
894982
894983
894984
894985
894986
894987
894988
894989
894990
894991
894992
894994
894995
894996
894997
894998
894999
895000
895001
895002
895003
895004
895005
895006
895007
895008
895009
895010
895011
895012
895013
895014
895015
895017
895018
895019
895020
895021
895022
895023
895024
895025
895026
895027
895028
895029
895030
895031
895032
895033
895034
895035
895036
895037
895038
895039
895040
895042
895043
895044
895045
895046
895047
895048
895049
895050
895051
895052
895053
895054
895055
895056
895057
895058
895061
895062
895063
895064
895065
895066
895067
895068
895069
895070
895072
895073
895074
895075
895077
895078
895079
895080
895081
895082
895083
895084
895085
895086
895087
895088
895089
895090
895091
895092
895093
895094
895095
895096
895097
895098
895099
895100
895101
895102
895103
895104
895105
895106
895107
895108
895109
895110
895111
895112
895113
895114
895115
895116
895117
895118
895119
895120
895121
895122
895123
895124
895125
895126
895127
895128
895129
895130
895131
895132
895133
895134
895137
895138
895139
895140
895141
895142
895143
895144
895146
895147
895148
895149
895150
895151
895152
895153
895154
895155
895156
895157
895158
895159
895160
895161
895162
895163
895164
895165
895166
895167
895169
895170
895171
895173
895174
895175
895176
895177
895178
895179
895180
895181
895182
895183
895184
895185
895186
895187
895188
895189
895190
895191
895192
895193
895194
895195
895196
895197
895198
895199
895200
895202
895203
895204
895205
895206
895207
895208
895209
895210
895211
895212
895213
895214
895215
895216
895217
895218
895219
895220
895221
895222
895223
895224
895225
895226
895227
895228
895229
895230
895231
895232
895233
895234
895235
895236
895237
895238
895239
895240
895241
895242
895243
895244
895245
895246
895247
895248
895249
895250
895252
895254
895255
895256
895257
895258
895259
895260
895261
895262
895263
895264
895265
895266
895267
895268
895269
895270
895271
895272
895273
895274
895275
895276
895277
895278
895279
895280
895281
895282
895283
895284
895285
895286
895287
895288
895289
895290
895291
895293
895294
895295
895296
895297
895299
895301
895302
895303
895304
895305
895306
895307
895308
895309
895310
895311
895312
895313
895314
895315
895317
895318
895319
895320
895321
895322
895323
895324
895325
895326
895327
895328
895329
895330
895332
895333
895334
895335
895336
895337
895338
895339
895340
895341
895342
895343
895344
895345
895346
895347
895348
895349
895350
895351
895352
895353
895354
895355
895356
895357
895358
895359
895360
895361
895362
895363
895364
895365
895366
895367
895368
895369
895370
895371
895372
895373
895374
895375
895376
895377
895378
895379
895380
895381
895382
895383
895384
895385
895386
895387
895388
895389
895391
895392
895393
895394
895395
895396
895397
895398
895399
895400
895402
895404
895405
895406
895407
895408
895409
895410
895411
895412
895413
895414
895415
895416
895417
895418
895419
895420
895421
895422
895423
895425
895426
895427
895428
895430
895431
895432
895433
895434
895435
895436
895437
895438
895439
895440
895441
895442
895443
895444
895445
895447
895448
895449
895450
895451
895452
895453
895454
895455
895456
895457
895458
895459
895460
895461
895463
895464
895465
895466
895469
895470
895471
895472
895473
895474
895475
895476
895477
895478
895479
895480
895481
895482
895483
895484
895485
895486
895487
895488
895489
895490
895491
895492
895493
895494
895495
895496
895497
895498
895499
895500
895501
895502
895503
895504
895505
895506
895508
895509
895510
895511
895512
895513
895514
895515
895516
895517
895518
895519
895520
895521
895522
895523
895524
895525
895526
895527
895528
895529
895530
895531
895532
895533
895534
895536
895537
895539
895542
895543
895544
895545
895546
895547
895548
895549
895550
895551
895552
895553
895554
895555
895556
895557
895558
895559
895560
895561
895562
895563
895564
895565
895567
895568
895569
895570
895571
895572
895573
895574
895575
895577
895578
895579
895580
895581
895582
895584
895585
895586
895587
895588
895589
895590
895591
895592
895593
895594
895595
895596
895597
895598
895599
895600
895601
895602
895603
895604
895605
895606
895607
895608
895609
895610
895611
895612
895613
895614
895615
895616
895617
895619
895620
895621
895622
895623
895624
895625
895626
895627
895628
895629
895630
895631
895632
895633
895634
895635
895636
895637
895638
895640
895641
895642
895643
895644
895645
895646
895647
895648
895649
895650
895651
895652
895653
895655
895656
895657
895658
895659
895660
895661
895662
895665
895666
895667
895668
895669
895670
895671
895672
895673
895674
895675
895676
895677
895678
895679
895680
895681
895684
895686
895690
895691
895692
895693
895694
895695
895696
895697
895698
895699
895700
895701
895702
895703
895704
895705
895706
895707
895708
895709
895710
895711
895713
895714
895715
895716
895717
895718
895719
895720
895721
895722
895724
895725
895726
895727
895728
895729
895731
895732
895733
895735
895736
895737
895738
895739
895740
895741
895742
895743
895744
895745
895746
895747
895748
895749
895750
895751
895752
895753
895754
895755
895756
895757
895758
895759
895760
895761
895762
895763
895764
895765
895767
895769
895770
895771
895772
895773
895774
895775
895776
895777
895778
895779
895780
895781
895782
895783
895784
895785
895786
895787
895788
895789
895790
895791
895792
895793
895795
895796
895797
895798
895799
895800
895801
895802
895803
895804
895805
895806
895807
895808
895809
895810
895811
895812
895813
895814
895815
895816
895817
895818
895819
895820
895821
895822
895823
895824
895825
895826
895827
895828
895830
895831
895832
895833
895834
895835
895836
895837
895838
895839
895840
895841
895842
895843
895844
895845
895846
895847
895848
895849
895850
895851
895852
895853
895854
895855
895856
895857
895859
895860
895861
895862
895863
895864
895865
895866
895867
895868
895869
895870
895872
895873
895874
895875
895876
895877
895879
895880
895881
895882
895883
895884
895885
895886
895887
895892
895893
895894
895895
895896
895897
895898
895899
895900
895901
895902
895903
895904
895905
895906
895907
895908
895909
895910
895911
895912
895914
895915
895916
895917
895919
895920
895921
895922
895923
895924
895925
895926
895927
895928
895929
895931
895932
895933
895934
895937
895938
895939
895940
895941
895943
895944
895945
895946
895947
895948
895949
895950
895951
895953
895954
895955
895956
895957
895959
895960
895961
895962
895963
895964
895965
895966
895967
895968
895969
895970
895971
895972
895973
895974
895975
895978
895979
895980
895981
895982
895983
895984
895985
895986
895987
895988
895989
895990
895991
895992
895993
895994
895995
895996
895997
895998
895999
896000
896002
896003
896004
896006
896007
896008
896009
896010
896011
896012
896013
896014
896015
896016
896017
896018
896019
896020
896021
896022
896023
896024
896025
896026
896027
896028
896029
896030
896031
896032
896033
896034
896035
896036
896037
896038
896039
896040
896041
896042
896043
896044
896045
896046
896047
896048
896049
896050
896051
896052
896053
896054
896057
896058
896059
896060
896061
896062
896063
896064
896066
896067
896068
896069
896070
896071
896072
896073
896075
896076
896077
896078
896081
896082
896083
896085
896086
896087
896088
896090
896091
896092
896093
896094
896095
896096
896097
896098
896099
896100
896101
896102
896103
896104
896105
896106
896107
896108
896109
896110
896111
896112
896113
896114
896115
896116
896117
896118
896119
896120
896121
896122
896123
896124
896125
896126
896127
896128
896129
896130
896131
896132
896133
896135
896137
896138
896139
896140
896141
896143
896146
896147
896148
896149
896150
896151
896152
896153
896154
896155
896156
896157
896158
896159
896160
896161
896162
896163
896164
896165
896166
896167
896168
896169
896170
896172
896173
896174
896175
896177
896178
896180
896181
896182
896183
896184
896185
896187
896188
896189
896190
896191
896192
896194
896195
896196
896197
896198
896199
896200
896201
896202
896203
896204
896205
896206
896207
896208
896209
896210
896211
896214
896215
896216
896217
896218
896220
896221
896222
896223
896224
896225
896226
896227
896228
896229
896230
896232
896233
896234
896235
896236
896237
896238
896239
896240
896241
896242
896243
896244
896245
896246
896247
896248
896249
896250
896251
896252
896253
896254
896255
896256
896257
896258
896259
896260
896261
896262
896263
896264
896265
896266
896267
896268
896269
896270
896271
896272
896273
896274
896275
896276
896277
896278
896279
896280
896281
896283
896284
896285
896286
896287
896288
896289
896290
896291
896293
896294
896295
896296
896297
896298
896299
896300
896301
896302
896303
896304
896305
896306
896307
896308
896309
896310
896311
896312
896313
896314
896315
896316
896317
896318
896319
896320
896321
896322
896324
896325
896326
896327
896328
896329
896330
896331
896332
896333
896334
896335
896337
896338
896339
896340
896341
896342
896343
896345
896347
896348
896349
896350
896351
896352
896353
896354
896355
896357
896359
896360
896361
896362
896364
896365
896366
896368
896369
896370
896371
896372
896373
896374
896375
896376
896378
896379
896380
896381
896382
896383
896384
896385
896386
896387
896388
896389
896390
896391
896392
896393
896394
896395
896396
896397
896398
896399
896400
896401
896403
896404
896405
896406
896407
896408
896409
896410
896411
896412
896413
896414
896415
896416
896417
896418
896419
896420
896421
896422
896424
896426
896428
896429
896430
896431
896437
896438
896439
896440
896441
896442
896443
896444
896445
896446
896447
896448
896449
896450
896451
896452
896453
896454
896455
896456
896457
896458
896460
896461
896462
896463
896465
896466
896469
896470
896471
896472
896473
896474
896475
896476
896477
896478
896479
896480
896481
896482
896483
896484
896485
896486
896487
896488
896489
896490
896491
896492
896493
896494
896495
896496
896497
896498
896499
896500
896502
896503
896504
896505
896506
896507
896509
896512
896513
896514
896515
896516
896517
896518
896519
896520
896521
896522
896523
896524
896525
896526
896529
896530
896532
896533
896534
896535
896536
896539
896540
896541
896542
896544
896545
896546
896547
896548
896549
896550
896552
896553
896554
896555
896557
896558
896559
896560
896561
896562
896563
896564
896565
896566
896567
896568
896569
896570
896571
896572
896573
896574
896575
896576
896577
896578
896579
896581
896582
896583
896585
896586
896587
896588
896589
896590
896591
896592
896593
896594
896595
896596
896597
896598
896599
896600
896601
896602
896603
896604
896605
896606
896607
896608
896609
896610
896611
896612
896613
896614
896615
896616
896617
896618
896619
896620
896621
896622
896623
896624
896625
896626
896627
896628
896629
896630
896631
896632
896633
896634
896636
896637
896638
896639
896640
896641
896642
896643
896644
896645
896647
896648
896649
896650
896651
896652
896653
896654
896655
896656
896657
896658
896659
896660
896661
896662
896663
896664
896665
896666
896667
896669
896670
896671
896672
896673
896674
896675
896676
896678
896679
896680
896681
896682
896683
896684
896685
896686
896687
896688
896689
896692
896693
896694
896695
896696
896697
896698
896699
896700
896701
896702
896703
896704
896705
896706
896707
896708
896709
896710
896711
896712
896713
896714
896715
896716
896717
896718
896719
896720
896721
896722
896723
896724
896725
896726
896727
896728
896729
896730
896731
896732
896733
896734
896735
896736
896738
896739
896740
896741
896742
896743
896744
896745
896746
896747
896748
896749
896750
896751
896752
896753
896754
896755
896757
896758
896759
896760
896761
896762
896763
896764
896765
896766
896767
896768
896769
896771
896772
896773
896774
896775
896776
896777
896778
896779
896780
896781
896782
896783
896784
896786
896787
896788
896789
896790
896791
896792
896794
896796
896797
896800
896801
896802
896803
896804
896805
896806
896807
896808
896809
896810
896811
896812
896813
896814
896815
896816
896817
896818
896819
896820
896821
896822
896823
896824
896825
896826
896827
896828
896829
896830
896831
896832
896833
896834
896835
896836
896837
896838
896839
896841
896842
896848
896849
896851
896853
896856
896857
896858
896860
896861
896862
896863
896864
