78812
788120
788121
788122
788124
788125
788126
788127
788128
788129
78813
788130
788132
788133
788134
788135
788136
788137
788138
788139
78814
788140
788141
788143
788144
788145
788146
788147
788149
78815
788150
788151
788152
788153
788154
788155
788156
788157
788158
788159
78816
788160
788161
788162
788163
788164
788165
788166
788167
788169
78817
788170
788171
788173
788175
788176
788178
788179
78818
788180
788181
788182
788183
788184
788186
788187
788188
788189
78819
788190
788191
788192
788193
788194
788195
788196
788197
788198
788199
78820
788200
788201
788203
788204
788205
788206
788207
788208
788209
78821
788210
788211
788212
788213
788214
788215
788216
788217
788218
788219
78822
788220
788221
788222
788223
788224
788225
788226
788227
788228
788229
78823
788230
788231
788232
788233
788234
788235
788236
788237
788238
788239
788240
788242
788243
788244
788245
788246
788247
78825
788250
788251
788252
788253
788254
788255
788256
788257
788258
78826
788260
788261
788262
788263
788264
788265
788266
788267
788268
788269
78827
788270
788271
788272
788273
788274
788275
788276
788277
788278
788279
78828
788280
788282
788283
788284
788285
788286
788287
788288
788289
78829
788290
788291
788292
788293
788294
788295
788296
788297
788298
78830
788300
788301
788302
788303
788304
788305
788306
788307
788308
788309
78831
788310
788311
788312
788313
788314
788315
788316
788317
788318
788319
78832
788321
788322
788323
788324
788325
788326
788328
788330
788331
788332
788333
788334
788335
788336
788338
788339
78834
788340
788341
788342
788343
788344
788345
788346
788347
788348
78835
788350
788351
788352
788353
788354
788355
788356
788357
788358
788359
78836
788360
788361
788362
788363
788364
788365
788366
788367
788368
788369
788370
788371
788372
788373
788374
788375
788376
788377
788378
78838
788380
788381
788385
788386
788387
788388
788389
788390
788391
788392
788393
788394
788395
788396
788397
788398
788399
78840
788400
788401
788402
788403
788404
788408
788410
788411
788412
788413
788414
788415
788416
788417
788418
788419
78842
788420
788421
788422
788423
788424
788425
788426
788427
788428
788429
78843
788430
788431
788432
788433
788434
788435
788436
788437
788438
788439
78844
788440
788441
788442
788443
788444
788445
788446
788447
788448
788449
78845
788450
788451
788452
788453
788454
788455
788456
788457
788458
788459
78846
788460
788461
788462
788463
788464
788465
788466
788467
788468
788469
78847
788470
788471
788472
788473
788475
788476
788477
788478
788479
78848
788480
788482
788483
788484
788485
788486
788487
788488
788489
78849
788490
788491
788492
788493
788494
788495
788496
788497
788498
788499
78850
788500
788501
788504
788505
788506
788507
788508
788509
78851
788510
788512
788513
788514
788515
788516
788517
788518
788519
78852
788520
788521
788522
788523
788524
788525
788526
788527
788528
788529
78853
788530
788531
788532
788533
788535
788536
788537
788538
788539
78854
788540
788541
788542
788543
788544
788545
788546
788547
788548
788549
78855
788550
788552
788553
788554
788555
788556
788557
788558
788559
78856
788560
788561
788562
788563
788564
788565
788566
788567
788568
788569
78857
788570
788571
788572
788573
788574
788575
788576
788577
788578
788579
78858
788580
788581
788582
788583
788584
788585
788586
788587
788588
788589
78859
788590
788591
788592
788593
788594
788595
788596
788597
788598
788599
78860
788601
788602
788603
788604
788605
788606
788607
788608
788609
78861
788610
788611
788612
788613
788614
788615
788616
788617
788618
788619
78862
788620
788621
788622
788623
788624
788625
788627
788628
788629
78863
788630
788631
788632
788633
788635
788636
788637
788638
788639
78864
788640
788641
788642
788643
788644
788645
788646
788647
788648
788649
78865
788650
788651
788656
788657
788659
78866
788660
788661
788662
788663
788664
788665
788666
788667
788668
788669
78867
788670
788672
788674
788675
788676
788677
788679
78868
788680
788681
788682
788683
788684
788685
788686
788687
788688
788689
78869
788690
788691
788692
788693
788694
788695
788696
788697
788699
78870
788700
788702
788703
788704
788706
788707
788709
78871
788710
788711
788712
788713
788714
788715
788716
788717
788718
788719
78872
788720
788721
788722
788723
788724
788725
788726
788728
788729
78873
788730
788731
788732
788733
788734
788735
788736
788737
788738
788739
78874
788740
788741
788742
788743
788744
788745
788746
788747
788748
788749
78875
788751
788752
788754
788755
788756
788757
788758
78876
788760
788761
788762
788763
788764
788765
788766
788768
78877
788770
788771
788772
788773
788774
788775
788776
788777
788778
788779
78878
788780
788781
788782
788783
788785
788786
788787
788789
78879
788790
788792
788793
788794
788795
788796
788798
788799
78880
788800
788801
788802
788803
788804
788805
788806
788807
788809
78881
788810
788811
788812
788813
788814
788815
788816
788817
788818
788819
78882
788820
788821
788822
788823
788824
788825
788826
788827
788828
788829
78883
788830
788831
788832
788833
788834
788835
788836
788837
788838
788839
78884
788840
788841
788842
788843
788844
788845
788846
788847
788848
788849
78885
788850
788851
788853
788854
788855
788856
788857
788858
788859
78886
788860
788861
788862
788864
788865
788866
788867
788868
788869
78887
788871
788872
788873
788874
788875
788876
788877
788878
788879
78888
788880
788881
788882
788883
788884
788885
788886
788887
788888
788889
78889
788890
788891
788892
788893
788894
788895
788896
788897
788898
788899
78890
788901
788902
788903
788904
788905
788906
788907
788909
78891
788910
788911
788912
788913
788914
788915
788916
788917
788918
788919
78892
788920
788921
788922
788924
788925
788926
788927
788928
788929
78893
788930
788931
788932
788933
788934
788935
788936
788938
788939
78894
788940
788941
788942
788943
788944
788945
788946
788947
788948
788949
78895
788950
788951
788952
788953
788954
788955
788956
788957
788958
788959
78896
788960
788961
788962
788963
788964
788965
788966
788967
788969
78897
788970
788971
788972
788973
788974
788975
788976
788977
788978
788979
78898
788981
788982
788983
788984
788985
788987
788988
788989
78899
788990
788991
788993
788994
788996
788998
788999
789
78900
789000
789001
789002
789003
789005
789007
789008
789009
78901
789010
789012
789013
789016
789017
789018
789019
78902
789020
789021
789022
789023
789024
789025
789026
789027
789028
789029
78903
789030
789031
789032
789033
789034
789035
789036
789037
789038
789039
78904
789040
789041
789042
789043
789044
789045
789046
789047
789048
789049
78905
789050
789051
789052
789053
789054
789055
789056
789057
789058
789059
78906
789060
789061
789062
789063
789064
789065
789066
789067
789068
789069
78907
789070
789071
789072
789073
789074
789075
789076
789077
789078
78908
789080
789081
789082
789083
789084
789085
789086
789087
789088
789089
78909
789090
789091
789094
789095
789096
789097
789098
789099
78910
789100
789102
789104
789105
789106
789107
789108
789109
78911
789110
789111
789112
789113
789114
789115
789116
789117
789118
789119
78912
789120
789121
789122
789124
789125
789126
789127
789128
789129
78913
789130
789131
789132
789133
789134
789136
789137
789138
789139
78914
789140
789141
789142
789144
789146
789148
78915
789151
789154
789155
789158
789159
78916
789160
789161
789162
789164
789165
789166
789167
789168
789169
78917
789170
789171
789174
789175
789176
789177
789178
789179
78918
789180
789181
789182
789183
789184
789185
789189
78919
789190
789191
789192
789193
789194
789195
789196
789197
789199
78920
789200
789201
789202
789204
789205
789206
789207
789208
789209
78921
789210
789212
789213
789214
789215
789216
789217
789218
789219
78922
789220
789221
789222
789223
789224
789225
789226
789227
789228
789229
78923
789230
789231
789232
789233
789234
789237
789238
789239
78924
789240
789241
789242
789243
789244
789245
789246
789247
789248
789249
78925
789250
789251
789252
789253
789254
789255
789257
789258
789259
78926
789260
789262
789263
789264
789265
789266
789267
789268
789269
78927
789270
789271
789272
789273
789274
789275
789276
789278
789279
78928
789280
789281
789282
789283
789284
789285
789286
789287
789288
78929
789290
789291
789292
789293
789294
789295
789296
789297
789298
789299
78930
789300
789301
789302
789303
789304
789305
789306
789307
789308
789309
78931
789311
789312
789314
789315
789316
789317
789318
789319
78932
789320
789321
789322
789323
789324
789325
789326
789327
789328
789329
78933
789330
789331
789332
789333
789334
789335
789336
789337
789338
789339
78934
789340
789341
789342
789343
789345
789346
789347
789348
789349
78935
789350
789351
789352
789353
789354
789355
789356
789357
789358
789359
78936
789360
789361
789363
789364
789365
789366
789367
789368
789369
78937
789371
789372
789373
789374
789375
789376
789377
789378
789379
78938
789380
789381
789382
789383
789384
789385
789386
789388
789389
78939
789390
789391
789392
789393
789394
789395
789396
789397
789398
789399
78940
789400
789401
789402
789403
789405
789407
789408
78941
789410
789411
789412
789413
789414
789415
789416
789417
789418
789419
78942
789421
789422
789423
789424
789425
789426
789427
789428
789429
78943
789430
789431
789433
789434
789435
789436
789437
789438
789439
78944
789440
789441
789442
789443
789446
789447
789448
789449
78945
789451
789452
789455
789459
78946
789460
789461
789462
789463
789464
789465
789466
789467
789468
789469
78947
789470
789471
789472
789473
789474
789475
789476
789477
789478
789479
78948
789480
789481
789482
789483
789486
789487
789488
789489
78949
789490
789491
789492
789493
789495
789496
789497
789499
78950
789500
789501
789502
789503
789504
789505
789506
789507
789508
789509
78951
789510
789511
789513
789514
789515
789516
789517
789518
789519
78952
789520
789521
789522
789523
789524
789525
789526
789527
789528
789529
78953
789530
789531
789532
789533
789534
789535
789536
789537
789538
789539
78954
789540
789541
789543
789545
789546
789547
789549
78955
789550
789551
789552
789553
789554
789555
789556
789557
789558
789559
78956
789560
789561
789562
789563
789564
789565
789566
789567
789569
78957
789570
789572
789573
789574
789576
789577
789578
78958
789581
789582
789583
789584
789585
789588
789589
78959
789590
789592
789594
789595
789596
789597
789599
78960
789600
789602
789603
789604
789605
789606
789608
78961
789610
789611
789612
789613
789614
789615
789616
789617
789619
78962
789620
789621
789622
789623
789625
789627
789628
789629
78963
789630
789632
789633
789634
789635
789636
789637
789638
78964
789640
789641
789642
789643
789644
789645
789646
789647
789648
789649
78965
789650
789651
789652
789653
789654
789655
789656
789657
789658
789659
78966
789660
789661
789662
789663
789664
789665
789666
789667
789668
789669
78967
789670
789671
789672
789673
789674
789675
789676
789678
789679
78968
789680
789681
789682
789683
789684
789685
789686
789687
789688
789689
78969
789690
789691
789692
789693
789695
789696
789697
789698
789699
78970
789700
789701
789702
789703
789704
789705
789706
789707
789708
789709
78971
789710
789711
789712
789713
789714
789715
789716
789717
789718
789719
78972
789721
789722
789723
789724
789725
789727
789728
789729
78973
789730
789731
789732
789733
789734
789735
789736
789737
789739
78974
789740
789741
789742
789743
789744
789745
789746
789747
789749
78975
789750
789751
789752
789753
789754
789755
789756
789758
789759
78976
789760
789761
789762
789763
789764
789765
789766
789767
789768
789769
78977
789770
789771
789772
789774
789775
789777
789778
78978
789780
789781
789783
789784
789785
789786
789788
789789
78979
789790
789791
789792
789793
789794
789795
789796
789797
789798
789799
78980
789800
789801
789802
789803
789804
789805
789806
789807
789808
789809
78981
789810
789811
789812
789813
789814
789815
789816
789817
789818
789819
789820
789822
789823
789824
789825
789826
789827
789828
789829
78983
789830
789831
789832
789833
789834
789835
789836
789838
789839
78984
789840
789841
789842
789843
789844
789845
789846
789847
789848
789849
78985
789850
789851
789852
789853
789854
789855
789856
789857
789858
789859
78986
789860
789861
789862
789863
789864
789865
789866
789867
789868
789869
78987
789870
789871
789872
789874
789875
789876
789877
789878
789879
78988
789880
789881
789882
789883
789884
789885
789887
789888
789889
78989
789890
789891
789892
789893
789894
789895
789897
789898
78990
789900
789901
789903
789904
789905
789906
789907
789908
789909
78991
789910
789911
789912
789913
789914
789915
789917
789918
789919
78992
789920
789921
789923
789924
789925
789926
789927
789928
789929
78993
789930
789931
789932
789933
789935
789936
789937
789938
78994
789940
789941
789942
789943
789944
789945
789946
789947
789948
789949
789950
789951
789953
789954
789955
789957
789958
789959
78996
789960
789961
789962
789963
789964
789965
789966
789967
789968
78997
789970
789971
789972
789975
789977
789978
789979
78998
789980
789981
789982
789983
789984
789985
789986
789987
789988
789989
78999
789990
789991
789992
789993
789994
789996
789997
789998
789999
79
790
79000
790000
790002
790003
790004
790005
790006
790007
790008
790009
79001
790010
790011
790012
790013
790015
790016
790018
790019
79002
790020
790021
790022
790024
790025
790026
790027
790028
790029
790030
790031
790032
790033
790034
790036
790037
790038
790039
79004
790040
790041
790042
790043
790045
790046
790047
790048
790049
79005
790050
790051
790052
790053
790054
790055
790057
790058
790059
79006
790060
790061
790062
790063
790064
790065
790066
790067
790068
790069
79007
790070
790071
790073
790074
790078
790079
79008
790081
790082
790083
790084
790085
790086
790087
790088
790089
79009
790091
790092
790094
790095
790096
790098
790099
79010
790100
790101
790102
790103
790104
790105
790106
790107
790108
790109
790110
790112
790113
790114
790115
790116
790118
790119
79012
790121
790122
790123
790125
790126
790127
790128
790129
79013
790131
790132
790133
790135
790136
790137
790139
79014
790140
790141
790142
790143
790144
790145
790146
790147
79015
790151
790152
790153
790154
790155
790156
790157
790158
790159
79016
790160
790161
790162
790163
790164
790165
790166
790167
790168
790169
79017
790170
790171
790172
790173
790175
790176
790178
790179
79018
790180
790181
790182
790183
790184
790185
790186
790187
790188
790189
79019
790190
790191
790192
790193
790194
790195
790196
790197
790198
790199
79020
790200
790201
790202
790204
790205
790206
790207
790208
790209
79021
790210
790211
790212
790213
790215
790216
790217
790219
790220
790221
790224
790225
790226
790227
790228
790229
79023
790230
790231
790232
790234
790235
790236
790238
790239
79024
790240
790241
790242
790243
790244
790245
790246
790247
790248
790249
79025
790250
790252
790253
790255
790257
790259
79026
790260
790261
790262
790263
790264
790265
790266
790267
790268
79027
790270
790271
790272
790273
790274
790275
790276
790277
790278
790279
79028
790280
790281
790282
790283
790284
790285
790286
790287
790288
790289
79029
790290
790291
790292
790293
790294
790295
790296
790297
790298
790299
79030
790300
790301
790303
790304
790305
790306
790307
790308
790309
79031
790310
790311
790312
790313
790314
790315
790316
790317
790318
790319
79032
790320
790321
790322
790323
790324
790325
790326
790327
790328
790329
79033
790330
790331
790332
790333
790334
790335
790337
790338
790339
79034
790340
790341
790342
790343
790344
790345
790346
790347
790348
790349
79035
790350
790352
790353
790356
790357
790359
79036
790360
790361
790363
790364
790367
790368
790369
790372
790373
790375
790376
790377
790378
79038
790380
790381
790382
790383
790384
790385
790386
790387
79039
790390
790391
790392
790393
790394
790395
790396
790397
790398
790399
79040
790400
790401
790402
790404
790405
790408
790409
79041
790410
790412
790413
790414
790416
790417
790418
790419
79042
790421
790422
790423
790424
790425
790426
790428
79043
790430
790431
790432
790434
790436
790437
790438
790439
79044
790440
790442
790443
790446
790447
790449
79045
790450
790451
790452
790453
790454
790455
790456
790458
790459
790460
790462
790463
790464
790466
790467
79047
790470
790472
790473
790474
790477
790478
790479
79048
790480
790481
790482
790483
790484
790485
790486
790488
790489
790490
790491
790492
790493
790494
790496
790497
790498
790499
790500
790502
790504
790506
790507
790508
790509
79051
790510
790511
790512
790513
790514
790515
790516
790517
790518
790519
79052
790520
790521
790522
790523
790524
790525
790526
790528
790529
79053
790530
790531
790532
790534
790535
790536
790537
790539
79054
790540
790542
790543
790545
790546
790547
790548
790549
79055
790550
790551
790553
790554
790555
790556
790557
790558
790559
79056
790560
790561
790562
790563
790564
790565
790566
790567
790568
790569
79057
790570
790571
790572
790574
790576
790577
790578
790579
79058
790580
790582
790583
790584
790586
790588
790589
79059
790590
790591
790592
790593
790595
790596
790598
790599
79060
790601
790602
790603
790604
790606
790607
790609
79061
790610
790611
790612
790613
790614
790615
790616
790617
790618
790619
79062
790620
790621
790622
790624
790625
790626
790627
790628
790629
79063
790630
790631
790632
790633
790634
790635
790636
790637
790638
790639
79064
790640
790641
790642
790643
790644
790645
790646
790648
790649
79065
790650
790651
790654
790655
790656
790657
790658
790659
79066
790660
790661
790662
790663
790664
790666
790667
790668
790669
79067
790670
790671
790672
790673
790674
790675
790676
790677
790678
790679
79068
790680
790681
790682
790683
790684
790685
790686
790687
790688
790689
79069
790690
790691
790692
790693
790694
790695
790696
790697
790698
790699
79070
790700
790701
790702
790703
790704
790705
790706
790707
790708
790709
79071
790710
790711
790712
790713
790714
790715
790716
790717
790718
790719
79072
790720
790721
790723
790724
790725
790726
790727
790728
790729
79073
790730
790731
790732
790733
790734
790735
790736
790737
790738
790739
79074
790740
790742
790743
790744
790745
790746
790748
790749
79075
790750
790751
790752
790753
790754
790756
790757
790758
790759
79076
790760
790761
790763
790764
790765
790766
790767
790769
79077
790770
790771
790772
790773
790774
790775
790776
790777
790778
790779
79078
790780
790781
790782
790783
790784
790785
790786
790787
790788
790789
79079
790790
790791
790792
790793
790794
790796
790797
790798
79080
790800
790801
790802
790803
790804
790805
790806
790807
790808
79081
790810
790811
790812
790813
790814
790815
790816
790817
790819
79082
790824
790833
790838
790839
79084
790843
790845
790846
790847
790848
790849
790850
790851
790852
790853
790854
790855
790856
790858
790859
79086
790860
790861
790862
790863
790864
790865
790866
790867
790868
790869
79087
790870
790871
790872
790874
790875
790876
790877
790878
790879
79088
790880
790881
790882
790884
790886
790888
790889
79089
790890
790892
790893
790894
790895
790897
790898
790899
79090
790900
790902
790903
790904
790907
790908
790909
79091
790911
790912
790914
790915
790918
790919
790921
790922
790923
790924
790925
790926
790927
790928
790929
79093
790931
790932
790933
790934
790935
790936
790937
790938
79094
790940
790941
790942
790943
790944
790945
790946
790948
790949
79095
790950
790951
790952
790953
790954
790955
790958
79096
790960
790962
790963
790964
790965
790966
790968
790969
79097
790971
790972
790973
790974
790975
790976
790979
79098
790980
790981
790982
790983
790984
790985
790987
790988
790989
79099
790990
790991
790992
790993
790994
790995
790996
790997
790998
790999
791
79100
791000
791001
791002
791004
791005
791006
791007
791008
791009
79101
791010
791011
791012
791013
791014
791015
791016
791017
791018
791019
79102
791020
791021
791022
791023
791024
791025
791026
791027
791028
791029
79103
791032
791033
791034
791035
791037
791038
791039
79104
791040
791041
791042
791043
791044
791045
791046
791047
791049
79105
791050
791051
791054
791055
791056
791057
791058
791059
79106
791060
791061
791062
791064
791066
791067
791068
791069
79107
791070
791072
791073
791074
791075
791076
791077
791078
791079
79108
791080
791081
791083
791085
791086
791087
791088
791089
79109
791090
791091
791092
791093
791094
791095
791096
791097
791098
791099
79110
791100
791101
791102
791103
791104
791105
791106
791107
791108
791109
79111
791110
791111
791112
791113
791114
791115
791116
791117
791118
791119
791120
791121
791122
791123
791124
791125
791126
791127
791128
79113
791130
791131
791132
791133
791134
791135
791136
791137
791138
791139
791141
791142
791143
791145
791147
791149
79115
791150
791151
791152
791153
791154
791155
791156
791157
791158
79116
791160
791161
791162
791163
791165
791166
791167
791168
791169
79117
791170
791171
791174
791175
791176
791177
791178
791179
79118
791180
791181
791182
791183
791184
791185
791187
791188
791189
79119
791190
791191
791192
791193
791194
791195
791196
791197
791198
791199
79120
791200
791201
791203
791204
791205
791206
791207
791208
791209
79121
791211
791212
791213
791214
791215
791217
791218
791219
79122
791220
791221
791222
791223
791225
791226
791227
791228
791229
79123
791230
791231
791232
791235
791236
791239
791241
791242
791244
791245
791246
791247
791248
791249
79125
791250
791251
791252
791253
791254
791255
791256
791257
79126
791261
791262
791263
791264
791265
791266
791267
791269
79127
791270
791271
791272
791273
791274
791275
791276
791277
791278
791279
79128
791280
791281
791282
791283
791284
791285
791286
791287
791288
791289
79129
791290
791291
791292
791293
791294
791295
791296
791298
791299
7913
79130
791300
791301
791302
791303
791304
791305
791306
791307
791308
791309
79131
791310
791311
791312
791313
791314
791315
791316
791317
791318
791319
79132
791320
791321
791322
791323
791324
791325
791326
791327
791328
791329
79133
791330
791332
791333
791334
791335
791336
791337
791338
791339
791340
791341
791343
791344
791346
791348
791349
79135
791351
791354
791355
791356
791357
791358
791359
79136
791360
791361
791362
791363
791364
791365
791366
791367
791369
79137
791370
791371
791372
791373
791374
791375
791376
791377
791378
791379
79138
791380
791381
791382
791383
791384
791385
791386
791387
791388
791389
79139
791390
791391
791392
791393
791394
791395
791396
791397
791398
791399
7914
79140
791400
791401
791402
791403
791404
791407
791408
791409
79141
791410
791411
791412
791414
791415
791416
791417
791418
791419
79142
791420
791421
791422
791423
791424
791425
791426
791427
791428
791429
791430
791431
791432
791433
791434
791435
791436
791437
791438
791439
79144
791440
791441
791442
791443
791444
791445
791446
791448
791449
79145
791450
791451
791452
791454
791455
791456
791457
791459
791460
791461
791462
791463
791464
791465
791466
791467
791468
791469
79147
791470
791471
791472
791473
791474
791475
791476
791477
791478
791479
791480
791481
791482
791483
791484
791485
791486
791488
791489
79149
791490
791491
791492
791493
791494
791495
791496
791497
791498
791499
7915
79150
791500
791501
791503
791504
791505
791506
791507
791508
791509
79151
791510
791511
791512
791513
791514
791515
791516
791517
791518
791519
79152
791520
791521
791522
791523
791524
791525
791526
791527
791528
791529
79153
791531
791532
791534
791535
79154
791540
791541
791542
791543
791544
791545
791547
791548
791549
79155
791550
791551
791552
791553
791554
791555
791556
791557
791558
791559
79156
791560
791561
791562
791563
791564
791565
791566
791567
791568
791569
791570
791571
791573
791574
791576
791577
791578
791579
79158
791580
791581
791582
791583
791584
791585
791586
791587
791588
791589
79159
791590
791591
791592
791593
791594
791595
791596
791597
791598
791599
7916
79160
791600
791601
791602
791603
791604
791605
791606
791607
791608
79161
791610
791611
791612
791613
791614
791615
791616
791617
791618
791619
79162
791620
791621
791622
791623
791624
791625
791626
791628
791629
79163
791630
791631
791632
791633
791634
791635
791636
791637
791638
791639
79164
791641
791642
791643
791644
791645
791647
791648
791649
79165
791650
791651
791652
791653
791654
791655
791656
791657
791658
791659
791660
791661
791662
791663
791664
791665
791666
791667
791668
791669
79167
791670
791671
791672
791673
791674
791675
791676
791677
791678
791679
79168
791680
791681
791682
791683
791684
791685
791686
791687
791688
791689
79169
791690
791692
791693
791694
791695
791696
791697
791698
791699
79170
791700
791701
791702
791703
791704
791705
791706
791707
791708
79171
791710
791711
791712
791713
791714
791715
791716
791717
791718
791719
79172
791720
791721
791722
791723
791725
791726
791727
791728
791729
791730
791731
791732
791733
791734
791735
791736
791737
791738
79174
791740
791741
791742
791743
791744
791745
791746
791747
791748
79175
791750
791751
791755
791756
791757
791758
791761
791762
791764
791766
791768
791769
79177
791770
791772
791773
791774
791775
791776
791777
791778
791779
79178
791780
791781
791783
791784
791785
791786
791787
791788
791789
79179
791790
791791
791792
791793
791794
791795
791796
791797
791798
791799
79180
791800
791801
791802
791803
791805
791806
791807
791808
791809
79181
791810
791811
791812
791813
791815
791816
791817
791818
791819
791820
791821
791822
791823
791824
791825
791826
791827
791828
791829
79183
791830
791831
791832
791833
791834
791835
791836
791837
791838
79184
791840
791841
791842
791843
791844
791845
791846
791847
791848
791849
79185
791850
791851
791852
791853
791854
791855
791856
791857
791858
79186
791860
791861
791862
791863
791867
791868
791869
79187
791870
791871
791874
791876
791878
79188
791880
791882
791883
791884
791885
791886
791887
791888
791889
79189
791891
791893
791894
791895
791896
791897
791898
791899
79190
791900
791901
791902
791903
791904
791906
791907
791908
791909
79191
791910
791911
791912
791913
791914
791915
791916
791918
791919
79192
791923
791924
791925
791926
791927
791928
791929
79193
791931
791932
791933
791934
791935
791936
791937
791938
791939
79194
791940
791941
791942
791943
791944
791945
791946
791947
791948
791949
79195
791950
791951
791952
791953
791954
791955
791956
791957
791958
791959
79196
791960
791961
791962
791963
791964
791965
791966
791968
791969
79197
791970
791971
791972
791974
791975
791976
791977
791978
791979
79198
791981
791982
791983
791984
791985
791986
791987
791988
791989
791991
791992
791994
791995
791996
791997
791998
791999
792
79200
792001
792002
792003
792004
792006
792007
792009
79201
792010
792011
792012
792013
792014
792015
792016
792017
792018
792019
79202
792020
792021
792023
792024
792025
792026
792027
792028
792029
79203
792031
792033
792034
792035
792036
792037
792038
792039
79204
792040
792041
792042
792043
792044
792045
792046
792047
792048
792049
792051
792052
792054
792055
792056
792057
792058
792059
79206
792061
792062
792063
792064
792066
792068
792069
79207
792070
792071
792072
792073
792075
792076
792078
792079
79208
792080
792081
792082
792083
792084
792085
792086
792087
792088
792089
79209
792090
792093
792094
792095
792096
792097
792098
792099
79210
792100
792101
792102
792103
792104
792105
792106
792107
792108
792109
79211
792111
792112
792114
792115
792116
792117
792118
792119
79212
792120
792123
792124
792125
792126
792127
792128
79213
792130
792131
792132
792133
792134
792135
792136
792137
792138
792139
792140
792141
792142
792143
792144
792145
792146
792148
792149
79215
792150
792151
792152
792153
792154
792155
792156
792157
792158
792159
79216
792160
792161
792162
792164
792165
792166
792167
792168
792169
79217
792170
792171
792172
792173
792174
792175
792176
792177
792178
792179
79218
792180
792181
792182
792183
792184
792185
792186
792187
792188
792189
79219
792190
792191
792192
792193
792194
792195
792196
792198
792199
79220
792200
792201
792202
792203
792204
792205
792206
792207
792208
792209
79221
792210
792211
792212
792213
792215
792216
792217
792218
792219
79222
792220
792221
792222
792223
792224
792225
792227
792228
792231
792234
792236
792237
792238
792239
79224
792240
792241
792242
792243
792244
792245
792246
792247
792248
792249
79225
792250
792251
792252
792253
792254
792255
792256
792257
792258
792259
792260
792261
792262
792263
792264
792265
792266
792267
792269
79227
792270
792271
792272
792273
792274
792275
792276
792277
792278
792279
79228
792280
792281
792282
792283
792284
792285
792286
792287
792288
792289
79229
792290
792291
792292
792293
792294
792295
792297
792298
792299
79230
792300
792301
792302
792303
792304
792306
792307
792308
79231
792310
792313
792314
792315
792316
792317
792318
792319
792320
792321
792322
792323
792324
792325
792326
792327
792328
792329
79233
792330
792331
792332
792333
792334
792335
792336
792337
792338
792339
79234
792341
792342
792343
792345
792346
792347
792349
79235
792350
792351
792352
792353
792354
792355
792356
792357
792358
792359
79236
792360
792361
792362
792363
792364
792365
792366
792367
792368
792369
79237
792370
792371
792372
792373
792374
792376
792379
79238
792380
792381
792382
792383
792384
792385
792387
792388
792389
79239
792391
792393
792396
792397
792399
79240
792400
792402
792404
792405
792406
792407
792408
792409
79241
792410
792411
792412
792413
792414
792415
792416
792417
792418
792419
79242
792420
792421
792422
792423
792424
792427
792428
792429
79243
792430
792431
792432
792433
792434
792435
792436
792438
792439
79244
792440
792441
792442
792443
792444
792445
792446
792447
792449
79245
792450
792451
792452
792453
792454
792455
792456
792457
792458
79246
792463
792467
792468
792469
79247
792470
792471
792472
792473
792474
792475
792476
792478
792479
79248
792480
792481
792482
792483
792484
792485
792486
792487
792488
792489
79249
792490
792491
792492
792493
792494
792495
792496
792497
792498
792499
79250
792500
792501
792502
792503
792504
792506
792507
792510
792511
792512
792513
792514
792515
792516
792517
792518
792519
79252
792520
792521
792522
792523
792524
792526
792527
792528
792529
79253
792530
792531
792532
792533
792534
792535
792536
792537
792538
792539
79254
792540
792541
792542
792543
792544
792545
792546
792547
792548
792549
792550
792551
792552
792553
792554
792556
792557
792558
792559
79256
792560
792562
792563
792564
792565
792566
792567
792568
792569
79257
792570
792571
792572
792573
792574
792575
792576
792578
792579
79258
792580
792582
792583
792584
792585
792586
792587
792588
792589
79259
792591
792592
792594
792595
792596
792597
792598
79260
792600
792601
792602
792604
792605
792606
792607
792609
79261
792610
792611
792612
792613
792614
792615
792616
792617
792618
79262
792620
792621
792624
792625
792626
792627
792628
792629
79263
792630
792631
792632
792633
792634
792635
792636
792637
792638
792639
79264
792640
792641
792643
792644
792645
792646
792647
792649
79265
792650
792651
792652
792654
792657
792658
792659
79266
792660
792661
792662
792663
792664
792665
792666
792667
792668
79267
792672
792673
792677
792678
79268
792681
792682
792684
792685
792686
792687
792688
792689
79269
792690
792691
792692
792693
792694
792695
792696
792697
792698
792699
79270
792700
792701
792702
792703
792704
792707
792708
792709
792710
792711
792712
792713
792715
792716
792717
792718
792719
79272
792720
792722
792723
792724
792726
792727
792728
79273
792730
792731
792732
792733
792736
792739
79274
792740
792741
792742
792743
792744
792745
792746
792747
792748
792749
79275
792750
792752
792753
792754
792755
792756
792757
792758
792759
79276
792760
792761
792762
792763
792764
792765
792767
792768
792769
79277
792770
792771
792772
792773
792774
792775
792776
792777
792778
79278
792780
792781
792782
792783
792784
792786
792787
792788
79279
792790
792791
792792
792793
792794
792795
792796
792797
792798
792799
792800
792801
792802
792803
792804
792805
792806
792807
792808
792809
79281
792810
792811
792812
792813
792814
792815
792816
792817
792818
792819
79282
792820
792821
792822
792823
792824
792825
792826
792827
792828
792829
79283
792830
792831
792832
792833
792834
792835
792836
792837
792838
792839
79284
792840
792841
792844
792845
792846
792847
792848
792849
79285
792850
792851
792852
792853
792854
792855
792857
792858
792859
79286
792861
792862
792863
792865
792866
792867
792868
792869
79287
792870
792871
792872
792873
792875
792876
792877
792878
792879
79288
792880
792881
792882
792884
792885
792888
792889
79289
792890
792892
792895
792897
792898
792899
79290
792900
792901
792902
792903
792904
792905
792906
792907
792908
792909
79291
792910
792911
792912
792914
792916
792917
792918
79292
792920
792921
792923
792924
792926
792927
792928
792929
79293
792930
792931
792932
792933
792934
792935
792936
792937
792938
792939
79294
792940
792941
792942
792943
792944
792946
792947
792948
792949
79295
792950
792951
792952
792953
792954
792955
792957
792958
792959
79296
792961
792962
792964
792965
792966
792967
792968
792969
79297
792970
792971
792972
792973
792974
792975
792976
792977
792978
792979
79298
792981
792982
792983
792985
792988
792989
79299
792990
792991
792992
792993
792994
792995
792996
792997
792998
793
79300
793002
793003
793006
793008
793009
79301
793011
793012
793013
793014
793015
793016
793017
793018
79302
793020
793021
793022
793024
793025
793026
793027
793028
793029
79303
793030
793032
793033
793034
793035
793036
793038
79304
793040
793041
793045
793046
793047
793048
793049
79305
793050
793051
793052
793053
793054
793055
793056
793057
793058
793059
79306
793060
793061
793062
793063
793064
793065
793066
793067
793068
793069
79307
793070
793071
793072
793073
793074
793075
793076
793077
793078
793079
79308
793080
793081
793082
793083
793084
793085
793087
793088
793089
79309
793090
793091
793094
793096
793097
793098
793099
79310
793100
793101
793102
793103
793105
793107
793108
793113
793115
793116
793117
793118
793119
793120
793121
793122
793123
793124
793125
793126
793127
793128
793129
79313
793130
793131
793132
793133
793134
793135
793136
793137
793138
793139
79314
793140
793141
793142
793144
793145
793146
793147
793148
793149
79315
793150
793152
793153
793154
793155
793156
793157
793158
793159
79316
793160
793161
793162
793163
793164
793165
793166
793167
793168
793169
79317
793170
793171
793172
793173
793174
793176
793177
793178
793179
79318
793180
793181
793182
793183
793184
793185
793186
793187
793188
793189
79319
793190
793191
793192
793194
793195
793196
793197
793198
793199
79320
793200
793201
793202
793203
793204
793205
793206
793207
793208
793209
79321
793210
793211
793212
793213
793214
793215
793216
793217
793218
793219
79322
793220
793221
793222
793223
793224
793225
793226
793227
793228
793229
793230
793231
793232
793234
793235
793236
793237
793238
79324
793242
793243
793244
793245
793246
793247
793248
793249
79325
793250
793252
793253
793254
793255
793257
793258
