793259
79326
793260
793261
793262
793263
793264
793265
793266
793267
793268
793269
79327
793270
793271
793273
793274
793275
793276
793277
793279
79328
793281
793282
793283
793284
793285
793286
793287
793288
793289
79329
793290
793292
793293
793296
793298
793299
79330
793300
793301
793302
793303
793304
793305
793306
793307
793308
793309
79331
793310
793312
793313
793314
793315
793318
793319
79332
793320
793321
793322
793323
793324
793325
793326
793327
793328
793329
79333
793330
793331
793332
793333
793334
793336
793337
793338
793339
79334
793340
793341
793342
793344
793345
793346
793347
793348
793349
79335
793350
793351
793352
793353
793354
793355
793356
793357
793358
793359
79336
793360
793361
793362
793363
793364
793365
793366
793367
793368
793369
79337
793370
793371
793372
793373
793374
793375
793376
793377
793379
793380
793381
793382
793383
793384
793385
793386
793387
793388
793389
793390
793391
793392
793393
793395
793396
793397
793398
793399
79340
793400
793401
793403
793404
793405
793406
793407
793408
793409
793410
793411
793412
793413
793414
793415
793416
793417
793418
793419
793420
793421
793422
793423
793424
793425
793426
793427
793428
793429
79343
793430
793431
793432
793433
793434
793435
793436
793437
793438
793439
79344
793441
793442
793443
793444
793445
793446
793447
793448
793449
79345
793450
793451
793452
793453
793454
793455
793456
793457
793458
793459
79346
793461
793462
793463
793464
793465
793466
793467
793469
793470
793471
793472
793473
793474
793475
793476
793477
793478
793479
79348
793480
793481
793482
793483
793485
793486
793487
793488
793489
79349
793490
793492
793493
793494
793495
793496
793498
79350
793501
793502
793503
793504
793505
793506
793507
793509
793510
793511
793512
793513
793514
793515
793516
793517
793518
793519
79352
793520
793521
793522
793523
793524
793525
793526
793527
793528
793529
79353
793530
793531
793532
793533
793534
793535
793536
793537
793538
793539
79354
793540
793541
793542
793543
793544
793545
793546
793547
793548
793549
79355
793550
793551
793552
793553
793554
793555
793556
793557
793558
793559
79356
793561
793562
793563
793564
793566
793567
793569
79357
793570
793571
793572
793573
793575
793576
793578
793579
79358
793580
793581
793582
793583
793584
793585
793586
793587
793588
79359
793590
793591
793592
793593
793594
793595
793596
793598
793599
79360
793600
793601
793602
793603
793604
793605
793606
793607
793608
79361
793610
793611
793612
793613
793616
793617
793618
79362
793621
793622
793623
793624
793625
793626
793627
793628
793629
79363
793630
793632
793633
793634
793635
793637
793638
793639
79364
793640
793641
793642
793643
793644
793645
793646
793648
793649
79365
793650
793651
793652
793653
793654
793655
793656
793657
793658
793659
79366
793660
793661
793662
793664
793665
793667
793668
793669
79367
793671
793672
793673
793674
793675
793676
793677
793678
793679
79368
793680
793681
793682
793684
793685
793686
793687
793688
793689
79369
793690
793691
793692
793693
793694
793695
793696
793697
793698
793699
793700
793701
793702
793703
793704
793705
793706
793707
793708
793709
79371
793710
793711
793712
793713
793714
793715
793716
793717
793718
793719
79372
793720
793721
793722
793723
793724
793725
793727
793728
793729
79373
793730
793731
793732
793733
793734
793735
793736
793737
793738
793739
79374
793740
793741
793742
793743
793744
793745
793746
793747
793748
793749
79375
793750
793751
793752
793753
793754
793755
793756
793757
793758
793759
79376
793760
793761
793762
793764
793765
793767
79377
793770
793771
793775
793779
79378
793780
793781
793782
793783
793784
793785
793786
793787
793788
793789
79379
793791
793792
793793
793794
793795
793796
793797
793798
793799
79380
793800
793802
793803
793804
793805
793806
793807
793808
793809
79381
793810
793811
793812
793813
793814
793816
793817
793818
79382
793820
793822
793823
793824
793825
793826
793827
793828
793829
793831
793832
793833
793834
793835
793836
793837
793838
793839
79384
793840
793843
793846
793847
793848
793849
79385
793850
793851
793852
793853
793854
793855
793856
793857
793858
793859
79386
793860
793861
793862
793863
793864
793865
793866
793867
793868
793869
79387
793870
793871
793873
793874
793875
793876
793878
793879
79388
793880
793881
793882
793884
793885
793886
793887
793888
793889
79389
793890
793891
793892
793893
793894
793895
793896
793897
793898
793899
79390
793900
793901
793902
793903
793905
793906
793907
793908
793909
79391
793910
793911
793912
793913
793914
793915
793916
793917
793918
793919
79392
793920
793921
793923
793924
793925
793926
793927
793928
793929
79393
793930
793931
793932
793933
793934
793935
793936
793937
793938
793939
79394
793940
793941
793942
793944
793947
793949
79395
793950
793952
793953
793954
793955
793956
793957
793959
79396
793960
793961
793962
793965
793967
79397
793970
793971
793972
793973
793974
793975
793977
793978
793979
79398
793981
793982
793983
793984
793985
793988
793989
79399
793990
793991
793992
793993
793994
793995
793996
793997
793998
793999
794
79400
794000
794001
794002
794003
794004
794005
794006
794007
794008
794009
79401
794012
794013
794014
794015
794016
794017
794018
794019
79402
794020
794021
794022
794023
794024
794025
794026
794027
794028
794029
79403
794030
794032
794033
794035
794036
794037
794038
794039
79404
794040
794041
794042
794043
794046
794047
79405
794051
794052
794053
794054
794055
794057
794058
794059
79406
794060
794061
794062
794063
794064
794067
794068
794069
79407
794070
794071
794072
794073
794074
794075
794076
794077
794078
794079
79408
794080
794081
794082
794083
794084
794085
794086
794087
794088
794089
79409
794090
794091
794092
794093
794094
794095
794096
794097
794098
794099
79410
794100
794101
794103
794104
794105
794106
794107
794108
794109
79411
794110
794111
794114
794116
794117
794118
794119
79412
794121
794122
794123
794124
794125
794126
794127
794128
794129
79413
794130
794131
794132
794133
794135
794136
794137
794138
794139
79414
794140
794141
794142
794143
794144
794145
794146
794147
794148
794149
794150
794151
794152
794153
794154
794155
794156
794157
794158
794159
79416
794160
794161
794162
794163
794164
794165
794166
794167
794168
794169
79417
794170
794171
794172
794173
794174
794175
794176
794177
794178
794179
79418
794181
794182
794183
794184
794185
794186
794187
794188
794189
79419
794190
794191
794192
794193
794194
794195
794196
794197
794198
794199
7942
79420
794200
794201
794202
794203
794205
794206
794207
794209
79421
794210
794212
794213
794214
794216
794217
794218
794219
79422
794220
794221
794222
794223
794224
794227
794228
794229
79423
794230
794231
794232
794233
794234
794235
794236
794237
794238
794239
79424
794240
794241
794242
794245
794246
794248
794249
79425
794250
794251
794252
794253
794254
794255
794256
794257
794258
794259
79426
794260
794261
794262
794263
794265
794266
794267
794268
794269
79427
794270
794271
794272
794273
794274
794275
794277
794278
79428
794280
794281
794282
794283
794284
794285
794286
794287
794288
794289
79429
794290
794292
794293
794294
794295
794296
794297
794298
794299
79430
794300
794301
794302
794303
794304
794305
794306
794307
794308
794309
79431
794310
794312
794313
794314
794315
794316
794317
794318
794319
79432
794320
794321
794322
794323
794324
794325
794326
794327
794328
794329
79433
794330
794331
794332
794334
794335
794336
794337
794338
794339
79434
794340
794341
794342
794343
794344
794345
794346
794347
794348
794349
79435
794350
794353
794354
794355
794356
794357
794358
794359
79436
794360
794361
794362
794363
794364
794365
794366
794367
794368
794369
79437
794370
794371
794372
794373
794375
794376
794377
794378
794379
79438
794380
794381
794382
794383
794384
794385
794386
794387
794388
794389
79439
794390
794391
794392
794394
794395
794397
794398
794399
7944
79440
794400
794401
794402
794403
794404
794405
794406
794408
79441
794410
794411
794412
794413
794414
794415
794416
794417
794418
794419
79442
794420
794421
794422
794423
794424
794425
794426
794427
794428
794429
79443
794430
794432
794433
794436
794437
794438
794439
79444
794440
794441
794442
794443
794444
794445
794446
794447
794449
794450
794451
794452
794453
794454
794455
794456
794457
794458
794459
79446
794460
794461
794462
794463
794466
794467
79447
794470
794471
794472
794473
794475
794476
794477
794478
794479
79448
794480
794481
794482
794483
794484
794485
794486
794487
794489
794490
794491
794493
794494
794495
794496
794497
794498
794499
794500
794501
794502
794504
794505
794506
794507
794508
794509
79451
794510
794511
794512
794513
794514
794516
794518
79452
794520
794521
794522
794523
794524
794525
794526
794527
794528
794529
794530
794531
794533
794534
794535
794538
794539
79454
794540
794541
794542
794543
794544
794545
794546
794547
794548
794549
79455
794550
794551
794552
794553
794554
794555
794557
794558
79456
794560
794561
794562
794563
794564
794566
794567
794568
794569
79457
794570
794572
794574
794575
794576
794577
794578
794579
79458
794580
794581
794582
794583
794584
794585
794586
794587
794588
794589
79459
794590
794591
794592
794593
794594
794595
794596
794597
794598
794600
794601
794602
794603
794604
794606
794607
794608
794609
79461
794610
794611
794613
794614
794615
794616
794617
794618
794619
79462
794620
794623
794624
794625
794626
794627
794628
794629
79463
794630
794631
794632
794633
794634
794635
794636
794637
794638
794639
79464
794640
794642
794643
794644
794645
794646
794648
794649
79465
794650
794651
794652
794653
794654
794655
794657
794658
794659
79466
794661
794662
794664
794665
794666
794667
794668
794669
79467
794670
794671
794672
794673
794674
794675
794676
794677
794678
79468
794680
794681
794682
794683
794684
794685
794686
794687
794688
794689
79469
794690
794691
794692
794694
794695
794696
794697
794698
794699
79470
794700
794701
794703
794704
794705
794706
794707
794708
794709
79471
794710
794711
794713
794716
794717
794718
794719
79472
794720
794721
794722
794724
794725
794726
794727
794728
794729
79473
794730
794731
794732
794733
794734
794735
794736
794737
794738
794739
79474
794740
794741
794742
794743
794745
794746
794747
794748
79475
794750
794751
794753
794754
794755
794756
794757
794758
794759
79476
794760
794761
794763
794764
794765
794766
794767
794768
794769
79477
794770
794772
794774
794775
794776
794777
794778
794779
79478
794780
794781
794782
794783
794784
794785
794786
794787
794788
794789
79479
794790
794791
794792
794793
794794
794795
794796
794798
794799
79480
794800
794801
794803
794804
794805
794806
794807
794808
794809
79481
794811
794812
794813
794814
794815
794816
794817
794818
794819
79482
794820
794821
794823
794824
794825
794826
794828
794829
79483
794830
794831
794832
794833
794834
794835
794836
794837
794838
794839
79484
794841
794842
794843
794844
794846
794847
794848
794849
79485
794850
794851
794852
794854
794855
794856
794857
794858
794859
79486
794860
794861
794862
794863
794864
794865
794866
794867
794868
794869
79487
794870
794871
794872
794873
794874
794875
794876
794877
794878
794879
794880
794881
794882
794883
794884
794885
794886
794887
794888
794889
794890
794891
794892
794893
794894
794895
794896
794897
794898
794899
79490
794900
794901
794902
794903
794904
794905
794906
794907
794908
794909
79491
794910
794911
794913
794914
794918
794919
79492
794920
794921
794923
794925
794926
794927
794929
79493
794930
794932
794933
794934
794935
794937
794938
79494
794940
794942
794944
794945
794946
794947
794948
794949
79495
794950
794951
794952
794953
794954
794956
794957
794958
794959
79496
794960
794961
794962
794963
794964
794965
794966
794967
794968
794969
79497
794970
794971
794972
794973
794974
794975
794976
794977
794978
79498
794980
794981
794982
794983
794984
794985
794986
794987
794989
79499
794991
794992
794993
794994
794995
794996
794997
794999
795
79500
795000
795001
795002
795003
795004
795005
795006
795007
795009
79501
795010
795011
795012
795013
795014
795015
795016
795017
795018
79502
795020
795021
795022
795023
795024
795025
795026
795027
795028
795029
79503
795030
795031
795032
795033
795034
795035
795036
795037
795038
795039
795041
795042
795043
795044
795045
795046
795047
795048
795049
79505
795050
795052
795053
795054
795057
795058
795059
79506
795061
795062
795064
795065
795066
795067
795068
795069
79507
795070
795071
795072
795073
795074
795075
795077
795078
795079
79508
795080
795081
795082
795083
795084
795085
795086
795087
795088
795089
79509
795091
795092
795093
795094
795096
795097
795098
795099
79510
795100
795101
795102
795103
795104
795105
795106
795107
795108
795109
79511
795113
795114
795115
795116
795117
795118
795119
79512
795120
795121
795122
795123
795124
795125
795127
795128
795129
79513
795130
795131
795132
795133
795134
795135
795136
795137
795138
795139
79514
795140
795141
795142
795143
795144
795145
795146
795147
795148
795149
79515
795151
795152
795153
795154
795155
795156
795157
795158
795159
79516
795161
795162
795164
795166
795167
795168
79517
795170
795171
795172
795173
795174
795175
795176
795177
795178
795179
79518
795180
795181
795182
795183
795184
795185
795186
795187
795188
795189
79519
795190
795191
795192
795193
795194
795195
795196
795197
795198
795199
795200
795201
795202
795203
795204
795205
795206
795209
79521
795211
795213
795215
795216
795217
795218
795219
79522
795220
795221
795222
795223
795224
795225
795226
795227
795228
795229
79523
795230
795231
795232
795234
795235
795236
795237
795238
795239
79524
795240
795242
795243
795244
795245
795246
795247
795248
795249
79525
795251
795253
795254
795255
795257
795259
79526
795260
795262
795263
795264
795265
795266
795267
795268
795269
79527
795270
795272
795273
795275
795276
795278
79528
795280
795281
795282
795283
795284
795285
795286
795288
795289
79529
795290
795291
795292
795293
795294
795295
795296
795297
795298
795299
795300
795301
795302
795303
795304
795305
795308
795309
79531
795310
795311
795312
795313
795314
795315
795316
795317
795318
795319
795320
795321
795322
795323
795324
795325
795326
795327
795328
795329
795330
795331
795332
795333
795334
795335
795336
795337
795338
795339
79534
795340
795341
795342
795343
795344
795345
795346
795347
795348
795350
795351
795354
795355
795356
795357
795358
795359
79536
795360
795361
795362
795363
795364
795365
795366
795367
795368
795369
795370
795371
795372
795373
795374
795375
795376
795378
795379
79538
795380
795382
795383
795384
795385
795387
795388
795389
79539
795390
795392
795393
795394
795395
795396
795397
795398
795399
79540
795400
795401
795402
795403
795404
795405
795406
795407
795408
795409
79541
795410
795411
795412
795414
795415
795417
795418
795419
79542
795420
795421
795422
795423
795424
795425
795426
795427
795428
795429
795430
795431
795432
795434
795435
795436
795437
795438
795439
79544
795440
795441
795442
795443
795444
795445
795447
795448
79545
795450
795451
795452
795453
795454
795455
795456
795457
795458
795459
79546
795460
795462
795463
795464
795465
795466
795467
795468
795469
79547
795470
795471
795472
795473
795474
795475
795476
795477
795478
795479
79548
795480
795481
795482
795483
795484
795485
795486
795487
795488
795489
79549
795491
795492
795494
795497
795498
79550
795500
795501
795502
795503
795504
795505
795506
795507
795508
795509
79551
795510
795511
795512
795513
795514
795515
795516
795518
795519
79552
795521
795522
795523
795524
795525
795526
795527
795528
795529
79553
795530
795531
795532
795533
795534
795535
795536
795537
795539
79554
795540
795542
795545
795546
795547
795549
79555
795550
795551
795555
795556
795557
795558
795559
79556
795560
795562
795563
795564
795565
795566
795567
795568
795569
79557
795570
795571
795574
795575
795576
795577
795578
795579
79558
795580
795581
795582
795583
795585
795586
795587
795588
795589
79559
795590
795591
795592
795593
795594
795595
795596
795597
795598
795599
79560
795600
795601
795602
795603
795604
795605
795606
795607
795608
795609
79561
795610
795611
795612
795613
795615
795616
795617
795618
79562
795620
795621
795622
795623
795624
795625
795626
795627
795628
795629
79563
795630
795631
795632
795633
795635
795636
795637
795638
795639
79564
795640
795641
795645
795646
795647
795648
795649
79565
795650
795652
795653
795654
795655
795656
795659
79566
795660
795661
795662
795663
795664
795665
795666
795667
795668
795669
79567
795670
795672
795673
795674
795675
795676
795677
795678
795679
79568
795680
795681
795682
795683
795684
795685
795686
795687
795688
795689
79569
795690
795691
795692
795693
795694
795695
795697
795698
79570
795700
795701
795702
795703
795705
795706
795707
795708
795709
79571
795711
795712
795713
795714
795715
795716
795717
795718
795719
79572
795720
795721
795722
795723
795724
795725
795726
795727
795728
795729
79573
795730
795731
795732
795733
795734
795735
795736
795737
795738
795739
79574
795740
795741
795742
795743
795745
795746
795747
795748
795749
79575
795750
795752
795753
795754
795755
795756
795757
795758
795759
79576
795760
795761
795763
795764
795765
795766
795767
795768
795769
79577
795770
795771
795772
795773
795774
795775
795776
795777
795778
795779
79578
795780
795781
795782
795783
795784
795786
795788
795789
79579
795790
795791
795792
795793
795794
795796
795797
795798
79580
795800
795801
795802
795803
795804
795806
795808
795809
795811
795812
795813
795814
795815
795816
795817
795818
795819
79582
795820
795822
795823
795824
795825
795826
795827
795829
79583
795830
795831
795832
795833
795834
795835
795836
795837
795838
795839
79584
795840
795841
795842
795843
795844
795845
795846
795847
795848
795849
79585
795850
795851
795852
795853
795854
795855
795856
795857
795858
795859
79586
795860
795861
795863
795864
795865
795866
795867
795868
795869
79587
795870
795871
795872
795873
795874
795875
795877
795878
79588
795880
795881
795882
795883
795884
795885
795886
795887
795888
795889
79589
795890
795891
795892
795893
795894
795895
795896
795897
795898
795899
79590
795900
795901
795904
795905
795906
795907
795908
795909
79591
795910
795911
795912
795913
795914
795915
795917
795918
795920
795921
795922
795923
795924
795925
795927
795928
795929
79593
795930
795934
795935
795936
795937
795938
795939
79594
795940
795945
795946
795947
795949
79595
795950
795952
795953
795954
795955
795956
795957
795959
79596
795960
795961
795962
795963
795964
795965
795967
795968
795969
79597
795970
795971
795972
795973
795974
795975
795976
795977
795978
795979
79598
795980
795981
795982
795983
795985
795987
795988
795989
79599
795990
795991
795992
795993
795994
795995
795996
795997
795998
795999
796
79600
796000
796001
796002
796003
796004
796005
796006
796008
79601
796010
796011
796012
796013
796014
796015
796016
796017
796018
796019
79602
796020
796021
796022
796023
796024
796025
796026
796027
796028
796029
79603
796030
796032
796033
796034
796035
796036
796037
796038
796039
79604
796040
796041
796042
796043
796044
796045
796046
796047
796048
796049
79605
796050
796051
796052
796053
796054
796055
796056
796057
796058
796059
79606
796060
796061
796062
796063
796064
796065
796066
796068
796069
796071
796072
796073
796075
796076
796077
796078
796079
79608
796080
796081
796082
796083
796084
796085
796087
796088
796089
79609
796090
796091
796092
796093
796094
796095
796096
796097
796099
79610
796101
796102
796103
796104
796105
796106
796107
796108
79611
796110
796111
796112
796113
796115
796116
796117
796119
796120
796121
796122
796123
796124
796125
796126
796127
796128
796129
79613
796130
796131
796132
796133
796134
796135
796136
796137
796138
796139
79614
796140
796141
796142
796143
796144
796145
796146
796147
796148
796149
79615
796150
796151
796152
796153
796154
796155
796156
796157
796158
796159
79616
796160
796161
796162
796164
796165
796166
796167
796168
796169
79617
796170
796171
796172
796174
796175
796176
796177
796178
796179
79618
796180
796181
796182
796183
796184
796185
796187
796189
79619
796192
796193
796194
796195
796196
796197
796199
79620
796202
796204
796205
796206
796207
796208
79621
796210
796211
796213
796214
796215
796216
796217
796218
796219
79622
796220
796221
796222
796224
796225
796227
796229
79623
796230
796234
796235
796236
796237
796238
796239
79624
796241
796242
796243
796244
796245
796246
796247
796248
796249
79625
796250
796251
796252
796253
796254
796255
796256
796257
796258
796259
79626
796260
796261
796262
796263
796264
796265
796266
796267
796268
796269
79627
796271
796272
796273
796275
796276
796277
796278
79628
796280
796281
796283
796284
796285
796286
796287
796288
796289
79629
796290
796291
796292
796293
796294
796296
796297
796298
796299
796300
796301
796302
796303
796305
796307
796308
796309
79631
796310
796311
796312
796313
796314
796315
796316
796317
796318
796319
79632
796320
796321
796323
796325
796326
796327
796328
796329
79633
796331
796334
796335
796336
796337
796338
796339
79634
796341
796342
796344
796345
796346
796347
796348
796349
79635
796350
796351
796352
796353
796354
796355
796356
796357
796358
796359
79636
796360
796361
796362
796364
796365
796367
796368
796369
79637
796371
796372
796373
796374
796375
796376
796377
796378
796379
79638
796380
796381
796382
796383
796384
796385
796386
796387
796388
796389
79639
796390
796391
796392
796393
796394
796395
796397
796398
796399
79640
796400
796401
796402
796403
796404
796405
796406
796407
796408
796409
79641
796410
796411
796412
796413
796414
796415
796416
796417
796418
796419
79642
796420
796421
796422
796423
796424
796425
796426
796427
796428
796429
79643
796430
796431
796432
796433
796434
796435
796436
796437
796438
796439
79644
796440
796441
796442
796443
796444
796445
796446
796447
796448
796449
79645
796450
796451
796453
796454
796455
796456
796457
796458
79646
796460
796461
796462
796463
796464
796465
796466
796468
796473
796474
796475
796476
796477
796479
79648
796480
796481
796482
796483
796484
796485
796487
796488
796489
79649
796490
796491
796492
796493
796494
796495
796497
796498
796499
79650
796500
796504
796505
796506
796507
796508
796509
79651
796510
796511
796512
796513
796514
796515
796516
796517
796518
796519
796520
796521
796522
796523
796524
796525
796526
796527
796529
79653
796530
796532
796533
796534
796535
796536
796537
796538
796539
796540
796541
796542
796543
796544
796545
796546
796547
796548
796549
796550
796551
796552
796553
796554
796555
796557
796558
796559
79656
796561
796562
796563
796564
796565
796566
796567
796569
79657
796570
796571
796572
796573
796574
796575
796577
796578
796579
796580
796581
796582
796583
796584
796585
796587
796588
796589
79659
796591
796592
796593
796594
796595
796596
796597
796598
796599
79660
796600
796601
796602
796603
796604
796605
796606
796607
796608
796609
79661
796610
796611
796612
796614
796615
796616
796617
796619
79662
796620
796621
796622
796624
796625
796626
796627
796628
796629
79663
796630
796631
796632
796633
796634
796635
796636
796637
796638
796639
796640
796641
796643
796644
796645
796646
796647
796648
796649
79665
796650
796651
796652
796653
796654
796655
796656
796657
796658
796659
79666
796660
796662
796663
796664
796665
796667
796668
796669
79667
796670
796671
796672
796674
796675
796676
796677
796678
796679
796680
796681
796682
796683
796684
796685
796686
796687
796688
796689
79669
796690
796691
796692
796693
796694
796695
796696
796697
796698
796699
796700
796701
796702
796703
796704
796705
796706
796707
796708
796709
796710
796711
796712
796713
796714
796715
796716
796719
79672
796720
796721
796723
796724
796725
796726
796727
796728
796729
79673
796730
796731
796733
796734
796736
796737
796738
796739
79674
796740
796741
796742
796743
796744
796745
796746
796747
796748
796749
79675
796750
796751
796752
796753
796754
796755
796756
796757
796758
796759
79676
796760
796761
796762
796763
796764
796765
796767
796769
796770
796771
796772
796773
796774
796775
796776
796777
796778
796779
79678
796780
796781
796782
796783
796784
796785
796786
796787
796788
796789
79679
796790
796791
796792
796793
796794
796795
796796
796798
796799
79680
796800
796801
796802
796803
796804
796805
796806
796807
79681
796812
796813
796814
796816
796817
796818
796819
79682
796821
796823
796824
796825
796826
796827
796828
796829
79683
796830
796831
796832
796835
796836
796837
796839
79684
796840
796841
796842
796843
796844
796846
796847
796848
796849
79685
796850
796851
796853
796854
796855
796856
796857
796858
796859
796860
796861
796862
796863
796865
796866
796867
796868
796869
796870
796871
796872
796873
796874
796875
796876
796877
796878
796879
79688
796880
796881
796882
796883
796884
796885
796886
796887
796888
796889
796890
796891
796892
796893
796894
796895
796896
796897
796898
796899
79690
796900
796901
796903
796904
796905
796906
796907
796908
796909
79691
796910
796911
796912
796914
796915
796916
796917
796918
796919
79692
796920
796921
796922
796923
796924
796925
796926
796927
796928
796929
79693
796930
796931
796932
796933
796934
796935
796936
796937
796938
796939
79694
796940
796941
796942
796943
796944
796945
796946
796947
796948
796949
79695
796950
796951
796952
796953
796954
796955
796956
796957
796958
79696
796961
796963
796964
796965
796966
796967
796968
796969
79697
796970
796971
796972
796973
796974
796976
796979
79698
796980
796981
796982
796983
796984
796985
796987
796988
796989
79699
796990
796991
796992
796993
796994
796996
796997
796998
796999
797
79700
797000
797001
797002
797003
797004
797006
797007
797008
797009
79701
797010
797011
797012
797013
797014
797015
797016
797017
797018
797019
79702
797020
797021
797022
797023
797024
797025
797026
797027
797028
797029
79703
797030
797031
797032
797033
797034
797035
797036
797037
797038
797039
79704
797040
797041
797042
797043
797044
797045
797046
797047
797048
797049
797050
797051
797052
797053
797054
797055
797056
797057
797058
797059
79706
797062
797063
797064
797065
797067
797069
79707
797070
797071
797072
797073
797075
797076
797077
797078
797079
79708
797080
797081
797082
797083
797084
797085
797086
797087
797088
797089
79709
797090
797091
797092
797093
797094
797095
797096
797097
797098
797099
79710
797100
797101
797102
797104
797105
797106
797107
797108
797109
79711
797110
797111
797113
797114
797115
797116
797119
79712
797120
797121
797122
797123
797124
797125
797126
797127
797128
797129
79713
797130
797131
797132
797133
797134
797135
797136
797137
797138
797139
79714
797140
797141
797142
797143
797144
797145
797146
797147
797148
797150
797152
797156
797157
797158
79716
797160
797161
797162
797163
797164
797165
797166
797167
797168
797169
79717
797170
797171
797172
797173
797174
797175
797176
797177
797178
797179
79718
797180
797182
797183
797185
797186
797187
797188
797189
79719
797190
797191
797192
797193
797194
797195
797196
797197
797198
797199
7972
79720
797200
797201
797202
797203
797204
797205
797206
797207
797208
797209
79721
797210
797211
797212
797213
797214
797215
797216
797217
797218
797219
79722
797220
797221
797222
797223
797224
797226
797227
797228
797229
79723
797230
797231
797233
797234
797235
797236
797237
797238
797239
797240
797241
797242
797243
797245
797246
797249
79725
797251
797252
797253
797254
797255
797256
797257
797258
797259
79726
797260
797261
797262
797263
797264
797265
797266
797268
797269
797270
797271
797272
797273
797274
797275
797277
797278
797279
79728
797280
797281
797282
797283
797284
797286
797287
797288
797289
79729
797290
797292
797293
797294
797296
797298
797299
7973
79730
797300
797301
797302
797303
797304
797305
797306
797307
797308
797309
79731
797310
797311
797312
797313
797314
797316
797317
797318
797319
79732
797322
797323
797324
797325
797326
797328
797329
79733
797330
797331
797332
797333
797334
797336
797337
797338
797339
79734
797341
797343
797344
797345
797346
797347
797349
79735
797350
797351
797352
797353
797354
797355
797356
797358
797359
797360
797361
797362
797363
797365
797366
797367
797368
797369
79737
797370
797371
797372
797373
797374
797375
797376
797377
797378
797379
79738
797380
797381
797382
797384
797385
797386
797387
797388
797389
79739
797390
797391
797392
797393
797394
797395
797396
797397
797398
797399
7974
79740
797400
797401
797403
797404
797405
797406
797408
797409
797410
797411
797413
797414
797415
797416
797417
797418
797420
797421
797423
797424
797425
797426
797427
797428
797429
79743
797430
797431
797432
797433
797434
797435
797436
797437
797439
79744
797441
797442
797443
797444
797445
797446
797447
797448
797449
79745
797450
797453
797454
797456
797457
797459
79746
797460
797461
797462
797465
797466
797467
79747
797471
797472
797473
797474
797475
797476
797477
797478
797479
79748
797480
797481
797482
797483
797484
797485
797486
797487
797488
797489
79749
797490
797492
797493
797495
797496
797497
797498
797499
7975
79750
797500
797501
797502
797503
797504
797505
797506
797507
797508
797509
79751
797510
797512
797513
797514
797517
797518
797519
79752
797520
797521
797522
797523
797524
797525
797526
797527
797528
797529
79753
797530
797531
797533
797534
797535
797536
797537
797538
797539
79754
797540
797541
797542
797543
797544
797546
797547
797549
79755
797550
797551
797552
797553
797554
797555
797556
797557
797558
797559
79756
797560
797561
797563
797564
797565
797566
797567
797568
797569
79757
797571
797573
797574
797575
797577
797579
79758
797580
797581
797582
797583
797585
797586
797587
797588
797589
79759
797590
797591
797592
797593
797595
797596
797597
797598
797599
79760
797600
797601
797602
797603
797604
797605
797606
797607
797608
797609
79761
797610
797611
797612
797614
797616
797617
797618
797619
79762
797620
797621
797622
797623
797624
797625
797626
797627
797628
797629
797630
797631
797632
797633
797636
797637
797638
797639
797641
797642
797643
797644
797645
797646
797647
797648
797649
797650
797651
797652
797653
797655
797656
797657
797658
797659
79766
797660
797661
797662
797663
797664
797665
797666
797667
797669
79767
797670
797671
797673
797674
797675
797676
797677
797678
797679
79768
797680
797681
797682
797683
797684
797685
797686
797687
797689
79769
797690
797691
797692
797693
797694
797695
797696
797697
797698
797699
79770
797700
797701
797703
797704
797705
797706
797707
797708
797709
79771
797710
797711
797713
797714
797715
797716
797717
797718
797719
79772
797720
797721
797724
797725
797726
797727
797728
797729
79773
797731
797732
797733
797734
797735
797736
797738
79774
797740
797742
797743
797744
797745
797746
797747
797748
79775
797750
797751
797753
797754
797755
797756
797757
797759
79776
797760
797761
797762
797764
797765
797766
797767
797768
797769
79777
797770
797771
797772
797773
797775
797776
797777
797778
797779
79778
797781
797782
797783
797784
797785
797786
797787
797788
797789
79779
797791
797792
797793
797794
797795
797796
797797
797798
797799
7978
79780
797800
797801
797802
797804
797805
797806
797807
797808
797809
79781
797810
797811
797812
797813
797814
797815
797816
797817
797818
797819
79782
797820
797821
797822
797823
797826
797827
797828
797829
79783
797830
797832
797833
797834
797835
797836
797837
797838
797839
79784
797840
797841
797842
797843
797844
797845
797849
79785
797850
797851
797852
797853
797854
797855
797856
797857
797858
797859
79786
797860
797861
797862
797863
797864
797865
797866
797867
797868
797869
79787
797870
797871
797872
797873
797874
797875
797876
797878
797879
79788
797880
797881
797882
797883
797884
797885
797886
797887
797888
797889
79789
797890
797891
797892
797894
797895
797896
797897
797898
797899
7979
79790
797900
797901
797902
797903
797904
797905
797906
797907
797908
797909
79791
797910
797911
797912
797913
797914
797915
797916
797917
797918
797919
79792
797920
797922
797923
797924
797925
797927
797928
797929
797930
797931
797932
797933
797934
797935
797936
797937
797938
797939
79794
797940
797941
797942
797943
797944
797945
797946
797947
797949
797950
797951
797952
797953
797956
797957
797958
797959
79796
797960
797961
797962
797963
797964
797965
797966
797967
797968
79797
797970
797971
797972
797973
797974
797975
797976
797977
797978
797979
797980
797981
797982
797983
797984
797985
797986
797987
797988
797989
797990
797991
797992
797993
797994
797996
797997
797998
797999
798
7980
79800
798000
798001
798002
798003
798004
798005
798006
798007
798008
798009
798010
798011
798012
798013
798014
798015
798016
798017
798018
798019
79802
798020
798021
798022
798024
798025
798026
798027
798028
798029
79803
798030
798031
798032
798033
798034
798035
798036
798037
798038
798039
79804
798040
798041
798042
798044
798046
798047
798048
798049
79805
798050
798051
798052
798053
798054
798055
798056
798057
798058
798059
798060
798061
798062
798063
798064
798065
798066
798067
798068
798069
798070
798071
798072
798073
798074
798075
798076
798077
798078
798079
79808
798080
798081
798082
798083
798084
798085
798086
798087
798088
798089
79809
798090
798091
798092
798093
798094
798095
798097
798098
798099
7981
79810
798100
798101
798102
798103
798104
798105
798106
798107
798108
798109
79811
798110
798111
798112
798113
798114
798115
798116
798117
798118
79812
798120
798122
798123
798124
798125
798126
798127
798128
798129
79813
798130
798132
798133
798134
798136
798137
798138
798139
79814
798140
798141
798142
798143
798144
798145
798147
798148
79815
798150
798151
798152
798153
798154
798155
798156
798157
798158
798159
79816
798160
798161
798162
798163
798164
798166
798167
798168
798169
79817
798170
798171
798172
798173
798174
798175
798178
798179
79818
798180
798182
798183
798184
798185
798186
798187
798188
798189
79819
798190
798191
798192
798193
798194
798195
798196
798197
798198
79820
798202
798203
798204
798205
798206
798207
798208
798209
79821
798210
798211
798212
798213
798214
798215
798216
798217
798218
798219
79822
798220
798221
798222
798223
798225
798226
798227
798229
79823
798230
798231
798232
798233
798234
798235
798236
798237
798238
798239
79824
798240
798241
798243
798246
798247
798248
798249
79825
798250
798251
798252
798253
798254
798255
798256
798257
798258
79826
798260
798261
798262
798263
798264
798267
798268
798269
79827
798270
798271
798273
798274
798276
798277
798278
798279
79828
798280
798281
798282
798283
798284
798285
798286
798287
79829
798291
798292
798293
798294
798295
798296
798297
798298
798299
7983
79830
798300
798301
798302
798304
798305
798306
798307
798308
798309
79831
798310
798311
798312
798313
798314
798315
798316
798317
798318
798319
79832
798320
798321
798322
798323
798324
798325
798326
798327
798328
798329
798330
798331
798335
798336
798337
798338
798340
798341
798342
798343
798344
798345
798347
798348
79835
798350
798352
798353
798354
798355
798356
798357
798358
798359
79836
798360
798361
798362
798363
798364
