798365
798366
798367
798368
798369
79837
798370
798371
798372
798373
798374
798375
798376
798377
798378
798379
79838
798380
798381
798382
798383
798384
798385
798386
798387
798388
798389
798390
798391
798392
798393
798394
798397
798398
798399
7984
79840
798400
798401
798402
798403
798405
798406
798407
798408
798409
79841
798410
798411
798412
798413
798415
798416
798417
798418
798419
79842
798420
798421
798422
798423
798425
798426
798427
798428
798429
79843
798432
798434
798435
798436
798437
798438
798439
79844
798440
798441
798443
798444
798445
798446
798447
798448
798449
79845
798450
798451
798452
798453
798454
798455
798456
798457
798458
798459
79846
798460
798461
798462
798463
798464
798465
798466
798467
798468
798469
79847
798470
798471
798472
798473
798474
798476
798477
798478
798479
79848
798482
798483
798484
798485
798486
798488
798489
79849
798490
798491
798492
798493
798494
798495
798496
798497
798498
798499
7985
79850
798500
798501
798502
798504
798505
798506
798507
798508
798509
79851
798510
798511
798512
798513
798514
798515
798516
798517
798518
798519
79852
798520
798521
798522
798523
798525
798526
798527
798528
798529
79853
798530
798532
798535
798536
798539
79854
798540
798542
798543
798544
798546
798547
798548
798549
79855
798550
798551
798552
798553
798554
798555
798556
798557
798558
798559
79856
798560
798561
798562
798563
798564
798565
798567
798568
798569
79857
798570
798571
798572
798573
798574
798575
798576
798577
798578
798579
79858
798580
798581
798582
798583
798584
798585
798587
798588
798589
79859
798590
798591
798592
798593
798594
798595
798596
798597
798598
798599
79860
798600
798601
798602
798603
798605
798607
798608
798609
79861
798610
798611
798612
798613
798614
798615
798616
798617
798618
798619
79862
798620
798621
798622
798623
798624
798625
798626
798627
798629
79863
798630
798631
798632
798633
798634
798635
798637
798638
798639
79864
798640
798641
798642
798643
798644
798645
798646
798647
798648
798649
79865
798650
798651
798652
798653
798654
798656
798657
798659
79866
798660
798661
798662
798663
798665
798666
798667
798669
79867
798671
798672
798673
798674
798675
798676
798678
798679
79868
798680
798681
798682
798683
798684
798685
798686
798687
798688
798689
79869
798690
798691
798692
798693
798694
798695
798696
798697
798698
798699
7987
79870
798700
798701
798703
798706
798707
798708
798709
79871
798711
798712
798713
798714
798715
798716
798717
798718
798719
79872
798720
798721
798722
798723
798724
798725
798727
798728
798729
79873
798730
798731
798732
798733
798734
798735
798736
798737
798738
798739
798740
798741
798742
798743
798744
798745
798746
798747
798748
798749
79875
798750
798751
798752
798753
798755
798756
798757
798758
798759
79876
798760
798761
798763
798764
798766
798767
798768
798769
79877
798770
798771
798772
798774
798775
798776
798777
798778
798779
79878
798780
798781
798782
798783
798784
798785
798786
798788
798789
79879
798790
798791
798792
798793
798794
798795
798796
798798
798799
7988
79880
798800
798801
798802
798803
798805
798806
798807
798808
798809
79881
798810
798811
798812
798813
798814
798815
798816
798817
798818
798819
79882
798820
798821
798822
798823
798824
798825
798826
798827
798828
798829
798830
798831
798832
798833
798834
798835
798836
798837
798838
798839
798840
798841
798842
798843
798844
798845
798846
798848
798849
798850
798851
798852
798853
798854
798855
798856
798857
798859
798860
798861
798862
798863
798865
798868
798869
79887
798871
798872
798873
798874
798875
798876
798877
798878
798879
79888
798880
798881
798882
798883
798884
798885
798887
798888
798889
79889
798890
798891
798892
798893
798894
798895
798896
798897
798898
798899
79890
798901
798902
798903
798904
798905
798906
798908
798909
79891
798910
798911
798912
798913
798914
798915
798916
798917
798918
798919
79892
798920
798921
798922
798923
798924
798925
798926
798927
798928
798929
79893
798930
798931
798932
798933
798934
798936
798937
798938
798939
79894
798940
798941
798942
798943
798944
798945
798946
798948
798949
798950
798951
798952
798953
798954
798955
798956
798957
798958
79896
798961
798962
798964
798965
798966
798967
798968
798969
79897
798970
798971
798972
798973
798974
798975
798976
798977
798978
798979
79898
798980
798981
798982
798983
798984
798985
798986
798987
798988
798989
798990
798991
798992
798993
798994
798995
798996
798997
798998
798999
799
79900
799000
799001
799002
799005
799006
799007
799008
799009
79901
799010
799011
799012
799013
799014
799015
799016
799017
799018
799019
799020
799021
799022
799023
799024
799025
799026
799027
799028
799029
79903
799030
799031
799032
799034
799035
799036
799038
799039
79904
799040
799041
799042
799043
799044
799046
799048
799049
79905
799050
799051
799052
799054
799055
799056
799057
799058
799059
79906
799060
799061
799062
799063
799064
799065
799066
799067
799068
799069
79907
799070
799071
799072
799073
799074
799075
799077
799078
799079
79908
799080
799081
799082
799083
799084
799085
799086
799087
799088
799089
79909
799090
799091
799092
799093
799094
799095
799096
799097
799098
799099
79910
799100
799102
799104
799105
799107
79911
799110
799111
799112
799113
799114
799115
799116
799118
799119
79912
799121
799122
799123
799124
799125
799126
799127
799128
799129
79913
799130
799131
799132
799133
799134
799135
799136
799137
799138
799139
79914
799140
799141
799142
799143
799144
799145
799146
799147
799148
799149
79915
799150
799151
799152
799153
799154
799155
799156
799157
799159
799160
799161
799162
799163
799164
799165
799166
799167
799168
799170
799171
799172
799173
799174
799175
799176
799177
799178
799179
79918
799180
799181
799182
799184
799185
799186
799187
799188
799189
79919
799190
799191
799192
799193
799194
799195
799196
799197
799198
799199
7992
79920
799200
799202
799206
799208
799209
79921
799210
799211
799212
799213
799214
799215
799216
799217
799218
799219
79922
799220
799221
799222
799223
799224
799225
799226
799227
799228
799229
79923
799230
799231
799232
799233
799234
799235
799236
799237
799238
799239
79924
799240
799241
799242
799244
799245
799246
799247
799248
799249
79925
799250
799252
799253
799254
799256
799257
799258
799259
79926
799260
799261
799262
799263
799266
799267
799268
799269
79927
799270
799272
799273
799274
799275
799276
799277
799278
799279
79928
799280
799281
799282
799283
799284
799285
799288
799289
79929
799290
799291
799292
799293
799294
799295
799296
799297
799298
799299
79930
799300
799301
799302
799304
799305
799306
799307
799308
799309
79931
799310
799311
799312
799313
799314
799316
799317
799318
799319
799320
799321
799322
799323
799324
799325
799326
799327
799328
799330
799331
799332
799333
799335
799336
799337
799338
799339
79934
799340
799341
799342
799343
799344
799345
799346
799347
799348
799349
79935
799350
799351
799352
799353
799354
799355
799356
799357
799358
799359
79936
799360
799362
799363
799364
799365
799366
799367
799368
799369
79937
799370
799371
799372
799373
799374
799375
799377
799378
799379
79938
799380
799381
799382
799383
799384
799385
799386
799387
799388
799389
799390
799391
799392
799393
799395
799396
799397
799398
799399
79940
799400
799401
799402
799404
799405
799406
799407
799408
799409
79941
799412
799413
799414
799415
799416
799417
799418
799419
79942
799420
799421
799422
799423
799424
799425
799426
799427
799428
799429
79943
799430
799431
799432
799433
799434
799436
799437
799438
799439
79944
799440
799441
799442
799443
799445
799446
799447
799448
799449
799450
799451
799453
799454
799455
799456
799457
799458
799459
79946
799460
799461
799463
799464
799465
799467
799468
799469
79947
799470
799471
799472
799474
799475
799476
799477
799478
799479
799480
799481
799483
799484
799485
799487
799488
799489
79949
799490
799492
799493
799494
799495
799496
799497
799499
79950
799500
799501
799502
799503
799504
799505
799506
799508
799509
79951
799510
799511
799512
799513
799514
799515
799516
799517
799518
799519
79952
799521
799522
799523
799524
799525
799526
799527
799528
799529
79953
799530
799531
799532
799533
799534
799535
799536
799537
799539
79954
799540
799541
799542
799543
799544
799546
799547
799548
799549
79955
799550
799551
799552
799553
799554
799555
799556
799558
799559
79956
799560
799561
799562
799563
799564
799565
799566
799567
799568
799569
79957
799570
799571
799572
799573
799574
799575
799576
799578
799579
79958
799580
799581
799582
799583
799584
799585
799586
799587
799588
799589
79959
799591
799592
799593
799594
799596
799597
799598
799599
79960
799600
799601
799602
799603
799605
799606
799607
799608
799609
79961
799610
799611
799617
799618
799619
79962
799620
799621
799623
799624
799625
799626
799627
799628
799629
79963
799630
799631
799632
799633
799635
799636
799637
799638
79964
799640
799641
799642
799643
799644
799645
799646
799647
799648
799649
79965
799650
799651
799652
799653
799654
799655
799656
799657
799658
799659
79966
799660
799663
799664
799665
799666
799667
799668
799669
799670
799671
799672
799673
799674
799675
799676
799677
799678
799679
79968
799680
799681
799682
799683
799684
799685
799687
799688
799689
79969
799690
799691
799692
799693
799694
799695
799697
799698
799699
79970
799700
799701
799702
799703
799704
799705
799706
799708
79971
799710
799711
799712
799713
799714
799715
799716
799717
799718
799719
799721
799722
799723
799724
799725
799726
799727
799728
799729
79973
799730
799731
799733
799734
799735
799736
799737
799738
799739
79974
799740
799741
799742
799743
799744
799745
799746
799747
799748
799749
79975
799750
799751
799752
799753
799754
799756
799757
799758
799759
79976
799760
799761
799762
799763
799764
799766
799767
799768
799769
79977
799771
799772
799773
799774
799776
799777
799778
799779
79978
799780
799781
799782
799783
799784
799785
799786
799787
799788
799789
79979
799791
799792
799793
799799
79980
799800
799801
799802
799803
799804
799806
799807
799808
799809
79981
799810
799811
799814
799815
799816
799817
799818
799819
79982
799820
799821
799823
799824
799825
799826
799827
799828
799829
79983
799830
799831
799832
799833
799834
799835
799836
799837
799838
799839
79984
799840
799841
799842
799843
799844
799845
799846
799847
799848
799849
79985
799850
799851
799852
799854
799855
799856
799857
799858
799859
79986
799860
799861
799863
799864
799865
799866
799867
799868
799869
79987
799872
799873
799874
799876
799877
799878
799879
79988
799881
799882
799883
799885
799886
799887
799888
799889
79989
799890
799891
799892
799893
799894
799896
799897
799898
799899
79990
799900
799901
799902
799903
799904
799905
799907
799908
799909
799910
799911
799912
799914
799916
799917
799918
799919
79992
799920
799921
799922
799923
799924
799925
799926
799927
799928
799929
79993
799930
799931
799933
799934
799935
799936
799937
799938
799939
79994
799941
799942
799943
799944
799945
799946
799947
799948
799949
79995
799951
799953
799954
799956
799957
799958
799959
79996
799960
799962
799963
799965
799967
799968
799969
79997
799970
799971
799972
799973
799974
799975
799976
799977
799978
799979
79998
799981
799982
799983
799984
799985
799986
799987
799988
799989
79999
799990
799991
799993
799994
799995
799996
799997
799998
799999
8
80
800
80000
800000
800001
800002
800003
800004
800005
800006
800007
800008
80001
800010
800011
800012
800014
800015
800016
800017
800018
800019
80002
800020
800021
800022
800023
800024
800025
800026
800027
800028
80003
800030
800031
800032
800033
800034
800035
800036
800037
800038
800039
80004
800040
800041
800042
800043
800044
800046
800047
800048
800049
80005
800050
800051
800052
800053
800054
800056
800057
800058
80006
800060
800062
800064
800066
800067
800068
800069
80007
800070
800071
800072
800073
800074
800076
800077
800078
800079
80008
800080
800081
800082
800083
800084
800085
800086
800087
800088
800089
80009
800090
800091
800092
800093
800094
800095
800096
800097
800098
800099
80010
800100
800101
800102
800103
800104
800105
800107
800108
800109
80011
800110
800112
800113
800114
800115
800117
800119
80012
800120
800121
800122
800123
800124
800125
800126
800127
800128
800129
80013
800130
800131
800133
800134
800135
800136
800137
800138
800139
80014
800140
800141
800142
800143
800144
800145
800146
800147
800148
80015
800150
800151
800152
800153
800154
800155
800156
800157
800158
800159
80016
800160
800161
800162
800164
800167
800168
800169
80017
800170
800171
800172
800173
800174
800175
800176
800177
800178
800179
80018
800180
800181
800182
800183
800184
800185
800186
800187
800188
800189
80019
800190
800193
800194
800195
800196
800198
80020
800200
800201
800202
800204
800205
800206
800207
800208
800209
80021
800210
800211
800212
800213
800214
800215
800216
800217
800218
800219
80022
800220
800221
800222
800223
800225
800226
800227
800228
800229
80023
800230
800231
800233
800236
800237
800238
800239
80024
800240
800241
800242
800243
800244
800246
800247
800248
800249
80025
800250
800251
800252
800253
800254
800255
800256
800257
800259
80026
800260
800261
800262
800263
800264
800265
800266
800267
800268
800269
80027
800270
800271
800272
800273
800274
800275
800276
800277
800278
800279
80028
800280
800281
800282
800283
800284
800285
800286
800287
800288
80029
800290
800292
800293
800295
800296
800297
80030
800300
800301
800302
800305
800306
800307
800308
800309
80031
800310
800311
800312
800316
800317
800318
800319
80032
800321
800323
800324
800325
800326
800327
800328
800329
80033
800332
800333
800334
800335
800337
800339
80034
800340
800341
800342
800343
800344
800345
800346
800347
800348
800349
80035
800350
800351
800352
800353
800357
800358
800359
80036
800360
800361
800363
800364
800365
800366
800367
800368
800369
80037
800370
800371
800372
800373
800374
800375
800377
800378
800379
80038
800380
800381
800382
800383
800384
800385
800387
800388
800389
80039
800390
800391
800392
800393
800394
800396
800397
800398
800399
80040
800400
800401
800402
800403
800404
800405
800406
800407
800408
800409
80041
800410
800411
800412
800413
800415
800416
800417
800418
800419
80042
800423
800424
800425
800426
800427
800428
800429
80043
800430
800431
800432
800433
800434
800435
800436
800437
800438
800439
80044
800440
800441
800443
800444
800445
800446
800447
800448
800449
80045
800450
800451
800452
800453
800454
800456
800457
800458
800459
80046
800460
800461
800462
800463
800464
800465
800466
800467
800468
800469
80047
800470
800471
800472
800473
800474
800475
800476
800477
800478
800479
80048
800480
800481
800483
800484
800485
800486
800487
800489
80049
800490
800491
800492
800493
800494
800495
800496
800497
800498
8005
80050
800501
800502
800503
800504
800505
800506
800508
800509
80051
800510
800511
800512
800513
800514
800515
800516
800517
800518
800519
80052
800520
800522
800523
800524
800525
800526
800527
800528
800529
80053
800530
800531
800532
800533
800534
800535
800536
800537
800538
800539
80054
800540
800542
800543
800544
800545
800546
800547
800548
800549
80055
800553
800555
800557
800558
800559
80056
800560
800561
800562
800563
800564
800565
800566
800567
800568
800569
80057
800570
800571
800572
800573
800574
800576
800577
800578
80058
800583
800584
800585
800587
800588
800589
80059
800590
800591
800592
800593
800594
800595
800596
800597
800598
800599
80060
800600
800601
800602
800603
800604
800605
800606
800607
800608
800609
800610
800611
800612
800613
800614
800615
800616
800617
800618
800619
80062
800620
800621
800622
800623
800624
800625
800626
800628
800629
80063
800630
800631
800632
800633
800634
800635
800636
800637
800638
800639
80064
800640
800641
800642
800643
800644
800645
800646
800647
800648
800649
800650
800651
800652
800653
800654
800655
800656
800657
800658
800659
80066
800660
800661
800662
800664
800666
800667
800668
800669
80067
800671
800672
800673
800674
800675
800676
800677
800679
800680
800681
800682
800683
800684
800685
800686
800687
800688
800689
80069
800690
800691
800692
800693
800694
800695
800696
800697
800698
800699
8007
80070
800700
800701
800702
800704
800705
800706
800707
800708
800709
80071
800710
800711
800712
800714
800715
800716
800717
800719
80072
800720
800721
800722
800723
800724
800725
800727
800728
800729
80073
800730
800731
800732
800733
800734
800736
800737
800738
800739
80074
800740
800741
800742
800743
800744
800745
800746
800747
800748
800750
800753
800754
800756
800757
800758
800759
80076
800760
800761
800762
800763
800764
800766
800767
800768
800769
80077
800770
800772
800773
800774
800775
800776
800777
800779
80078
800780
800781
800782
800783
800784
800785
800786
800787
800788
800789
80079
800792
800793
800794
800795
800797
800798
800799
8008
80080
800800
800801
800802
800803
800804
800805
800806
800807
800808
800809
80081
800810
800811
800812
800813
800814
800815
800816
800817
800818
800819
80082
800820
800821
800822
800823
800824
800825
800826
800827
800828
800829
80083
800830
800832
800833
800834
800835
800836
800837
800838
800839
80084
800840
800841
800842
800843
800844
800845
800846
800847
800848
800849
800851
800852
800853
800854
800855
800856
800857
800858
800859
80086
800860
800861
800862
800863
800864
800865
800866
800867
800869
80087
800870
800871
800873
800874
800875
800876
800877
800878
800879
80088
800880
800881
800882
800883
800884
800885
800886
800887
800888
800889
80089
800890
800891
800892
800893
800894
800895
800896
800897
800898
800899
8009
80090
800900
800901
800902
800903
800904
800905
800906
800907
800908
800909
80091
800910
800911
800912
800914
800915
800916
800917
800918
800919
80092
800920
800921
800922
800923
800924
800925
800926
800927
800929
80093
800930
800931
800932
800934
800935
800936
800937
800938
800939
80094
800940
800941
800942
800943
800944
800948
800949
80095
800950
800951
800952
800953
800954
800955
800956
800957
800958
80096
800960
800961
800962
800963
800965
800966
800967
800968
800969
800970
800971
800972
800973
800974
800975
800976
800977
800978
800979
80098
800980
800981
800982
800983
800984
800985
800986
800987
800988
800989
800990
800991
800992
800993
800994
800995
800996
800997
800998
800999
801
8010
801000
801001
801002
801005
801006
801007
801008
801009
801010
801011
801012
801013
801015
801016
801017
801018
801019
801020
801021
801022
801023
801024
801025
801026
801027
801029
801030
801031
801032
801033
801034
801035
801036
801037
801038
801039
801040
801041
801042
801043
801044
801045
801046
801047
801048
801049
80105
801050
801051
801054
801055
801056
801058
801059
80106
801060
801062
801063
801064
801065
801066
801067
801069
801070
801071
801073
801075
801076
801077
801078
801079
801081
801082
801083
801084
801085
801086
801088
801089
80109
801090
801092
801093
801094
801095
801096
801097
801098
8011
801100
801101
801102
801103
801104
801105
801106
801107
801108
801109
801110
801111
801112
801113
801114
801115
801116
801118
801119
801120
801121
801122
801123
801124
801125
801127
801129
801130
801131
801132
801133
801134
801135
801136
801137
801138
801139
80114
801140
801141
801142
801143
801144
801145
801147
801148
801149
80115
801150
801151
801152
801153
801155
801156
801157
801158
801159
80116
801160
801161
801162
801163
801164
801165
801166
801167
801168
801169
80117
801170
801171
801172
801174
801175
801176
801178
801179
80118
801180
801181
801182
801183
801185
801186
801187
801188
80119
801190
801191
801192
801193
801194
801195
801196
801197
801198
801199
8012
80120
801202
801203
801205
801206
801207
801208
801209
80121
801210
801211
801212
801214
801215
801216
801217
801218
80122
801220
801221
801222
801224
801225
801226
801227
801228
801229
80123
801230
801231
801233
801237
801239
80124
801241
801242
801243
801244
801245
801246
801247
801248
801249
80125
801252
801253
801255
801257
801258
801259
80126
801260
801261
801262
801263
801264
801265
801266
801267
801268
801269
80127
801270
801271
801272
801273
801274
801275
801276
801277
801278
801279
801280
801281
801283
801284
801285
801286
801287
801288
801289
80129
801290
801291
801292
801293
801294
801295
801296
801297
801298
801299
80130
801300
801301
801303
801304
801306
801307
801308
80131
801310
801311
801312
801313
801314
801316
801317
801318
801319
80132
801320
801321
801322
801323
801324
801325
801326
801327
801328
801329
80133
801330
801331
801332
801333
801334
801335
801336
801337
801338
801339
80134
801340
801341
801342
801343
801344
801345
801346
801348
801349
80135
801350
801351
801352
801353
801354
801355
801356
801357
801358
801359
80136
801360
801361
801362
801363
801364
801365
801367
801368
80137
801371
801372
801373
801375
801376
801378
801379
80138
801380
801381
801382
801383
801384
801385
801386
801387
801388
80139
801390
801391
801392
801393
801394
801395
801396
801397
801398
801399
8014
80140
801400
801402
801404
801405
801406
801407
801408
801409
80141
801410
801411
801412
801413
801414
801416
801418
801419
80142
801420
801421
801422
801424
801425
801426
801428
801429
80143
801430
801431
801432
801433
801434
801435
801436
801437
801438
801439
80144
801440
801441
801442
801443
801444
801445
801446
801447
801449
80145
801450
801451
801452
801453
801454
801455
801456
801457
801458
801459
80146
801460
801461
801462
801463
801464
801467
801468
801469
80147
801470
801472
801474
801475
801477
801478
801479
80148
801480
801481
801482
801483
801484
801485
801486
801487
801488
801489
80149
801490
801491
801492
801493
801494
801495
801496
801497
801498
801499
8015
801500
801502
801503
801504
801505
801506
801507
801508
801509
80151
801511
801513
801514
801515
801517
801518
801519
80152
801520
801521
801522
801523
801525
801526
801527
801528
801529
80153
801530
801531
801532
801533
801534
801536
801537
801538
801539
80154
801541
801542
801543
801544
801545
801546
801547
801548
801549
80155
801550
801551
801552
801553
801554
801555
801556
801557
801558
801559
80156
801560
801561
801562
801563
801564
801565
801567
801568
801569
80157
801570
801571
801572
801573
801574
801575
801576
801577
801578
801579
80158
801580
801581
801582
801583
801584
801586
801587
801588
80159
801590
801591
801592
801593
801594
801595
801596
801597
801599
8016
80160
801600
801601
801602
801603
801604
801607
801608
801609
80161
801612
801613
801614
801616
801617
801619
801620
801621
801622
801623
801624
801625
801626
801627
801629
80163
801634
801636
801637
801638
80164
801640
801641
801642
801643
801645
801646
801647
801648
801649
80165
801650
801651
801652
801654
801655
801656
801658
801659
801660
801661
801662
801664
801665
801666
801667
801668
801669
80167
801670
801671
801672
801673
801676
801677
801678
801679
80168
801680
801681
801682
801683
801684
801685
801686
801687
801688
801689
80169
801690
801691
801692
801693
801694
801697
801699
8017
80170
801700
801701
801703
801704
801705
801707
801708
801709
80171
801710
801711
801712
801713
801714
801715
801717
801718
80172
801721
801722
801723
801724
801726
801727
801728
801729
80173
801730
801731
801732
801733
801734
801735
801736
801737
801738
80174
801741
801742
801744
801745
801748
801749
80175
801750
801751
801752
801753
801754
801755
801756
801758
801759
80176
801760
801761
801762
801763
801764
801765
801766
801767
801768
801769
80177
801770
801771
801772
801773
801774
801775
801776
801777
801778
801779
80178
801780
801781
801782
801783
801784
801786
801787
801788
801789
80179
801790
801791
801792
801793
801794
801796
801797
801798
801799
80180
801800
801801
801803
801804
801805
801806
801807
801808
801809
80181
801810
801812
801814
801815
801818
80182
801820
801821
801822
801823
801824
801825
801826
801827
801828
801829
80183
801830
801831
801832
801833
801834
801835
801836
801838
801839
80184
801840
801841
801842
801843
801844
801845
801846
801847
801848
801849
80185
801850
801851
801852
801855
801856
801857
801858
801859
80186
801861
801862
801863
801864
801866
801867
801868
801869
80187
801870
801871
801872
801873
801874
801875
801876
801877
801878
801879
80188
801880
801881
801882
801883
801884
801885
801888
801889
80189
801890
801891
801893
801894
801895
801896
801897
801898
801899
80190
801900
801901
801902
801903
801904
801905
801906
801907
801908
80191
801911
801912
801913
801914
801915
801917
801918
80192
801920
801923
801924
801925
801926
801927
801929
80193
801932
801933
801935
801936
801937
801938
801939
80194
801940
801941
801942
801943
801944
801945
801946
801947
801948
80195
801950
801951
801952
801953
801954
801955
801956
801957
801958
801959
80196
801960
801961
801962
801963
801964
801965
801966
801967
801968
801969
80197
801970
801971
801972
801973
801975
801976
801977
801978
801979
80198
801980
801982
801983
801984
801985
801986
801987
801988
801989
80199
801990
801992
801993
801994
801995
801996
801997
801998
801999
802
80200
802000
802001
802002
802003
802004
802005
802006
802007
802009
802010
802011
802012
802014
802015
802016
802017
802018
802019
80202
802020
802021
802022
802023
802024
802025
802026
802027
802028
802029
80203
802030
802031
802032
802033
802034
802035
802036
802038
802039
80204
802040
802041
802042
802043
802044
802045
802046
802047
802048
802049
80205
802050
802051
802052
802053
802054
802055
802056
802057
802058
802059
80206
802060
802061
802062
802063
802065
802066
802067
802068
802069
80207
802071
802072
802073
802074
802075
802076
802077
802078
802079
80208
802080
802081
802082
802083
802084
802085
802086
802087
802088
802089
80209
802090
802091
802092
802093
802095
802096
802097
802099
80210
802100
802101
802103
802104
802106
802107
802109
80211
802110
802111
802112
802113
802114
802116
802117
802118
802119
80212
802120
802121
802122
802124
802125
802126
802129
80213
802130
802132
802133
802134
802135
802136
802137
802138
802139
802140
802141
802142
802143
802144
802145
802146
802147
802148
80215
802150
802152
802154
802156
802157
802158
802159
80216
802160
802161
802162
802163
802164
802165
802166
802167
802169
80217
802170
802171
802172
802173
802175
802176
802177
802178
802179
80218
802180
802181
802182
802183
802184
802186
802187
802188
802189
80219
802190
802192
802194
802195
802197
802198
802199
80220
802200
802201
802202
802203
802204
802206
802207
802208
802209
80221
802210
802211
802212
802213
802214
802215
802216
802217
802218
802219
80222
802220
802221
802224
802225
802226
802227
802228
802229
80223
802230
802231
802232
802233
802234
802235
802236
802237
802238
802239
80224
802240
802241
802242
802243
802244
802245
802246
802247
802248
802249
80225
802250
802251
802252
802254
802255
802256
802257
802258
802259
80226
802260
802261
802262
802263
802264
802265
802266
802267
80227
802270
802271
802273
802274
802275
802276
802277
802279
80228
802280
802281
802282
802283
802285
802286
802287
802288
802289
80229
802292
802293
802294
802295
802296
80230
802302
802303
802305
802306
802308
802309
80231
802310
802311
802312
802313
802314
802315
802316
802317
802318
802319
80232
802320
802321
802322
802323
802324
802325
802326
802327
802329
802330
802331
802332
802333
802334
802336
802337
802338
80234
802340
802341
802342
802343
802344
802346
802347
802348
802349
80235
802350
802351
802352
802353
802354
802356
802357
802358
802359
80236
802360
802361
802362
802363
802364
802365
802366
802367
802369
80237
802370
802372
802374
802375
802376
802377
802378
802379
80238
802380
802384
802385
802386
802387
802388
802389
802390
802391
802392
802393
802394
802395
802396
802397
802398
802399
80240
802401
802403
802404
802405
802406
802407
802408
802409
80241
802410
802411
802412
802413
802414
802415
802416
802418
802419
80242
802420
802421
802423
802425
802426
802427
802428
802429
80243
802431
802432
802433
802434
802437
802439
80244
802440
802441
802442
802443
802444
802445
802447
80245
802453
802454
802455
802456
802457
802458
802459
80246
802460
802462
802463
802464
802465
802466
802467
802468
80247
802470
802471
802472
802473
802474
802475
802476
802477
802478
802479
80248
802480
802481
802483
802484
802486
802487
802489
80249
802490
802491
802492
802493
802494
802495
802496
802497
802499
80250
802500
802502
802503
802504
802505
802506
802507
802508
802509
80251
802510
802512
802514
802515
802516
802518
802519
80252
802520
802521
802522
802523
802525
802526
802527
802529
80253
802530
802531
802532
802533
802535
802537
802538
802539
80254
802541
802542
802543
802545
802546
802547
80255
802550
802553
802556
802557
802558
80256
802561
802562
802563
802566
802567
802569
80257
802570
802571
802572
802573
802574
802575
802577
80258
802580
802584
802585
802586
802587
802588
80259
802591
802592
802594
802595
802596
802597
802598
802599
80260
802600
802601
802602
802603
802604
802606
802607
802609
80261
802610
802611
802612
802613
802615
802617
802618
802619
80262
802620
802621
802622
802623
802624
802625
802626
802627
802628
802629
80263
802630
802631
802632
802633
802634
802635
802637
802638
802639
80264
802640
802641
802642
802643
802645
802646
802647
802648
80265
802650
802651
802652
802656
802657
802658
802659
80266
802660
802661
802662
802663
802664
802665
802666
802667
802668
802669
80267
802670
802672
802673
802674
802675
802676
802677
802678
802679
80268
802680
802681
802682
802683
802684
802685
802686
802687
802688
802689
80269
802691
802692
802693
802694
802695
802696
802697
802698
802699
80270
802700
802701
802702
802703
802704
802706
802708
802709
80271
802710
802711
802712
802713
802714
802715
802717
802718
802719
80272
802720
802721
802722
802723
802724
802725
802726
802727
802728
802729
80273
802730
802731
802732
802733
802735
802736
802738
802739
80274
802740
802741
802742
802743
802745
802746
802747
802748
802749
80275
802750
802751
802752
802753
802754
802755
802756
80276
802760
802761
802762
802763
802764
802765
802766
802767
802769
80277
802770
802771
802772
802773
802774
802775
802776
802777
802778
802779
80278
802780
802781
802782
802783
802784
802785
802786
802788
802789
80279
802790
802791
802792
802793
802794
802796
802797
802798
802799
80280
802800
802801
802802
802803
802804
802805
802806
802807
802808
802809
80281
802810
802811
802812
802813
802815
802816
802819
80282
802820
802821
802822
802824
802825
802826
802827
802828
802829
80283
802831
802832
802833
802835
802836
802838
802839
80284
802840
802841
802842
802843
802844
802845
802848
802849
80285
802850
802851
802853
802854
802855
802858
802859
80286
802860
802861
802862
802863
802864
802865
802866
802869
80287
802870
802871
802873
802874
802875
802876
802877
802879
80288
802881
802882
802883
802884
802885
802886
802887
802888
802889
80289
802890
802891
802892
802893
802894
802895
802896
802897
802898
802899
80290
802900
802901
802902
802903
802904
802907
802908
802909
80291
802910
802912
802913
802915
802916
802917
802919
80292
802921
802922
802923
802924
802925
802926
802928
802929
80293
802932
802933
802934
802936
802937
802938
802939
80294
802940
802941
802942
802943
802944
802945
802946
802947
802948
802949
80295
802950
802951
802952
802953
802954
802955
802956
802957
802958
802959
80296
802960
802961
802962
802963
802964
802965
802968
802969
80297
802970
802971
802972
802973
802974
802975
802976
802977
802978
802979
80298
802980
802981
802982
802983
802984
802985
802986
802987
802988
802989
80299
802990
802991
802992
802993
802994
802995
802996
802997
802998
802999
803
803000
803001
803002
803003
803004
803005
803006
803007
803008
803009
80301
803010
803011
803013
803014
803015
803016
803017
803018
803019
80302
803020
803021
803022
803023
803025
803026
803027
803028
803029
80303
803031
803032
803033
803034
803035
803036
803037
803038
803039
80304
803040
803041
803042
803044
803046
803047
803049
80305
803050
803051
803052
803053
803054
803055
803056
803057
803058
803059
80306
803060
803061
803062
803063
803064
803065
803066
803067
803068
803069
80307
803070
803071
803072
803073
803074
803075
803076
803077
803078
803079
80308
803080
803081
803082
803083
803084
803085
803087
803088
803089
80309
803090
803091
803092
803093
803094
803095
803096
803097
803098
803099
80310
803100
803101
803102
803103
803104
803105
803106
803107
803109
80311
803110
803111
803112
803113
803114
803115
803116
803117
803118
80312
803120
803121
803122
803124
803125
803126
803127
803129
80313
803130
803132
803133
803134
803135
803136
803137
803138
803139
80314
803140
803141
803142
803143
803144
803145
803146
803147
803148
80315
803150
803151
803153
803154
803158
803159
80316
803160
803163
803164
803165
803166
803167
803169
80317
803170
803171
803172
803173
803174
803175
803176
803177
803178
803179
80318
803180
803181
803182
803183
803184
803185
803186
803188
803189
80319
803190
803192
803194
803195
803196
803197
803198
803199
80320
803200
803202
803204
803205
803206
803207
803208
803209
80321
803210
803212
803213
803214
803216
803217
803218
803219
80322
803220
803223
803224
803225
803227
803228
803229
803231
803232
803233
803234
803235
803236
803237
803238
803239
80324
803240
803241
803242
803243
803244
803245
803246
803247
803249
80325
803250
803251
803252
803253
803254
803255
803256
803258
803259
80326
803260
803261
803263
803264
803265
803266
803267
803268
803269
80327
803270
803271
803272
803273
803274
803275
803276
803277
803278
803279
80328
803280
803281
803282
803284
803285
803287
803289
80329
803290
803291
803292
803294
803296
803297
803298
803299
80330
803300
803302
803303
803305
803306
803307
803309
80331
803310
803311
803312
803313
803315
803316
803319
803320
803321
803322
803323
803324
803325
803326
803327
803328
803329
80333
803330
803331
803332
803334
803335
803336
803337
803338
80334
803340
803341
803342
803343
803344
803345
803347
803348
803349
80335
803350
803351
803352
803353
803354
803355
803356
803357
803358
803359
80336
803360
803361
803363
803364
803365
803366
803368
803369
80337
803371
803372
803373
803375
803376
803377
803378
80338
803380
803381
803382
803384
803385
803386
803389
80339
803390
803391
803392
803393
803394
803395
803399
80340
803400
803401
803402
803403
803404
803405
803406
803407
803408
803409
80341
803411
803413
803414
803415
803416
803417
803418
803419
80342
803420
803421
803422
803423
803425
803426
803427
803428
803429
80343
803430
803431
803432
803433
803434
803435
803436
803437
803438
80344
803440
803441
803442
803443
803444
803445
803446
803447
803448
803449
80345
803450
803451
803452
803453
803454
803455
803457
803458
803459
80346
803460
803461
803462
803464
803466
803467
803468
803469
80347
803470
803471
803472
803473
803474
803475
803476
803477
803478
803479
803480
803481
803483
803484
803485
803486
803487
803488
803489
80349
803490
803491
803492
803493
803494
803495
803496
803497
803498
803499
80350
803500
803501
803502
803503
803504
803505
803506
803507
803508
803509
80351
803510
803511
803512
803513
803514
803515
803516
803517
803518
803519
