923046
923048
923049
923051
923052
923053
923054
923055
923056
923057
923058
923059
923061
923062
923063
923064
923065
923066
923067
923068
923069
923070
923071
923072
923073
923074
923075
923076
923078
923079
923080
923081
923082
923083
923084
923085
923087
923088
923089
923090
923091
923092
923094
923095
923096
923097
923098
923099
923100
923101
923102
923103
923104
923106
923107
923108
923110
923111
923112
923113
923114
923115
923116
923117
923118
923119
923120
923121
923122
923123
923124
923125
923126
923127
923128
923129
923130
923131
923132
923133
923134
923135
923136
923138
923139
923140
923141
923142
923144
923145
923146
923147
923148
923149
923150
923151
923152
923154
923155
923156
923157
923158
923160
923161
923162
923163
923164
923165
923166
923167
923168
923170
923171
923174
923175
923176
923178
923179
923180
923181
923182
923183
923184
923186
923187
923188
923189
923190
923191
923192
923193
923195
923196
923197
923199
923200
923201
923202
923204
923205
923206
923207
923209
923210
923211
923212
923213
923216
923217
923218
923219
923220
923221
923222
923223
923224
923225
923226
923227
923228
923229
923230
923231
923232
923235
923237
923238
923240
923241
923242
923243
923244
923245
923246
923247
923249
923250
923251
923252
923254
923255
923256
923257
923259
923260
923261
923262
923263
923264
923266
923267
923269
923270
923271
923272
923274
923275
923276
923277
923278
923279
923280
923281
923282
923283
923284
923285
923286
923288
923289
923290
923291
923293
923295
923296
923297
923299
923300
923301
923302
923303
923304
923305
923306
923307
923308
923309
923310
923311
923312
923315
923317
923318
923319
923321
923322
923323
923324
923325
923326
923327
923328
923329
923330
923331
923332
923333
923334
923335
923336
923337
923338
923339
923340
923341
923342
923343
923344
923346
923348
923349
923350
923352
923353
923354
923355
923356
923357
923358
923359
923360
923361
923362
923363
923364
923365
923366
923367
923368
923370
923371
923372
923373
923374
923375
923376
923377
923379
923380
923381
923385
923386
923387
923388
923389
923390
923391
923392
923393
923394
923395
923396
923397
923399
923400
923401
923403
923404
923405
923407
923408
923409
923410
923411
923412
923413
923414
923415
923416
923417
923418
923419
923421
923422
923423
923424
923425
923426
923428
923429
923430
923431
923432
923433
923434
923435
923436
923437
923438
923439
923440
923441
923442
923443
923445
923446
923447
923448
923449
923450
923451
923452
923453
923454
923455
923456
923457
923458
923459
923460
923461
923462
923463
923465
923466
923470
923471
923472
923473
923475
923476
923477
923478
923479
923480
923481
923482
923484
923485
923487
923491
923492
923493
923494
923495
923496
923497
923498
923500
923501
923502
923503
923504
923505
923506
923508
923509
923510
923511
923512
923513
923514
923515
923516
923517
923518
923520
923521
923522
923524
923525
923526
923527
923528
923529
923530
923531
923532
923533
923534
923535
923538
923539
923540
923541
923542
923543
923544
923545
923547
923548
923549
923550
923551
923553
923554
923555
923556
923557
923558
923559
923560
923561
923562
923563
923564
923565
923566
923567
923568
923570
923572
923573
923574
923575
923576
923577
923578
923579
923580
923581
923582
923583
923585
923586
923587
923588
923589
923590
923591
923592
923593
923594
923595
923596
923597
923599
923602
923603
923604
923605
923606
923607
923608
923609
923610
923611
923612
923613
923614
923615
923616
923617
923618
923620
923621
923622
923623
923625
923626
923627
923628
923629
923630
923631
923632
923633
923634
923635
923636
923637
923638
923639
923640
923642
923643
923644
923645
923647
923649
923650
923651
923652
923653
923654
923655
923656
923657
923658
923659
923660
923661
923662
923663
923664
923665
923666
923667
923668
923669
923670
923671
923672
923673
923674
923675
923676
923677
923678
923679
923680
923681
923682
923683
923684
923685
923686
923687
923688
923689
923690
923691
923693
923694
923695
923697
923698
923699
923700
923701
923702
923703
923704
923705
923706
923707
923708
923709
923710
923711
923712
923713
923714
923716
923717
923718
923719
923720
923721
923722
923723
923724
923725
923726
923727
923728
923729
923730
923731
923732
923733
923734
923735
923736
923737
923738
923739
923740
923741
923742
923743
923747
923749
923750
923751
923752
923753
923754
923755
923756
923757
923758
923759
923760
923761
923762
923763
923764
923765
923766
923767
923768
923769
923770
923772
923773
923774
923775
923776
923777
923778
923779
923780
923781
923782
923783
923784
923785
923786
923787
923788
923789
923790
923791
923792
923793
923794
923797
923798
923799
923800
923801
923803
923804
923805
923806
923807
923808
923809
923810
923811
923813
923814
923815
923816
923817
923818
923819
923820
923821
923822
923823
923824
923825
923826
923827
923828
923829
923830
923831
923833
923834
923835
923836
923837
923838
923840
923841
923842
923843
923845
923846
923847
923848
923850
923851
923852
923853
923854
923855
923856
923857
923859
923860
923861
923862
923863
923864
923865
923866
923867
923868
923869
923870
923871
923872
923874
923875
923876
923877
923878
923879
923880
923881
923882
923883
923884
923885
923886
923887
923888
923889
923890
923891
923892
923893
923894
923895
923896
923897
923898
923899
923900
923901
923902
923903
923905
923906
923907
923909
923910
923911
923912
923913
923914
923915
923916
923917
923918
923919
923920
923921
923923
923924
923925
923926
923927
923929
923930
923931
923932
923933
923934
923935
923936
923938
923939
923940
923941
923942
923943
923944
923945
923946
923947
923948
923950
923951
923952
923953
923954
923955
923956
923957
923958
923959
923960
923961
923962
923963
923964
923965
923967
923968
923969
923970
923972
923973
923974
923975
923976
923978
923979
923981
923982
923983
923984
923985
923986
923987
923988
923989
923990
923991
923992
923993
923994
923995
923996
923997
923998
923999
924000
924001
924002
924003
924004
924005
924007
924008
924009
924010
924011
924012
924013
924015
924016
924017
924018
924020
924021
924022
924023
924024
924025
924026
924027
924028
924030
924031
924032
924033
924035
924036
924037
924038
924039
924040
924041
924042
924044
924045
924046
924047
924048
924049
924051
924052
924053
924054
924055
924056
924057
924058
924062
924063
924064
924065
924066
924067
924068
924069
924070
924071
924072
924073
924074
924075
924076
924077
924078
924079
924080
924081
924082
924083
924084
924085
924088
924091
924092
924093
924094
924095
924096
924097
924098
924099
924100
924101
924102
924103
924104
924105
924106
924107
924108
924109
924110
924111
924113
924114
924115
924116
924117
924118
924119
924120
924121
924122
924123
924124
924125
924126
924127
924128
924129
924130
924131
924133
924134
924135
924136
924137
924138
924139
924140
924141
924142
924143
924144
924145
924146
924147
924148
924149
924150
924151
924152
924153
924154
924155
924156
924157
924158
924159
924160
924161
924162
924163
924164
924165
924167
924168
924169
924171
924172
924173
924174
924175
924177
924178
924179
924180
924181
924182
924183
924184
924185
924186
924187
924188
924189
924190
924191
924192
924193
924194
924195
924196
924197
924198
924199
924200
924202
924203
924204
924205
924206
924207
924208
924209
924210
924211
924212
924213
924214
924215
924216
924217
924218
924219
924220
924221
924222
924223
924224
924225
924226
924227
924228
924229
924230
924232
924233
924234
924235
924236
924237
924238
924239
924240
924241
924242
924243
924245
924246
924247
924248
924249
924250
924251
924252
924253
924254
924255
924256
924257
924258
924259
924260
924261
924262
924263
924264
924265
924266
924267
924268
924269
924270
924271
924272
924273
924274
924275
924276
924277
924278
924279
924280
924281
924282
924283
924284
924287
924288
924289
924290
924291
924292
924293
924294
924295
924296
924297
924298
924299
924300
924301
924303
924304
924305
924306
924307
924308
924311
924313
924314
924315
924316
924318
924319
924320
924321
924322
924323
924324
924325
924326
924327
924328
924329
924330
924331
924332
924333
924334
924335
924336
924337
924338
924340
924341
924342
924343
924344
924345
924347
924349
924350
924351
924353
924354
924356
924357
924359
924361
924362
924363
924364
924365
924366
924367
924368
924369
924371
924372
924373
924374
924375
924376
924377
924378
924379
924380
924381
924382
924383
924384
924385
924386
924387
924388
924390
924391
924396
924397
924398
924400
924401
924402
924405
924406
924408
924410
924411
924412
924413
924414
924416
924417
924418
924419
924421
924423
924427
924428
924430
924431
924432
924433
924434
924436
924437
924438
924439
924440
924441
924442
924443
924444
924445
924446
924447
924448
924449
924450
924451
924452
924453
924454
924455
924456
924457
924458
924459
924460
924461
924462
924463
924464
924465
924466
924467
924468
924469
924470
924471
924472
924473
924474
924475
924476
924477
924478
924479
924480
924481
924482
924483
924484
924485
924486
924487
924488
924489
924490
924491
924492
924493
924494
924495
924496
924497
924498
924499
924500
924501
924502
924503
924504
924505
924506
924507
924508
924509
924513
924515
924517
924518
924519
924520
924521
924522
924523
924524
924525
924526
924527
924528
924529
924530
924531
924532
924533
924534
924535
924536
924538
924539
924540
924541
924542
924543
924544
924545
924546
924547
924548
924550
924551
924552
924553
924554
924555
924556
924558
924559
924560
924563
924564
924565
924566
924567
924568
924570
924571
924572
924573
924574
924575
924576
924577
924578
924579
924581
924582
924583
924584
924585
924586
924587
924588
924589
924590
924591
924592
924594
924595
924596
924597
924598
924599
924600
924601
924602
924603
924604
924605
924606
924607
924608
924609
924610
924611
924612
924613
924614
924615
924616
924617
924618
924619
924620
924621
924622
924623
924624
924625
924626
924627
924628
924629
924630
924631
924633
924634
924635
924637
924638
924639
924640
924641
924642
924644
924646
924647
924648
924649
924650
924651
924652
924653
924654
924655
924656
924657
924658
924659
924660
924661
924662
924663
924664
924665
924666
924667
924668
924669
924670
924671
924672
924673
924674
924675
924676
924677
924678
924679
924681
924682
924683
924684
924685
924686
924687
924688
924689
924690
924691
924692
924693
924694
924696
924697
924698
924700
924701
924702
924703
924704
924705
924706
924707
924708
924709
924710
924711
924712
924714
924715
924716
924717
924718
924719
924720
924722
924723
924724
924726
924727
924729
924730
924731
924733
924736
924737
924738
924739
924740
924742
924743
924744
924745
924746
924747
924749
924750
924751
924752
924753
924754
924755
924756
924757
924758
924759
924760
924761
924762
924763
924764
924765
924767
924768
924769
924770
924771
924772
924773
924775
924777
924778
924779
924780
924781
924782
924783
924784
924787
924788
924789
924790
924791
924792
924793
924794
924795
924796
924797
924798
924799
924801
924802
924803
924804
924805
924806
924808
924809
924810
924811
924812
924813
924814
924815
924817
924818
924819
924821
924822
924823
924824
924825
924826
924827
924828
924829
924830
924831
924832
924833
924835
924836
924837
924838
924839
924841
924842
924844
924845
924846
924847
924848
924851
924853
924854
924856
924858
924860
924861
924862
924863
924864
924865
924866
924867
924868
924869
924870
924872
924873
924874
924875
924876
924877
924878
924879
924881
924882
924883
924884
924885
924886
924887
924888
924889
924890
924893
924894
924895
924896
924897
924898
924899
924900
924902
924903
924905
924907
924908
924909
924910
924911
924912
924913
924914
924915
924916
924917
924918
924919
924920
924921
924922
924923
924924
924925
924926
924927
924928
924929
924930
924931
924932
924933
924934
924935
924936
924937
924938
924939
924940
924941
924942
924943
924944
924945
924946
924947
924948
924949
924951
924952
924953
924954
924955
924956
924957
924958
924959
924960
924962
924963
924964
924965
924966
924967
924968
924969
924970
924971
924972
924974
924975
924976
924979
924980
924981
924983
924985
924986
924987
924988
924989
924990
924991
924992
924993
924994
924995
924996
924997
924998
924999
925005
925006
925008
925009
925010
925011
925012
925013
925014
925015
925016
925017
925018
925019
925020
925021
925023
925024
925025
925026
925027
925029
925030
925031
925032
925034
925035
925036
925037
925038
925039
925041
925042
925043
925044
925045
925046
925047
925048
925049
925050
925051
925052
925053
925054
925055
925056
925057
925058
925059
925060
925062
925063
925065
925066
925067
925068
925069
925070
925071
925072
925073
925074
925075
925076
925077
925079
925080
925081
925082
925084
925085
925086
925087
925088
925089
925090
925091
925093
925094
925095
925096
925097
925098
925099
925100
925101
925102
925103
925104
925105
925106
925107
925108
925109
925110
925111
925112
925113
925114
925115
925116
925117
925118
925119
925120
925121
925122
925124
925125
925126
925127
925128
925129
925130
925131
925132
925133
925135
925136
925137
925138
925139
925140
925141
925142
925143
925148
925149
925150
925151
925152
925153
925154
925156
925157
925158
925159
925160
925161
925162
925163
925164
925165
925166
925167
925168
925169
925170
925171
925172
925173
925175
925177
925178
925179
925180
925181
925182
925183
925184
925185
925186
925187
925188
925189
925190
925191
925192
925193
925194
925195
925196
925198
925199
925200
925201
925202
925203
925204
925205
925206
925207
925208
925209
925210
925212
925213
925214
925215
925216
925217
925218
925219
925220
925221
925222
925223
925224
925225
925226
925227
925228
925229
925230
925231
925232
925233
925234
925235
925236
925237
925238
925239
925240
925241
925242
925243
925245
925246
925247
925248
925251
925252
925253
925254
925255
925256
925257
925258
925259
925260
925262
925263
925264
925266
925268
925269
925270
925271
925272
925273
925274
925275
925276
925277
925279
925280
925281
925282
925283
925284
925285
925286
925287
925288
925289
925290
925291
925293
925294
925296
925299
925300
925301
925302
925303
925304
925305
925306
925307
925308
925309
925310
925312
925315
925316
925319
925320
925322
925323
925328
925329
925330
925331
925332
925333
925334
925335
925336
925337
925338
925339
925340
925341
925342
925343
925344
925346
925347
925348
925349
925350
925351
925354
925355
925356
925357
925358
925359
925361
925363
925365
925366
925367
925368
925369
925370
925371
925372
925373
925374
925375
925376
925377
925378
925379
925380
925381
925382
925383
925384
925385
925386
925387
925388
925389
925390
925391
925392
925393
925394
925395
925396
925399
925402
925403
925404
925405
925406
925408
925409
925410
925411
925412
925413
925414
925415
925416
925417
925418
925419
925420
925421
925422
925424
925425
925426
925427
925428
925429
925430
925432
925433
925434
925435
925436
925437
925439
925440
925442
925444
925445
925446
925448
925449
925450
925451
925452
925453
925454
925455
925456
925457
925458
925459
925460
925461
925462
925463
925464
925466
925468
925469
925470
925471
925472
925473
925475
925476
925478
925479
925480
925481
925482
925483
925484
925485
925486
925487
925488
925489
925490
925491
925492
925493
925494
925495
925496
925497
925498
925500
925501
925502
925503
925505
925506
925507
925508
925509
925510
925511
925512
925513
925514
925515
925516
925517
925518
925519
925520
925521
925522
925523
925524
925525
925526
925527
925528
925529
925530
925531
925532
925533
925534
925535
925536
925538
925539
925540
925541
925543
925544
925546
925547
925548
925550
925551
925552
925553
925554
925555
925556
925557
925558
925559
925560
925561
925562
925563
925564
925566
925567
925568
925569
925570
925571
925572
925573
925574
925575
925576
925577
925578
925579
925581
925582
925583
925584
925585
925586
925587
925588
925589
925590
925591
925592
925594
925595
925598
925599
925600
925601
925602
925603
925604
925605
925606
925607
925609
925610
925611
925612
925615
925619
925622
925623
925624
925626
925627
925630
925631
925633
925635
925636
925638
925640
925641
925644
925645
925646
925647
925648
925649
925650
925651
925652
925653
925654
925655
925656
925658
925659
925660
925661
925662
925663
925664
925665
925666
925667
925668
925669
925670
925671
925672
925673
925674
925675
925676
925677
925678
925679
925680
925681
925682
925684
925685
925686
925687
925688
925691
925692
925693
925694
925695
925696
925697
925698
925699
925700
925701
925702
925703
925705
925706
925707
925708
925711
925712
925713
925714
925715
925716
925717
925718
925719
925720
925721
925722
925723
925724
925725
925728
925730
925731
925732
925733
925734
925735
925736
925737
925739
925740
925741
925742
925743
925744
925747
925748
925749
925750
925751
925752
925753
925754
925755
925756
925757
925758
925760
925761
925762
925763
925767
925768
925769
925771
925772
925773
925774
925775
925776
925777
925778
925779
925780
925781
925783
925785
925786
925787
925788
925790
925791
925792
925793
925794
925795
925796
925797
925798
925799
925800
925801
925802
925803
925804
925805
925806
925807
925808
925809
925811
925813
925814
925815
925816
925817
925818
925820
925821
925822
925823
925824
925825
925827
925828
925829
925830
925831
925832
925833
925834
925835
925836
925837
925838
925839
925840
925841
925842
925843
925844
925845
925846
925847
925848
925849
925850
925851
925853
925856
925857
925858
925859
925860
925861
925862
925863
925864
925865
925866
925867
925868
925870
925871
925872
925873
925875
925876
925877
925878
925880
925881
925882
925883
925884
925885
925886
925887
925888
925889
925890
925891
925892
925893
925894
925895
925896
925897
925898
925899
925900
925901
925902
925903
925904
925905
925906
925907
925908
925909
925911
925912
925913
925914
925915
925916
925917
925918
925919
925920
925921
925922
925923
925924
925925
925926
925927
925928
925929
925930
925931
925932
925933
925934
925935
925936
925937
925938
925939
925940
925941
925942
925943
925944
925945
925946
925947
925950
925951
925952
925953
925954
925955
925956
925957
925958
925959
925960
925961
925962
925964
925966
925967
925968
925969
925970
925972
925973
925974
925975
925976
925977
925978
925979
925980
925981
925982
925983
925984
925985
925987
925988
925989
925991
925992
925993
925994
925995
925997
925998
925999
926000
926001
926002
926003
926004
926005
926006
926007
926008
926009
926010
926011
926012
926013
926014
926015
926016
926017
926018
926020
926021
926022
926023
926024
926025
926026
926027
926028
926029
926030
926032
926033
926037
926038
926039
926040
926041
926042
926043
926044
926045
926046
926047
926048
926049
926050
926051
926052
926053
926054
926055
926056
926057
926058
926059
926060
926061
926062
926064
926066
926067
926068
926069
926070
926071
926072
926074
926075
926076
926077
926078
926079
926080
926081
926082
926083
926084
926085
926086
926087
926089
926090
926091
926092
926093
926094
926095
926097
926098
926099
926100
926102
926104
926105
926106
926108
926109
926110
926112
926113
926114
926116
926117
926118
926120
926121
926122
926123
926124
926125
926126
926127
926128
926129
926130
926131
926132
926133
926134
926135
926136
926137
926138
926139
926140
926141
926142
926143
926144
926145
926146
926147
926148
926149
926150
926151
926152
926153
926154
926155
926156
926157
926158
926159
926160
926161
926162
926164
926165
926166
926167
926168
926169
926170
926171
926172
926173
926174
926175
926176
926178
926179
926180
926181
926182
926183
926184
926185
926186
926187
926188
926189
926190
926191
926193
926194
926195
926196
926197
926198
926199
926200
926201
926202
926203
926204
926205
926206
926208
926209
926210
926211
926212
926213
926214
926215
926216
926217
926218
926219
926220
926221
926222
926223
926224
926225
926226
926227
926228
926229
926230
926231
926232
926233
926234
926235
926236
926237
926238
926239
926240
926241
926242
926243
926244
926245
926246
926247
926248
926249
926250
926251
926252
926253
926255
926256
926257
926258
926259
926260
926261
926262
926263
926265
926266
926267
926268
926269
926270
926271
926272
926273
926274
926275
926276
926277
926278
926279
926280
926281
926282
926284
926285
926287
926288
926289
926290
926291
926292
926293
926294
926295
926296
926297
926298
926299
926300
926301
926302
926303
926304
926305
926307
926308
926309
926310
926311
926312
926313
926314
926315
926316
926317
926318
926319
926320
926321
926322
926323
926324
926325
926326
926327
926328
926329
926330
926331
926332
926333
926334
926335
926336
926337
926338
926339
926341
926342
926344
926345
926346
926348
926350
926351
926352
926353
926354
926355
926356
926358
926359
926360
926361
926362
926363
926364
926365
926366
926367
926368
926369
926370
926371
926372
926374
926375
926376
926377
926378
926379
926380
926381
926382
926383
926384
926385
926386
926387
926388
926389
926390
926391
926392
926393
926394
926395
926396
926397
926398
926399
926400
926401
926403
926404
926405
926406
926407
926409
926410
926412
926413
926416
926417
926420
926421
926422
926423
926424
926426
926427
926428
926429
926430
926431
926432
926433
926434
926435
926436
926437
926438
926439
926440
926441
926442
926443
926444
926445
926446
926447
926448
926449
926450
926451
926452
926453
926454
926455
926456
926457
926458
926459
926460
926461
926462
926463
926464
926465
926466
926467
926470
926471
926472
926473
926474
926475
926476
926477
926478
926479
926480
926481
926482
926483
926484
926485
926487
926491
926492
926494
926495
926496
926497
926498
926499
926500
926501
926502
926503
926505
926506
926507
926508
926509
926511
926512
926513
926514
926515
926516
926518
926519
926520
926521
926522
926523
926524
926525
926526
926527
926528
926529
926530
926531
926532
926534
926535
926537
926538
926539
926540
926541
926542
926543
926544
926545
926546
926547
926548
926549
926550
926551
926552
926553
926554
926556
926557
926559
926560
926561
926562
926564
926565
926566
926567
926568
926570
926571
926572
926573
926574
926575
926576
926577
926578
926579
926580
926582
926583
926584
926585
926586
926587
926588
926589
926590
926592
926593
926594
926595
926596
926597
926598
926599
926600
926601
926603
926604
926605
926606
926607
926608
926610
926611
926612
926613
926614
926615
926616
926618
926619
926621
926622
926623
926624
926625
926626
926627
926628
926629
926630
926633
926634
926635
926637
926638
926639
926640
926641
926642
926643
926644
926645
926646
926647
926648
926649
926650
926651
926652
926653
926654
926656
926657
926658
926660
926661
926662
926663
926664
926665
926666
926668
926669
926670
926671
926672
926673
926674
926675
926676
926677
926678
926679
926680
926681
926682
926683
926685
926686
926687
926688
926689
926690
926691
926693
926694
926695
926696
926697
926698
926699
926700
926701
926702
926703
926704
926705
926706
926707
926708
926709
926710
926711
926712
926713
926714
926715
926716
926717
926718
926719
926720
926721
926722
926723
926724
926725
926726
926727
926728
926729
926730
926732
926733
926734
926737
926738
926740
926741
926742
926743
926745
926746
926747
926749
926750
926751
926753
926754
926755
926756
926757
926758
926761
926762
926763
926764
926765
926766
926767
926768
926769
926770
926771
926772
926773
926774
926775
926776
926777
926778
926779
926780
926781
926782
926783
926784
926785
926786
926787
926788
926789
926790
926792
926793
926794
926795
926796
926797
926798
926799
926800
926801
926802
926803
926805
926806
926807
926808
926809
926810
926811
926813
926814
926815
926816
926817
926818
926819
926820
926821
926822
926823
926824
926825
926827
926828
926829
926830
926831
926832
926833
926834
926835
926836
926837
926838
926839
926840
926841
926842
926843
926844
926845
926846
926847
926848
926849
926850
926851
926852
926853
926855
926856
926857
926858
926859
926860
926861
926863
926864
926865
926866
926867
926868
926869
926870
926871
926872
926873
926874
926875
926876
926877
926878
926879
926880
926881
926882
926883
926884
926885
926886
926887
926888
926889
926890
926891
926892
926893
926894
926896
926897
926898
926899
926900
926901
926902
926903
926904
926905
926908
926910
926911
926912
926913
926914
926915
926916
926917
926918
926919
926920
926921
926922
926923
926924
926925
926928
926929
926930
926931
926932
926933
926934
926935
926936
926937
926938
926939
926940
926941
926942
926943
926944
926945
926946
926947
926948
926949
926950
926951
926952
926953
926954
926955
926956
926957
926958
926959
926960
926961
926962
926963
926964
926966
926967
926968
926969
926970
926972
926973
926975
926976
926977
926978
926979
926980
926981
926982
926983
926984
926985
926986
926987
926988
926989
926990
926991
926993
926994
926995
926996
926997
926998
926999
927000
927001
927002
927004
927005
927006
927008
927009
927010
927011
927012
927013
927014
927015
927016
927017
927021
927023
927025
927026
927028
927029
927030
927031
927032
927033
927034
927035
927036
927037
927038
927039
927040
927041
927042
927043
927044
927045
927046
927047
927048
927049
927050
927051
927052
927053
927054
927055
927056
927057
927058
927059
927060
927061
927062
927063
927064
927065
927066
927067
927068
927069
927070
927072
927073
927074
927075
927076
927077
927078
927079
927080
927081
927082
927083
927084
927085
927086
927087
927088
927089
927091
927092
927093
927094
927095
927096
927097
927098
927099
927102
927103
927104
927106
927107
927108
927109
927110
927111
927113
927114
927115
927118
927119
927120
927121
927122
927123
927124
927125
927126
927127
927128
927129
927130
927131
927132
927133
927134
927135
927136
927137
927138
927141
927142
927143
927144
927145
927146
927147
927148
927149
927150
927151
927152
927153
927154
927155
927156
927157
927158
927159
927160
927161
927162
927163
927164
927165
927166
927167
927170
927171
927172
927173
927174
927175
927176
927177
927178
927179
927180
927181
927182
927183
927184
927185
927187
927189
927190
927191
927192
927193
927194
927195
927196
927197
927198
927199
927201
927203
927204
927205
927206
927207
927208
927209
927210
927211
927212
927213
927215
927216
927217
927218
927219
927220
927221
927222
927223
927224
927225
927226
927227
927229
927230
927231
927232
927233
927234
927235
927236
927237
927238
927239
927241
927242
927243
927244
927245
927246
927247
927248
927249
927250
927251
927252
927254
927255
927256
927257
927258
927259
927260
927261
927263
927264
927265
927266
927267
927268
927269
927270
927271
927272
927274
927275
927276
927277
927278
927279
927280
927281
927282
927283
927284
927285
927286
927287
927288
927289
927290
927291
927293
927294
927295
927297
927299
927300
927302
927303
927304
927306
927307
927308
927309
927310
927311
927312
927313
927314
927315
927316
927317
927318
927319
927321
927322
927323
927324
927325
927326
927327
927328
927329
927330
927331
927332
927333
927334
927335
927336
927337
927338
927339
927341
927342
927343
927344
927345
927346
927347
927348
927349
927351
927352
927353
927357
927359
927365
927366
927367
927368
927369
927370
927371
927372
927373
927374
927375
927376
927377
927378
927379
927380
927381
927382
927383
927384
927385
927386
927387
927388
927389
927390
927391
927392
927393
927395
927396
927397
927398
927399
927400
927401
927402
927403
927404
927405
927406
927407
927408
927411
927412
927413
927414
927415
927416
927417
927418
927419
927420
927421
927422
927423
927424
927427
927428
927429
927430
927431
927432
927433
927434
927435
927436
927437
927438
927439
927440
927441
927443
927444
927445
927446
927447
927448
927449
927450
927451
927452
927453
927454
927455
927456
927457
927458
927459
927460
927461
927462
927463
927464
927465
927466
927467
927469
927470
927471
927472
927473
927474
927475
927476
927477
927478
927479
927480
927481
927482
927483
927484
927485
927486
927487
927488
927489
927490
927491
927492
927493
927494
927495
927496
927497
927498
927499
927500
927501
927502
927503
927504
927505
927507
927508
927509
927510
927511
927512
927513
927514
927515
927516
927517
927518
927519
927520
927521
927522
927523
927524
927525
927526
927527
927528
927529
927530
927531
927532
927533
927534
927535
927536
927537
927538
927539
927540
927541
927542
927543
927544
927545
927546
927547
927548
927549
927550
927551
927552
927553
927554
927555
927556
927557
927559
927560
927561
927562
927563
927564
927566
927567
927568
927569
927571
927572
927573
927574
927575
927576
927577
927578
927579
927580
927581
927582
927583
927585
927586
927587
927588
927589
927590
927591
927592
927593
927594
927595
927596
927597
927599
927600
927601
927603
927604
927605
927606
927607
927608
927609
927610
927611
927612
927613
927614
927615
927616
927617
927618
927619
927621
927622
927623
927625
927626
927627
927628
927630
927631
927632
927633
927634
927635
927636
927637
927638
927639
927640
927641
927642
927643
927644
927645
927646
927647
927648
927649
927650
927651
927652
927653
927654
927655
927656
927657
927658
927659
927660
927661
927662
927663
927664
927665
927666
927667
927668
927669
927670
927671
927672
927673
927674
927675
927676
927677
927678
927679
927680
927681
927683
927685
927686
927687
927688
927689
927690
927691
927692
927693
927694
927695
927696
927697
927698
927700
927701
927702
927703
927704
927705
927707
927708
927709
927710
927711
927712
927713
927714
927715
927716
927717
927718
927719
927720
927721
927722
927723
927724
927725
927726
927727
927728
927729
927730
927731
927732
927733
927734
927735
927736
927737
927738
927739
927740
927741
927742
927743
927744
927745
927746
927747
927748
927749
927750
927751
927752
927753
927754
927755
927756
927757
927758
927759
927760
927761
927762
927763
927764
927765
927766
927767
927768
927769
927770
927771
927772
927773
927774
927775
927777
927778
927780
927782
927783
927784
927786
927787
927788
927789
927790
927792
927793
927794
927795
927797
927798
927799
927801
927803
927804
927806
927807
927808
927810
927811
927812
927813
927814
927815
927816
927817
927818
927819
927820
927822
927823
927824
927825
927826
927827
927828
927829
927830
927831
927832
927833
927834
927835
927836
927837
927838
927839
927840
927841
927842
927843
927846
927847
927849
927850
927851
927853
927854
927855
927856
927857
927858
927859
927861
927862
927864
927865
927866
927867
927868
927869
927870
927871
927872
927873
927874
927875
927876
927877
927878
927879
927880
927881
927882
927883
927884
927885
927886
927887
927888
927889
927890
927891
927892
927893
927895
927896
927898
927899
927900
927902
927903
927904
927905
927906
927907
927909
927910
927912
927914
927915
927916
927917
927918
927919
927920
927921
927922
927923
927924
927926
927927
927928
927929
927930
927931
927932
927933
927934
927936
927937
927938
927939
927940
927941
927942
927943
927944
927945
927946
927947
927950
927951
927952
927953
927954
927955
927956
927957
927958
927959
927960
927961
927962
927963
927965
927966
927967
927968
927969
927970
927971
927972
927973
927974
927975
927976
927977
927978
927979
927980
927982
927984
927985
927986
927987
927988
927989
927990
927991
927992
927993
927995
927996
927997
927998
927999
928000
928001
928002
928003
928004
928005
928006
928007
928008
928009
928010
928011
928012
928013
928014
928015
928016
928017
928018
928019
928020
928022
928023
928024
928025
928026
928027
928030
928031
928032
928033
928034
928035
928036
928037
928038
928039
928040
928041
928042
928043
928044
928045
928046
928047
928048
928049
928050
928051
928052
928053
928054
928055
928056
928057
928059
928060
928061
928062
928063
928064
928065
928066
928067
928068
928069
928070
928071
928072
928073
928074
928075
928076
928077
928079
928080
928081
928082
928084
928086
928087
928088
928089
928090
928092
928093
928094
928095
928096
928097
928098
928099
928100
928101
928102
928103
928104
928105
928106
928107
928108
928109
928110
928111
928112
928113
928114
928115
928116
928117
928118
928120
928122
928123
928124
928125
928126
928127
928128
928129
928130
928131
928132
928133
928134
928135
928136
928138
928139
928140
928141
928142
928144
928145
928146
928147
928148
928149
928151
928152
928153
928154
928155
928156
928157
928158
928159
928160
928161
928162
928164
928165
928166
928167
928168
928169
928170
928171
928173
928174
928176
928177
928178
928179
928180
928181
928182
928183
928184
928185
928186
928187
928188
928189
928191
928192
928193
928194
928195
928196
928197
928198
928199
928200
928201
928202
928203
928204
928205
928206
928207
928208
928209
928210
928212
928213
928214
928215
928216
928217
928218
928219
928221
928222
928223
928224
928225
928226
928227
928228
928229
928230
928231
928233
928234
928236
928237
928239
928241
928242
928243
928244
928245
928246
928247
928248
928249
928250
928251
928253
928254
928256
928257
928258
928259
928260
928261
928262
928263
928264
928265
928266
928268
928269
928270
928271
928273
928274
928275
928276
928277
928278
928279
928280
928281
928282
928283
928284
928286
928287
928288
928290
928291
928292
928293
928294
928295
928296
928297
928298
928299
928300
928301
928302
928303
928304
928305
928306
928307
928308
928309
928310
928311
928312
928313
928314
928315
928316
928317
928318
928319
928320
928321
928322
928324
928325
928326
928327
928328
928329
928330
928331
928332
928333
928334
928335
928336
928337
928338
928339
928340
928341
928342
928343
928344
928345
928346
928347
928348
928349
928350
928351
928352
928353
928354
928356
928357
928358
928359
928360
928361
928363
928364
928365
928366
928367
928368
928369
928370
928372
928373
928374
928375
928376
928377
928378
928379
928380
928381
928382
928383
928385
928386
928387
928388
928389
928390
928391
928392
928393
928394
928395
928397
928398
928399
928400
928401
928402
928403
928404
928406
928407
928408
928409
928410
928411
928412
928413
928414
928415
928416
928417
928418
928419
928420
928421
928423
928424
928425
928426
928427
928428
928429
928431
928434
928436
928437
928438
928439
928440
928441
928442
928445
928446
928449
928450
928451
928452
928453
928454
928455
928456
928457
928458
928459
928460
928461
928463
928464
928465
928466
928467
928468
928469
928470
928471
928472
928473
928474
928475
928476
928477
928478
928479
928480
928482
928483
928484
928485
928486
928487
928488
928489
928490
928491
928492
928493
928494
928495
928496
928497
928499
928501
928502
928503
928504
928505
928506
928507
928508
928509
928510
928511
928512
928513
928514
928515
928516
928517
928518
928519
928520
928521
928522
928523
928524
928525
928526
928527
928528
928529
928530
928531
928532
928533
928534
928535
928536
928537
928538
928539
928540
928541
928542
928543
928544
928545
928546
928547
928548
928549
928550
928551
928552
928553
928555
928556
928557
928558
928559
928561
928562
928563
928564
928565
928566
928567
928568
928569
928570
928571
928572
928573
928574
928575
928576
928577
928578
928579
928580
928584
928585
928586
928587
928588
928589
928590
928591
928592
928593
928594
928595
928596
928598
928599
928600
928603
928604
928605
928606
928607
928608
928609
928610
928611
928612
928613
928617
928618
928619
928620
928622
928623
928624
928625
928626
928627
928628
928629
928630
928631
928632
928633
928634
928635
928636
928637
928638
928639
928640
928641
928642
928643
928644
928645
928646
928647
928648
928650
928651
928652
928653
928654
928655
928656
928658
928659
928660
928661
928662
928663
928664
928668
