808539
80854
808540
808541
808542
808543
808544
808545
808546
808547
808549
80855
808550
808551
808552
808554
808555
808556
808557
808558
808559
80856
808560
808561
808562
808563
808564
808565
808566
808567
808568
808569
80857
808570
808571
808572
808573
808574
808575
808576
808577
808578
808579
80858
808580
808581
808582
808583
808584
808585
808586
808587
808588
808589
80859
808590
808591
808592
808593
808594
808595
808596
808597
808598
808599
80860
808600
808601
808602
808603
808604
808605
808606
808607
808608
808609
80861
808610
808611
808612
808613
808614
808616
808617
808618
808619
80862
808620
808621
808622
808623
808624
808625
808627
808628
808629
80863
808630
808631
808632
808633
808634
808635
808636
808637
808638
808639
80864
808640
808641
808642
808643
808644
808645
808646
808647
808648
808649
80865
808650
808652
808653
808654
808655
808656
808657
808658
808659
80866
808660
808661
808662
808663
808664
808665
808666
808667
808668
808669
80867
808670
808671
808672
808673
808674
808675
808676
808677
808678
808679
80868
808680
808681
808682
808683
808685
808686
808688
808689
80869
808690
808692
808693
808694
808695
808696
808697
808698
80870
808700
808701
808702
808703
808704
808705
808706
808707
808708
808709
80871
808710
808712
808713
808714
808715
808716
808718
808719
80872
808720
808721
808722
808723
808724
808725
808727
808728
808729
80873
808730
808731
808732
808733
808734
808735
808736
808737
808738
808739
80874
808740
808741
808742
808743
808744
808745
808746
808747
808748
808749
808750
808751
808752
808753
808754
808755
808756
808757
808758
808759
80876
808760
808761
808762
808763
808764
808767
808768
808769
80877
808770
808771
808772
808773
808774
808775
808776
808777
808778
808779
80878
808780
808781
808782
808783
808784
808785
808786
808787
808788
808789
80879
808790
808791
808792
808793
808794
808795
808796
808797
808798
808799
8088
80880
808800
808801
808802
808803
808804
808805
808807
808808
808809
80881
808810
808811
808812
808815
808817
808818
808819
80882
808820
808821
808822
808823
808824
808825
808826
808828
80883
808830
808831
808832
808833
808834
808835
808836
808837
808838
808839
80884
808840
808841
808842
808843
808845
808846
808847
808848
808849
80885
808850
808851
808852
808853
808854
808855
808856
808858
808859
808862
808863
808864
808865
808866
808867
808868
80887
808870
808872
808873
808874
808875
808876
808877
808878
808879
80888
808880
808881
808882
808883
808884
808885
808886
808887
808888
808889
80889
808891
808892
808893
808894
808895
808896
808897
808898
808899
8089
80890
808900
808901
808902
808903
808904
808905
808907
808908
808910
808911
808912
808913
808914
808915
808916
808917
808918
808919
80892
808920
808921
808922
808923
808924
808925
808926
808927
808928
808929
80893
808930
808931
808932
808933
808934
808935
808936
808937
808938
808939
80894
808940
808941
808942
808943
808944
808945
808946
808947
808948
808949
80895
808950
808951
808952
808954
808955
808956
808957
808958
808959
80896
808960
808961
808962
808963
808964
808965
808966
808967
808968
808969
80897
808970
808971
808972
808973
808974
808975
808976
808978
80898
808980
808981
808982
808983
808984
808985
808986
808988
808989
80899
808990
808991
808992
808993
808994
808996
808997
808998
809
8090
80900
809000
809002
809004
809005
809009
80901
809011
809012
809013
809014
809015
809016
809017
809018
809019
80902
809020
809021
809022
809023
809024
809025
809027
809028
80903
809030
809031
809033
809034
809035
809036
809037
809038
809039
80904
809040
809041
809042
809043
809044
809045
809046
809047
809048
809049
80905
809050
809051
809052
809053
809054
809056
809057
809059
80906
809061
809062
809063
809064
809065
809066
809068
809069
80907
809070
809071
809072
809073
809074
809075
809076
809077
809078
809079
80908
809080
809081
809082
809083
809084
809085
809086
809087
809088
809089
80909
809090
809091
809092
809093
809094
809095
809096
809097
809098
809099
80910
809100
809101
809102
809103
809105
809106
809108
809109
80911
809110
809111
809113
809114
809115
809116
809117
809118
809119
80912
809120
809121
809122
809123
809124
809125
809126
809127
809128
809130
809131
809132
809133
809135
809136
809137
809138
809139
80914
809140
809141
809142
809143
809144
809145
809147
809148
809149
80915
809150
809151
809152
809153
809155
809157
80916
809160
809161
809163
809164
809165
809166
809167
809168
809169
80917
809170
809171
809172
809173
809175
809176
809177
809178
809179
80918
809180
809182
809183
809185
809186
809187
809188
809189
80919
809190
809191
809192
809193
809194
809195
809196
809198
809199
8092
80920
809200
809201
809202
809203
809205
809206
809207
809208
809209
80921
809212
809213
809214
809215
809217
809218
809219
80922
809220
809221
809222
809223
809224
809225
809226
809227
809228
809229
80923
809230
809231
809232
809233
809234
809235
809236
809237
809238
809239
80924
809240
809241
809243
809244
809245
809246
809247
809248
809249
80925
809250
809252
809253
809254
809255
809256
809257
809258
809259
80926
809260
809262
809263
809264
809265
809267
809268
80927
809270
809271
809272
809273
809274
809275
809276
809277
809278
809279
80928
809280
809281
809282
809283
809284
809285
809287
809288
809289
80929
809290
809291
809293
809294
809295
809296
809297
809298
809299
8093
80930
809300
809301
809302
809303
809304
809305
809306
809307
809308
80931
809310
809311
809312
809313
809314
809315
809316
809317
809318
80932
809320
809321
809322
809323
809324
809325
809326
809327
809328
809329
80933
809330
809331
809332
809333
809334
809336
809337
809338
809339
80934
809340
809341
809343
809344
809345
809346
809347
809348
809349
80935
809351
809352
809353
809354
809355
809356
809357
809358
809359
80936
809360
809361
809362
809363
809364
809365
809366
809367
809368
809369
809370
809371
809372
809373
809374
809375
809376
809377
809378
809379
80938
809380
809381
809382
809383
809384
809385
809386
809387
809388
809389
80939
809390
809391
809392
809393
809394
809395
809396
809397
809398
809399
8094
80940
809400
809401
809402
809404
809405
809406
809407
809408
809409
80941
809410
809411
809412
809413
809414
809415
809416
809417
809418
809419
80942
809420
809421
809422
809423
809424
809425
809426
809427
809428
809429
80943
809431
809432
809433
809434
809435
809436
809437
809438
809439
80944
809440
809441
809442
809443
809444
809445
809446
809447
809448
809449
80945
809450
809451
809452
809453
809455
809458
809459
80946
809460
809461
809462
809463
809464
809465
809466
809467
809468
809469
80947
809470
809471
809472
809473
809475
809476
809477
809478
80948
809480
809481
809482
809483
809484
809485
809486
809487
809488
809489
80949
809490
809491
809492
809493
809494
809495
809496
809497
809499
8095
809500
809501
809503
809504
809505
809506
809507
809508
809509
80951
809510
809511
809512
809513
809514
809515
809516
809517
809518
809519
80952
809520
809521
809522
809523
809524
809525
809526
809527
809528
809529
80953
809530
809531
809532
809533
809534
809536
809537
809538
809539
80954
809540
809541
809542
809545
809546
809547
809548
809549
80955
809550
809551
809552
809553
809554
809555
809556
809557
809558
809559
80956
809561
809562
809563
809564
809567
809568
809569
80957
809570
809571
809572
809573
809574
809575
809576
809577
809578
809579
80958
809580
809581
809582
809583
809584
809586
809587
809588
809589
80959
809590
809591
809593
809595
809596
809598
80960
809600
809604
809605
809607
809608
80961
809610
809611
809613
809614
809616
809618
809619
80962
809620
809621
809625
809626
809627
809629
80963
809630
809631
809632
809633
809634
809635
809636
809637
809638
809639
80964
809640
809641
809642
809643
809644
809645
809646
809647
809648
809649
80965
809652
809654
809656
809658
809659
80966
809660
809662
809663
809664
809665
809666
809667
809668
80967
809670
809671
809672
809673
809674
809675
809676
809677
809678
809679
80968
809680
809681
809682
809683
809684
809686
809687
809688
809689
80969
809690
809691
809692
809693
809694
809695
809696
809697
809698
809699
80970
809700
809701
809702
809704
809705
809706
809708
809709
80971
809710
809712
809713
809714
809715
809716
809717
809718
809719
80972
809720
809721
809722
809723
809725
809726
809727
809728
809729
80973
809730
809732
809733
809734
809735
809736
809737
809738
809739
80974
809740
809741
809742
809743
809744
809745
809746
809747
809748
809749
80975
809750
809751
809752
809753
809754
809755
809757
809758
809759
80976
809760
809761
809762
809763
809764
809765
809766
809767
809768
809769
80977
809771
809772
809773
809774
809775
809776
809777
809778
809779
80978
809780
809781
809782
809783
809784
809785
809786
809787
809788
809789
80979
809791
809792
809793
809795
809796
809797
809798
809799
809800
809801
809802
809804
809805
809806
809807
809809
80981
809811
809812
809813
809815
809817
809818
809819
80982
809820
809822
809823
809826
809827
809828
809829
80983
809830
809831
809832
809833
809834
809835
809836
809837
809838
809839
80984
809840
809841
809842
809843
809844
809845
809847
809848
80985
809850
809852
809853
809855
809856
809857
809858
809859
80986
809860
809861
809862
809863
809865
809866
809867
809868
809869
80987
809870
809871
809872
809873
809874
809875
809878
80988
809880
809881
809882
809883
809884
809885
809889
80989
809890
809891
809892
809895
809896
809897
809898
809899
80990
809900
809901
809903
809904
809905
809906
809907
809908
809909
80991
809910
809911
809912
809913
809914
809915
809916
809917
809918
80992
809920
809921
809922
809923
809924
809925
809926
809928
809929
80993
809930
809931
809932
809933
809934
809935
809936
809937
809938
809939
80994
809940
809941
809942
809943
809945
809946
809947
809948
809949
80995
809950
809951
809952
809953
809954
809955
809956
809957
809958
809959
80996
809960
809961
809962
809963
809964
809965
809966
809967
809968
809969
80997
809970
809972
809973
809974
809975
809976
809977
809978
809979
80998
809980
809981
809982
809983
809984
809985
809986
809987
809988
809989
80999
809990
809991
809992
809993
809994
809995
809996
809997
809998
809999
81
810
81000
810000
810001
810002
810003
810004
810005
810006
810007
810009
81001
810011
810012
810015
810016
810017
810018
810019
81002
810020
810021
810023
810024
810025
810026
810027
810028
810029
81003
810030
810031
810032
810033
810034
810035
810036
810037
810038
810039
81004
810040
810041
810042
810043
810044
810045
810046
810047
81005
810050
810051
810052
810054
810055
810056
810057
810059
810060
810061
810062
810063
810064
810065
810066
810067
810068
810069
81007
810070
810071
810072
810073
810074
810075
810076
810077
810079
810080
810081
810082
810083
810084
810088
810089
81009
810090
810092
810096
810097
810098
810099
81010
810100
810101
810103
810104
810105
810106
810107
810108
810109
81011
810110
810111
810112
810113
810114
810115
810116
810117
810118
810119
810120
810121
810123
810124
810125
810126
810127
810128
810129
81013
810130
810131
810132
810133
810134
810135
810136
810137
810138
810139
810140
810141
810142
810143
810144
810145
810147
810148
810149
810150
810151
810152
810153
810154
810155
810156
810157
810158
810159
81016
810160
810161
810162
810164
810165
810166
810167
810168
810169
81017
810170
810171
810172
810173
810174
810175
810176
810177
81018
810180
810183
810184
810185
810187
810188
810189
810190
810191
810192
810193
810194
810195
810196
810197
810198
810199
810200
810202
810206
810208
810209
81021
810210
810211
810212
810213
810214
810215
810216
810217
810218
810219
81022
810220
810221
810222
810223
810224
810225
810226
810227
810228
810229
810230
810231
810232
810233
810234
810235
810236
810237
810238
810239
81024
810240
810241
810242
810243
810244
810245
810246
810247
810248
810249
81025
810250
810252
810253
810254
810255
810256
810257
810258
810259
81026
810260
810262
810263
810264
810265
810266
810269
81027
810271
810274
810275
810279
81028
810282
810283
810287
810288
81029
810290
810291
810292
810294
810295
810296
810298
810299
81030
810300
810301
810302
810303
810304
810305
810306
810307
810308
810309
81031
810311
810312
810313
810314
810315
810316
810317
810318
810319
81032
810320
810321
810322
810323
810324
810325
810326
810327
810328
810329
81033
810330
810331
810332
810333
810334
810335
810336
810337
810339
81034
810340
810341
810342
810343
810344
810345
810346
810347
810348
810349
81035
810350
810351
810352
810353
810354
810355
810356
810358
81036
810362
810363
810364
810365
810366
810367
810368
810369
81037
810370
810371
810372
810373
810374
810375
810376
810377
810378
810379
81038
810380
810381
810382
810383
810384
810385
810386
810387
810388
810389
81039
810390
810391
810392
810393
810394
810395
810396
810397
810399
81040
810400
810401
810402
810403
810404
810405
810406
810407
810408
810409
81041
810410
810411
810412
810413
810414
810415
810416
810418
810419
81042
810420
810421
810422
810423
810424
810427
810428
810429
81043
810430
810431
810433
810435
810436
810437
810438
810439
81044
810440
810441
810442
810443
810444
810445
810446
810447
810448
81045
810451
810452
810454
810455
810456
810457
810458
810459
81046
810460
810461
810462
810463
810464
810465
810466
810467
810468
81047
810470
810471
810472
810473
810474
810476
810477
810478
810479
81048
810481
810482
810483
810484
810487
810488
810489
81049
810490
810491
810492
810493
810494
810495
810496
810498
810499
810500
810501
810502
810503
810504
810505
810506
810508
810509
81051
810510
810511
810512
810513
810514
810515
810516
810517
810518
810519
81052
810520
810523
810524
810525
810526
810527
810528
810529
81053
810530
810531
810533
810534
810535
810536
810537
810538
810539
81054
810540
810541
810542
810543
810544
810545
810546
810547
810548
810549
81055
810551
810553
810554
810555
810556
810557
810558
810559
81056
810560
810561
810562
810563
810564
810565
810566
810567
810568
810569
81057
810570
810571
810572
810574
810575
810576
810577
810578
810579
81058
810580
810581
810582
810583
810584
810585
810586
810587
810588
810589
81059
810590
810591
810592
810593
810594
810595
810596
810598
810599
81060
810600
810601
810602
810603
810604
810605
810606
810607
810608
810609
81061
810610
810611
810612
810613
810614
810615
810616
810617
810618
810619
81062
810620
810621
810622
810623
810624
810625
810627
810628
810629
81063
810630
810631
810632
810633
810634
810635
810636
810638
810639
81064
810640
810641
810642
810643
810644
810645
810646
810647
810648
81065
810656
810657
810658
810659
81066
810660
810662
810664
810665
810666
810667
810669
81067
810671
810673
810674
810675
810676
810677
810678
81068
810680
810681
810682
810683
810684
810685
810686
810687
810688
810689
81069
810691
810692
810693
810694
810695
810696
810698
810699
81070
810700
810701
810702
810703
810704
810705
810706
810707
810708
810709
81071
810710
810711
810712
810714
810716
810717
810718
810719
81072
810720
810721
810722
810723
810724
810725
810726
810727
810728
81073
810730
810731
810733
810734
810735
810736
810737
810738
810739
81074
810740
810741
810742
810743
810744
810745
810746
810748
810749
81075
810750
810752
810754
810755
810756
810757
810758
810759
81076
810760
810761
810762
810764
810765
810766
810767
81077
810770
810771
810772
810773
810774
810775
810776
810777
810778
810779
81078
810781
810782
810783
810785
810786
810787
810788
810789
81079
810790
810792
810793
810794
810795
810796
810797
810798
810799
81080
810800
810801
810802
810803
810804
810805
810806
810807
810808
810809
81081
810810
810811
810812
810813
810814
810815
810816
810817
810818
810819
81082
810820
810821
810822
810823
810824
810825
810826
810827
810828
810829
81083
810830
810833
810834
810835
810836
810837
810838
810839
810840
810841
810842
810843
810846
810849
81085
810850
810851
810852
810853
810854
810855
810856
810857
810858
810859
81086
810864
810865
810866
810867
810868
810869
81087
810870
810871
810872
810873
810874
810875
810876
810877
810878
810879
81088
810880
810881
810883
810884
810885
810886
810888
81089
810890
810891
810892
810894
810895
810896
810898
810899
810900
810901
810903
810904
810905
810907
810909
81091
810912
810913
810914
810915
810916
810919
81092
810921
810923
810924
810925
810926
810927
810928
810929
810930
810931
810932
810933
810934
810935
810936
810937
810938
810939
810940
810941
810942
810943
810944
810945
810946
810947
810948
810949
810950
810951
810952
810955
810956
810957
810958
810959
81096
810960
810961
810962
810963
810964
810965
810966
810967
810968
810969
810970
810971
810972
810973
810974
810975
810976
810977
810978
810979
810980
810981
810982
810983
810984
810985
810986
810988
81099
810990
810991
810992
810993
810994
810995
810997
810998
811
811001
811002
811006
811007
811010
811011
811012
811015
811016
811017
811018
811019
81102
811020
811021
811023
811024
811025
811027
811028
811029
81103
811031
811032
811033
811034
811036
811037
811038
811039
811040
811041
811042
811043
811044
811045
811046
811048
811049
81105
811050
811051
811053
811054
811055
811056
811057
811058
811060
811061
811062
811063
811064
811065
811066
811067
811068
811069
81107
811070
811071
811072
811074
811075
811076
811078
811079
81108
811080
811081
811082
811083
811084
811085
811086
811087
811088
811089
81109
811090
811091
811092
811093
811094
811095
811096
811097
811099
81110
811100
811101
811102
811103
811104
811105
811107
811108
811109
81111
811110
811111
811112
811113
811114
811115
811116
811117
811118
811119
81112
811120
811121
811122
811123
811124
811125
811127
811129
81113
811130
811131
811133
811134
811135
811136
811137
811138
811139
81114
811140
811141
811142
811143
811144
811145
811146
811147
811148
811149
81115
811150
811151
811152
811153
811154
811155
811156
811157
811158
811159
81116
811160
811162
811163
811164
811165
811166
811167
811168
811169
81117
811170
811171
811172
811173
811174
811175
811176
811177
811178
811179
81118
811180
811181
811182
811183
811184
811185
811187
811189
81119
811190
811191
811194
811195
811196
811197
811198
811199
81120
811200
811201
811202
811203
811205
811206
811207
811208
811209
81121
811210
811211
811212
811213
811215
811217
811218
811219
81122
811220
811221
811222
811226
811229
81123
811230
811231
811232
811233
811234
811235
811236
811237
811238
811239
81124
811240
811241
811242
811244
811245
811246
811247
811248
811249
81125
811250
811252
811253
811254
811255
811256
81126
811260
811262
811264
811265
811267
811268
811269
81127
811270
811271
811273
811275
811276
811277
811278
811279
81128
811280
811281
811282
811284
811285
811286
811287
811288
811289
81129
811290
811291
811292
811293
811294
811295
811297
811298
81130
811300
811302
811303
811304
811305
811306
811307
811308
811309
81131
811310
811311
811312
811313
811314
811315
811316
811318
811319
81132
811320
811321
811322
811323
811324
811326
811327
811328
811329
81133
811330
811331
811332
811333
811334
811335
811336
811337
811338
811339
81134
811340
811341
811342
811343
811344
811345
811346
811347
811348
811349
81135
811351
811352
811353
811354
811355
811356
811357
811358
811359
81136
811360
811361
811362
811363
811364
811365
811366
811367
811368
811369
81137
811370
811371
811372
811374
811375
811376
811377
811378
811380
811381
811382
811383
811385
811386
811387
811388
811389
81139
811390
811391
811392
811393
811395
811396
811397
811398
81140
811400
811401
811402
811403
811404
811405
811406
811407
811408
811409
81141
811410
811411
811412
811413
811414
811415
811417
811418
811419
81142
811420
811421
811422
811423
811424
811426
811427
811428
811429
81143
811430
811433
811434
811435
811436
811438
81144
811440
811441
811443
811444
811445
811446
811447
811448
811449
81145
811450
811452
811453
811454
811455
811456
811457
811458
811459
811460
811461
811462
811463
811464
811466
811467
811468
811469
81147
811470
811471
811473
811474
811475
811476
811477
811478
81148
811481
811482
811483
811484
811486
811487
811488
811489
81149
811490
811491
811492
811493
811494
811495
811496
811497
811498
811499
81150
811500
811501
811502
811503
811505
811506
811507
811508
811509
81151
811510
811511
811512
811513
811514
811515
811516
811517
811518
811519
81152
811520
811521
811522
811523
811524
811525
811527
811528
811529
81153
811530
811531
811532
811533
811534
811535
811537
811539
81154
811540
811541
811542
811543
811544
811545
811546
811547
811548
811549
81155
811551
811552
811553
811554
811555
811556
811558
811559
81156
811560
811561
811564
811565
811566
811567
811568
811569
81157
811570
811571
811572
811573
811574
811575
811577
811580
811581
811582
811583
811584
811585
811587
81159
811590
811591
811592
811593
811594
811595
811596
811597
811598
811599
81160
811600
811601
811602
811603
811607
811608
811609
81161
811610
811611
811612
811613
811614
811615
811616
811617
811618
811619
81162
811620
811621
811622
811623
811625
811626
811627
811628
81163
811630
811631
811632
811633
811634
811635
811636
811637
811638
811639
81164
811640
811641
811642
811643
811644
811645
811646
811647
81165
811650
811651
811652
811653
811654
811655
811656
811657
811658
811659
81166
811660
811661
811662
811663
811665
811666
811667
811668
811669
81167
811670
811671
811672
811675
811676
811677
811678
81168
811680
811681
811682
811683
811684
811685
811686
811687
811688
811689
811690
811691
811692
811693
811694
811695
811696
811697
811698
811699
81170
811700
811701
811702
811703
811704
811705
811706
811707
811708
811709
81171
811710
811711
811712
811714
811715
811716
811717
811718
811719
81172
811720
811721
811722
811723
811725
811726
811727
811729
81173
811730
811731
811732
811733
811734
811736
811738
81174
811740
811741
811742
811743
811744
811745
811746
811747
811748
81175
811750
811751
811752
811753
811754
811755
811756
811757
811758
81176
811760
811761
811762
811763
811764
811765
811766
811767
811768
811769
81177
811770
811771
811772
811773
811774
811775
811776
811777
811778
811779
81178
811780
811781
811782
811783
811784
811785
811786
811787
811789
81179
811790
811791
811792
811794
811795
811798
811799
81180
811800
811801
811802
811803
811804
811805
811806
811807
811808
811809
81181
811810
811811
811812
811814
811815
811816
811817
811818
811819
81182
811820
811821
811822
811823
811824
811825
811826
811827
811828
811829
81183
811831
811832
811833
811834
811835
811837
811838
811839
81184
811840
811841
811842
811843
811844
811846
811847
811848
81185
811850
811851
811852
811853
811854
811855
811856
811857
811859
811860
811861
811862
811863
811864
811865
811866
811867
811868
811869
81187
811870
811871
811872
811873
811874
811875
811876
811878
811879
81188
811880
811881
811882
811884
811885
811886
811887
811888
811889
81189
811890
811891
811892
811893
811894
811895
811896
811898
811899
81190
811900
811901
811902
811903
811904
811905
811906
811907
811908
811909
81191
811910
811911
811912
811913
811914
811915
811916
811917
811918
811919
81192
811920
811921
811922
811923
811924
811925
811926
811927
811928
811929
81193
811933
811934
811935
811937
811938
811939
81194
811940
811941
811942
811943
811944
811945
811946
811947
811948
811949
81195
811950
811951
811952
811953
811954
811955
811956
811957
811959
811960
811961
811962
811963
811964
811965
811966
811967
811968
811969
81197
811970
811973
811974
811975
811976
811977
811978
811979
81198
811980
811981
811982
811983
811984
811985
811986
811987
811988
81199
811990
811991
811992
811993
811994
811995
811996
811997
811998
811999
812
81200
812000
812001
812002
812003
812004
812005
812006
812007
812008
812009
81201
812010
812011
812012
812014
812015
812016
812017
812018
812019
81202
812020
812021
812022
812023
812024
812025
812026
812027
812028
812029
81203
812030
812031
812032
812033
812034
812035
812037
812038
812039
81204
812040
812041
812042
812043
812044
812045
812046
812047
812048
812049
81205
812050
812051
812052
812053
812054
812055
812056
812057
812058
812059
81206
812060
812061
812062
812063
812064
812065
812066
812067
812068
812069
81207
812070
812071
812072
812073
812074
812075
812076
812077
812078
812079
81208
812080
812081
812082
812083
812084
812085
812086
812087
812088
812089
81209
812090
812091
812092
812093
812094
812095
812096
812098
812099
81210
812100
812101
812102
812103
812104
812105
812106
812107
812109
81211
812110
812111
812112
812113
812114
812115
812116
812117
812118
812119
81212
812120
812121
812122
812123
812124
812125
812126
812127
812128
812129
81213
812130
812131
812132
812134
812135
812136
812137
812138
812139
81214
812141
812142
812143
812144
812146
812147
812148
81215
812150
812151
812152
812153
812154
812155
812156
812157
812158
812159
81216
812160
812161
812162
812163
812164
812165
812166
812167
812168
812169
81217
812170
812171
812172
812173
812174
812176
812177
812178
812179
81218
812180
812181
812182
812184
812185
812186
812187
812188
812189
81219
812190
812191
812192
812193
812194
812195
812196
812197
812198
81220
812200
812201
812203
812204
812205
812206
812207
812208
812209
81221
812210
812212
812213
812214
812215
812217
812218
812220
812221
812222
812223
812224
812225
812226
812228
812229
81223
812230
812232
812233
812234
812235
812236
812237
812239
81224
812240
812241
812242
812243
812244
812245
812246
812247
812248
812249
81225
812250
812251
812252
812253
812254
812255
812256
812257
812258
812259
81226
812260
812261
812262
812263
812268
812269
81227
812270
812271
812272
812273
812274
812275
812276
812277
812278
812279
81228
812280
812281
812282
812283
812284
812285
812286
812287
812288
812289
81229
812290
812291
812292
812293
812294
812295
812296
812297
812299
81230
812300
812301
812302
812304
812305
812306
812307
812308
812309
81231
812310
812311
812312
812313
812314
812315
812316
812317
812318
812319
81232
812320
812321
812322
812323
812324
812325
812326
812327
812328
81233
812330
812331
812332
812333
812334
812335
812336
812337
812338
812339
81234
812340
812341
812342
812343
812345
812347
812348
812349
81235
812350
812351
812352
812354
812355
812356
812357
812358
812359
81236
812360
812361
812362
812363
812364
812365
812366
812367
812368
812369
81237
812370
812371
812372
812373
812374
812375
812376
812377
812378
812379
81238
812380
812381
812382
812383
812384
812385
812386
812387
812388
812389
81239
812390
812391
812392
812393
812394
812395
812396
812397
812398
812399
81240
812401
812402
812403
812404
812405
812406
812407
812408
812409
81241
812410
812411
812412
812413
812414
812415
812416
812417
812418
812419
81242
812420
812421
812423
812424
812425
812426
812427
812428
812429
81243
812430
812431
812433
812434
812435
812436
812437
812438
812439
81244
812440
812441
812442
812443
812444
812445
812446
812447
812448
812449
812451
812453
812454
812455
812456
812458
812459
81246
812460
812461
812463
812464
812466
812467
812468
81247
812470
812471
812472
812474
812475
812476
812478
81248
812480
812481
812482
812483
812484
812485
812486
812487
812488
812489
81249
812491
812492
812493
812494
812495
812496
812497
812498
812499
81250
812500
812501
812502
812503
812505
812506
812507
812509
81251
812510
812511
812512
812513
812514
812515
812516
812517
812518
812519
81252
812520
812521
812522
812523
812524
812525
812526
812527
812528
812529
81253
812530
812531
812532
812533
812534
812535
812536
812537
812538
812539
81254
812540
812542
812543
812544
812545
812546
812547
812548
812549
81255
812550
812551
812552
812553
812554
812555
812556
812557
812558
812559
81256
812560
812561
812562
812563
812564
812565
812566
812567
812568
812569
81257
812570
812571
812572
812574
812575
812576
812577
812578
812579
81258
812580
812581
812582
812583
812584
812585
812586
812587
812588
812589
81259
812590
812591
812592
812593
812594
812595
812596
812597
812599
81260
812600
812601
812602
812603
812604
812605
812606
812607
812608
812609
81261
812611
812612
812613
812614
812615
812616
812617
812618
812619
812620
812621
812622
812623
812625
812626
812627
812629
81263
812630
812633
812634
812635
812637
812638
812639
81264
812640
812641
812643
812644
812645
812646
812647
812648
812649
81265
812651
812652
812653
812654
812655
812656
812657
81266
812664
812665
812666
812667
812668
812669
81267
812670
812672
812673
812674
812675
812676
812677
812678
812679
812680
812681
812682
812683
812684
812685
812686
812687
812689
81269
812692
812693
812694
812695
812696
812697
812698
812699
81270
812700
812701
812702
812703
812704
812705
812706
812707
812708
812709
81271
812710
812711
812712
812713
812714
812715
812716
812718
812719
81272
812720
812721
812722
812723
812724
812725
812726
812727
812728
812729
81273
812730
812731
812732
812733
812734
812735
812736
812737
812739
81274
812741
812743
812745
812746
812747
812748
812749
81275
812750
812751
812752
812753
812754
812755
812756
812757
812758
812759
81276
812760
812761
812762
812763
812764
812765
812766
812767
812768
81277
812770
812771
812772
812773
812774
812776
812777
812778
81278
812781
812783
812784
812785
812786
812787
812788
812789
81279
812790
812792
812793
812794
812795
812796
812798
812799
8128
81280
812800
812801
812802
812803
812805
812806
812807
812808
812809
81281
812810
812811
812812
812813
812814
812815
812817
812818
812819
81282
812821
812822
812823
812824
812825
812827
812828
812829
81283
812831
812834
812835
812836
812838
81284
812840
812842
812843
812844
812847
812848
812849
81285
812850
812851
812852
812853
812856
812857
812858
812859
81286
812860
812861
812862
812863
812865
812866
812867
812868
812869
81287
812870
812871
812872
812873
812874
812875
812877
812878
812879
81288
812880
812881
812883
812884
812885
812886
812887
812888
81289
812890
812891
812892
812893
812894
812896
812897
812898
812899
8129
81290
812900
812902
812903
812904
812905
812906
812908
812909
81291
812911
812912
812913
812914
812915
812918
812919
81292
812920
812921
812922
812923
812924
812925
812926
812927
812928
81293
812931
812932
812934
812935
812936
812937
812938
81294
812940
812941
812942
812943
812945
812949
812951
812952
812953
812954
812955
812956
812957
812958
812959
81296
812961
812962
812963
812964
812966
812967
812968
812969
81297
812970
812971
812972
812973
812975
812976
812977
812978
812979
81298
812980
812982
812983
812984
812985
812986
812987
812988
812989
81299
812990
812991
812992
812993
812994
812995
812996
812997
812998
812999
813
8130
813000
813001
813002
813003
813004
813005
813006
813007
813008
813009
81301
813010
813011
813012
813013
813014
813015
813016
813017
813018
813019
81302
813020
813021
813022
813023
813025
813026
813027
813028
813029
81303
813030
813031
813032
813033
813034
813035
813036
813037
813038
813039
813040
813041
813042
813043
813044
813045
813046
813047
813048
813049
81305
813051
813052
813053
813054
813055
813056
813057
813058
81306
813061
813062
813063
813064
813065
813066
813067
813068
813069
81307
813070
813071
813072
813073
813074
813075
813076
813077
813079
81308
813080
813081
813082
813083
813084
813085
813086
813087
813088
813089
81309
813090
813091
813092
813093
813094
813095
813096
813097
813098
813099
81310
813100
813101
813102
813104
813105
813106
813109
81311
813110
813111
813112
813113
813114
813115
813116
813117
813118
813119
81312
813121
813122
813123
813124
813125
813126
813127
813128
813129
81313
813130
813131
813132
813133
813134
813135
813136
813137
813138
813139
81314
813140
813141
813142
813143
813144
813145
813147
813148
81315
813150
813151
813152
813153
813154
813155
813156
813158
81316
813160
813161
813162
813163
813164
813165
813166
813167
813168
813169
81317
813170
813171
813172
813173
813174
813175
813176
813177
813178
813179
81318
813180
813181
813182
813183
813184
813185
813186
813187
813188
813189
81319
813190
813191
813192
813194
813195
813196
813197
813198
813199
81320
813200
813201
813202
813203
813204
813205
813206
813207
813208
813209
81321
813210
813211
813213
813214
813215
813216
813217
813218
813219
81322
813220
813221
813222
813223
813224
813225
813226
813227
813228
81323
813230
813231
813232
813233
813234
813235
813236
813237
813238
813239
81324
813240
813241
813242
813243
813244
813246
813248
813249
81325
813250
813251
813252
813253
813254
813255
813256
813257
813258
813259
813260
813261
813262
813263
813264
813265
813267
813268
81327
813271
813272
813273
813274
813276
813277
813279
813280
813281
813282
813284
813285
813286
813287
813288
813289
81329
813292
813293
813294
813295
813296
813297
813298
813299
81330
813300
813301
813302
813303
813304
813305
813306
813307
813308
813309
81331
813310
813311
813312
813313
813314
813316
813317
81332
813322
813324
813326
813327
813328
81333
813330
813332
813333
813335
813336
813337
813338
813339
81334
813340
813341
813342
813343
813344
813345
813346
813347
813348
813349
81335
813350
813351
813352
813353
813354
813355
813356
813357
813358
813359
813360
813361
813362
813363
813364
813365
813366
813368
813369
81337
813370
813371
813372
813373
813374
813375
813377
813378
813379
81338
813380
813381
813382
813384
813386
813387
813388
813389
81339
813390
813391
813392
813393
813394
813395
813396
813397
813398
813399
813400
813401
813402
813403
813404
813405
813406
813407
813408
813410
813411
813412
813413
813414
813415
813416
813417
813418
813419
81342
813420
813421
813422
813423
813424
813425
813426
813427
813428
813429
81343
813431
813432
813433
813434
813435
813436
813437
813438
813439
81344
813440
813441
813443
813444
813445
813446
813447
813448
813449
81345
813451
813454
813455
81346
813460
813461
813462
813463
813467
813469
81347
813470
813471
813472
813473
813474
813475
813476
813477
813478
813479
81348
813480
813481
813482
813483
813484
813485
813486
813487
813488
813489
81349
813490
813491
813492
813493
813494
813495
813496
813497
813498
813499
81350
813500
813501
813502
813503
813508
813509
81351
813510
813513
813514
813516
813518
813519
81352
813520
813521
813522
813523
813524
813525
813526
813527
813528
813529
81353
813530
813531
813532
813533
813534
813536
813537
813538
813539
81354
813540
813541
813542
813543
813544
813545
813546
813548
813549
81355
813550
813551
813552
813553
813554
813555
813557
813558
81356
813560
813561
813562
813563
813564
813566
813567
813568
813569
81357
813571
813572
813573
813574
813575
813576
813577
813579
81358
813580
813581
813582
813583
813584
813585
813586
813587
813588
813589
813590
813591
813592
813593
813594
813595
813597
813598
813599
81360
813600
813601
813602
813603
813604
813605
813606
813607
813608
813609
81361
813610
813611
813612
813613
813614
813615
813616
813617
813618
813619
81362
813620
813621
813622
813623
813624
813625
813626
813628
813629
813630
813631
813633
813634
813635
813636
813637
813638
813639
81364
813641
813642
813643
813644
813645
813646
813647
813648
813649
81365
813650
813651
813652
813654
813655
813656
813657
813658
813659
81366
