934239
934240
934241
934242
934243
934244
934245
934246
934247
934248
934249
934250
934251
934252
934253
934254
934256
934257
934259
934260
934261
934262
934263
934264
934266
934267
934268
934270
934271
934272
934273
934274
934275
934276
934277
934282
934283
934284
934285
934286
934287
934288
934289
934290
934291
934292
934293
934294
934295
934296
934297
934298
934299
934300
934301
934302
934303
934304
934305
934306
934308
934309
934310
934311
934312
934313
934314
934315
934316
934317
934318
934319
934320
934321
934322
934323
934324
934325
934326
934327
934328
934329
934330
934331
934332
934333
934334
934335
934336
934337
934338
934339
934340
934341
934342
934343
934344
934345
934346
934347
934348
934349
934350
934351
934352
934353
934354
934356
934357
934358
934359
934360
934361
934362
934363
934364
934365
934367
934368
934369
934370
934372
934373
934376
934377
934378
934379
934380
934382
934384
934385
934386
934387
934388
934389
934390
934392
934393
934394
934395
934396
934397
934398
934399
934400
934401
934402
934404
934405
934407
934408
934409
934411
934412
934413
934414
934415
934416
934417
934418
934419
934420
934421
934423
934427
934428
934429
934430
934431
934432
934433
934434
934435
934436
934437
934438
934439
934440
934441
934443
934444
934445
934446
934447
934448
934449
934450
934451
934452
934453
934454
934455
934456
934457
934458
934459
934460
934461
934462
934463
934464
934466
934468
934469
934470
934471
934472
934473
934474
934475
934476
934477
934478
934479
934480
934481
934482
934483
934484
934485
934486
934487
934488
934489
934490
934491
934492
934493
934494
934495
934496
934497
934498
934499
934500
934501
934502
934503
934504
934506
934507
934508
934509
934510
934511
934512
934513
934514
934516
934517
934518
934519
934520
934522
934523
934524
934525
934527
934528
934530
934531
934532
934533
934534
934535
934536
934537
934538
934539
934540
934541
934542
934544
934545
934546
934547
934548
934549
934550
934551
934552
934553
934554
934555
934556
934557
934558
934559
934560
934561
934562
934563
934564
934565
934566
934567
934568
934569
934570
934571
934572
934573
934574
934575
934576
934578
934579
934580
934581
934582
934583
934584
934585
934586
934587
934588
934589
934591
934592
934593
934594
934595
934597
934598
934599
934600
934601
934603
934605
934606
934607
934608
934609
934610
934611
934612
934613
934614
934615
934617
934618
934619
934620
934621
934622
934623
934624
934625
934626
934627
934628
934629
934630
934631
934632
934633
934634
934635
934636
934637
934639
934640
934641
934643
934644
934645
934646
934647
934648
934649
934650
934651
934652
934653
934654
934655
934656
934657
934658
934659
934660
934661
934662
934663
934664
934665
934666
934667
934668
934669
934670
934671
934672
934673
934674
934675
934676
934677
934678
934679
934680
934682
934683
934684
934685
934686
934687
934688
934689
934690
934691
934692
934693
934694
934695
934696
934697
934698
934699
934700
934701
934702
934703
934704
934705
934706
934707
934708
934709
934710
934711
934712
934713
934714
934715
934716
934717
934718
934719
934720
934721
934722
934723
934724
934725
934726
934727
934728
934729
934730
934731
934732
934733
934734
934735
934736
934737
934738
934739
934740
934741
934742
934743
934744
934745
934746
934747
934748
934749
934750
934751
934752
934753
934754
934755
934756
934757
934758
934759
934760
934761
934762
934763
934764
934765
934766
934767
934768
934769
934770
934771
934772
934773
934774
934775
934776
934777
934778
934779
934780
934781
934782
934783
934784
934785
934786
934787
934788
934789
934790
934791
934792
934793
934794
934795
934796
934797
934799
934800
934801
934802
934803
934804
934805
934806
934807
934808
934809
934811
934812
934813
934814
934815
934816
934817
934818
934819
934820
934821
934822
934823
934824
934825
934826
934827
934828
934829
934831
934832
934833
934835
934836
934837
934839
934840
934841
934842
934843
934844
934845
934847
934848
934849
934850
934851
934852
934853
934854
934855
934856
934857
934858
934859
934860
934861
934862
934863
934864
934865
934866
934867
934868
934869
934870
934873
934874
934875
934876
934877
934878
934879
934880
934881
934882
934883
934884
934885
934886
934888
934890
934891
934892
934893
934894
934895
934896
934897
934899
934900
934901
934902
934904
934905
934906
934907
934908
934909
934910
934911
934912
934913
934914
934915
934916
934917
934919
934920
934921
934922
934923
934924
934925
934926
934927
934928
934929
934930
934932
934933
934935
934936
934937
934938
934939
934940
934941
934942
934943
934944
934945
934946
934947
934948
934949
934950
934951
934952
934953
934954
934955
934956
934957
934958
934959
934960
934961
934962
934964
934965
934966
934967
934968
934970
934971
934972
934974
934975
934976
934977
934978
934979
934982
934983
934984
934985
934986
934987
934989
934990
934991
934992
934993
934994
934995
934996
934997
934998
934999
935000
935001
935002
935006
935007
935010
935012
935013
935014
935015
935016
935017
935018
935019
935020
935022
935023
935024
935025
935026
935027
935028
935029
935030
935031
935033
935034
935035
935036
935037
935038
935039
935040
935041
935042
935043
935044
935045
935046
935047
935048
935049
935051
935052
935053
935054
935055
935056
935057
935058
935059
935060
935061
935062
935063
935064
935065
935066
935067
935068
935069
935070
935071
935072
935073
935074
935075
935076
935078
935079
935080
935081
935084
935085
935086
935087
935088
935089
935090
935091
935092
935094
935096
935097
935098
935101
935102
935103
935104
935105
935106
935107
935108
935110
935111
935112
935113
935115
935117
935118
935119
935120
935121
935122
935123
935124
935126
935127
935129
935130
935133
935134
935135
935137
935140
935141
935142
935143
935144
935145
935146
935147
935148
935149
935150
935151
935152
935155
935156
935157
935160
935161
935162
935163
935164
935165
935167
935168
935169
935170
935171
935172
935173
935174
935175
935176
935177
935178
935179
935180
935181
935182
935184
935185
935186
935187
935188
935189
935190
935191
935192
935193
935194
935195
935196
935197
935198
935199
935200
935201
935202
935203
935204
935205
935206
935208
935209
935210
935211
935212
935213
935214
935215
935216
935218
935219
935220
935221
935222
935223
935224
935225
935226
935227
935228
935229
935230
935231
935232
935233
935234
935235
935236
935237
935238
935239
935240
935241
935242
935243
935244
935245
935246
935247
935248
935249
935250
935251
935252
935253
935255
935256
935257
935258
935259
935260
935261
935262
935263
935264
935265
935266
935267
935268
935269
935270
935271
935272
935274
935275
935276
935277
935278
935279
935281
935282
935283
935284
935285
935286
935287
935288
935289
935290
935291
935292
935293
935294
935295
935296
935297
935298
935299
935300
935301
935302
935303
935304
935305
935306
935308
935309
935310
935311
935312
935313
935314
935316
935317
935318
935319
935320
935321
935322
935323
935324
935325
935326
935327
935328
935329
935330
935331
935332
935333
935334
935335
935337
935338
935340
935341
935342
935344
935345
935346
935347
935348
935349
935350
935351
935352
935353
935354
935355
935356
935357
935358
935359
935360
935361
935362
935363
935364
935366
935367
935368
935369
935372
935373
935375
935376
935377
935378
935379
935381
935382
935383
935384
935385
935386
935387
935388
935390
935391
935392
935393
935394
935395
935397
935398
935399
935400
935401
935402
935403
935404
935405
935407
935408
935409
935410
935411
935412
935413
935414
935415
935416
935417
935419
935420
935421
935424
935425
935427
935428
935429
935430
935431
935432
935433
935434
935435
935436
935437
935438
935441
935442
935443
935444
935445
935446
935447
935448
935450
935451
935452
935453
935454
935455
935456
935457
935458
935459
935460
935461
935462
935463
935464
935465
935466
935467
935468
935469
935470
935471
935472
935473
935474
935475
935476
935477
935478
935479
935480
935481
935484
935485
935486
935487
935488
935489
935490
935491
935492
935493
935494
935495
935496
935497
935498
935499
935500
935501
935502
935504
935505
935507
935508
935509
935510
935511
935512
935514
935515
935516
935517
935518
935519
935520
935522
935523
935524
935525
935526
935527
935528
935529
935530
935531
935532
935534
935535
935536
935538
935539
935540
935541
935542
935543
935544
935545
935546
935547
935548
935549
935550
935551
935552
935553
935554
935555
935556
935557
935558
935559
935560
935561
935562
935563
935564
935565
935566
935567
935568
935569
935570
935571
935572
935573
935574
935575
935576
935577
935578
935579
935580
935581
935582
935583
935584
935585
935586
935587
935588
935589
935590
935591
935592
935594
935596
935597
935598
935599
935600
935601
935602
935603
935604
935605
935606
935607
935608
935609
935610
935611
935612
935613
935614
935620
935621
935622
935624
935625
935626
935627
935628
935629
935630
935631
935632
935633
935634
935635
935636
935637
935638
935639
935640
935641
935642
935643
935644
935645
935646
935650
935651
935652
935653
935654
935657
935658
935659
935660
935661
935662
935663
935664
935665
935666
935667
935668
935669
935670
935671
935672
935673
935674
935675
935676
935677
935678
935679
935680
935681
935682
935683
935684
935685
935687
935688
935689
935691
935692
935693
935694
935695
935696
935697
935698
935699
935700
935701
935702
935703
935705
935706
935707
935709
935710
935711
935712
935713
935714
935715
935716
935717
935718
935719
935720
935721
935722
935724
935725
935726
935727
935728
935729
935730
935731
935732
935733
935734
935735
935736
935737
935738
935739
935740
935741
935742
935743
935744
935747
935748
935749
935750
935751
935752
935753
935754
935755
935757
935758
935759
935760
935761
935762
935763
935764
935765
935766
935767
935768
935769
935770
935771
935773
935775
935776
935777
935778
935779
935780
935781
935782
935783
935784
935785
935786
935787
935788
935789
935790
935791
935792
935793
935794
935795
935796
935797
935798
935799
935800
935801
935802
935803
935804
935805
935806
935807
935808
935809
935810
935811
935812
935814
935815
935816
935817
935818
935819
935821
935822
935823
935824
935826
935827
935828
935829
935831
935832
935833
935834
935835
935836
935837
935838
935839
935840
935841
935842
935843
935844
935845
935846
935847
935848
935849
935850
935851
935852
935853
935854
935855
935857
935858
935859
935861
935862
935863
935864
935865
935866
935867
935868
935869
935870
935871
935873
935874
935876
935877
935878
935879
935881
935882
935883
935884
935885
935886
935887
935888
935889
935890
935891
935892
935893
935894
935895
935897
935898
935899
935900
935901
935902
935903
935904
935905
935906
935907
935908
935909
935911
935912
935914
935915
935916
935917
935918
935919
935920
935921
935922
935923
935924
935925
935926
935927
935928
935929
935931
935932
935933
935935
935936
935938
935939
935940
935942
935943
935944
935945
935946
935948
935949
935950
935952
935954
935955
935956
935957
935958
935959
935960
935961
935962
935963
935964
935966
935967
935968
935970
935971
935972
935973
935974
935975
935976
935977
935978
935979
935980
935981
935982
935984
935985
935986
935987
935990
935991
935995
935997
935998
935999
936000
936001
936002
936003
936004
936005
936006
936007
936008
936009
936010
936011
936012
936013
936014
936015
936016
936018
936020
936021
936023
936024
936025
936026
936027
936028
936029
936030
936031
936032
936035
936036
936037
936038
936039
936040
936041
936042
936043
936044
936045
936046
936047
936048
936049
936050
936051
936053
936054
936055
936056
936057
936058
936059
936060
936061
936062
936063
936064
936065
936066
936067
936068
936069
936070
936071
936072
936073
936074
936075
936076
936077
936078
936079
936080
936082
936083
936085
936086
936087
936089
936090
936091
936092
936093
936094
936095
936096
936097
936098
936099
936101
936102
936103
936104
936105
936106
936107
936108
936109
936110
936111
936113
936114
936115
936116
936117
936119
936120
936121
936122
936123
936124
936126
936127
936128
936130
936131
936132
936133
936134
936135
936136
936137
936138
936139
936140
936141
936142
936143
936144
936145
936146
936147
936148
936149
936150
936151
936152
936153
936155
936156
936159
936160
936161
936162
936163
936165
936166
936167
936168
936169
936170
936171
936172
936173
936174
936175
936176
936177
936178
936179
936180
936181
936182
936183
936184
936185
936186
936187
936188
936190
936191
936192
936193
936194
936196
936197
936198
936199
936200
936201
936202
936203
936204
936205
936206
936207
936208
936209
936210
936211
936212
936213
936214
936215
936216
936217
936218
936219
936220
936221
936222
936223
936224
936225
936226
936227
936228
936229
936230
936231
936232
936233
936234
936235
936236
936237
936238
936239
936240
936241
936242
936243
936245
936246
936247
936248
936249
936250
936251
936252
936253
936254
936255
936256
936257
936258
936260
936261
936263
936264
936265
936266
936267
936269
936270
936271
936272
936273
936274
936275
936276
936277
936278
936279
936280
936281
936282
936284
936285
936286
936287
936289
936290
936291
936293
936295
936296
936297
936298
936299
936300
936301
936302
936303
936304
936306
936307
936308
936309
936310
936311
936312
936313
936314
936315
936316
936317
936318
936319
936320
936321
936322
936323
936324
936325
936326
936327
936328
936329
936330
936331
936332
936333
936334
936335
936336
936337
936338
936339
936340
936341
936342
936343
936344
936345
936346
936347
936348
936349
936350
936351
936352
936353
936354
936355
936357
936358
936359
936360
936361
936362
936363
936364
936365
936366
936367
936368
936369
936370
936371
936372
936373
936374
936375
936376
936377
936378
936379
936380
936381
936382
936383
936384
936385
936386
936388
936389
936390
936391
936392
936393
936394
936395
936396
936397
936398
936399
936400
936401
936402
936403
936404
936405
936406
936407
936408
936409
936410
936411
936412
936413
936416
936417
936418
936419
936420
936421
936422
936423
936424
936425
936426
936427
936428
936429
936430
936431
936432
936433
936434
936435
936436
936437
936438
936439
936441
936442
936443
936444
936445
936446
936448
936449
936450
936451
936452
936453
936454
936455
936457
936458
936459
936460
936461
936462
936463
936464
936465
936466
936467
936468
936470
936471
936472
936473
936474
936475
936477
936478
936479
936480
936481
936482
936483
936484
936485
936486
936487
936489
936490
936491
936492
936493
936494
936495
936496
936497
936498
936499
936500
936501
936502
936503
936504
936505
936506
936507
936508
936509
936510
936511
936512
936513
936514
936515
936516
936517
936518
936519
936520
936521
936522
936523
936524
936525
936526
936527
936528
936529
936530
936531
936532
936533
936534
936535
936536
936537
936538
936539
936540
936541
936542
936543
936544
936545
936546
936548
936549
936550
936551
936552
936553
936554
936555
936556
936557
936558
936559
936560
936561
936562
936563
936564
936565
936566
936568
936569
936570
936571
936572
936573
936574
936575
936576
936577
936578
936579
936580
936581
936582
936583
936584
936585
936586
936587
936588
936589
936590
936591
936592
936593
936594
936595
936596
936597
936598
936599
936600
936601
936602
936603
936604
936605
936606
936607
936608
936609
936612
936613
936614
936615
936616
936617
936618
936619
936620
936621
936622
936623
936624
936626
936627
936628
936629
936630
936631
936632
936633
936634
936635
936636
936637
936638
936639
936641
936642
936643
936645
936646
936647
936648
936649
936650
936651
936652
936653
936654
936655
936656
936657
936658
936659
936660
936661
936662
936663
936664
936665
936666
936667
936668
936669
936670
936671
936672
936673
936674
936675
936676
936677
936678
936680
936681
936682
936683
936684
936685
936686
936687
936688
936689
936690
936691
936692
936693
936694
936695
936696
936697
936698
936699
936700
936701
936702
936703
936705
936706
936707
936708
936709
936710
936711
936712
936713
936714
936715
936716
936717
936718
936719
936720
936721
936722
936724
936725
936726
936727
936728
936729
936730
936731
936732
936733
936734
936735
936737
936738
936739
936740
936741
936742
936743
936744
936745
936746
936747
936748
936750
936751
936752
936753
936754
936755
936756
936757
936758
936759
936760
936761
936762
936763
936764
936765
936766
936767
936768
936770
936771
936772
936773
936774
936775
936776
936777
936778
936779
936780
936781
936782
936783
936784
936785
936786
936787
936788
936789
936790
936792
936793
936794
936795
936796
936797
936798
936799
936801
936802
936803
936804
936805
936806
936807
936808
936809
936810
936811
936812
936813
936814
936815
936816
936817
936818
936819
936820
936821
936822
936823
936824
936825
936826
936827
936829
936830
936831
936833
936834
936835
936836
936837
936838
936839
936840
936841
936842
936844
936845
936846
936847
936848
936849
936850
936851
936852
936853
936856
936857
936858
936859
936860
936862
936863
936864
936865
936866
936867
936868
936869
936870
936871
936872
936873
936874
936875
936876
936877
936878
936879
936880
936881
936882
936883
936884
936885
936886
936887
936888
936889
936890
936891
936892
936893
936894
936895
936896
936897
936898
936899
936900
936901
936903
936904
936905
936906
936907
936908
936909
936910
936911
936912
936913
936914
936915
936916
936917
936918
936919
936920
936921
936922
936923
936924
936926
936927
936928
936929
936930
936931
936932
936933
936934
936935
936936
936937
936938
936939
936940
936942
936943
936944
936946
936948
936949
936950
936951
936952
936953
936954
936955
936957
936958
936959
936960
936961
936963
936964
936965
936966
936967
936968
936969
936970
936971
936972
936973
936974
936975
936976
936977
936978
936979
936980
936981
936982
936983
936984
936985
936986
936987
936988
936989
936990
936991
936992
936993
936994
936995
936996
936997
936998
936999
937000
937001
937002
937003
937004
937005
937006
937008
937009
937010
937013
937014
937016
937017
937018
937019
937020
937021
937022
937023
937024
937025
937027
937028
937029
937030
937031
937032
937033
937034
937035
937036
937037
937038
937039
937040
937041
937042
937043
937044
937045
937046
937047
937048
937049
937051
937053
937054
937055
937056
937057
937058
937059
937060
937061
937062
937063
937064
937065
937066
937067
937068
937069
937070
937071
937072
937073
937074
937075
937076
937077
937078
937079
937080
937081
937082
937083
937084
937085
937086
937087
937088
937089
937090
937091
937092
937093
937094
937095
937096
937097
937098
937099
937100
937101
937102
937103
937104
937105
937106
937107
937108
937109
937110
937111
937112
937113
937114
937115
937116
937117
937118
937119
937120
937121
937122
937123
937124
937125
937126
937127
937128
937129
937130
937134
937135
937137
937138
937139
937140
937141
937142
937143
937144
937145
937146
937147
937148
937149
937150
937151
937152
937153
937154
937155
937156
937157
937158
937160
937161
937162
937163
937164
937165
937166
937167
937168
937169
937170
937171
937172
937173
937174
937175
937176
937177
937178
937179
937180
937181
937182
937183
937184
937185
937186
937187
937188
937189
937190
937191
937192
937193
937194
937195
937196
937197
937198
937199
937200
937201
937202
937203
937204
937205
937206
937207
937208
937209
937210
937211
937212
937213
937215
937216
937218
937219
937220
937221
937222
937223
937224
937225
937226
937227
937228
937229
937230
937231
937232
937233
937234
937235
937236
937237
937238
937239
937240
937241
937242
937243
937244
937245
937246
937248
937249
937250
937251
937252
937253
937254
937255
937257
937258
937259
937260
937261
937262
937263
937264
937265
937266
937267
937268
937269
937270
937271
937272
937273
937274
937275
937276
937277
937278
937279
937280
937281
937282
937283
937284
937285
937286
937287
937288
937289
937291
937292
937294
937295
937296
937297
937298
937299
937300
937301
937302
937303
937305
937306
937307
937308
937309
937310
937311
937312
937313
937314
937315
937317
937319
937320
937322
937323
937325
937326
937327
937328
937329
937330
937331
937332
937333
937334
937335
937336
937337
937338
937339
937340
937341
937342
937344
937345
937346
937347
937348
937349
937350
937351
937352
937353
937354
937355
937356
937357
937358
937359
937360
937361
937362
937363
937364
937365
937366
937367
937368
937369
937370
937371
937372
937373
937375
937376
937377
937378
937379
937380
937381
937382
937383
937384
937385
937386
937387
937388
937389
937390
937391
937392
937393
937394
937395
937397
937398
937399
937400
937401
937402
937403
937404
937405
937406
937407
937408
937409
937410
937412
937413
937415
937417
937419
937421
937424
937425
937426
937427
937428
937429
937430
937431
937432
937433
937434
937435
937436
937437
937440
937441
937442
937443
937445
937446
937447
937448
937449
937450
937451
937452
937453
937454
937455
937456
937457
937458
937459
937460
937461
937463
937464
937465
937466
937467
937468
937469
937471
937472
937473
937474
937476
937477
937479
937481
937482
937483
937484
937485
937486
937487
937488
937489
937490
937491
937494
937495
937496
937497
937498
937499
937500
937502
937503
937504
937505
937506
937507
937508
937509
937510
937511
937512
937513
937514
937515
937516
937517
937518
937519
937520
937521
937522
937523
937524
937526
937527
937528
937529
937530
937531
937532
937533
937534
937536
937537
937538
937539
937540
937541
937542
937543
937544
937545
937546
937547
937548
937549
937550
937551
937552
937553
937554
937555
937556
937557
937558
937559
937560
937561
937562
937563
937564
937565
937566
937567
937568
937569
937570
937571
937572
937573
937574
937575
937576
937577
937578
937579
937580
937582
937583
937584
937585
937586
937587
937588
937589
937590
937591
937592
937593
937594
937595
937600
937601
937602
937603
937604
937605
937606
937607
937608
937609
937610
937611
937612
937613
937614
937615
937616
937617
937618
937619
937620
937621
937622
937623
937624
937625
937626
937630
937631
937632
937633
937635
937636
937638
937639
937640
937641
937643
937644
937645
937646
937647
937649
937650
937651
937652
937653
937654
937655
937656
937657
937658
937659
937660
937661
937662
937663
937664
937665
937666
937667
937668
937670
937672
937673
937674
937675
937676
937677
937678
937679
937680
937681
937682
937684
937685
937686
937687
937688
937690
937691
937692
937693
937694
937695
937696
937698
937699
937700
937702
937703
937704
937705
937706
937707
937708
937710
937711
937712
937713
937714
937715
937716
937717
937718
937719
937720
937721
937722
937726
937727
937728
937733
937734
937735
937736
937737
937738
937739
937740
937741
937742
937743
937744
937745
937746
937747
937748
937752
937753
937754
937755
937756
937757
937758
937759
937760
937761
937762
937763
937764
937765
937766
937767
937768
937770
937774
937775
937777
937778
937779
937780
937781
937782
937783
937784
937785
937786
937787
937788
937789
937790
937791
937792
937794
937795
937796
937798
937799
937801
937802
937803
937804
937805
937806
937807
937808
937809
937810
937811
937812
937813
937814
937815
937816
937817
937819
937820
937821
937822
937823
937824
937825
937826
937827
937828
937829
937830
937831
937833
937834
937835
937837
937838
937840
937841
937842
937843
937844
937846
937847
937848
937849
937850
937851
937852
937853
937855
937856
937857
937859
937860
937862
937863
937864
937866
937867
937868
937870
937872
937873
937874
937875
937876
937877
937878
937879
937880
937881
937882
937883
937884
937886
937887
937888
937889
937890
937891
937892
937893
937894
937895
937898
937899
937900
937901
937903
937904
937905
937906
937907
937908
937909
937910
937911
937912
937913
937915
937916
937917
937918
937920
937921
937922
937923
937924
937925
937926
937927
937928
937930
937931
937932
937933
937934
937935
937936
937937
937938
937939
937940
937941
937942
937943
937944
937945
937947
937948
937949
937950
937951
937952
937953
937954
937955
937956
937957
937958
937959
937961
937962
937963
937964
937965
937966
937967
937968
937969
937970
937971
937972
937974
937975
937976
937977
937980
937981
937982
937983
937984
937985
937986
937988
937989
937990
937991
937994
937996
937997
937998
938000
938001
938002
938003
938004
938005
938006
938007
938008
938009
938010
938012
938013
938014
938015
938016
938017
938018
938019
938020
938021
938023
938024
938025
938026
938027
938028
938029
938030
938031
938032
938033
938034
938036
938037
938038
938039
938040
938041
938042
938043
938045
938046
938047
938048
938049
938050
938051
938052
938053
938054
938055
938057
938058
938059
938060
938061
938062
938063
938064
938065
938066
938067
938068
938069
938070
938071
938072
938074
938075
938076
938077
938078
938079
938080
938081
938082
938083
938084
938085
938086
938087
938088
938090
938091
938092
938094
938095
938098
938099
938100
938101
938103
938104
938105
938106
938107
938110
938113
938114
938115
938116
938117
938118
938119
938120
938121
938122
938124
938125
938126
938127
938128
938129
938131
938132
938133
938135
938136
938137
938138
938139
938140
938141
938142
938143
938144
938145
938146
938147
938148
938149
938150
938151
938152
938153
938154
938155
938156
938157
938158
938159
938160
938161
938162
938163
938164
938166
938167
938168
938169
938170
938171
938172
938173
938174
938175
938176
938177
938178
938179
938180
938181
938182
938183
938184
938185
938186
938187
938188
938189
938190
938191
938192
938193
938194
938195
938196
938198
938199
938200
938202
938204
938205
938206
938207
938208
938209
938210
938211
938212
938213
938214
938215
938216
938217
938219
938220
938221
938222
938224
938225
938226
938227
938228
938229
938231
938232
938234
938235
938236
938237
938238
938239
938241
938242
938243
938244
938246
938247
938248
938249
938250
938251
938252
938253
938254
938255
938256
938257
938258
938259
938260
938261
938262
938263
938264
938266
938267
938268
938269
938270
938271
938272
938273
938274
938276
938277
938278
938279
938280
938281
938282
938283
938284
938285
938286
938287
938288
938289
938290
938291
938292
938293
938297
938298
938299
938300
938301
938302
938303
938304
938305
938306
938307
938308
938309
938311
938312
938313
938314
938315
938319
938320
938321
938322
938324
938326
938327
938328
938329
938330
938331
938332
938333
938334
938335
938336
938337
938338
938339
938340
938341
938342
938343
938344
938345
938346
938347
938348
938349
938350
938351
938352
938353
938354
938355
938356
938357
938358
938359
938360
938361
938362
938363
938364
938365
938366
938368
938370
938371
938372
938375
938376
938377
938379
938380
938381
938382
938383
938384
938385
938386
938387
938388
938389
938390
938391
938392
938393
938394
938395
938396
938397
938398
938400
938401
938402
938403
938404
938405
938406
938407
938408
938409
938411
938412
938413
938414
938415
938416
938417
938418
938419
938420
938421
938422
938423
938425
938426
938427
938428
938429
938431
938432
938434
938435
938436
938437
938438
938439
938440
938441
938442
938443
938444
938445
938446
938448
938449
938450
938452
938453
938454
938455
938456
938457
938458
938461
938462
938464
938465
938466
938467
938468
938469
938470
938471
938472
938473
938474
938476
938477
938478
938479
938482
938483
938485
938487
938488
938490
938491
938492
938493
938494
938495
938496
938497
938498
938499
938501
938502
938503
938504
938505
938506
938507
938508
938509
938510
938511
938512
938513
938514
938515
938516
938517
938518
938519
938520
938521
938522
938523
938525
938527
938528
938529
938530
938531
938532
938535
938536
938537
938538
938539
938540
938541
938542
938543
938544
938545
938546
938547
938548
938549
938551
938552
938553
938554
938555
938557
938559
938560
938561
938562
938563
938564
938565
938566
938567
938568
938569
938570
938571
938573
938574
938575
938576
938577
938578
938579
938580
938581
938582
938583
938585
938586
938587
938588
938589
938590
938591
938592
938593
938594
938595
938596
938597
938598
938599
938600
938601
938602
938603
938604
938605
938606
938607
938608
938609
938610
938611
938612
938613
938614
938615
938616
938617
938618
938619
938620
938621
938622
938623
938624
938625
938626
938627
938628
938629
938630
938631
938632
938633
938634
938635
938636
938637
938638
938639
938640
938641
938642
938643
938644
938645
938646
938647
938648
938649
938650
938651
938652
938654
938655
938656
938657
938658
938659
938660
938661
938662
938663
938665
938666
938667
938668
938669
938671
938672
938673
938674
938676
938677
938678
938679
938680
938681
938683
938684
938685
938686
938687
938688
938689
938690
938691
938692
938693
938694
938695
938697
938698
938699
938701
938702
938703
938704
938705
938706
938707
938708
938709
938710
938711
938713
938714
938715
938716
938717
938718
938719
938720
938721
938722
938723
938724
938726
938727
938728
938729
938730
938731
938732
938733
938734
938735
938736
938737
938738
938739
938740
938741
938742
938743
938744
938745
938746
938747
938748
938749
938750
938751
938752
938753
938754
938755
938757
938758
938759
938760
938761
938762
938763
938764
938765
938766
938767
938768
938769
938770
938771
938772
938773
938774
938775
938776
938777
938778
938779
938780
938781
938782
938783
938784
938785
938786
938787
938788
938789
938790
938791
938792
938793
938794
938795
938796
938797
938798
938799
938800
938801
938802
938803
938804
938805
938806
938807
938808
938809
938810
938811
938812
938813
938814
938815
938816
938817
938818
938819
938821
938822
938825
938826
938827
938828
938829
938830
938831
938832
938833
938834
938835
938836
938837
938838
938839
938840
938841
938843
938844
938845
938846
938847
938848
938850
938851
938852
938853
938854
938855
938857
938858
938859
938860
938861
938862
938863
938864
938865
938866
938867
938868
938869
938870
938871
938872
938873
938874
938875
938876
938877
938879
938885
938886
938887
938888
938889
938890
938891
938892
938893
938894
938895
938896
938897
938898
938899
938900
938901
938902
938903
938904
938905
938906
938907
938908
938909
938910
938911
938912
938913
938914
938915
938916
938917
938918
938920
938921
938922
938923
938924
938925
938926
938927
938928
938929
938930
938931
938932
938934
938935
938936
938937
938938
938939
938940
938941
938942
938943
938945
938946
938947
938948
938949
938950
938951
938952
938954
938955
938956
938957
938958
938959
938960
938961
938962
938963
938964
938965
938966
938967
938968
938969
938970
938971
938972
938973
938974
938975
938976
938978
938979
938981
938982
938984
938985
938986
938987
938988
938989
938990
938991
938992
938993
938994
938995
938996
938997
938998
938999
939000
939001
939002
939003
939004
939005
939007
939008
939009
939010
939011
939012
939013
939014
939015
939016
939017
939018
939019
939020
939021
939022
939023
939024
939025
939026
939027
939028
939029
939030
939031
939032
939033
939036
939037
939038
939039
939040
939041
939042
939044
939045
939046
939047
939048
939049
939050
939053
939054
939055
939056
939057
939058
939059
939060
939061
939062
939063
939064
939065
939066
939067
939068
939069
939070
939071
939072
939074
939075
939076
939077
939078
939079
939080
939081
939082
939083
939084
939085
939089
939090
939091
939092
939093
939094
939095
939096
939097
939098
939099
939100
939101
939102
939103
939104
939107
939108
939109
939110
939111
939113
939114
939115
939117
939118
939119
939120
939121
939122
939123
939124
939125
939126
939127
939128
939129
939130
939131
939132
939133
939134
939136
939138
939139
939140
939141
939142
939143
939144
939145
939146
939147
939148
939149
939150
939152
939153
939154
939156
939157
939158
939159
939160
939161
939162
939163
939165
939166
939167
939168
939169
939170
939171
939172
939173
939174
939175
939176
939177
939178
939179
939180
939181
939182
939183
939184
939185
939186
939187
939188
939189
939190
939192
939193
939194
939197
939198
939199
939200
939201
939202
939203
939204
939206
939207
939208
939209
939210
939213
939214
939217
939218
939220
939221
939222
939223
939224
939225
939226
939229
939230
939232
939233
939234
939235
939236
939237
939238
939239
939240
939241
939243
939245
939246
939247
939248
939249
939250
939251
939252
939253
939254
939255
939256
939257
939258
939259
939260
939261
939262
939263
939264
939266
939267
939268
939271
939272
939273
939274
939275
939276
939278
939281
939282
939283
939284
939285
939286
939287
939288
939289
939290
939293
939294
939295
939296
939297
939298
939299
939300
939301
939302
939303
939304
939305
939306
939308
939309
939310
939312
939313
939314
939315
939316
939317
939318
939319
939320
939321
939322
939323
939326
939328
939329
939331
939333
939334
939335
939336
939337
939338
939340
939341
939342
939343
939344
939345
939346
939347
939348
939350
939351
939353
939354
939355
939356
939357
939358
939359
939360
939361
939362
939363
939364
939365
939366
939367
939368
939369
939370
939371
939372
939373
939374
939375
939376
939377
939378
939379
939380
939381
939382
939383
939384
939385
939386
939387
939388
939389
939390
939391
939392
939393
939394
939395
939396
939397
939398
939399
939401
939402
939403
939404
939405
939406
939407
939408
939409
939410
939411
939412
939413
939414
939415
939416
939417
939418
939419
939420
939422
939423
939424
939425
939426
939427
939428
939429
939430
939431
939433
939434
939435
939436
939437
939438
939439
939440
939441
939442
939443
939444
939445
939446
939447
939448
939449
939450
939451
939452
939453
939454
939455
939456
939457
939458
939459
939460
939461
939462
939464
939465
939466
939467
939468
939469
939470
939471
939472
939473
939474
939475
939476
939477
939478
939479
939480
939481
939482
939483
939485
939488
939491
939493
939494
939495
939496
939497
939498
939499
939500
939501
939502
939503
939505
939506
939507
939509
939510
939511
939512
939513
939514
939515
939516
939517
939518
939519
939520
939521
939522
939523
939524
939525
939526
939527
939529
939530
939531
939532
939533
939534
939535
939536
939537
939539
939540
939541
939542
939543
939544
939545
939546
939547
939548
939549
939550
939551
939552
939554
939555
939556
939557
939558
939559
939560
939561
939562
939563
939565
939566
939567
939568
939569
939570
939571
939572
939573
939575
939576
939577
939578
939579
939580
939581
939582
939583
939584
939587
939588
939589
939590
939591
939592
939593
939594
939595
939596
939598
939599
939600
939601
939602
939603
939604
939606
939607
939610
939611
939612
939613
939614
939615
939616
939617
939618
939619
939621
939622
939623
939624
939625
939626
939628
939629
939631
939632
939633
939634
939635
939636
939637
939638
939639
939640
939641
939643
939644
939645
939646
939647
939648
939649
939650
939651
939653
939655
939656
939657
939658
939659
939660
939661
939662
939663
939664
939665
939666
939667
939668
939669
939670
939671
939672
939673
939674
939675
939676
939677
939678
939679
939680
939681
939682
939683
939684
939685
939686
939687
939688
939689
939690
939691
939692
939693
939694
939695
939696
939697
939698
939699
939700
939701
939702
939703
939704
939706
939707
939708
939709
939710
939712
939713
939715
939716
939717
939718
939719
939720
939721
939722
939723
939724
939725
939726
939727
939728
939729
939730
939731
939732
939733
939734
939735
939736
939737
939738
939739
939740
939741
939742
939743
939744
939745
939746
939747
939748
939749
939751
939752
939753
939754
939755
939756
939757
939760
939762
939763
939765
939766
939767
939771
939772
939773
939775
939777
939778
939779
939780
939781
939782
939783
939784
939785
939786
939787
