939788
939789
939790
939791
939792
939793
939794
939796
939797
939798
939799
939800
939801
939802
939803
939804
939805
939806
939807
939809
939810
939811
939812
939813
939814
939815
939816
939817
939818
939819
939820
939821
939822
939823
939824
939825
939826
939827
939828
939829
939830
939831
939832
939833
939834
939835
939836
939837
939838
939839
939840
939841
939843
939844
939845
939846
939848
939849
939850
939851
939852
939853
939854
939855
939856
939857
939858
939859
939860
939861
939862
939863
939864
939865
939866
939867
939868
939869
939870
939871
939872
939873
939874
939875
939876
939877
939878
939879
939880
939881
939882
939883
939884
939885
939886
939887
939888
939889
939890
939891
939892
939893
939894
939895
939896
939897
939898
939899
939900
939902
939903
939904
939905
939906
939907
939908
939909
939910
939911
939912
939913
939914
939915
939916
939917
939918
939919
939920
939921
939922
939924
939925
939926
939927
939928
939929
939930
939931
939932
939933
939934
939936
939937
939938
939939
939940
939941
939942
939943
939944
939945
939946
939947
939948
939949
939950
939951
939952
939953
939954
939956
939957
939958
939959
939960
939961
939962
939964
939965
939966
939967
939968
939969
939970
939972
939973
939974
939975
939978
939979
939981
939982
939984
939986
939987
939988
939990
939992
939993
939994
939995
939996
939997
939998
939999
940000
940001
940002
940005
940006
940007
940008
940009
940010
940011
940012
940013
940014
940015
940016
940017
940018
940019
940020
940021
940022
940023
940024
940025
940026
940028
940029
940030
940031
940032
940033
940034
940035
940036
940037
940038
940039
940040
940041
940042
940043
940044
940045
940046
940047
940048
940050
940052
940053
940056
940057
940058
940059
940060
940061
940062
940063
940064
940066
940067
940068
940070
940071
940072
940073
940074
940075
940078
940079
940080
940082
940083
940084
940085
940086
940087
940088
940089
940091
940092
940093
940094
940095
940096
940097
940098
940099
940100
940101
940102
940104
940105
940106
940107
940108
940111
940112
940113
940114
940115
940116
940117
940118
940120
940121
940122
940124
940125
940126
940127
940128
940129
940130
940131
940132
940133
940134
940135
940136
940137
940138
940139
940140
940141
940142
940143
940144
940145
940147
940148
940149
940150
940151
940152
940153
940154
940155
940156
940157
940159
940160
940161
940162
940163
940164
940165
940168
940169
940170
940171
940172
940173
940174
940175
940176
940177
940178
940180
940181
940182
940183
940184
940185
940186
940187
940188
940189
940192
940193
940194
940195
940196
940198
940199
940200
940201
940202
940203
940204
940205
940206
940207
940208
940209
940210
940211
940212
940213
940214
940215
940216
940217
940218
940219
940220
940221
940222
940223
940224
940225
940226
940227
940228
940229
940230
940231
940232
940233
940234
940235
940236
940237
940238
940239
940240
940241
940242
940243
940244
940245
940246
940247
940249
940250
940251
940252
940254
940255
940256
940260
940261
940262
940263
940264
940265
940266
940267
940268
940270
940271
940272
940273
940274
940276
940277
940278
940279
940280
940281
940282
940283
940285
940286
940287
940288
940289
940290
940291
940292
940293
940294
940295
940296
940297
940298
940300
940301
940302
940303
940304
940305
940307
940308
940309
940310
940311
940313
940314
940315
940316
940317
940320
940321
940322
940323
940324
940325
940326
940327
940328
940329
940330
940331
940332
940333
940334
940335
940336
940337
940338
940340
940341
940343
940344
940345
940346
940347
940348
940350
940351
940353
940354
940355
940356
940357
940358
940359
940360
940361
940362
940363
940365
940367
940368
940369
940370
940371
940372
940373
940374
940375
940376
940377
940378
940379
940381
940382
940383
940384
940385
940386
940387
940388
940389
940390
940391
940392
940393
940394
940395
940396
940397
940398
940399
940400
940401
940402
940403
940404
940405
940406
940408
940409
940411
940412
940413
940414
940415
940416
940417
940418
940419
940421
940422
940423
940424
940425
940426
940427
940428
940430
940431
940432
940433
940434
940435
940436
940437
940438
940439
940440
940441
940442
940443
940444
940445
940446
940447
940448
940449
940450
940451
940452
940454
940455
940456
940457
940458
940459
940460
940461
940462
940463
940464
940465
940466
940467
940468
940470
940471
940472
940473
940474
940475
940476
940477
940478
940479
940480
940481
940483
940484
940485
940486
940487
940488
940489
940490
940491
940492
940493
940494
940495
940496
940497
940498
940499
940500
940501
940502
940503
940504
940505
940506
940507
940508
940509
940510
940511
940512
940513
940514
940515
940516
940517
940518
940519
940520
940521
940522
940523
940524
940525
940526
940527
940528
940529
940530
940531
940532
940533
940534
940536
940537
940538
940539
940540
940541
940542
940543
940544
940545
940546
940547
940548
940549
940550
940551
940552
940553
940554
940555
940556
940557
940558
940559
940560
940561
940562
940564
940565
940566
940567
940568
940569
940570
940571
940572
940573
940574
940575
940576
940577
940578
940579
940580
940581
940582
940583
940584
940585
940586
940587
940588
940589
940590
940591
940593
940594
940596
940598
940599
940600
940601
940602
940603
940604
940605
940606
940607
940609
940610
940611
940612
940613
940614
940615
940616
940617
940618
940619
940620
940621
940622
940623
940625
940626
940627
940628
940629
940630
940631
940632
940633
940634
940635
940636
940637
940638
940639
940640
940641
940642
940643
940644
940645
940646
940647
940650
940651
940652
940653
940654
940656
940657
940658
940659
940660
940661
940663
940664
940665
940666
940667
940669
940670
940671
940672
940673
940674
940675
940676
940677
940678
940679
940680
940681
940682
940683
940684
940685
940686
940687
940689
940690
940691
940692
940693
940694
940696
940697
940698
940699
940700
940701
940702
940703
940704
940705
940707
940708
940709
940710
940711
940712
940713
940714
940716
940717
940718
940720
940721
940722
940723
940724
940725
940726
940728
940729
940730
940731
940733
940734
940735
940736
940737
940738
940739
940740
940741
940742
940743
940745
940747
940748
940749
940750
940751
940752
940753
940754
940755
940757
940758
940760
940761
940762
940763
940765
940767
940769
940770
940771
940772
940773
940774
940775
940776
940777
940778
940779
940780
940781
940782
940783
940784
940785
940786
940787
940788
940789
940790
940791
940792
940793
940794
940795
940796
940797
940798
940799
940800
940801
940802
940804
940805
940806
940807
940808
940810
940811
940812
940813
940814
940815
940816
940817
940818
940819
940820
940821
940822
940823
940824
940825
940826
940827
940828
940829
940830
940831
940832
940833
940834
940835
940836
940837
940838
940839
940840
940841
940842
940843
940844
940845
940846
940847
940848
940849
940850
940851
940852
940853
940854
940855
940856
940857
940860
940861
940862
940863
940864
940865
940866
940867
940868
940869
940870
940871
940872
940873
940874
940875
940876
940877
940878
940879
940880
940883
940884
940885
940886
940887
940888
940889
940890
940891
940892
940893
940894
940895
940896
940897
940898
940899
940900
940901
940902
940903
940904
940906
940907
940908
940909
940910
940911
940912
940914
940915
940916
940917
940918
940919
940920
940921
940922
940923
940924
940925
940926
940927
940928
940929
940930
940931
940932
940933
940934
940935
940936
940937
940938
940939
940940
940941
940942
940943
940944
940945
940948
940949
940950
940951
940952
940953
940954
940955
940956
940957
940959
940960
940961
940962
940963
940964
940965
940966
940967
940968
940969
940970
940971
940972
940973
940975
940976
940977
940978
940979
940980
940981
940982
940983
940984
940985
940986
940987
940988
940990
940991
940992
940993
940994
940996
940997
940998
940999
941000
941001
941002
941003
941004
941005
941006
941007
941008
941009
941010
941011
941012
941013
941014
941015
941016
941017
941018
941019
941020
941021
941023
941024
941025
941026
941028
941030
941031
941032
941034
941035
941037
941039
941040
941041
941042
941044
941045
941046
941048
941049
941050
941052
941053
941054
941055
941056
941057
941058
941059
941060
941061
941063
941064
941065
941066
941067
941071
941073
941074
941075
941076
941077
941078
941079
941080
941081
941082
941083
941084
941085
941086
941087
941089
941090
941091
941092
941093
941094
941096
941097
941098
941099
941100
941101
941102
941103
941104
941105
941107
941109
941112
941114
941116
941117
941118
941119
941120
941121
941122
941123
941124
941125
941126
941127
941128
941129
941130
941131
941132
941133
941135
941137
941139
941140
941141
941142
941143
941145
941146
941147
941148
941149
941150
941151
941152
941153
941154
941155
941156
941157
941158
941159
941160
941161
941162
941163
941164
941165
941166
941167
941168
941169
941170
941171
941172
941173
941174
941175
941176
941177
941178
941179
941180
941181
941182
941183
941184
941185
941186
941187
941188
941189
941190
941191
941193
941194
941195
941196
941198
941199
941200
941201
941202
941203
941204
941205
941206
941208
941209
941210
941211
941212
941213
941214
941215
941216
941217
941218
941219
941220
941221
941223
941224
941225
941226
941227
941228
941229
941230
941231
941232
941233
941234
941235
941236
941237
941238
941239
941240
941241
941242
941243
941244
941245
941246
941247
941248
941249
941250
941251
941252
941253
941254
941255
941256
941257
941258
941259
941260
941262
941263
941265
941266
941267
941268
941269
941270
941271
941272
941273
941274
941275
941276
941277
941278
941279
941280
941281
941282
941283
941284
941285
941286
941287
941288
941289
941290
941291
941292
941293
941294
941295
941296
941297
941298
941300
941302
941304
941305
941306
941308
941309
941311
941312
941313
941314
941315
941316
941317
941318
941319
941320
941322
941323
941324
941325
941326
941329
941330
941331
941332
941333
941334
941336
941337
941338
941339
941340
941341
941342
941343
941344
941345
941346
941347
941348
941349
941350
941351
941352
941353
941354
941355
941356
941357
941358
941359
941360
941361
941362
941363
941364
941365
941366
941367
941368
941369
941370
941371
941372
941373
941374
941375
941377
941378
941379
941380
941381
941382
941383
941384
941385
941386
941387
941388
941389
941390
941391
941392
941393
941395
941396
941397
941398
941399
941400
941401
941402
941403
941404
941405
941406
941407
941408
941409
941410
941411
941412
941413
941414
941415
941416
941417
941418
941419
941420
941421
941422
941423
941424
941425
941426
941427
941428
941429
941430
941431
941432
941433
941434
941435
941436
941437
941438
941439
941440
941441
941442
941443
941444
941445
941446
941447
941448
941449
941450
941451
941452
941453
941454
941455
941456
941457
941458
941459
941460
941461
941462
941463
941464
941465
941466
941467
941468
941469
941470
941472
941473
941474
941475
941476
941477
941478
941479
941480
941481
941482
941483
941484
941485
941486
941487
941488
941489
941490
941491
941492
941493
941494
941495
941496
941498
941499
941500
941501
941502
941503
941504
941505
941506
941507
941508
941509
941510
941511
941512
941513
941514
941515
941516
941517
941518
941519
941520
941522
941523
941524
941525
941526
941527
941528
941530
941531
941532
941534
941535
941536
941537
941538
941539
941540
941541
941542
941543
941544
941545
941546
941547
941548
941549
941550
941551
941552
941553
941554
941555
941556
941557
941558
941559
941560
941561
941562
941563
941564
941565
941568
941569
941570
941571
941572
941573
941574
941575
941576
941577
941578
941579
941580
941581
941582
941583
941584
941585
941586
941587
941588
941589
941590
941591
941592
941593
941594
941596
941597
941598
941599
941600
941601
941602
941603
941604
941605
941606
941607
941608
941609
941610
941612
941613
941614
941615
941616
941617
941618
941619
941620
941621
941622
941623
941624
941625
941626
941627
941628
941629
941630
941631
941632
941633
941634
941635
941636
941637
941638
941639
941640
941641
941642
941643
941644
941645
941646
941647
941648
941649
941650
941651
941652
941653
941655
941656
941657
941658
941659
941660
941661
941662
941663
941666
941667
941668
941669
941670
941671
941672
941673
941674
941675
941676
941677
941678
941679
941680
941681
941682
941683
941684
941685
941686
941687
941688
941689
941690
941691
941692
941693
941694
941695
941696
941697
941698
941699
941700
941701
941702
941704
941707
941708
941709
941710
941711
941712
941713
941714
941715
941716
941717
941718
941719
941720
941721
941722
941723
941724
941725
941726
941727
941728
941729
941730
941731
941732
941733
941734
941735
941736
941737
941738
941739
941740
941741
941742
941743
941744
941745
941746
941747
941748
941749
941750
941751
941752
941753
941754
941755
941756
941757
941758
941759
941760
941761
941763
941770
941771
941772
941773
941774
941775
941776
941777
941778
941779
941780
941781
941782
941783
941784
941785
941786
941787
941788
941789
941791
941792
941793
941794
941795
941796
941797
941798
941799
941800
941801
941802
941803
941804
941805
941807
941808
941809
941810
941811
941812
941813
941814
941815
941816
941817
941818
941819
941820
941821
941822
941823
941824
941825
941826
941827
941828
941829
941830
941831
941832
941833
941834
941835
941837
941838
941839
941841
941842
941843
941844
941845
941846
941847
941848
941849
941850
941851
941852
941855
941856
941857
941858
941859
941860
941861
941862
941863
941864
941865
941866
941867
941869
941871
941872
941873
941874
941876
941878
941879
941880
941881
941882
941883
941884
941885
941886
941887
941888
941889
941890
941891
941892
941893
941894
941895
941896
941898
941899
941900
941901
941902
941903
941904
941905
941906
941907
941908
941909
941910
941911
941912
941913
941914
941915
941916
941917
941918
941920
941921
941922
941923
941924
941925
941926
941927
941928
941929
941930
941931
941932
941933
941936
941937
941938
941939
941940
941941
941942
941943
941945
941946
941947
941948
941949
941950
941951
941952
941953
941954
941955
941956
941958
941959
941960
941961
941962
941963
941964
941965
941966
941967
941969
941970
941971
941973
941974
941976
941977
941978
941979
941980
941981
941982
941983
941985
941986
941987
941988
941990
941991
941992
941993
941994
941995
941996
941997
941998
941999
942000
942001
942002
942003
942004
942005
942006
942007
942008
942009
942010
942011
942012
942013
942014
942015
942016
942017
942018
942020
942021
942022
942023
942024
942025
942026
942027
942028
942029
942030
942031
942032
942033
942034
942035
942037
942039
942040
942041
942042
942045
942046
942047
942048
942049
942050
942051
942052
942053
942055
942056
942057
942058
942059
942061
942062
942063
942064
942065
942066
942067
942068
942069
942071
942072
942073
942074
942075
942076
942077
942078
942079
942080
942081
942082
942083
942084
942085
942086
942087
942088
942089
942091
942092
942093
942094
942095
942096
942097
942098
942099
942100
942101
942102
942103
942105
942106
942107
942108
942109
942110
942111
942112
942113
942114
942115
942117
942118
942119
942120
942122
942123
942124
942125
942126
942127
942128
942129
942130
942131
942132
942133
942134
942135
942136
942137
942138
942139
942140
942141
942142
942143
942144
942145
942146
942147
942148
942149
942150
942151
942152
942153
942154
942155
942156
942157
942158
942159
942160
942161
942162
942163
942165
942167
942168
942169
942170
942171
942172
942173
942174
942175
942176
942178
942179
942180
942181
942183
942184
942185
942186
942187
942188
942189
942191
942192
942193
942194
942195
942196
942197
942198
942199
942200
942201
942202
942203
942204
942205
942206
942207
942208
942209
942211
942212
942213
942214
942215
942216
942217
942218
942220
942221
942222
942223
942224
942225
942226
942227
942228
942229
942230
942231
942232
942233
942234
942235
942236
942237
942238
942239
942240
942241
942242
942243
942244
942245
942246
942248
942249
942250
942251
942252
942253
942254
942256
942257
942258
942259
942260
942261
942262
942263
942264
942265
942266
942267
942268
942269
942270
942271
942272
942273
942274
942275
942276
942277
942278
942279
942280
942281
942282
942283
942284
942285
942286
942287
942288
942289
942290
942291
942292
942293
942294
942295
942296
942297
942298
942299
942300
942301
942302
942303
942304
942305
942306
942308
942309
942310
942311
942312
942314
942315
942316
942317
942318
942320
942321
942322
942323
942325
942326
942327
942328
942329
942330
942331
942332
942333
942334
942335
942336
942337
942338
942339
942340
942341
942342
942343
942344
942345
942346
942347
942348
942349
942350
942351
942352
942353
942354
942355
942356
942358
942359
942360
942361
942362
942363
942364
942365
942366
942367
942368
942369
942370
942371
942372
942373
942376
942377
942378
942380
942382
942383
942384
942385
942386
942387
942388
942389
942390
942391
942392
942393
942394
942395
942396
942397
942398
942399
942400
942401
942402
942403
942405
942406
942407
942408
942409
942411
942412
942413
942414
942415
942416
942417
942419
942420
942421
942422
942423
942424
942425
942426
942427
942428
942429
942430
942431
942432
942433
942434
942435
942436
942437
942438
942439
942440
942441
942442
942443
942444
942445
942446
942447
942448
942449
942450
942451
942452
942453
942454
942455
942456
942457
942458
942459
942460
942461
942462
942463
942464
942465
942466
942467
942468
942469
942470
942471
942472
942473
942474
942475
942476
942477
942478
942479
942480
942481
942482
942483
942484
942485
942486
942487
942489
942490
942491
942492
942493
942494
942495
942496
942497
942498
942499
942502
942504
942505
942506
942507
942509
942510
942511
942512
942514
942516
942517
942522
942523
942526
942527
942528
942529
942530
942531
942532
942533
942534
942535
942536
942537
942539
942540
942542
942543
942544
942545
942546
942547
942548
942549
942550
942551
942552
942553
942554
942555
942557
942558
942559
942560
942561
942562
942563
942564
942565
942567
942568
942569
942571
942572
942573
942574
942575
942576
942577
942578
942579
942580
942581
942582
942583
942585
942586
942587
942588
942590
942591
942592
942593
942595
942596
942597
942598
942599
942600
942601
942602
942603
942604
942605
942606
942607
942608
942609
942610
942611
942612
942613
942614
942615
942616
942617
942618
942619
942620
942621
942622
942623
942624
942625
942626
942627
942628
942629
942631
942632
942634
942635
942636
942637
942638
942639
942641
942642
942644
942646
942647
942648
942649
942651
942652
942653
942654
942655
942656
942659
942660
942661
942662
942663
942664
942665
942666
942668
942670
942671
942672
942673
942674
942675
942676
942677
942678
942679
942680
942681
942683
942684
942685
942686
942687
942688
942689
942690
942691
942692
942693
942695
942696
942697
942698
942700
942702
942703
942705
942710
942711
942713
942714
942718
942719
942721
942724
942725
942726
942728
942729
942730
942731
942732
942733
942734
942735
942736
942737
942738
942739
942740
942741
942742
942743
942744
942745
942746
942747
942748
942749
942750
942751
942752
942753
942754
942755
942756
942758
942759
942760
942761
942762
942764
942765
942766
942767
942768
942769
942772
942774
942775
942778
942780
942781
942784
942785
942786
942787
942788
942789
942790
942791
942792
942793
942795
942796
942797
942798
942800
942801
942802
942804
942805
942807
942808
942809
942810
942811
942812
942813
942814
942815
942816
942818
942819
942820
942821
942823
942824
942825
942826
942827
942828
942829
942830
942831
942832
942833
942834
942835
942836
942837
942838
942839
942840
942841
942842
942845
942846
942847
942848
942849
942850
942851
942852
942853
942854
942855
942860
942861
942864
942865
942866
942867
942868
942869
942870
942871
942873
942874
942875
942876
942877
942878
942879
942880
942881
942882
942883
942884
942885
942886
942887
942888
942889
942890
942891
942892
942893
942894
942895
942897
942898
942899
942900
942901
942902
942903
942904
942905
942906
942907
942908
942909
942910
942911
942913
942914
942915
942917
942918
942919
942920
942921
942922
942923
942924
942925
942926
942927
942928
942929
942930
942931
942932
942933
942934
942935
942936
942937
942938
942939
942940
942941
942942
942943
942944
942946
942947
942949
942950
942951
942953
942954
942955
942956
942957
942958
942959
942960
942961
942962
942963
942964
942965
942966
942967
942968
942969
942970
942971
942972
942973
942974
942975
942976
942977
942979
942980
942981
942982
942983
942984
942985
942986
942987
942988
942989
942990
942991
942992
942993
942995
942996
942999
943000
943001
943002
943003
943004
943005
943006
943007
943008
943010
943011
943012
943013
943014
943015
943016
943018
943019
943020
943021
943022
943025
943026
943028
943030
943031
943032
943033
943034
943035
943036
943037
943038
943040
943041
943042
943044
943045
943046
943047
943049
943050
943051
943052
943053
943054
943055
943056
943057
943058
943059
943060
943061
943062
943063
943064
943065
943066
943068
943069
943072
943073
943074
943076
943077
943078
943079
943081
943083
943084
943085
943086
943087
943088
943089
943090
943091
943092
943093
943094
943096
943097
943099
943100
943101
943102
943103
943106
943107
943108
943109
943110
943111
943112
943113
943114
943115
943116
943117
943118
943119
943120
943121
943122
943124
943125
943126
943127
943130
943131
943132
943133
943134
943135
943136
943137
943138
943139
943140
943142
943143
943144
943145
943146
943147
943148
943149
943150
943151
943152
943153
943154
943155
943156
943157
943158
943159
943160
943162
943163
943165
943166
943167
943168
943169
943171
943172
943173
943174
943175
943176
943177
943178
943179
943180
943181
943182
943183
943184
943185
943186
943187
943188
943189
943190
943191
943192
943193
943194
943195
943196
943197
943198
943199
943200
943201
943202
943203
943204
943205
943206
943207
943208
943209
943210
943211
943212
943213
943214
943215
943216
943217
943218
943220
943221
943222
943223
943224
943226
943227
943229
943231
943232
943233
943234
943235
943236
943237
943240
943241
943244
943245
943247
943248
943249
943250
943251
943252
943253
943254
943255
943256
943257
943258
943259
943260
943261
943263
943264
943266
943267
943268
943269
943272
943275
943276
943280
943282
943283
943284
943285
943286
943287
943288
943290
943291
943292
943293
943294
943295
943296
943297
943298
943299
943300
943301
943302
943303
943304
943305
943306
943307
943309
943310
943311
943313
943314
943315
943316
943317
943318
943319
943320
943321
943322
943323
943324
943325
943326
943327
943328
943329
943330
943331
943332
943333
943334
943335
943336
943337
943338
943339
943341
943342
943343
943344
943345
943346
943347
943348
943349
943350
943351
943352
943353
943354
943355
943356
943358
943359
943360
943361
943362
943363
943364
943365
943367
943369
943370
943372
943373
943374
943375
943376
943377
943378
943379
943380
943381
943382
943383
943384
943385
943386
943387
943391
943392
943393
943394
943395
943396
943397
943398
943399
943400
943401
943402
943403
943404
943405
943406
943407
943409
943411
943413
943414
943415
943417
943418
943419
943420
943421
943422
943423
943424
943425
943426
943427
943428
943429
943430
943431
943432
943433
943434
943435
943436
943437
943438
943440
943441
943442
943443
943444
943445
943446
943447
943448
943449
943450
943451
943452
943453
943454
943455
943456
943457
943458
943459
943460
943461
943462
943463
943464
943465
943466
943467
943468
943469
943470
943471
943472
943473
943474
943475
943476
943478
943479
943480
943481
943483
943484
943485
943486
943487
943488
943489
943490
943493
943494
943495
943496
943497
943500
943501
943502
943503
943504
943505
943507
943508
943509
943510
943511
943512
943513
943514
943518
943519
943520
943521
943522
943523
943524
943526
943527
943528
943529
943530
943531
943532
943533
943535
943536
943537
943538
943539
943540
943541
943542
943543
943545
943546
943547
943548
943549
943550
943552
943553
943554
943556
943557
943559
943560
943561
943563
943564
943565
943566
943567
943568
943569
943570
943571
943573
943574
943575
943576
943577
943578
943579
943580
943581
943582
943583
943584
943585
943586
943587
943589
943590
943591
943592
943593
943594
943595
943596
943597
943598
943599
943600
943601
943602
943603
943604
943606
943607
943608
943609
943610
943611
943612
943613
943614
943615
943616
943617
943618
943619
943620
943621
943622
943623
943624
943625
943626
943627
943628
943629
943630
943631
943632
943634
943635
943636
943637
943638
943639
943640
943642
943643
943644
943646
943647
943649
943650
943657
943658
943659
943660
943661
943662
943663
943664
943665
943666
943667
943668
943669
943670
943671
943672
943673
943674
943675
943676
943677
943678
943679
943680
943681
943682
943683
943685
943686
943687
943688
943691
943692
943693
943694
943696
943697
943698
943700
943701
943705
943710
943711
943712
943713
943714
943715
943716
943717
943718
943720
943721
943722
943724
943725
943726
943727
943729
943730
943731
943732
943733
943737
943738
943740
943741
943744
943745
943746
943747
943748
943749
943750
943751
943752
943753
943754
943755
943756
943759
943760
943762
943763
943765
943766
943767
943768
943769
943770
943771
943772
943773
943774
943775
943776
943777
943778
943781
943782
943783
943784
943785
943786
943787
943788
943789
943790
943791
943792
943793
943794
943795
943796
943797
943798
943799
943800
943801
943802
943804
943805
943806
943807
943808
943809
943810
943813
943814
943815
943816
943817
943818
943819
943820
943821
943822
943823
943824
943825
943826
943827
943828
943829
943830
943831
943832
943835
943836
943837
943838
943839
943840
943841
943842
943843
943844
943845
943847
943848
943849
943850
943851
943852
943853
943854
943855
943857
943859
943863
943865
943866
943867
943869
943870
943871
943872
943873
943874
943878
943880
943881
943882
943883
943884
943885
943886
943887
943888
943889
943890
943891
943892
943893
943894
943895
943896
943897
943898
943899
943900
943901
943902
943903
943904
943906
943908
943909
943910
943911
943912
943913
943914
943916
943917
943918
943919
943920
943921
943923
943925
943928
943930
943931
943933
943934
943935
943936
943937
943938
943939
943940
943941
943943
943944
943945
943946
943947
943949
943950
943951
943952
943953
943954
943955
943956
943957
943958
943959
943960
943961
943962
943964
943965
943966
943967
943968
943969
943970
943971
943972
943973
943975
943976
943977
943980
943981
943982
943983
943986
943987
943988
943990
943991
943992
943994
943995
943996
943997
943998
943999
944000
944001
944003
944004
944005
944006
944007
944010
944011
944012
944014
944015
944017
944019
944020
944021
944023
944024
944025
944027
944029
944031
944035
944036
944038
944039
944041
944042
944043
944044
944045
944046
944047
944048
944049
944050
944051
944052
944053
944054
944055
944056
944057
944058
944060
944061
944069
944070
944071
944074
944089
944091
944092
944093
944094
944095
944096
944097
944098
944099
944100
944102
944103
944104
944105
944106
944107
944108
944109
944110
944114
944115
944116
944117
944118
944119
944120
944121
944122
944123
944124
944125
944126
944127
944128
944129
944131
944132
944133
944135
944136
944137
944138
944139
944140
944141
944142
944143
944144
944145
944146
944147
944148
944149
944150
944151
944152
944153
944154
944155
944156
944157
944158
944159
944160
944162
944163
944164
944165
944166
944167
944168
944169
944170
944171
944172
944173
944174
944175
944176
944177
944178
944179
944180
944181
944182
944183
944187
944188
944189
944191
944192
944193
944194
944195
944196
944197
944198
944199
944200
944201
944202
944203
944204
944205
944206
944207
944208
944209
944210
944211
944212
944213
944215
944216
944217
944218
944219
944220
944221
944222
944223
944224
944225
944226
944227
944228
944229
944230
944231
944232
944233
944234
944235
944236
944237
944238
944239
944240
944242
944244
944246
944247
944248
944249
944250
944251
944253
944254
944255
944256
944257
944258
944259
944261
944262
944263
944264
944265
944266
944267
944268
944269
944270
944271
944272
944273
944274
944275
944276
944277
944278
944279
944280
944281
944282
944283
944284
944285
944286
944290
944291
944293
944294
944295
944296
944297
944299
944301
944303
944304
944305
944306
944307
944309
944310
944311
944312
944313
944314
944315
944316
944317
944318
944319
944320
944321
944322
944323
944324
944325
944326
944327
944329
944330
944332
944333
944334
944336
944337
944338
944340
944342
944343
944344
944345
944346
944347
944348
944349
944351
944352
944355
944356
944357
944358
944359
944360
944361
944362
944363
944364
944365
944367
944368
944369
944370
944371
944372
944373
944375
944376
944377
944379
944382
944383
944384
944385
944386
944387
944388
944389
944390
944392
944393
944394
944396
944397
944398
944399
944400
944401
944402
944403
944404
944405
944406
944407
944408
944409
944410
944411
944413
944414
944416
944417
944418
944419
944420
944424
944425
944427
944428
944430
944431
944432
944434
944435
944436
944438
944439
944441
944443
944444
944446
944447
944453
944454
944455
944456
944461
944462
944463
944464
944465
944466
944467
944468
944469
944470
944471
944472
944473
944474
944475
944476
944477
944478
944480
944481
944482
944483
944484
944485
944486
944487
944488
944489
944490
944492
944493
944494
944495
944496
944497
944499
944500
944502
944503
944505
944506
944507
944508
944509
944510
944511
944512
944513
944514
944515
944516
944517
944518
944519
944520
944521
944522
944523
944524
944525
944526
944527
944529
944530
944531
944532
944533
944534
944535
944537
944538
944539
944540
944541
944543
944544
944545
944546
944547
944548
944549
944550
944551
944553
944554
944555
944556
944558
944559
944560
944561
944562
944563
944564
944565
944566
944567
944568
944569
944570
944571
944572
944573
944574
944575
944576
944577
944578
944579
944580
944581
944582
944584
944585
944586
944587
944588
944589
944590
944591
944592
944593
944594
944595
944596
944598
944599
944600
944601
944602
944603
944605
944606
944607
944608
944610
944612
944613
944615
944617
944618
944619
944620
944621
944622
944623
944624
944625
944626
944627
944628
944629
944630
944633
944634
944635
944636
944637
944638
944639
944640
944641
944642
944643
944644
944645
944646
944647
944648
944649
944650
944651
944652
944653
944654
944655
944656
944657
944658
944659
944660
944661
944662
944663
944664
944665
944666
944667
944668
944669
944670
944671
944672
944674
944675
944677
944678
944679
944680
944681
944682
944684
944685
944686
944687
944688
944689
944690
944691
944692
944693
944694
944695
944696
944697
944698
944700
944701
944702
944703
944704
944705
944706
944708
944709
944710
944711
944712
944713
944714
944715
944716
944717
944718
944719
944720
944721
944722
944723
944724
944725
944726
944727
944728
944730
944731
944732
944733
944734
944735
944736
944737
944738
944739
944740
944741
944742
944743
944744
944745
944746
944748
944749
944750
944751
944752
944753
944754
944755
944756
944757
944758
944759
944760
944761
944763
944764
944765
944766
944767
944768
944769
944770
944771
944772
944773
944774
944775
944776
944777
944778
944779
944780
944781
944782
944783
944784
944786
944787
944788
944789
944790
944791
944792
944793
944794
944795
944796
944797
944798
944799
944800
944801
944802
944803
944804
944805
944806
944807
944808
944809
944810
944811
944812
944813
944814
944815
944816
944817
944818
944819
944820
944821
944822
944823
944824
944826
944827
944828
944829
944831
944832
944833
944834
944835
944836
944837
944838
944839
944840
944841
944842
944843
944845
944846
944847
944848
944849
944850
944852
944854
944855
944856
944857
944858
944859
944860
944861
944863
944864
944865
944866
944867
944868
944869
944870
944871
944872
944873
944875
944876
944877
944878
944879
944880
944881
944882
944886
944887
944888
944889
944891
944892
944893
944895
944896
944897
944898
944899
944900
944901
944903
944904
944905
944906
944907
944908
944909
944910
944911
944912
944913
944914
944915
944916
944917
944918
944919
944920
944921
944922
944923
944924
944925
944926
944927
944928
944929
944930
944931
944932
944933
944934
944935
944936
944937
944938
944939
944940
944941
944942
944943
944944
944945
944946
944947
944948
944949
944950
944951
944952
944953
944954
944955
944956
944957
944958
944959
944960
944961
944962
944963
944964
944965
944966
944967
944968
944969
944970
944971
944972
944973
944974
944975
944976
944977
944978
944979
944980
944981
944982
944983
944984
944985
944986
944987
944988
944989
944990
944992
944993
944994
944995
944996
944997
944998
944999
945000
945001
945002
945003
945004
945005
945006
945007
945008
945009
945010
945011
945012
945013
945014
945015
945016
945017
945018
945019
945021
945022
945023
945024
945026
945027
945028
945029
945030
945031
945032
945033
945034
945035
945036
945037
945038
945039
945040
945041
945042
945043
945044
945045
945046
945047
945048
945049
945050
945051
945052
945053
945054
945055
945056
945057
945058
945059
945060
945061
945062
945063
945064
945065
945067
945069
945070
945071
945073
945074
945075
945076
945077
945078
945079
945080
945081
945083
945084
945085
945086
945087
945088
945089
945090
945091
945092
945093
945094
945095
945096
945097
945100
945103
945104
945105
945106
945107
945108
945109
945110
945111
945112
945113
945114
945115
945116
945117
945118
945119
945120
945121
945122
945123
945124
945126
945127
945128
945129
945130
945131
945132
945133
945134
945135
945136
945137
945138
945139
945140
945141
945142
945143
945144
945145
945147
945148
945149
945150
945151
945152
945153
945154
945156
945157
945159
945160
945161
945162
945163
945164
945165
945166
945167
945168
945169
945170
945171
945172
945173
945174
945175
945176
945177
945178
945180
945181
945182
945183
945184
945185
945186
945187
945188
945190
945191
945192
945193
945194
945195
945196
945197
945198
945199
945200
945201
945202
945203
945204
945205
945206
945207
945208
945209
945210
945211
945212
945213
945214
945215
945216
945217
945218
945219
945220
945221
945222
945223
945224
945226
945227
945228
945229
945230
945231
945232
945233
945234
945235
945236
945237
945238
945239
945240
945241
945242
945243
945244
945245
945246
945247
945248
945252
945254
945255
945256
945257
945259
945260
945261
945262
945263
945264
945267
945268
945269
945270
945271
945272
945273
945275
945276
945277
945278
945279
945280
945281
945282
945283
945284
945285
945286
945287
945288
945289
945290
945291
945292
945293
945294
945295
945296
945297
945298
945299
945300
945301
945302
945303
945307
945308
945309
945310
945311
945312
945313
945315
945317
945318
945319
945320
945321
945322
945323
945324
945325
945326
945327
945328
945330
945331
945332
945333
945334
945335
945336
945337
945338
945339
945340
945341
945342
945343
945344
945345
945346
945347
945348
945349
945350
945351
945352
945353
945354
945355
945356
945357
945358
945359
945361
945362
945363
945364
945365
945367
945368
945369
945370
945371
945372
945373
945374
945375
945376
945377
945378
945379
945380
945381
945382
945383
945384
945385
945386
945387
945388
945389
945390
945391
945392
945393
945394
945395
945396
945397
945398
945399
945400
945401
945402
945403
945404
945405
945406
945407
945408
945409
945410
945411
945412
945413
945414
945415
945416
945417
945418
945419
945420
945421
945422
945423
945426
945427
945428
945429
945430
945431
