824390
824391
824392
824393
824394
824396
824397
824399
82440
824400
824401
824402
824403
824405
824406
824407
824409
82441
824410
824413
824414
824415
824416
824417
824418
824419
82442
824420
824421
824422
824423
824424
824425
824426
824427
824428
824429
82443
824431
824432
824433
824434
824435
824436
824437
824438
82444
824440
824441
824442
824443
824445
824446
824447
824448
82445
824450
824451
824452
824453
824454
824455
824456
824457
824458
824459
82446
824460
824461
824462
824463
824464
824465
824466
824467
824468
824469
82447
824470
824471
824474
824476
824477
824478
824479
82448
824480
824481
824482
824483
824484
824485
824486
824487
824488
824489
82449
824491
824492
824493
824494
824495
824496
824497
824498
824499
82450
824500
824501
824502
824503
824504
824505
824506
824507
824508
824509
82451
824510
824511
824512
824513
824514
824515
824516
824517
824518
824519
82452
824520
824521
824523
824524
824525
824526
824527
824528
824529
82453
824530
824531
824532
824533
824534
824536
824537
824538
824539
82454
824540
824542
824543
824544
824545
824546
824547
824548
824549
82455
824550
824552
824553
824554
824555
824557
824558
824559
82456
824560
824561
824563
824564
824565
824566
824567
824569
82457
824570
824571
824572
824575
824577
824578
824579
82458
824580
824581
824583
824584
824585
824586
824588
824589
82459
824590
824591
824592
824593
824594
824595
824596
824597
824598
824599
82460
824600
824602
824603
824604
824605
824606
824607
824609
82461
824610
824611
824612
824613
824615
824616
824617
824619
82462
824620
824623
824626
824627
824629
82463
824630
824631
824632
824633
824634
824636
824637
824638
824639
82464
824641
824642
824643
824644
824645
824646
824647
824649
82465
824651
824652
824653
824654
824655
824656
824657
824658
824659
82466
824660
824661
824662
824663
824664
824665
824666
824667
824668
824669
82467
824670
824671
824672
824673
824674
824675
824677
824678
824679
82468
824681
824683
824684
824685
824686
824687
824688
824689
82469
824690
824691
824692
824693
824694
824695
824696
824697
824698
824699
8247
82470
824700
824701
824702
824703
824704
824705
824706
824707
824708
824709
82471
824710
824711
824712
824713
824714
824715
824716
824717
824718
824719
82472
824720
824721
824722
824723
824725
824726
824727
824728
824729
82473
824731
824733
824734
824736
824737
824738
824739
82474
824740
824742
824743
824744
824745
824747
824748
824749
824751
824753
824754
824755
824756
824757
824758
82476
824760
824761
824762
824763
824764
824765
824768
824769
82477
824770
824772
824773
824774
824775
824776
824777
824778
824779
82478
824780
824781
824782
824783
824784
824785
824786
824787
824788
824789
82479
824790
824791
824792
824793
824794
824797
824799
82480
824800
824801
824802
824803
824804
824805
824806
824807
824808
82481
824810
824811
824812
824813
824814
824815
824816
824817
824818
824819
82482
824820
824821
824822
824823
824824
824825
824826
824827
824829
82483
824831
824832
824833
824834
824835
824836
824837
824839
82484
824840
824841
824842
824843
824844
824845
824846
824847
824848
824849
82485
824851
824852
824853
824854
824855
824856
824857
824858
824859
82486
824860
824861
824862
824863
824864
824865
824866
824867
824868
824869
82487
824870
824871
824872
824873
824874
824876
824877
824878
824879
824880
824882
824883
824884
824885
824886
824887
824888
824889
82489
824890
824891
824892
824893
824894
824895
824896
824897
824898
824899
82490
824900
824902
824903
824904
824905
824906
824907
824909
82491
824910
824911
824912
824913
824914
824915
824916
824917
824918
82492
824920
824921
824922
824923
824924
824925
824926
824927
824928
824929
824930
824931
824932
824933
824934
824935
824936
824937
824938
824939
82494
824940
824943
824944
824945
824946
824947
824948
824949
82495
824950
824951
824952
824953
824954
824955
824956
824957
824958
824959
824960
824961
824962
824963
824964
824965
824966
824967
824968
824970
824971
824972
824973
824974
824975
824977
824978
824979
82498
824980
824981
824982
824983
824984
824985
824986
824987
824988
824989
82499
824990
824991
824993
824994
824995
824996
824998
824999
825
82500
825001
825002
825003
825004
825005
825006
825007
825008
82501
825010
825012
825013
825014
825015
825016
825017
825018
825019
825021
825022
825023
825024
825025
825026
825027
825028
825029
82503
825030
825031
825032
825033
825034
825035
825036
825037
825038
825039
82504
825040
825041
825042
825043
825044
825045
825046
825047
825048
825049
82505
825050
825051
825052
825053
825054
825055
825056
825057
825058
825059
82506
825061
825062
825063
825064
825065
825066
825067
825068
825069
82507
825070
825071
825072
825073
825074
825075
825076
825077
825078
825079
82508
825080
825081
825082
825083
825084
825085
825086
825087
825088
82509
825090
825091
825093
825094
825095
825096
825097
825098
825099
82510
825103
825104
825105
825106
825108
82511
825110
825111
825112
825113
825114
825115
825116
825117
825118
825119
82512
825120
825121
825122
825123
825127
825128
825129
82513
825130
825131
825132
825133
825134
825135
825136
825137
825138
825139
82514
825140
825141
825142
825143
825144
825145
825147
825148
825149
82515
825150
825151
825152
825153
825154
825155
825156
825158
825159
82516
825161
825162
825163
825164
825165
825166
825167
825168
825169
82517
825170
825171
825172
825173
825174
825175
825176
825178
825179
82518
825180
825181
825182
825183
825184
825185
825186
825187
825189
82519
825190
825191
825192
825193
825194
825195
825196
825197
825198
82520
825200
825201
825203
825204
825205
825206
825207
825208
825209
825210
825211
825213
825215
825216
825217
825218
825219
82522
825220
825221
825222
825223
825224
825225
825226
825227
825228
825229
82523
825230
825231
825232
825233
825234
825235
825236
825237
825238
825239
82524
825240
825241
825242
825243
825244
825245
825246
825247
825248
825249
82525
825250
825251
825252
825253
825254
825255
825256
825257
825258
825259
82526
825260
825262
825263
825265
825266
825267
825268
825269
82527
825270
825271
825272
825273
825274
825276
825277
825278
825279
82528
825280
825281
825282
825284
825285
825286
825288
825289
82529
825290
825291
825292
825293
825294
825295
825296
825297
825298
825299
82530
825300
825301
825302
825303
825304
825305
825307
825308
825309
82531
825311
825312
825313
825314
825316
825317
825318
825319
82532
825320
825321
825322
825323
825324
825325
825326
825327
825328
825329
82533
825330
825331
825332
825333
825334
825335
825336
825337
825338
825339
825340
825341
825342
825343
825344
825345
825347
825348
825349
82535
825350
825351
825352
825353
825354
825355
825356
825357
825358
825359
825360
825362
825363
82537
825370
825372
825375
825376
825377
825378
825379
825381
825382
825383
825384
825385
825386
825388
825389
825390
825391
825392
825393
825394
825395
825396
825397
825398
825399
825400
825401
825402
825403
825404
825405
825407
825408
825409
825410
825411
825412
825413
825414
825415
825416
825418
825419
82542
825420
825421
825422
825423
825424
825425
825426
825427
825428
825429
82543
825430
825431
825432
825433
825434
825435
825436
825437
825438
825439
82544
825440
825441
825442
825443
825444
825445
825446
825447
825448
825449
82545
825450
825451
825452
825453
825454
825455
825456
825457
82546
825460
825461
825462
825463
825465
825467
825469
82547
825470
825471
825472
825473
825474
825475
825476
825477
825478
825479
82548
825481
825482
825483
825484
825485
825489
82549
825490
825491
825492
825493
825494
825495
825496
825498
825499
82550
825500
825501
825502
825503
825504
825506
825507
825508
82551
825511
825512
825513
825516
825517
825518
825519
82552
825520
825521
825522
825523
825524
825525
825526
825527
825528
825529
825530
825531
825532
825533
825534
825535
825536
825537
825538
825539
82554
825540
825541
825542
825543
825544
825545
825546
825548
825549
82555
825550
825551
825552
825553
825555
825556
825557
825558
825559
82556
825560
825561
825562
825563
825564
825566
825567
825568
825569
82557
825570
825571
825572
825573
825574
825575
825576
825577
825578
825579
82558
825580
825581
825582
825583
825584
825585
825586
825587
825588
825589
82559
825590
825591
825592
825593
825594
825595
825596
825597
825598
825599
82560
825601
825602
825603
825604
825606
825607
825609
82561
825610
825611
825612
825613
825614
825615
825616
825617
825618
825619
82562
825620
825621
825622
825623
825624
825625
825626
825627
825628
825629
82563
825630
825631
825632
825633
825634
825635
825636
825637
825638
825639
82564
825640
825641
825642
825643
825644
825646
825647
825648
825649
82565
825650
825651
825652
825653
825654
825655
825656
825657
825659
82566
825660
825662
825663
825664
825665
825666
825667
825669
82567
825670
825671
825672
825673
825674
825675
825677
825678
82568
825680
825682
825683
825685
825686
825687
825689
82569
825690
825691
825692
825693
825694
825695
825696
825697
825698
825699
82570
825700
825701
825702
825703
825705
825706
825707
825709
82571
825711
825712
825714
825716
825717
825718
825719
82572
825720
825722
825723
825724
825725
825726
825727
825728
825729
82573
825730
825731
825732
825734
825735
825736
825737
825738
825739
82574
825740
825741
825742
825743
825744
825745
825746
825747
825748
825749
82575
825750
825751
825752
825753
825754
825757
825758
825759
82576
825762
825763
825764
825766
825769
82577
825770
825771
825772
825773
825774
825775
825776
825777
825778
825779
82578
825780
825781
825782
825783
825784
825785
825786
825787
825788
82579
825791
825792
825793
825794
825795
825796
825797
825798
825799
825800
825801
825802
825803
825804
825805
825806
825807
825808
825809
82581
825810
825811
825812
825813
825814
825815
825816
825817
825818
825819
825820
825821
825822
825823
825824
825825
825826
825827
825828
825829
82583
825830
825831
825832
825833
825834
825835
825836
825837
825839
825840
825841
825843
825844
825845
825846
825847
825848
825849
82585
825850
825851
825852
825853
825854
825855
825856
825857
825858
825859
82586
825860
825861
825863
825864
825865
825866
825867
825868
825869
82587
825870
825872
825873
825874
825875
825876
825877
825878
825879
82588
825880
825881
825882
825883
825884
825885
825887
825888
825889
82589
825890
825891
825892
825893
825894
825895
825896
825897
825898
825899
82590
825900
825901
825902
825903
825904
825905
825906
825907
825908
825909
825910
825911
825912
825913
825915
825916
825917
825918
825919
82592
825921
825922
825923
825924
825925
825926
825927
825929
82593
825930
825931
825932
825933
825934
825935
825936
825937
825938
825939
82594
825940
825941
825942
825943
825944
825945
825946
825947
825949
82595
825950
825951
825952
825953
825954
825955
825956
825957
825958
825959
825960
825961
825962
825963
825964
825965
825966
825967
825969
82597
825970
825971
825972
825973
825974
825975
825976
825978
825979
82598
825980
825981
825983
825984
825985
825986
825987
825989
82599
825991
825993
825994
825995
825996
825997
825998
825999
826
82600
826000
826001
826002
826003
826004
826005
826006
826007
826008
826009
82601
826010
826012
826013
826014
826015
826016
826017
826018
826019
82602
826020
826021
826022
826023
826024
826025
826026
826027
826028
826029
82603
826030
826031
826032
826033
826034
826035
826036
826037
826038
82604
826040
826041
826042
826044
826046
826047
826048
826049
82605
826050
826051
826052
826053
826054
826056
826057
826058
826059
82606
826060
826061
826062
826063
826064
826065
826066
826067
826068
826069
82607
826070
826071
826073
826074
826075
826076
826077
826078
82608
826080
826081
826082
826083
826084
826085
826086
826087
82609
826091
826092
826093
826094
826095
826096
826097
826098
826099
82610
826100
826101
826102
826103
826104
826105
826106
826107
826109
82611
826111
826112
826113
826114
826115
826118
826119
82612
826121
826122
826123
826125
826126
826128
826129
82613
826130
826131
826132
826133
826134
826135
826136
826137
82614
826140
826141
826142
826143
826144
826145
826146
826147
826148
826149
82615
826150
826151
826152
826153
826154
826155
826156
826157
826158
826159
82616
826160
826161
826163
826164
826165
826166
826167
826168
826169
82617
826171
826172
826173
826174
826175
826176
826177
826178
826179
82618
826180
826181
826182
826184
826185
826186
826187
826188
826189
82619
826190
826191
826192
826193
826194
826196
826197
826198
826199
82620
826200
826201
826203
826204
826206
826208
82621
826211
826216
826217
826218
82622
826220
826221
826222
826224
826225
826226
82623
826231
826237
82624
826241
826245
82625
826254
826258
82626
826260
826261
826262
826263
826264
826266
826267
826268
826269
82627
826270
826271
826272
826273
826274
826275
826277
826278
82628
826280
826281
826283
826284
826285
826286
826288
826289
82629
826291
826293
826295
826296
826298
826299
82630
826300
826301
826302
826303
826304
826305
826306
826307
826308
826309
82631
826310
826312
826313
826314
826315
826316
826317
826319
82632
826320
826321
826322
826323
826324
826327
826328
826329
82633
826330
826331
826332
826334
826335
826336
826337
826338
826339
82634
826340
826341
826342
826343
826344
826345
826346
826347
826348
826349
82635
826350
826351
826352
826353
826354
826355
826356
826357
826358
826359
82636
826360
826361
826362
826363
826364
826365
826366
826367
826368
826369
82637
826370
826372
826373
826374
826375
826376
826377
826378
826379
82638
826380
826381
826382
826383
826384
826386
826387
82639
826391
826392
826393
826394
826395
826396
826397
826398
826399
82640
826400
826401
826402
826403
826404
826405
826406
826407
826409
82641
826410
826411
826412
826413
826415
826416
826417
826418
826419
82642
826420
826421
826422
826423
826424
826425
826426
826427
826428
826429
82643
826430
826431
826432
826433
826434
826435
826436
826437
826438
826439
82644
826440
826441
826442
826443
826444
826445
826446
826448
826449
82645
826451
826454
826456
826458
826459
82646
826460
826462
826463
826464
826465
826466
826467
826468
826469
826470
826471
826472
826474
826476
826477
826479
82648
826480
826481
826482
826484
826485
826486
826487
826488
826489
82649
826490
826491
826492
826493
826494
826495
826496
826497
826498
826499
8265
82650
826500
826501
826502
826503
826504
826506
826507
826509
82651
826510
826511
826512
826513
826515
826516
826517
826518
82652
826520
826521
826522
826523
826524
826525
826528
826529
82653
826530
826532
826533
826534
826535
826536
826537
826538
826539
82654
826540
826542
826543
826545
826546
826547
826548
826549
82655
826551
826553
826554
826556
826557
82656
826560
826561
826562
826563
826565
826566
826567
826568
826569
82657
826570
826572
826573
826574
826575
826576
826577
826578
826579
82658
826580
826581
826583
826584
826585
826586
826587
826588
826589
826590
826592
826593
826594
826595
826596
826597
826598
826599
8266
82660
826600
826601
826602
826603
826604
826605
826606
826607
826608
826609
82661
826610
826611
826612
826613
826614
826615
826616
826617
826618
826619
82662
826620
826621
826622
826623
826624
826625
826626
826627
826628
826629
82663
826630
826631
826632
826633
826634
826635
826636
826637
826638
826639
82664
826640
826641
826642
826643
826644
826645
826646
826647
826648
826649
82665
826650
826651
826652
826654
826655
826656
826657
826658
826659
82666
826660
826661
826662
826663
826664
826665
826666
826668
826669
82667
826670
826671
826672
826673
826674
826675
826676
826678
82668
826680
826681
826682
826683
826684
826685
826686
826687
826688
826689
826691
826692
826693
826694
826695
826696
826698
826699
8267
826700
826701
826702
826703
826704
826705
826706
826708
826709
826710
826712
826713
826714
826715
826716
826718
826719
826720
826721
826722
826723
826724
826726
826727
826728
826729
82673
826730
826731
826732
826733
826735
826736
826737
826738
826739
82674
826740
826741
826742
826743
826744
826745
826746
826747
826749
82675
826750
826751
826752
826753
826754
826755
826756
826758
826759
82676
826760
826761
826763
826764
826765
826766
826767
826768
826769
82677
826770
826771
826772
826774
826775
826776
826777
826778
826779
82678
826780
826781
826782
826783
826784
826785
826786
826788
826789
82679
826790
826791
826792
826793
826794
826795
826796
826797
8268
82680
826801
826802
826803
826804
826805
826806
826807
82681
826810
826811
826812
826813
826815
826816
826817
826818
826819
82682
826820
826821
826822
826823
826824
826825
826826
826827
826829
82683
826830
826831
826832
826833
826834
826835
826836
826837
826838
826839
82684
826840
826841
826842
826843
826845
826846
826847
826848
826849
82685
826850
826851
826852
826853
826854
826855
826856
826857
826858
826859
82686
826860
826861
826862
826863
826864
826865
826866
826867
826868
826869
82687
826870
826872
826874
826875
826876
826877
826878
826879
82688
826881
826883
826885
826886
826887
826888
826889
82689
826890
826891
826892
826893
826894
826895
826896
826897
826898
826899
8269
82690
826900
826901
826902
826903
826904
826905
826906
826907
826908
826909
82691
826910
826912
826913
826914
826915
826916
826918
826919
82692
826920
826921
826922
826924
826925
826926
826927
826929
82693
826930
826931
826932
826933
826934
826935
826936
826937
826938
826939
826940
826941
826942
826943
826944
826945
826946
826947
826948
826949
82695
826950
826951
826952
826953
826954
826955
826956
826957
826958
826959
82696
826960
826961
826962
826963
826964
826966
826968
826969
82697
826970
826971
826972
826973
826974
826976
826977
826978
826979
82698
826980
826981
826982
826983
826984
826985
826986
826987
826988
826989
826990
826991
826992
826993
826994
826995
826996
826997
826998
826999
827
8270
82700
827000
827001
827002
827003
827004
827005
827006
827007
827008
827009
827010
827011
827012
827013
827014
827015
827017
827018
827019
82702
827020
827021
827022
827023
827024
827025
827026
827027
827028
827029
82703
827030
827031
827032
827033
827034
827035
827036
82704
827040
827041
827043
827046
827047
827048
827049
82705
827051
827052
827053
827054
827055
827056
827057
827058
827059
82706
827060
827061
827062
827063
827064
827065
827066
827067
827068
827069
82707
827070
827071
827072
827074
827075
827076
827077
827078
827079
82708
827080
827081
827082
827083
827084
827085
827086
827087
827088
827089
82709
827090
827091
827092
827093
827094
827096
827099
8271
82710
827100
827101
827102
827103
827104
827105
827109
82711
827112
827113
827114
827115
827116
827117
827118
827119
82712
827120
827121
827123
827124
827125
827128
827129
82713
827131
827133
827134
827135
827136
827138
827139
827140
827141
827143
827144
827145
827146
827147
827149
82715
827150
827151
827152
827153
827154
827155
827156
827157
827158
827159
82716
827160
827161
827163
827165
827166
827167
827168
827169
82717
827170
827171
827172
827173
827174
827175
827177
827178
827179
82718
827180
827181
827182
827184
827185
827187
827188
827189
82719
827190
827191
827192
827193
827194
827195
827196
827197
827199
8272
82720
827200
827202
827203
827204
827206
827207
827208
827209
82721
827210
827211
827212
827213
827214
827216
827217
827218
827219
82722
827220
827221
827222
827223
827224
827225
827226
827227
827229
82723
827230
827231
827232
827233
827234
827236
827237
827239
82724
827240
827241
827242
827243
827244
827245
827246
827248
827249
82725
827250
827251
827252
827253
827254
827255
827256
827257
827258
827259
827260
827261
827262
827263
827264
827265
827266
827267
827268
827269
82727
827270
827271
827272
827273
827274
827275
827276
827278
827279
82728
827280
827281
827282
827283
827284
827285
827286
827287
827288
827289
82729
827290
827291
827292
827293
827294
827295
827296
827297
827298
827299
8273
827300
827301
827302
827303
827304
827305
827306
827307
827308
827309
82731
827310
827311
827312
827313
827314
827315
827316
827317
827319
82732
827320
827321
827322
827323
827324
827325
827326
827327
827328
827329
82733
827330
827331
827333
827335
827336
827337
827338
827339
82734
827340
827341
827342
827343
827344
827345
827346
827348
827349
827350
827351
827352
827353
827354
827355
827357
827358
827359
82736
827360
827361
827362
827363
827364
827365
827366
827367
827368
827369
82737
827370
827371
827372
827373
827374
827375
827376
827377
827378
82738
827380
827381
827382
827383
827384
827385
827386
827388
827389
82739
827390
827391
827393
827394
827395
827396
827397
827398
827399
8274
82740
827400
827401
827402
827403
827404
827405
827406
827407
827408
827409
827410
827413
827416
827418
827419
82742
827420
827421
827422
827424
827425
827426
827428
827429
82743
827430
827431
827432
827433
827434
827435
827436
827438
827439
82744
827440
827441
827442
827444
827445
827446
827447
827448
827449
82745
827450
827451
827452
827453
827454
827455
827456
827457
827458
827459
82746
827460
827461
827462
827463
827464
827465
827466
827467
827469
82747
827470
827471
827472
827473
827474
827476
827477
827478
827479
82748
827480
827481
827482
827483
827484
827485
827486
827487
827488
827489
82749
827490
827491
827492
827493
827494
827495
827496
827497
827498
827499
8275
82750
827500
827502
827504
827505
827506
827507
827508
827509
82751
827510
827512
827513
827514
827515
827516
827517
827518
827519
82752
827520
827521
827522
827523
827524
827525
827526
827527
827528
827529
82753
827530
827531
827532
827533
827534
827535
827536
827537
827539
82754
827540
827541
827543
827544
827545
827546
827547
827548
827549
827550
827551
827553
827554
827555
827556
827557
827558
827559
82756
827561
827562
827563
827564
827565
827567
82757
827571
827572
827573
827574
827575
827576
827577
827578
82758
827580
827581
827582
827583
827584
827585
827588
827589
82759
827590
827591
827592
827593
827594
827595
827598
827599
8276
82760
827600
827602
827603
827604
827605
827606
827607
827608
827609
82761
827610
827612
827613
827614
827615
827616
827617
827618
827619
82762
827620
827621
827622
827623
827624
827625
82763
827630
827631
827632
827633
827634
827635
827636
827637
827638
827639
82764
827640
827641
827642
827643
827644
827645
827646
827647
827648
827649
82765
827650
827651
827652
827653
827654
827655
827657
827658
827659
82766
827660
827661
827662
827663
827664
827666
827667
827668
827669
82767
827670
827671
827674
827676
827677
827678
827679
82768
827680
827681
827682
827683
827684
827685
827686
827687
827688
827689
82769
827690
827691
827692
827693
827694
827695
827696
827697
827698
827699
8277
82770
827700
827701
827702
827703
827704
827705
827706
827707
827708
827709
827710
827711
827712
827713
827714
827715
827716
827717
827718
827719
82772
827720
827721
827722
827723
827724
827726
827727
827728
827729
82773
827730
827731
827732
827734
827735
827736
827737
827738
827739
82774
827740
827741
827742
827743
827744
827745
827746
827747
827748
827749
82775
827750
827751
827752
827753
827754
827755
827756
827757
827758
827759
82776
827760
827761
827762
827763
827764
827765
827766
827767
827768
827769
82777
827770
827771
827772
827773
827774
827776
827777
827778
827779
82778
827780
827781
827782
827783
827785
827786
827787
827788
827789
82779
827790
827791
827792
827793
827794
827798
82780
827800
827801
827802
827804
827805
827806
827807
827808
82781
827811
827812
827813
827814
827815
827816
827817
827818
827819
82782
827820
827821
827822
827823
827824
827825
827827
827828
827829
82783
827830
827831
827832
827833
827836
827837
827839
82784
827840
827841
827843
827844
827845
827846
827847
827848
827849
82785
827850
827851
827852
827853
827854
827855
827856
827857
827858
827859
827860
827861
827862
827864
827865
827867
827868
827869
82787
827870
827871
827872
827873
827874
827875
827876
827877
827878
827879
82788
827881
827882
827883
827884
827885
827886
827887
827888
827889
82789
827890
827891
827892
827893
827895
827896
827897
827898
827899
8279
82790
827900
827901
827902
827903
827904
827905
827906
827907
827908
827909
82791
827910
827911
827912
827913
827914
827915
827916
827918
827919
82792
827920
827921
827923
827924
827927
827928
827929
82793
827930
827931
827932
827934
827935
827937
827938
827939
827940
827941
827942
827943
827944
827946
827947
827948
827949
82795
827950
827951
827952
827953
827956
827957
827958
827959
82796
827960
827961
827962
827963
827964
827965
827966
827967
827968
827969
82797
827970
827971
827972
827973
827974
827975
827976
827977
827978
827979
82798
827980
827982
827983
827984
827986
827987
827988
827989
82799
827990
827991
827993
827994
827995
827996
827997
827998
827999
828
8280
82800
828000
828001
828002
828003
828004
828007
82801
828010
828013
828014
828015
828016
828017
828018
82802
828021
828023
828024
828025
828026
828027
828028
82803
828030
828031
828032
828033
828034
828035
828036
828038
828039
828040
828041
828046
828048
828049
82805
828051
828052
828053
828054
828055
828056
828059
82806
828060
828062
828063
828066
828068
828069
82807
828071
828072
828073
828074
828075
828076
828077
828078
828079
82808
828080
828082
828085
828086
828087
828088
828089
82809
828090
828093
828094
828096
828097
828099
8281
82810
828100
828101
828102
828104
828105
828106
828107
828108
828109
82811
828114
828116
82812
828120
828122
828124
828125
828126
828127
828128
828129
82813
828130
828133
828134
828135
828137
828138
828139
82814
828140
828141
828142
828143
828144
828145
828146
828147
828148
828149
82815
828150
828151
828152
828153
828154
828155
828156
828157
828158
828159
82816
828160
828161
828162
828163
828164
828165
828166
828167
828168
828169
82817
828170
828172
828173
828174
828175
828177
828178
828179
82818
828180
828181
828182
828183
828184
828185
828186
828187
828188
828189
82819
828190
828191
828192
828193
828194
828195
828197
828198
8282
82820
828200
828201
828202
828204
828205
828206
828207
828208
828209
82821
828210
828211
828212
828213
828214
828215
828216
828217
828218
828219
828220
828221
828222
828223
828224
828225
828226
828227
828228
828229
82823
828230
828231
828232
828234
828235
828236
828238
828239
82824
828240
828247
828248
828249
82825
828250
828251
828252
828253
828254
828256
828257
828258
828259
82826
828260
828261
828262
828264
828265
828267
828268
828269
82827
828270
828271
828272
828273
828274
828277
828278
828279
82828
828280
828281
828282
828283
828284
828285
828287
828288
828289
828290
828293
828294
828297
828298
8283
82830
828300
828301
828303
828304
828305
828306
828307
828308
828309
828310
828311
828312
828313
828314
828315
828316
828317
828319
82832
828320
828321
828323
828324
828325
828326
828327
828328
828329
82833
828330
828331
828332
828333
828335
828336
828337
82834
828340
828341
828342
828343
828344
828345
828346
828347
828348
828349
82835
828350
828351
828352
828353
828354
828355
828356
828357
828358
828359
82836
828360
828361
828362
828363
828365
828366
828367
828368
828369
82837
828370
828372
828373
828374
828375
828378
828379
82838
828380
828381
828382
828383
828385
828386
828387
82839
828390
828391
828392
828393
828395
828396
828397
828398
828399
8284
82840
828400
828401
828402
828403
828404
828405
828406
828407
828408
828409
82841
828410
828411
828412
828415
828416
828417
828418
828419
82842
828420
828421
828422
828423
828424
828428
82843
828432
828433
828434
828437
828441
828442
828444
828445
828446
828447
828449
828450
828451
828452
828453
828454
828455
828456
828457
82846
828460
828462
828463
828464
828465
828466
828467
828468
828469
82847
828470
828471
828472
828473
828474
828475
828476
828477
828478
828479
82848
828480
828481
828482
828483
828484
828486
828487
828488
828489
82849
828490
828492
828493
828495
828496
828497
828499
8285
82850
828500
828503
828504
828505
828506
828507
828508
828509
82851
828510
828511
828512
828513
828514
828515
828516
828517
828518
828519
82852
828520
828521
828524
828526
828527
828528
828529
82853
828530
828531
828532
828533
828535
828536
828537
828539
82854
828544
828545
828546
828547
828549
828550
828551
828552
828554
828556
828557
828558
828559
82856
828560
828561
828562
828563
828564
828565
828566
828567
828568
828569
82857
828570
828571
828572
828573
828574
828575
828576
828577
828578
828579
82858
828584
828585
828586
828587
828588
828589
82859
828590
828591
828594
828595
828596
828598
8286
828601
828602
828604
828605
828606
828607
828608
828609
82861
828610
828611
828612
828613
828614
828615
828616
828617
828618
828619
82862
828620
828621
828622
828623
828624
828625
828626
828628
82863
828630
828631
828632
828633
828634
828635
828636
828637
828638
828639
82864
828640
828641
828642
828643
828644
828647
828648
828649
82865
828650
828651
828652
828653
828654
828655
828656
828657
828658
828659
82866
828660
828662
828664
828665
828666
828667
828668
828669
82867
828671
828672
828673
828674
828675
828676
828677
828678
828679
82868
828680
828681
828682
828683
828684
828685
828686
828687
828688
828689
82869
828690
828691
828692
828693
828694
828695
828696
828698
828699
8287
82870
828700
828701
828702
828703
828704
828705
828706
828707
828708
828709
82871
828710
828711
828712
828713
828714
828715
828716
828717
828718
828719
828720
828721
828722
828723
828724
828725
828726
828727
828728
828729
82873
828730
828731
828732
828733
828734
828735
828736
828737
828738
828739
82874
828740
828741
828742
828743
828744
828747
828748
828749
82875
828750
828751
828752
828753
828754
828755
828756
828757
828758
828759
82876
828760
828761
828762
828763
828764
828765
828766
828767
828768
828769
82877
828770
828771
828772
828774
828775
828776
828777
828778
828779
82878
828780
828781
828782
828783
828784
828785
828786
828787
828788
828789
82879
828792
828793
828794
828795
828797
828798
828799
8288
82880
828800
828801
828802
828803
828804
828805
828807
828808
828809
82881
828811
828812
828814
828816
828817
828818
828819
828820
828822
828823
828824
828825
828826
828827
828828
82883
828830
828831
828832
828833
828834
828835
828837
828838
828839
82884
828844
828846
828850
828852
828853
828854
828855
828857
828858
828859
82886
828860
828861
828862
828863
828865
828866
828867
828868
828869
82887
828870
828871
828872
828873
828874
828875
828876
828877
828878
828879
82888
828880
828881
828882
828883
828884
828885
828886
828887
828888
828890
828891
828893
828894
828895
828896
828897
828898
828899
8289
828900
828901
828903
828905
828906
828907
828908
828909
828910
828911
828912
828913
828914
828915
828916
828917
828918
828919
82892
828920
828921
828922
828923
828924
828925
828926
828927
828928
828929
82893
828930
828931
828932
828933
828935
828936
828937
828938
828939
82894
828940
828941
828942
828943
828944
828945
828946
828947
828948
828949
82895
828950
828951
828952
828953
828954
828955
828956
828957
828958
828959
82896
828960
828961
828963
828964
828966
828967
82897
828970
828971
828972
828973
828974
828975
828978
828979
82898
828980
828981
828982
828983
828984
828985
828986
828987
828988
82899
828990
828991
828993
828995
828996
828997
828999
829
8290
829000
829001
829003
829006
829007
82901
829010
829011
829013
829014
829016
829017
829018
829019
82902
829021
829022
829023
829024
829025
829026
829027
829028
829029
82903
829030
829031
829032
829033
829034
829035
829036
829037
829038
829039
82904
829040
829041
829042
829043
829046
829048
829049
829050
829051
829052
829053
829054
829055
829056
829057
829058
829059
82906
829060
829061
829063
829064
829065
829066
829067
829068
829069
829070
829071
829075
829077
829078
829079
829080
829081
829082
829083
829084
829085
829086
829087
829088
829089
82909
829090
829091
829092
829093
829094
829095
829096
829097
829098
829099
8291
82910
829100
829101
829103
829104
829106
829107
829108
82911
829110
829111
829112
829113
829115
829116
829117
829118
829119
82912
829120
829121
829122
829123
829124
829125
829126
829127
829128
829129
82913
829130
829131
829132
829133
829134
829135
829136
829137
829138
829139
82914
829140
829141
829142
829143
829144
829145
829146
829147
829148
82915
829150
829151
829152
829153
829154
829155
829156
829158
829159
82916
829160
829161
829162
829164
829165
829166
829167
829168
829169
82917
829170
829171
829172
829173
829174
829175
829176
829177
829178
829179
829180
829181
829182
829183
829184
829185
829186
829187
829188
829189
82919
829190
829191
829192
829193
829194
829195
829196
829197
829198
829199
8292
82920
829200
829201
829202
829203
829204
829205
829206
829207
829209
82921
829210
829211
829212
829213
829214
829215
829216
829217
829218
829219
82922
829220
829221
829222
829223
829224
829225
829226
829227
829228
829229
82923
829230
829231
829232
829234
829235
829236
829237
829238
829239
82924
829240
829241
829242
829243
829244
829245
829246
829247
829248
829249
82925
829250
829251
829252
829253
829254
829255
829256
829257
829259
82926
829260
829261
829262
829263
829264
829265
829266
829267
829268
829269
82927
829270
829271
829272
829273
829274
829275
829276
829277
829278
829279
82928
829280
829281
829283
829289
82929
829290
829291
829292
829293
829294
829295
829296
829297
8293
82930
829300
829301
829302
829304
829305
829307
829308
82931
829310
829311
829312
829314
829315
829316
829317
829318
829319
82932
829320
829321
829322
829323
829324
829325
829326
829327
829328
829329
82933
829331
829332
829333
829334
829335
829336
829337
829339
82934
829340
829341
829342
829343
829344
829345
829346
829347
829348
82935
829351
829353
829354
829355
829356
829357
829358
829359
82936
829360
829361
829362
829363
829364
829365
829366
829367
829368
82937
829370
829372
829373
829374
829375
829376
829377
829378
829379
82938
829380
829381
829382
829383
829384
829385
829386
829387
829388
829389
82939
829390
829391
829392
829393
829394
829395
829396
829398
829399
82940
829400
829401
829402
829403
829404
829405
829406
829407
829409
82941
829410
829411
829412
829413
829417
829418
829419
82942
829420
829422
829423
829424
829425
829426
829427
829428
829429
82943
829430
829431
829432
829433
829434
829435
829436
829437
829438
829439
82944
829440
829441
829443
829445
829446
829447
829448
829449
82945
829451
829452
829453
829454
829455
829456
829459
82946
829461
829462
829464
829465
829467
829468
829469
82947
829471
829472
829473
829476
829477
829478
829479
82948
829480
829481
829482
829483
829484
829485
829486
829487
829488
829489
82949
829490
829491
829492
829493
829494
829495
829496
829497
829498
829499
82950
829503
829504
829505
829506
829507
829508
829509
82951
829510
829511
829512
829513
829514
829517
829519
82952
829520
829521
829522
829523
829524
829525
829526
829527
829528
829529
82953
829530
829531
829532
829533
829534
829535
829536
829537
829539
82954
829540
829541
829542
829543
829544
829545
829546
829548
829549
82955
829550
829551
829552
829553
829554
829555
829556
829557
829558
829559
82956
829560
829562
829563
829564
829565
829566
829567
829568
829569
82957
829570
829572
829573
829574
829575
829576
829577
829578
829579
82958
829580
829581
829582
829583
829584
829585
