829586
829587
829588
829589
82959
829590
829591
829592
829593
829594
829595
829596
829597
829598
829599
82960
829600
829601
829602
829603
829604
829605
829606
829607
829608
829609
82961
829610
829612
829614
829615
829616
829617
829618
829619
82962
829620
829621
829622
829623
829624
829625
829626
829627
829628
829629
82963
829630
829631
829632
829634
829635
829636
829637
829638
829639
82964
829640
829641
829642
829643
829646
829647
829649
82965
829650
829651
829652
829653
829654
829655
829656
829657
829658
829659
82966
829660
829661
829662
829663
829664
829665
829666
829667
829668
829669
82967
829670
829671
829672
829673
829674
829675
829676
829677
829678
829679
82968
829680
829681
829682
829683
829684
829685
829686
829687
829688
829689
82969
829690
829691
829692
829693
829694
829695
829696
829697
829698
829699
82970
829700
829701
829702
829703
829704
829705
829706
829708
829709
82971
829710
829711
829712
829713
829714
829715
829716
829717
829718
829719
82972
829720
829721
829722
829724
829725
829726
829727
829728
829729
82973
829730
829731
829732
829733
829734
829735
829736
829739
82974
829741
829742
829743
829744
829745
829746
829747
829748
829749
829750
829751
829752
829753
829754
829755
829756
829757
829758
829759
82976
829760
829761
829762
829763
829764
829765
829766
829767
829768
829769
82977
829770
829771
829772
829773
829774
829775
829776
829777
829778
829779
82978
829780
829785
829786
829787
829788
829789
82979
829790
829793
829796
829797
829798
829799
82980
829800
829801
829802
829804
829805
829806
829808
829809
82981
829810
829812
829813
829814
829815
829816
829817
829818
829819
82982
829820
829821
829822
829823
829824
829826
829827
829828
829829
82983
829830
829831
829832
829833
829834
829836
829837
829838
829839
82984
829840
829841
829842
829843
829844
829845
829846
829847
829848
829849
82985
829850
829851
829852
829853
829854
829855
829856
829857
82986
829860
829861
829862
829863
829864
829869
82987
829872
829873
829874
829875
829876
829877
829878
829879
82988
829880
829881
829882
829883
829884
829885
829886
829887
829888
829889
82989
829890
829891
829892
829893
829894
829895
829896
829897
829898
829899
82990
829900
829901
829902
829903
829904
829905
829906
829907
829908
829909
82991
829910
829912
829913
829914
829915
829916
829917
829919
82992
829920
829921
829922
829923
829924
829925
829926
829927
829928
829929
82993
829930
829931
829932
829933
829934
829935
829936
829937
829938
829939
82994
829940
829941
829942
829943
829944
829945
829946
829947
829948
829949
82995
829950
829951
829952
829953
829954
829955
829956
829957
829958
829959
82996
829960
829961
829962
829963
829964
829965
829967
829968
829969
82997
829970
829971
829972
829973
829974
829976
829977
829978
829980
829981
829983
829984
829985
829986
829987
829988
829989
82999
829990
829991
829992
829993
829994
829995
829996
829997
829998
829999
83
830
83000
830001
830002
830003
830004
830005
830006
830008
830009
83001
830010
830011
830012
830013
830015
830016
830017
830019
83002
830020
830021
830022
830023
830024
830025
830026
830027
830028
830029
83003
830030
830031
830032
830033
830034
830035
830036
830037
830038
830039
83004
830040
830041
830042
830043
830044
830045
830046
830047
830048
830049
83005
830050
830051
830052
830053
830054
830055
830056
830057
830058
830059
83006
830060
830061
830062
830063
830064
830065
830066
830067
830068
830069
83007
830070
830071
830072
830073
830075
830076
830077
830078
830079
83008
830080
830081
830082
830083
830084
830085
830086
830087
830088
830089
83009
830090
830091
830092
830093
830094
830095
830096
830097
830098
830099
83010
830101
830102
830103
830104
830105
830108
830109
83011
830110
830111
830112
830113
830114
830117
830118
83012
830120
830122
830123
830124
830125
830126
830127
830128
830129
83013
830130
830131
830132
830133
830134
830135
830136
830137
830138
830139
83014
830140
830141
830143
830144
830145
830146
830147
830148
830149
83015
830150
830151
830152
830155
830157
830158
830159
83016
830160
830162
830163
830164
830165
830166
830169
83017
830170
830171
830172
830173
830174
830175
830176
830177
830178
83018
830180
830181
830182
830183
830184
830185
830186
830187
830188
830189
83019
830190
830191
830192
830193
830194
830195
830196
830197
830198
830199
83020
830200
830201
830202
830203
830205
830206
830207
830208
830209
83021
830210
830211
830212
830213
830214
830215
830216
830217
830218
830219
830220
830221
830222
830223
830224
830225
830226
830227
830228
830229
83023
830230
830231
830232
830233
830234
830235
830237
830238
830239
83024
830241
830242
830243
830244
830245
830246
830247
830248
830249
83025
830250
830251
830252
830253
830255
830257
830258
830259
83026
830260
830261
830262
830264
830265
830266
830268
830269
83027
830270
830271
830273
830274
830275
830276
830277
83028
830280
830281
830286
830289
83029
830290
830291
830292
830293
830294
830295
830296
830297
830298
830299
83030
830300
830301
830302
830303
830304
830306
830307
830308
83031
830310
830311
830312
830313
830314
830316
830317
830319
83032
830322
830324
830325
830326
830328
830330
830332
830333
830334
830335
830336
830337
830338
830339
83034
830341
830343
830344
830345
830346
830347
830348
830349
83035
830351
830352
830353
830354
830355
830356
830357
830358
830359
83036
830360
830361
830362
830364
830365
830366
830367
830368
830369
830370
830371
830372
830373
830374
830375
830376
830377
830379
83038
830380
830381
830382
830383
830384
830385
830386
830387
830388
830389
83039
830390
830391
830392
830393
830394
830395
830397
830398
830399
83040
830400
830401
830402
830403
830404
830405
830406
830407
830408
830409
83041
830410
830411
830413
830414
830416
830417
830418
830419
83042
830420
830421
830422
830423
830424
830425
830426
830427
830428
830429
83043
830431
830432
830434
830435
830436
830437
830438
830439
83044
830440
830441
830442
830443
830444
830445
830446
830447
830448
830449
83045
830450
830451
830452
830453
830454
83046
830463
830464
830468
830469
83047
830470
830471
830474
830475
830476
830477
830478
830479
83048
830480
830481
830482
830483
830484
830485
830486
830488
830489
83049
830490
830491
830493
830494
830496
830497
830498
830499
83050
830500
830501
830502
830503
830504
830505
830506
830507
830508
83051
830510
830511
830512
830513
830514
830515
830516
830517
830518
830519
83052
830520
830521
830523
830524
830526
830528
830529
83053
830531
830532
830533
830535
830536
830538
830539
83054
830541
830543
830545
830546
830547
830548
830549
83055
830550
830551
830552
830553
830554
830555
830556
830557
830559
83056
830560
830561
830564
830565
830567
830568
830569
830570
830571
830572
830573
830574
830575
830576
830577
830578
830579
83058
830580
830581
830582
830583
830584
830585
830586
830587
830589
83059
830590
830592
830593
830594
830595
830596
830597
830598
830599
83060
830600
830602
830603
830605
830606
830607
830608
830609
83061
830610
830611
830612
830613
830617
83062
830620
830621
830622
830623
830624
830625
830626
830627
830628
830629
83063
830630
830631
830632
830633
830634
830635
830636
830637
830638
830639
83064
830640
830641
830642
830643
830644
830645
830646
830647
830648
830649
83065
830651
830653
830655
830656
830657
830658
830659
83066
830661
830662
830663
830664
830665
830666
830667
830668
830669
83067
830670
830672
830673
830674
830675
830676
830677
830678
830679
83068
830680
830681
830683
830684
830685
830686
83069
830690
830691
830692
830693
830694
830695
830696
830697
830698
830699
83070
830700
830701
830702
830704
830705
830706
830708
830709
83071
830710
830711
830712
830713
830715
830716
830718
830719
83072
830721
830722
830723
830724
830725
830726
830727
830728
830730
830731
830732
830733
830734
830735
830736
830737
830738
830739
83074
830740
830741
830742
830744
830745
830746
830747
830748
830749
83075
830750
830751
830752
830753
830754
830755
830756
830757
830758
830759
83076
830760
830761
830762
830763
830764
830765
830766
830767
830768
830769
83077
830770
830771
830772
830773
830774
830775
830776
830777
830778
830779
83078
830780
830781
830782
830783
830784
830785
830786
830787
830788
83079
830790
830791
830792
830794
830795
830796
830797
830798
830799
83080
830800
830801
830802
830803
830804
830805
830806
830807
830808
830809
83081
830810
830811
830812
830813
830814
830815
830816
830817
830818
830819
830820
830821
830822
830823
830824
830825
830826
830827
830831
830832
830833
830834
830835
830836
830837
830838
83084
830840
830843
830844
830845
830846
830847
830848
830849
83085
830851
830853
830854
830855
830856
830857
830858
830859
83086
830860
830861
830862
830863
830864
830865
830866
830867
830868
830869
83087
830870
830871
830872
830873
830874
830875
830876
830877
830878
830879
83088
830880
830882
830883
830884
830885
830886
830887
830888
830889
83089
830890
830891
830892
830893
830894
830895
830896
830897
830898
830899
83090
830901
830902
830903
830904
830905
830906
830907
830908
830909
83091
830910
830911
830912
830913
830914
830915
830916
830917
830918
830919
83092
830920
830921
830922
830923
830924
830925
830926
830927
830929
83093
830930
830931
830932
830933
830934
830935
830936
830937
830938
830939
830940
830941
830942
830943
830945
830946
830947
830948
830949
83095
830951
830952
830953
830954
830955
830956
830957
830958
830959
83096
830960
830961
830962
830963
830964
830965
830966
830967
830968
830969
83097
830971
830972
830973
830976
830978
830979
83098
830980
830981
830982
830983
830984
830985
830986
830987
830988
830989
83099
830991
830992
830993
830994
830995
830996
830997
830998
830999
831
83100
831000
831001
831003
831006
831007
831008
831009
83101
831010
831011
831012
831013
831014
831015
831016
831017
831019
83102
831020
831021
831022
831023
831024
831025
831026
831027
831028
831029
83103
831030
831031
831032
831034
831035
831039
83104
831040
831041
831042
831043
831044
831045
831046
831047
831048
831049
83105
831050
831051
831052
831053
831054
831055
831056
831057
831058
831059
83106
831060
831061
831062
831063
831064
831065
831066
831067
831069
83107
831070
831071
831072
831073
831074
831075
831076
831077
831078
831079
83108
831080
831081
831082
831083
831084
831085
831086
831087
831088
831089
83109
831090
831091
831092
831095
831097
831098
831099
83110
831100
831102
831103
831104
831105
831106
831107
831108
831109
83111
831110
831111
831112
831113
831114
831115
831117
831118
831119
83112
831120
831121
831122
831123
831125
831126
831127
831128
831129
83113
831130
831131
831132
831134
831135
831136
831137
831138
831139
831140
831141
831142
831143
831144
831145
831146
831147
831148
831149
83115
831150
831151
831152
831153
831154
831156
831157
831158
83116
831160
831161
831162
831165
831166
831168
83117
831171
831172
831173
831175
831176
831177
831178
831179
83118
831180
831181
831182
831183
831184
831185
831186
831188
831189
83119
831190
831191
831192
831193
831194
831195
831196
831197
831198
831199
83120
831200
831201
831202
831203
831205
831206
831207
831208
831209
83121
831210
831211
831212
831213
831214
831215
831216
831217
831218
831219
83122
831220
831221
831222
831223
831224
831225
831226
831227
831228
831229
83123
831230
831231
831232
831233
831234
831235
831237
831238
831239
83124
831240
831241
831242
831243
831244
831245
831246
831247
831248
831249
83125
831252
831253
831254
831255
831256
831257
831258
831259
83126
831260
831261
831264
831265
831266
831267
831268
831269
83127
831270
831271
831272
831273
831274
831275
831276
831277
831278
831279
83128
831280
831281
831282
831283
831284
831285
831286
831287
831288
831289
83129
831291
831292
831293
831294
831295
831296
831297
831298
83130
831300
831301
831302
831303
831304
831305
831306
831307
831308
831309
83131
831310
831311
831312
831313
831314
831315
831318
831319
83132
831320
831321
831322
831323
831324
831325
831326
831327
831328
831329
83133
831330
831331
831332
831333
831334
831335
831336
831337
831338
831339
831340
831341
831342
831343
831344
831345
831346
831349
83135
831351
831352
831353
831354
831355
831356
831357
831358
831359
83136
831361
831362
831364
831365
831366
831367
831368
831369
83137
831370
831371
831372
831373
831374
831375
831376
831377
831378
831379
83138
831380
831381
831382
831383
831385
831386
831387
831388
831389
83139
831390
831391
831392
831393
831395
831396
831397
831398
831399
83140
831400
831401
831402
831403
831404
831405
831406
831407
831408
831409
831410
831411
831412
831413
831414
831416
831417
831418
831419
83142
831420
831421
831422
831423
831424
831425
831426
831428
831429
83143
831430
831431
831433
831434
831436
831437
831438
831439
83144
831440
831441
831442
831444
831445
831446
831448
831452
831453
831454
831455
831456
831457
831458
831459
83146
831460
831461
831462
831463
831466
831468
831469
83147
831470
831472
831473
831474
831475
831477
831478
831479
83148
831480
831481
831482
831483
831484
831485
831486
831487
831488
831489
831490
831491
831492
831493
831494
831495
831496
831497
831498
831500
831501
831504
831505
831506
831507
831508
831509
831510
831511
831512
831513
831514
831515
831516
831517
831518
831520
831521
831525
831527
831528
831529
83153
831530
831531
831532
831533
831534
831535
831536
831537
831538
831539
83154
831540
831541
831542
831543
831544
831545
831546
831547
831548
831549
83155
831550
831551
831552
831553
831554
831555
831557
831558
831559
83156
831560
831561
831562
831563
831564
831565
831566
831567
831568
831569
83157
831571
831572
831573
831574
831575
831576
831577
831578
831579
83158
831580
831581
831582
831583
831584
831586
831587
831588
831589
83159
831590
831591
831592
831593
831594
831595
831596
831597
831598
831599
8316
83160
831600
831601
831602
831603
831604
831605
831606
831607
831608
831609
83161
831610
831611
831612
831614
831615
831616
831617
831618
831619
831620
831621
831622
831623
831624
831625
831626
831627
831629
83163
831630
831631
831632
831634
831635
831636
831637
831638
831639
83164
831640
831641
831642
831643
831644
831645
831646
831647
831648
831649
83165
831650
831651
831652
831653
831654
831655
831656
831657
831658
831659
83166
831660
831661
831662
831663
831664
831665
831666
831667
831668
831669
83167
831670
831671
831672
831673
831674
831675
831676
831677
831678
83168
831680
831682
831683
831684
831685
831686
831687
831689
83169
831690
831691
831692
831693
831694
831695
831696
831697
831698
831699
8317
83170
831700
831701
831702
831703
831704
831705
831706
831707
831708
831709
83171
831710
831711
831712
831713
831714
831716
831717
831719
83172
831720
831721
831722
831723
831724
831725
831726
831727
831728
831729
83173
831730
831731
831732
831733
831734
831735
831736
831737
831738
831739
83174
831741
831742
831743
831744
831745
831746
831747
831748
831749
83175
831750
831751
831752
831753
831754
831755
831756
831757
831758
831759
83176
831760
831761
831762
831763
831765
831766
831767
831768
831769
83177
831770
831771
831772
831773
831775
831776
831778
831779
83178
831780
831781
831782
831783
831784
831785
831786
831787
831788
831789
83179
831790
831791
831792
831794
831795
831799
83180
831800
831801
831802
831803
831806
831807
831809
83181
831810
831811
831812
831813
831814
831815
831817
831818
831819
83182
831820
831821
831822
831823
831824
831825
831827
831828
831829
83183
831830
831831
831832
831834
831835
831836
831837
831838
831839
83184
831840
831841
831842
831843
831844
831845
831846
831847
831848
831849
83185
831850
831851
831852
831853
831855
831856
831857
831858
83186
831860
831861
831862
831863
831865
831866
831867
831868
831869
83187
831870
831871
831872
831873
831874
831875
831876
831877
831878
831879
83188
831880
831881
831882
831883
831884
831885
831886
831887
831888
831889
83189
831890
831891
831892
831893
831894
831895
831896
831897
831898
831899
8319
83190
831900
831901
831902
831903
831904
831905
831906
831907
831908
831909
831910
831911
831912
831914
831915
831916
831917
831918
831919
83192
831920
831922
831924
831925
831926
831927
831928
831929
83193
831930
831931
831932
831933
831934
831935
831938
83194
831940
831941
831942
831943
831944
831945
831946
831949
83195
831950
831951
831952
831953
831954
831955
831956
831957
831959
83196
831960
831962
831963
831964
831967
831968
831969
83197
831970
831971
831972
831973
831974
831975
831976
831977
831978
831979
83198
831980
831981
831982
831983
831984
831985
831986
831987
831988
831989
83199
831990
831991
831992
831993
831994
831995
831996
831997
831998
831999
832
83200
832000
832001
832002
832004
832005
832006
832008
832009
83201
832010
832011
832012
832013
832014
832015
832016
832017
832018
832019
83202
832020
832021
832022
832023
832025
832027
832028
832029
83203
832030
832031
832032
832033
832034
832035
832036
832037
832038
832039
832040
832041
832042
832043
832044
832045
832046
832047
832048
832049
83205
832050
832051
832052
832053
832054
832056
832057
832058
832059
83206
832061
832063
832064
832066
832067
832068
83207
832070
832072
832073
832074
832075
832076
832077
832078
832079
832080
832081
832082
832083
832084
832085
832086
832088
832089
83209
832090
832091
832092
832093
832094
832096
832097
832098
832099
8321
83210
832100
832102
832103
832104
832105
832106
832107
832108
832109
832110
832111
832112
832113
832114
832115
832119
83212
832120
832121
832122
832124
832125
832127
832128
83213
832130
832132
832133
832134
832135
832136
832137
832138
832139
83214
832140
832142
832143
832144
832145
832146
832147
832148
832149
83215
832150
832151
832152
832153
832154
832155
832156
832157
832159
832160
832161
832162
832163
832164
832165
832166
832167
832168
83217
832170
832171
832172
832173
832174
832175
832176
832177
832178
832179
83218
832180
832181
832182
832184
832186
832187
832188
832189
83219
832190
832192
832193
832194
832195
832196
832197
832198
832199
83220
832201
832202
832203
832204
832205
832206
832207
832208
832209
83221
832210
832211
832212
832214
832215
832216
832218
832219
83222
832220
832221
832222
832223
832224
832225
832227
832228
832229
83223
832230
832231
832232
832233
832234
832236
832237
832238
832239
83224
832240
832243
832245
832246
832247
83225
832250
832251
832252
832254
832255
832256
832257
832258
832259
83226
832260
832261
832262
832263
832265
832266
832267
832269
83227
832270
832271
832272
832273
832274
832275
832276
832277
832278
832279
83228
832280
832281
832282
832284
832285
832286
832287
832288
832289
83229
832290
832291
832293
832294
832295
832296
832297
832298
832299
83230
832300
832301
832302
832303
832304
832305
832306
832307
832308
832309
83231
832310
832311
832312
832313
832314
832315
832316
832317
832318
832319
83232
832320
832321
832322
832323
832324
832325
832326
832327
832328
832329
83233
832330
832331
832332
832333
832334
832335
832336
832337
832338
832339
83234
832341
832342
832343
832344
832345
832346
832347
832348
832349
83235
832350
832351
832352
832353
832354
832355
832356
832357
832358
832359
83236
832360
832361
832362
832363
832364
832365
832366
832367
832368
832369
83237
832370
832371
832372
832373
832374
832375
832376
832377
832378
832379
83238
832381
832382
832385
832386
832387
832388
832389
83239
832390
832391
832392
832393
832394
832395
832396
832397
832398
832399
8324
83240
832400
832401
832402
832403
832404
832405
832407
832408
832409
83241
832410
832411
832413
832414
832415
832416
832417
832418
832419
83242
832420
832421
832422
832423
832424
832425
832426
832427
832428
832429
83243
832430
832431
832432
832434
832436
832437
832438
83244
832440
832441
832442
832443
832444
832445
832446
832447
832448
832449
832450
832451
832452
832453
832454
832455
832456
832457
832458
832459
83246
832460
832461
832463
832465
832466
832467
832468
83247
832470
832471
832472
832473
832474
832475
832476
832477
832478
832479
832480
832481
832482
832484
832486
832487
832488
832489
83249
832490
832491
832492
832493
832494
832495
832496
832497
832498
832499
8325
83250
832500
832501
832502
832504
832505
832506
832507
832508
832509
832510
832511
832512
832513
832514
832515
832516
832517
832518
832519
83252
832521
832523
832524
832525
832526
832527
832528
832529
832530
832531
832532
832533
832534
832535
832536
832537
832538
832539
832540
832541
832542
832543
832544
832545
832546
832547
832549
832550
832551
832552
832553
832554
832555
832557
832558
832559
832561
832563
832564
832565
832566
832567
832569
832570
832571
832572
832573
832574
832575
832576
832577
832578
832579
832580
832581
832583
832584
832585
832586
832587
832588
832590
832592
832593
832594
832595
832596
832597
832598
832599
8326
832600
832601
832602
832604
832605
832606
832607
832608
832609
832610
832611
832612
832613
832614
832615
832616
832617
832618
832619
83262
832620
832621
832622
832623
832624
832625
832627
832628
832629
83263
832630
832631
832632
832633
832634
832635
832636
832637
832638
832639
832640
832641
832642
832643
832644
832645
832646
832647
832648
832649
832650
832651
832652
832653
832654
832655
832657
832658
832659
83266
832660
832661
832663
832664
832665
832667
832668
832669
83267
832670
832671
832672
832673
832674
832675
832676
832677
832678
832679
832680
832681
832682
832683
832688
832689
832690
832691
832692
832693
832695
832696
832697
832698
832699
8327
832700
832701
832702
832703
832705
832706
832707
832708
832709
83271
832710
832711
832712
832713
832714
832715
832716
832717
832718
832719
83272
832720
832721
832723
832724
832725
832726
832727
832728
832729
832730
832731
832732
832733
832734
832735
832736
832737
832738
832739
832740
832741
832742
832743
832744
832745
832746
832747
832748
832749
83275
832750
832751
832752
832754
832755
832756
832757
832758
832759
83276
832760
832762
832763
832764
832766
832768
832769
83277
832770
832771
832772
832773
832774
832775
832776
832777
832779
83278
832780
832781
832784
832785
832786
832787
832788
832789
83279
832790
832791
832792
832793
832794
832796
832797
832798
832799
8328
832800
832801
832802
832803
832804
832805
832806
832807
832808
832809
83281
832810
832811
832814
832815
832816
832817
832818
832819
83282
832820
832821
832822
832823
832824
832825
832826
832827
832828
832829
83283
832830
832831
832832
832833
832834
832835
832837
832838
832839
83284
832840
832841
832842
832843
832844
832845
832846
832847
832848
832849
83285
832850
832851
832852
832853
832854
832855
832856
832857
832858
832859
83286
832860
832861
832862
832863
832864
832865
832866
832867
832868
832870
832873
832874
832875
832876
832878
83288
832880
832881
832882
832883
832885
832886
832888
832889
83289
832890
832891
832892
832893
832894
832895
832896
832897
832898
832899
8329
83290
832900
832901
832902
832903
832905
832906
832908
832909
832910
832911
832912
832913
832914
832915
832916
832918
832919
83292
832920
832921
832922
832923
832924
832925
832926
832927
832928
832929
83293
832930
832931
832932
832933
832934
832935
832936
832937
832939
83294
832940
832941
832943
832944
832945
832947
832948
832949
83295
832950
832951
832952
832953
832955
832956
832957
832958
832959
83296
832960
832961
832962
832963
832964
832965
832966
832967
832968
832969
83297
832970
832971
832972
832973
832975
832976
832977
832978
832979
832980
832981
832982
832983
832984
832985
832986
832987
832988
832989
83299
832990
832991
832992
832993
832995
832996
832997
832998
832999
833
83300
833000
833001
833002
833003
833004
833005
833006
833007
833008
833009
83301
833010
833011
833012
833013
833014
833015
833016
833018
833019
833020
833021
833022
833023
833025
833026
833027
833029
833030
833031
833032
833033
833034
833035
833036
833037
833038
833039
833041
833042
833043
833044
833045
833046
833047
833048
833049
833050
833051
833052
833053
833054
833055
833056
833057
833058
833059
833060
833061
833062
833063
833064
833065
833066
833067
833068
833069
833070
833071
833074
833075
833078
833079
833080
833082
833083
833084
833085
833086
833087
833088
833089
83309
833090
833091
833092
833093
833094
833095
833096
833097
833098
833099
83310
833100
833101
833102
833103
833104
833105
833106
833107
833108
83311
833110
833111
833112
833113
833114
833115
833116
833117
833118
833119
833121
833122
833123
833124
833125
833126
833127
833128
833129
83313
833130
833131
833132
833133
833134
833135
833136
833137
833138
833139
83314
833140
833141
833142
833143
833145
833146
833147
833148
833149
83315
833150
833152
833153
833154
833155
833156
833158
833159
83316
833160
833161
833162
833164
833165
833166
833167
833168
833169
83317
833170
833171
833172
833173
833174
833175
833176
833177
833178
833179
83318
833180
833181
833182
833183
833184
833186
833187
833189
83319
833190
833191
833192
833193
833194
833195
833196
833197
833198
833199
8332
83320
833200
833202
833203
833204
833205
833206
833208
833209
83321
833210
833211
833212
833213
833214
833215
833216
833217
833218
833220
833221
833223
833225
833226
833227
833228
833229
83323
833230
833231
833232
833233
833234
833235
833236
833237
833238
833239
83324
833240
833241
833242
833243
833244
833245
833247
833249
833250
833251
833252
833253
833254
833255
833256
833257
833258
833259
83326
833260
833261
833262
833263
833264
833266
833267
833268
833269
83327
833270
833271
833272
833273
833274
833275
833276
833277
833278
833279
83328
833280
833281
833282
833283
833286
833288
83329
833290
833291
833292
833296
833298
833299
8333
83330
833300
833301
833302
833303
833304
833305
833307
833308
833309
833310
833311
833312
833314
833315
833316
833317
833318
833319
833320
833321
833322
833323
833324
833326
833328
833329
833331
833333
833334
833335
833336
833337
833338
833339
833341
833342
833345
833346
833347
833348
833349
833350
833351
833352
833353
833354
833355
833356
833357
833358
833359
833361
833362
833363
833364
833365
833367
833368
833369
83337
833370
833371
833372
833373
833374
833375
833376
833377
833378
833379
833380
833381
833383
833384
833385
833386
833387
833388
833389
83339
833391
833392
833393
833394
833395
833396
833397
833398
833399
83340
833400
833401
833402
833403
833404
833405
833407
833408
833409
83341
833411
833412
833413
833414
833416
833417
833418
833419
83342
833420
833421
833422
833423
833424
833425
833427
833428
833429
83343
833430
833431
833432
833433
833434
833436
833437
833438
833439
83344
833440
833441
833442
833443
833444
833445
833446
833447
833449
83345
833450
833451
833452
833453
833454
833455
833456
833457
833458
833459
83346
833460
833461
833462
833463
833464
833465
833466
833467
833468
833469
83347
833470
833471
833473
833474
833475
833478
833479
833480
833481
833482
833483
833484
833485
833486
833487
833490
833491
833492
833493
833494
833495
833496
833497
833498
833499
83350
833500
833501
833502
833503
833504
833505
833506
833507
833508
833509
83351
833510
833511
833512
833513
833514
833516
833517
833518
833519
83352
833520
833521
833522
833523
833524
833525
833526
833527
833528
833529
83353
833530
833531
833532
833533
833534
833535
833536
833537
833538
833539
83354
833541
833543
833544
833545
833546
833547
833548
833549
83355
833551
833552
833553
833554
833555
833556
833558
833559
83356
833560
833561
833562
833563
833564
833565
833566
833567
833568
833569
83357
833570
833571
833572
833573
833574
833575
833576
833577
833578
833579
83358
833580
833581
833582
833583
833584
833585
833586
833587
833588
833589
83359
833590
833591
833592
833593
833594
833595
833596
833597
833598
833599
8336
83360
833600
833601
833602
833603
833604
833605
833606
833607
833608
83361
833610
833611
833613
833614
833615
833616
833617
833618
83362
833620
833621
833622
833623
833624
833625
833626
833627
833628
83363
833631
833632
833633
833634
833636
833637
833638
833639
833640
833641
833643
833644
833645
833646
833647
83365
833650
833651
833652
833653
833654
833655
833656
833657
833658
833659
83366
833660
833661
833662
833663
833664
833665
833666
833667
833668
833669
83367
833670
833671
833672
833673
833674
833675
833676
833677
833678
833679
83368
833680
833681
833682
833683
833684
833686
833687
833688
833689
83369
833690
833692
833693
833694
833696
833697
833698
833699
8337
83370
833700
833701
833702
833703
833704
833705
833706
833707
833708
833709
833710
833711
833712
833713
833714
833716
833717
833718
833719
83372
833720
833721
833722
833724
833725
833726
833727
833728
833729
83373
833730
833731
833732
833733
833734
833735
833736
833737
833738
833739
83374
833740
833741
833742
833743
833744
833745
833746
833747
833748
833749
83375
833750
833751
833752
833753
833754
833755
833757
833759
83376
833760
833761
833762
833763
833765
833766
833769
833770
833771
833773
833774
833775
833779
83378
833780
833781
833784
833785
833786
833787
833788
83379
833790
833791
833792
833794
833795
833796
833797
833798
833799
8338
833800
833802
833803
833804
833809
833810
833811
833812
833813
833814
833817
833818
833819
83382
833820
833822
833823
833824
833825
833826
833827
833828
833830
833831
833832
833833
833835
833836
833837
833838
833839
83384
833840
833843
833847
833848
833849
833851
833852
833854
833855
833856
833857
833858
833859
83386
833860
833861
833863
833865
833867
833868
833869
833870
833871
833872
833873
833874
833875
833876
833877
833878
833879
833880
833881
833883
833884
833885
833886
833887
833888
833889
83389
833890
833891
833892
833893
833894
833895
833896
833897
833898
833899
83390
833900
833901
833902
833903
833904
833905
833906
833907
833908
833909
83391
833910
833911
833913
833914
833915
833916
833917
833918
833919
83392
833920
833921
833922
833923
833924
833925
833926
833927
833928
833929
83393
833930
833931
833932
833933
833934
833935
833937
833938
833939
83394
833940
833941
833942
833943
833946
833948
833949
83395
833950
833951
833952
833953
833954
833955
833956
833957
833958
833959
83396
833960
833961
833962
833963
833964
833965
833966
833967
833968
833969
83397
833970
833971
833972
833973
833974
833975
833977
833978
833979
83398
833980
833981
833982
833983
833984
833985
833986
833987
833988
833989
833990
833991
833992
833993
833994
833995
833999
834
8340
834000
834001
834002
834003
834004
834005
834006
834007
834008
834009
83401
834010
834011
834012
834013
834014
834015
834016
834017
834018
834019
83402
834020
834021
834022
834023
834024
834025
834026
834027
834028
834029
83403
834031
834032
834033
834034
834035
834036
834037
834039
83404
834040
834041
834042
834043
834045
834046
834047
834048
834049
83405
834050
834051
834052
834055
834056
834057
834059
83406
834060
834061
834062
834063
834064
834065
834066
834069
83407
834071
834073
834074
834075
834077
834078
834079
83408
834080
834081
834083
834084
834085
834086
834087
834089
83409
834090
834091
834092
834093
834094
834095
834096
834097
834098
834099
83410
834100
834101
834102
834103
834104
834105
834106
834107
834108
834109
83411
834110
834111
834112
834113
834114
834115
834116
834117
834118
834119
83412
834121
834122
834123
834124
834125
834126
834127
834128
834129
83413
834130
834131
834132
834133
834134
834135
834136
834137
834138
834139
83414
834140
834141
834142
834143
834144
834145
834146
834147
834148
834149
83415
834150
834152
834153
834155
834156
834157
834158
834159
83416
834160
834162
834163
834165
834166
834168
834169
83417
834170
834171
834172
834173
834175
834176
834177
834179
83418
834180
834181
834182
834183
834184
834185
834186
834187
834188
834189
83419
834190
834191
834192
834193
834194
834195
834196
834198
834199
8342
83420
834200
834201
834202
834203
834204
834205
834206
834207
834208
834209
83421
834210
834211
834212
834213
834214
834215
834216
834217
834218
834219
83422
834220
834221
834222
834226
834227
834228
834229
83423
834230
834231
834232
834233
834234
834235
834236
834238
834239
83424
834241
834243
834244
834245
834246
834247
834248
834249
83425
834250
834252
834254
834256
834257
834259
83426
834260
834261
834262
834263
834264
834265
834266
834268
834269
83427
834270
834271
834272
834273
834274
834275
834276
834277
834279
83428
834280
834281
834282
834284
834286
834287
834288
834289
83429
834290
834291
834292
834293
834294
834295
834296
834297
834298
834299
8343
83430
834300
834301
834302
834303
834304
834305
834306
834307
834308
834309
83431
834311
834312
834313
834314
834316
834317
834318
834319
83432
834320
834321
834322
834323
834324
834325
834326
834327
834328
834329
83433
834330
834331
834332
834333
834334
834335
834336
834337
834338
834339
83434
834340
834341
834342
834343
834345
834347
834349
83435
834350
834351
834352
834353
834354
834355
834356
834357
834358
834359
83436
834361
834362
834363
834365
834366
834367
834368
834369
83437
834370
834371
834372
834373
834374
834375
834376
834377
834378
834379
83438
834380
834381
834383
834384
834385
834386
834387
834389
83439
834390
834391
834392
834393
834394
834395
834396
834397
834398
834399
8344
83440
834400
834402
834403
834404
834405
834406
834407
834408
834409
83441
834411
834412
834413
834414
834415
834416
834417
834418
834419
834420
834421
834422
834423
834424
834425
834426
834427
834428
834429
83443
834430
834432
834433
834434
834436
834437
834438
83444
834442
834443
834444
834445
834446
834447
834448
834449
83445
834450
834451
834452
834453
834454
834455
834457
834458
83446
834460
834462
834463
834464
834466
834467
834468
834469
83447
834470
834471
834473
834474
834475
834476
834477
834478
834479
83448
834480
834481
834482
834483
834484
834486
834487
834488
834489
834490
834491
834492
834493
834494
834496
834497
834498
834499
8345
83450
834500
834502
834503
834504
834505
834506
834507
834508
834509
83451
834511
834512
834513
834514
834515
834516
834517
834518
834519
83452
834520
834522
834523
834525
834526
834527
834528
834529
83453
834530
834531
834532
834533
834534
834535
834536
834537
834538
834539
83454
834540
834541
834542
834543
834544
834545
834546
834547
834548
834549
83455
834552
834553
834555
834557
834559
83456
834560
834561
834562
834565
834566
834567
834568
834569
83457
834570
834571
834572
834573
834574
834575
834576
834577
834578
834579
83458
834581
834582
834583
834584
834585
834586
834587
834588
834589
83459
834590
834592
834593
834594
834595
834597
834598
834599
8346
83460
834600
834601
834602
834603
834604
834605
834606
834607
834608
834609
83461
834610
834611
834612
834613
834614
834616
834618
834619
83462
834621
834622
834623
834624
834625
834627
834628
834629
83463
834630
834631
834632
834633
834634
834635
834636
834637
834638
834639
83464
834640
834641
834642
834643
834644
834645
834646
834647
834648
834649
834650
834652
834653
834654
834655
834656
834657
834658
834659
83466
834660
834661
834662
834663
834664
834665
834666
834667
834669
834670
834671
834672
834673
834674
834675
834676
834677
834678
834679
83468
834680
834681
834682
834683
834684
834685
834686
834687
834688
834689
83469
834691
834692
834693
834694
834695
834696
834697
834698
834699
8347
83470
834700
834701
834702
834703
