834704
834705
834706
834707
834708
834709
83471
834710
834712
834713
834714
834715
834716
834717
834718
834719
83472
834720
834722
834723
834724
834725
834726
834727
834728
834729
83473
834730
834731
834732
834733
834734
834735
834736
834737
834739
83474
834740
834741
834742
834743
834744
834745
834746
834747
83475
834752
834753
834754
834755
834756
834757
834758
834759
83476
834760
834761
834762
834763
834764
834765
834766
834767
834768
834769
83477
834770
834771
834772
834773
834774
834775
834776
834778
834779
83478
834780
834781
834783
834784
834785
834786
834787
834788
834789
83479
834790
834791
834792
834793
834794
834795
834796
834797
834798
834799
8348
83480
834801
834802
834803
834804
834805
834806
834807
834809
83481
834810
834811
834813
834814
834815
834816
834817
834818
834819
83482
834820
834821
834822
834823
834824
834825
834826
834827
834828
834829
83483
834830
834831
834832
834833
834834
834835
834836
834837
834838
834839
834841
834842
834843
834844
834845
834846
834847
834849
83485
834850
834851
834852
834853
834854
834855
834856
834857
834858
834859
83486
834860
834861
834862
834863
834864
834866
834867
834868
834869
83487
834870
834871
834872
834873
834874
834875
834876
834877
834878
834879
834880
834881
834882
834883
834884
834885
834886
834887
834888
834889
83489
834890
834891
834892
834893
834894
834896
834897
834898
8349
83490
834901
834902
834903
834904
834905
834906
834907
834908
834909
83491
834910
834911
834912
834913
834914
834915
834916
834917
834918
834919
83492
834920
834921
834922
834923
834924
834925
834926
834927
834928
834929
83493
834930
834931
834932
834933
834934
834935
834936
834937
834938
834939
834941
834942
834943
834944
834945
834946
834947
834948
834949
83495
834950
834951
834952
834953
834954
834956
834957
834958
834959
834960
834961
834962
834963
834965
834966
834967
834968
834969
834970
834971
834972
834973
834974
834975
834976
834977
834978
834979
834980
834981
834982
834983
834984
834985
834986
834987
834988
834989
83499
834990
834991
834992
834994
834995
834996
834997
834998
834999
83500
835000
835001
835002
835003
835004
835005
835006
835007
835008
835009
83501
835010
835011
835012
835013
835014
835015
835016
835017
835018
835019
83502
835020
835021
835022
835023
835024
835025
835026
835027
835028
835029
83503
835030
835032
835033
835034
835035
835038
835039
835040
835041
835042
835043
835044
835045
835046
835047
835048
835049
83505
835050
835051
835052
835054
835057
835058
835059
835060
835061
835062
835063
835065
835066
835067
835068
835069
83507
835070
835071
835072
835073
835074
835075
835076
835077
835079
835080
835081
835082
835083
835084
835085
835086
835087
835088
835089
83509
835090
835091
835092
835093
835094
835095
835096
835097
835099
8351
835101
835102
835103
835104
835105
835107
835108
835109
83511
835110
835111
835112
835113
835116
835117
835118
835119
835121
835122
835123
835124
835127
835130
835131
835132
835133
835134
835135
835136
835137
835140
835141
835142
835143
835144
835145
835146
835147
835148
835149
835150
835151
835152
835153
835154
835155
835156
835157
835158
835159
835161
835162
835163
835164
835165
835166
835167
835168
835169
83517
835171
835172
835173
835174
835175
835176
835177
835178
835179
835180
835181
835182
835183
835184
835185
835186
835188
835189
83519
835190
835192
835194
835199
8352
83520
835200
835201
835203
835205
835206
835207
835208
835209
83521
835210
835212
835213
835214
835217
835218
835219
83522
835221
835222
835223
835224
835226
835227
835229
835230
835231
835232
835233
835234
835235
835236
835237
835238
835239
83524
835240
835241
835243
835244
835245
835247
835248
835249
835250
835251
835252
835253
835254
835255
835257
835258
835260
835262
835264
835265
835268
835269
83527
835270
835271
835273
835274
835275
835276
835277
835278
835279
83528
835280
835281
835282
835284
835285
835286
835287
835288
835289
83529
835290
835291
835292
835293
835294
835295
835297
835298
835299
8353
83530
835300
835301
835302
835303
835304
835305
835306
835307
835308
83531
835311
835312
835313
835314
835315
835316
835317
835318
835319
83532
835320
835321
835322
835323
835324
835325
835326
835327
835328
835329
83533
835330
835331
835332
835333
835334
835335
835336
835337
835338
835339
83534
835340
835341
835342
835343
835344
835345
835347
835348
83535
835350
835351
835352
835353
835354
835355
835356
835357
835358
835359
835360
835361
835362
835363
835364
835365
835366
835367
835368
835369
83537
835370
835371
835372
835373
835374
835375
835376
835377
835378
835379
83538
835380
835381
835382
835383
835384
835385
835386
835387
835388
835389
83539
835391
835392
835393
835394
835395
835396
835397
835398
835399
83540
835400
835401
835402
835403
835404
835405
835406
835407
835409
83541
835410
835411
835412
835413
835414
835415
835416
835417
835418
835419
83542
835420
835421
835422
835423
835424
835425
835426
835427
835428
835429
835430
835431
835432
835433
835434
835435
835436
835437
835438
835439
83544
835440
835441
835442
835443
835444
835445
835446
835447
835448
835449
835450
835451
835452
835453
835454
835455
835456
835457
835458
835459
83546
835460
835461
835462
835463
835464
835465
835466
835467
835468
835469
83547
835470
835471
835472
835473
835474
835475
835476
835477
835478
835479
83548
835481
835482
835483
835484
835485
835486
835487
835488
835489
83549
835490
835491
835492
835493
835494
835496
835497
835498
835499
8355
835500
835501
835502
835503
835504
835505
835506
835507
835509
83551
835510
835511
835512
835514
835515
835516
835517
835518
83552
835522
835523
835524
835525
835526
835527
835528
835529
835530
835531
835532
835534
835535
835536
835537
835538
835539
835540
835541
835542
835544
835545
835546
835547
835548
835549
83555
835550
835551
835552
835553
835554
835555
835556
835557
835558
835559
835560
835561
835562
835563
835564
835565
835566
835567
835568
835569
83557
835570
835571
835572
835573
835574
835575
835576
835577
835578
835579
83558
835580
835581
835582
835584
835585
835586
835587
835588
83559
835591
835592
835593
835594
835595
835596
835597
835598
835599
8356
83560
835600
835601
835602
835603
835604
835605
835606
835607
835608
835609
83561
835610
835611
835612
835614
835615
835617
835618
835619
83562
835620
835621
835622
835623
835624
835625
835626
835627
835628
835629
83563
835630
835631
835632
835633
835634
835635
835636
835638
835639
83564
835640
835641
835642
835643
835644
835645
835646
835648
835649
83565
835650
835651
835652
835653
835654
835655
835656
835657
835658
835659
83566
835660
835661
835662
835663
835664
835665
835666
835667
835668
835669
83567
835671
835672
835673
835674
835675
835676
835677
835678
835679
835680
835681
835682
835683
835684
835685
835686
835687
835689
83569
835690
835691
835693
835694
835695
835696
835697
835698
835699
8357
83570
835700
835701
835702
835703
835705
835706
835707
835708
835710
835712
835714
835715
835716
835717
835718
835719
83572
835722
835723
835724
835725
835726
835727
835728
835729
83573
835732
835733
835734
835735
835736
835737
835738
835739
835741
835742
835744
835745
835746
83575
835750
835751
835752
835753
835754
835755
835756
835757
835758
835759
83576
835760
835761
835762
835763
835764
835765
835766
835767
835768
835769
835771
835772
835773
835774
835775
835776
835778
835779
83578
835780
835781
835782
835783
835784
835785
835786
835787
835789
83579
835790
835791
835793
835794
835795
835796
835797
835798
835799
8358
83580
835801
835804
835805
835806
835808
835809
83581
835810
835811
835812
835813
835814
835815
835816
835817
835818
835819
83582
835820
835821
835822
835823
835824
835825
835826
835827
835828
835829
83583
835831
835832
835833
835834
835835
835836
835837
835838
835839
83584
835840
835841
835842
835843
835845
835846
835847
835848
835849
83585
835850
835851
835852
835853
835854
835855
835856
835857
835858
835859
83586
835860
835861
835862
835863
835864
835865
835866
835867
835868
835869
83587
835870
835872
835874
835875
835876
835877
835878
835879
83588
835880
835881
835882
835883
835884
835885
835886
835888
835889
83589
835890
835891
835892
835893
835894
835895
835896
835897
835898
835899
8359
83590
835900
835902
835903
835904
835905
835906
835907
835908
835909
83591
835910
835911
835912
835913
835914
835915
835916
835917
835918
835919
83592
835920
835921
835922
835923
835924
835925
835926
835927
835928
835929
83593
835930
835931
835932
835933
835934
835935
835936
835937
835938
835939
83594
835940
835941
835942
835943
835946
835947
835948
83595
835950
835951
835952
835953
835954
835955
835956
835957
835958
835959
835960
835961
835962
835963
835964
835965
835966
835967
835969
83597
835970
835971
835972
835973
835974
835975
835976
835977
835978
835979
835980
835981
835982
835983
835984
835985
835986
835989
83599
835990
835991
835992
835993
835994
835996
835997
835998
836
83600
836001
836002
836003
836004
836005
836006
836007
836008
83601
836010
836011
836012
836013
836014
836015
836016
836017
836018
836019
83602
836020
836021
836022
836023
836024
836025
836026
836027
836028
836029
836030
836031
836032
836033
836034
836035
836036
836037
836038
836039
83604
836040
836041
836042
836043
836044
836045
836046
836047
836048
836049
83605
836050
836051
836052
836053
836054
836055
836056
836057
836058
836059
83606
836060
836061
836062
836063
836064
836065
836066
836067
836068
836069
83607
836070
836071
836072
836073
836074
836075
836076
836077
836078
836079
83608
836080
836081
836082
836083
836084
836085
836086
836087
836088
836089
83609
836090
836091
836092
836093
836094
836095
836096
836097
836098
836099
836100
836102
836103
836104
836105
836106
836107
836108
836109
836110
836111
836112
836113
836114
836115
836116
836117
836118
836119
83612
836120
836121
836122
836123
836124
836125
836126
836127
836128
836129
83613
836130
836131
836132
836133
836134
836135
836136
836137
836138
836139
83614
836140
836141
836142
836143
836144
836145
836146
836147
836148
836149
83615
836150
836151
836152
836153
836154
836155
836156
836157
836158
836159
83616
836160
836161
836162
836163
836164
836166
836167
836168
836169
83617
836170
836171
836172
836173
836174
836175
836176
836177
836178
836179
83618
836180
836181
836182
836183
836184
836185
836186
836187
836188
836189
83619
836190
836191
836192
836193
836194
836195
836196
836197
836198
836199
83620
836200
836201
836202
836204
836205
836206
836207
836209
83621
836210
836211
836212
836213
836214
836215
836216
836218
836219
83622
836220
836221
836222
836223
836225
836226
836227
836228
836229
83623
836230
836231
836232
836233
836234
836235
836236
836237
836238
836239
836240
836241
836242
836243
836244
836245
836246
836247
836248
836249
83625
836250
836251
836252
836253
836254
836255
836256
836257
836258
836259
836260
836261
836262
836263
836264
836267
836268
836269
83627
836270
836271
836272
836273
836274
836275
836276
836277
836278
836280
836281
836282
836283
836284
836285
836287
83629
836290
836291
836292
836293
836294
836295
836296
836297
836298
836299
8363
83630
836300
836301
836304
836305
836306
836308
836309
83631
836310
836311
836313
836314
836315
836316
836317
836319
83632
836320
836321
836322
836323
836324
836325
836326
836327
836328
836329
83633
836330
836331
836332
836333
836334
836335
836336
836337
836338
836339
83634
836340
836341
836342
836343
836344
836345
836346
836347
836348
836349
836350
836351
836352
836353
836354
836355
836356
836357
836358
836359
83636
836360
836361
836362
836363
836364
836365
836366
836367
836368
836369
83637
836370
836371
836372
836374
836375
836376
836377
836378
836379
836380
836381
836382
836383
836384
836385
836386
836387
836388
836389
83639
836390
836391
836392
836393
836394
836395
836396
836397
836398
836399
836400
836401
836402
836403
836404
836405
836406
836407
836408
836409
836410
836411
836412
836413
836414
836415
836416
836417
836418
836419
836420
836421
836422
836423
836424
836426
836427
836428
836429
83643
836430
836431
836432
836434
836435
836436
836437
836438
836439
83644
836440
836441
836442
836443
836444
836445
836446
836447
836448
836449
83645
836450
836451
836452
836453
836454
836455
836456
836457
836459
83646
836460
836462
836463
836464
836465
836466
836467
836468
836469
836471
836472
836473
836474
836475
836476
836477
836478
836479
83648
836480
836481
836483
836484
836485
836486
836487
836488
836489
83649
836490
836491
836492
836493
836494
836495
836496
836498
836499
836500
836501
836502
836503
836504
836505
836506
836507
836508
836509
83651
836510
836511
836512
836513
836514
836515
836516
836517
836518
836519
836520
836521
836522
836523
836525
836526
836527
836528
836529
83653
836530
836531
836532
836533
836534
836535
836536
836537
836538
836539
836540
836541
836542
836544
836545
836547
836548
836549
83655
836551
836552
836553
836554
836556
836557
836558
83656
836560
836561
836562
836563
836564
836565
836566
836569
83657
836570
836571
836573
836576
836577
836578
836579
83658
836583
836585
836586
836587
836588
836589
83659
836590
836591
836592
836593
836594
836595
836597
836598
836599
8366
83660
836600
836601
836602
836603
836604
836605
836606
836607
836608
836609
83661
836610
836611
836612
836613
836614
836615
836616
836617
836618
836619
83662
836620
836621
836622
836623
836624
836625
836626
836627
836628
836629
83663
836630
836631
836632
836633
836634
836635
836636
836637
836638
836639
83664
836641
836642
836643
836644
836645
836646
836647
836648
836649
83665
836650
836651
836652
836653
836654
836655
836656
836657
836658
836659
83666
836660
836661
836662
836663
836664
836665
836666
836667
836668
83667
836671
836673
836674
836675
836676
836677
836678
836679
83668
836680
836681
836682
836683
836684
836685
836686
836687
836688
83669
836690
836691
836692
836693
836694
836695
836696
836697
836698
836699
8367
83670
836701
836702
836703
836705
836706
836707
836708
836709
83671
836710
836711
836712
836713
836714
836715
836716
836717
836718
836719
83672
836720
836722
836723
836725
836726
836727
836728
836729
836731
836732
836733
836734
836735
836736
836738
836739
83674
836740
836741
836744
836745
836746
836747
836748
836749
83675
836750
836751
836752
836753
836754
836755
836758
836759
83676
836761
836762
836763
836764
836765
836766
836768
836769
83677
836770
836771
836772
836773
836774
836776
836777
836778
836779
83678
836780
836781
836782
836783
836784
836785
836786
836788
836789
83679
836790
836791
836792
836793
836794
836795
836796
836797
836799
8368
836800
836802
836803
836804
836805
836806
836807
836808
836809
83681
836810
836812
836813
836814
836815
836816
836817
836819
83682
836820
836821
836822
836823
836824
836825
836826
836827
836828
836829
83683
836830
836831
836832
836833
836834
836835
836836
836837
836838
836839
83684
836840
836841
836842
836843
836844
836845
836846
836847
836848
836849
83685
836850
836851
836852
836853
836854
836855
836856
836857
836858
836859
83686
836860
836861
836862
836863
836864
836865
836866
836867
836868
836869
83687
836870
836871
836872
836873
836874
836875
836876
836877
836878
836879
83688
836880
836881
836882
836883
836884
836885
836886
836887
836888
836889
83689
836890
836892
836893
836894
836896
836897
836898
836899
83690
836900
836901
836902
836903
836904
836905
836907
836908
836909
83691
836910
836911
836912
836913
836914
836915
836916
836917
836918
836919
83692
836920
836921
836922
836923
836924
836925
836927
836928
836929
836930
836931
836933
836934
836935
836936
836937
836938
836939
836940
836941
836943
836944
836946
836947
836948
836949
83695
836950
836952
836953
836954
836955
836956
836958
836959
83696
836960
836961
836962
836964
836965
836966
836967
836968
83697
836970
836971
836972
836974
836975
836976
836977
836978
836979
83698
836980
836981
836982
836983
836984
836985
836986
836987
836988
836989
83699
836993
836994
836995
836996
836997
836998
836999
837
8370
83700
837000
837001
837003
837004
837005
837006
837008
837009
837010
837011
837012
837013
837014
837015
837016
837017
837018
837019
83702
837020
837021
837022
837023
837024
837025
837026
837027
837028
83703
837030
837031
837032
837033
837034
837035
837036
837037
837038
837039
83704
837040
837041
837042
837043
837044
837045
837046
837047
837048
837049
83705
837050
837051
837052
837053
837054
837055
837056
837057
837058
837059
83706
837060
837061
837062
837063
837065
837066
837067
837068
837069
837070
837071
837072
837073
837074
837075
837076
837077
837078
837079
83708
837080
837081
837082
837083
837084
837085
837086
837087
837089
83709
837090
837091
837092
837093
837094
837095
837096
837097
837098
8371
83710
837100
837101
837102
837103
837104
837105
837106
837107
837108
837109
83711
837110
837111
837112
837113
837114
837115
837116
837117
837118
837119
837120
837121
837123
837126
837128
837129
83713
837130
837131
837132
837133
837134
837135
837136
837137
837138
837139
83714
837140
837141
837142
837143
837145
837146
837147
837148
837149
83715
837150
837151
837152
837153
837154
837155
837156
837157
837158
837159
83716
837160
837161
837163
837165
837166
837168
837169
83717
837170
837171
837172
837173
837174
837175
837176
837177
837178
837179
83718
837180
837181
837183
837184
837185
837186
837187
837188
83719
837190
837191
837193
837194
837195
837197
837198
837199
8372
83720
837200
837201
837202
837204
837205
837207
837208
837209
83721
837210
837211
837212
837214
837215
837217
837218
837219
83722
837220
837221
837222
837223
837224
837225
837226
837227
837228
83723
837230
837231
837232
837233
837234
837235
837236
837238
837239
83724
837240
837241
837242
837243
837244
837245
837247
837248
837249
83725
837250
837251
837252
837253
837256
837258
837259
83726
837260
837261
837263
837264
837265
837266
837268
837269
83727
837270
837271
837272
837273
837274
837275
837276
837277
837279
837281
837282
837284
837285
837286
837287
837289
83729
837290
837291
837292
837293
837294
837295
837296
837297
837298
837299
8373
83730
837300
837301
837302
837303
837305
837308
837309
83731
837311
837312
837315
837316
837317
837318
837319
83732
837320
837321
837322
837323
837324
837325
837326
837327
837329
83733
837330
837331
837333
837334
837335
837336
837337
837338
837339
83734
837340
837341
837342
837343
837344
837345
837346
837348
837349
83735
837350
837351
837352
837355
837359
83736
837360
837361
837362
837364
837365
837366
837367
837369
83737
837370
837371
837372
837373
837378
837379
83738
837380
837382
837383
837385
837386
837387
837388
837389
83739
837390
837391
837393
837394
837395
837396
837397
837398
837399
8374
83740
837400
837401
837402
837403
837404
837405
837406
837407
837408
837409
83741
837410
837411
837412
837413
837414
837415
837416
837417
837418
837419
837420
837421
837422
837423
837424
837425
837426
837427
837428
837429
83743
837430
837431
837432
837433
837434
837435
837436
837437
837438
837439
83744
837440
837441
837442
837443
837444
837445
837446
837449
83745
837450
837451
837452
837453
837454
837455
837456
837458
837459
83746
837460
837461
837462
837463
837464
837465
837466
837467
837468
837469
83747
837470
837471
837473
837474
837475
837478
837479
83748
837483
837484
837485
837486
837488
83749
837491
837493
837494
837495
837496
837497
837498
837499
83750
837500
837501
837503
837504
837505
837506
837507
837508
837509
83751
837512
837514
837516
837517
837519
83752
837521
837523
837524
837525
837526
837527
837528
837529
837530
837531
837532
837533
837535
837536
837537
837538
837539
83754
837540
837541
837542
837543
837544
837545
837546
837547
837548
837549
83755
837550
837551
837552
837554
837558
837559
83756
837560
837561
837562
837563
837564
837565
837566
837567
837568
837569
83757
837570
837571
837572
837573
837574
837575
837576
837578
837579
83758
837580
837581
837582
837583
837584
837585
837586
837587
837588
837589
83759
837590
837592
837593
837594
837596
837598
837599
83760
837600
837601
837602
837603
837604
837605
837606
837607
837608
837609
83761
837610
837611
837612
837613
837614
837615
837616
837617
837618
837619
83762
837620
837621
837622
837623
837624
837625
837626
837627
837628
837629
83763
837630
837631
837632
837633
837634
837635
837636
837637
837638
837639
83764
837640
837641
837642
837643
837644
837645
837646
837647
837648
837649
83765
837650
837651
837652
837654
837655
837656
837657
837658
837659
83766
837660
837661
837663
837664
837665
837666
837667
837668
837669
83767
837670
837671
837672
837673
837674
837675
837676
837677
837678
837679
83768
837680
837681
837683
837684
837685
837686
837687
837688
837689
83769
837691
837692
837693
837694
837695
837696
837697
837698
837699
83770
837700
837701
837702
837703
837704
837705
837706
837707
837708
837709
83771
837710
837711
837712
837713
837714
837715
837716
837717
837719
83772
837720
837721
837722
837723
837724
837726
837727
837728
83773
837730
837731
837733
837734
837735
837736
837737
837738
837739
83774
837740
837741
837742
837743
837744
837745
837746
837747
837748
837749
83775
837750
837751
837752
837753
837754
837755
837756
837757
837758
837759
83776
837760
837761
837762
837763
837764
837765
837766
837767
837769
83777
837770
837771
837772
837773
837774
837775
837776
837777
837778
837779
837780
837781
837782
837783
837784
837785
837786
837788
837789
83779
837790
837791
837792
837793
837794
837795
837796
837797
837798
837799
83780
837800
837801
837802
837803
837804
837805
837806
837807
837808
837809
83781
837810
837811
837812
837813
837814
837815
837816
837817
837818
837819
83782
837820
837821
837822
837823
837824
837825
837826
837827
837828
837829
83783
837830
837831
837832
837833
837834
837835
837836
837837
837838
837839
83784
837840
837841
837842
837843
837844
837845
837846
837847
837848
837849
83785
837850
837851
837852
837853
837854
837856
837857
837858
837859
83786
837860
837861
837863
837864
837865
837866
837868
837869
83787
837870
837871
837872
837874
837876
837877
837878
837879
83788
837880
837881
837883
837884
837885
837886
837887
837888
837889
83789
837890
837891
837892
837893
837894
837895
837896
837897
8379
83790
837900
837901
837903
837904
837905
837907
837908
837909
83791
837910
837911
837912
837913
837914
837915
837916
837917
837918
837919
83792
837920
837921
837922
837923
837925
837926
837927
837928
837929
83793
837930
837931
837932
837933
837934
837935
837936
837937
837938
837939
83794
837940
837941
837943
837944
837945
837946
837947
837948
837949
83795
837950
837952
837953
837954
837955
837956
837957
837958
837959
83796
837960
837961
837963
837964
837965
837966
837967
837968
837969
83797
837970
837971
837972
837973
837974
837975
837976
837977
837978
837979
837983
837984
837985
83799
837992
837994
837995
837996
837997
837998
837999
838
8380
83800
838000
838001
838002
838003
838005
838006
838007
838008
838009
83801
838010
838012
838013
838015
838016
838017
838018
838019
83802
838021
838022
838023
838024
838025
838026
838027
838029
83803
838030
838031
838032
838033
838034
838035
838036
838037
838038
838039
83804
838040
838041
838042
838043
838044
838045
838046
838047
838048
838049
83805
838050
838051
838052
838053
838054
838055
838056
838057
838058
838059
83806
838060
838061
838062
838063
838064
838065
838066
838067
838068
838069
83807
838070
838071
838072
838073
838074
838075
838077
838078
838079
83808
838080
838081
838082
838083
838084
838085
838086
838087
838088
838089
83809
838090
838091
838092
838093
838094
838095
838096
838097
838098
838099
83810
838100
838101
838102
838103
838104
838105
838106
838107
838108
838109
83811
838110
838111
838112
838114
838115
838116
838117
838118
838119
83812
838120
838121
838122
838123
838124
838126
838127
838128
838129
83813
838130
838131
838132
838133
838135
838136
838137
838138
838139
83814
838140
838141
838142
838143
838144
838145
838146
838147
838148
838149
83815
838150
838151
838152
838153
838154
838155
838156
838157
838158
838159
83816
838160
838161
838163
838165
838166
838167
838168
838169
83817
838170
838171
838172
838173
838174
838175
838177
838178
83818
838180
838181
838182
838183
838184
838185
838186
838187
838188
838189
83819
838190
838191
838192
838194
838195
838196
838197
838198
838199
8382
83820
838200
838201
838202
838203
838204
838205
838206
838207
838208
838209
83821
838210
838211
838213
838214
838215
838216
838218
838219
83822
838220
838221
838222
838223
838226
838228
838229
83823
838232
838233
838234
838235
838236
838237
838238
838239
83824
838240
838241
838242
838243
838244
838245
838246
838247
838248
838249
83825
838251
838252
838253
838255
838256
83826
838262
838263
838264
838265
838266
838267
838268
838269
83827
838270
838271
838273
838274
838276
838277
838278
838279
83828
838280
838281
838282
838283
838284
838285
838286
838287
838289
83829
838291
838292
838293
838294
838296
838297
838298
8383
83830
838300
838301
838302
838303
838304
838305
838306
838307
838308
838309
83831
838310
838311
838312
838313
838314
838315
838316
838317
838318
838319
838320
838322
838323
838324
838325
838326
838327
838328
838329
83833
838330
838331
838332
838333
838334
838335
838336
838337
838339
83834
838340
838341
838342
838343
838344
838345
838347
838348
838349
838350
838351
838352
838353
838354
838356
838357
838358
83836
838361
838362
838363
838364
838365
838366
838368
838369
83837
838370
838371
838372
838373
838374
838376
838377
838378
838379
83838
838380
838381
838382
838383
838384
838385
838386
838388
838389
83839
838390
838391
838392
838394
838395
838396
838398
838399
83840
838400
838404
838405
838407
838408
838409
83841
838414
838416
838417
838418
838419
83842
838420
838421
838422
838423
838424
838425
838426
838427
838428
838429
838430
838431
838435
838436
838438
838439
83844
838441
838442
838443
838444
838445
838446
838447
838448
838449
83845
838450
838451
838452
838453
838454
838455
838456
838457
838458
838459
83846
838460
838461
838462
838463
838464
838465
838466
838467
838468
838469
83847
838470
838471
838472
838473
838474
838475
838477
838478
838479
83848
838480
838481
838482
838483
838484
838485
838486
838487
838489
83849
838490
838491
838492
838493
838494
838495
838496
838497
838498
838499
83850
838500
838501
838502
838503
838505
838506
838507
838508
838509
83851
838510
838511
838512
838513
838514
838515
838516
838517
838518
838519
83852
838520
838521
838522
838523
838524
838525
838526
838527
838529
83853
838530
838531
838532
838533
838534
838535
838536
838537
838538
838539
83854
838540
838541
838543
838544
838545
838546
838547
838548
838549
83855
838550
838551
838552
838553
838554
838555
838556
838557
838558
838559
83856
838560
838561
838562
838563
838564
838565
838566
838567
838568
838569
83857
838570
838571
838572
838573
838574
838575
838576
838577
838578
838579
83858
838580
838581
838583
838585
838586
838587
838588
838589
83859
838591
838592
838593
838594
838595
838597
838598
838599
8386
83860
838600
838601
838602
838603
838604
838605
838606
838607
838608
838609
83861
838610
838611
838612
838613
838614
838616
838617
838618
838619
83862
838620
838621
838622
838624
838625
838626
838627
838628
838630
838631
838632
838633
838634
838635
838636
838637
838638
838639
83864
838641
838642
838643
838644
838645
838646
838647
838648
838649
83865
838650
838652
838653
838655
838656
838657
838658
838659
83866
838660
838661
838662
838663
838664
838665
838666
838667
838668
838669
838670
838671
838672
838673
838674
838675
838676
838677
838678
838679
83868
838680
838681
838682
838683
838684
838685
838686
838687
838688
838689
83869
838691
838692
838693
838694
838695
838696
838697
838698
838699
8387
83870
838700
838701
838702
838703
838704
838705
838706
838707
838708
838709
83871
838710
838711
838712
838713
838714
838715
838716
838717
838718
838719
838721
838722
838723
838724
838725
838726
838727
838728
838729
83873
838730
838731
838732
838733
838734
838735
838736
838737
838738
838739
83874
838740
838743
838744
838745
838746
838747
838748
838749
83875
838750
838751
838752
838754
838755
838757
838758
838759
83876
838760
838761
838762
838763
838764
838765
838766
838767
838768
838769
83877
838770
838771
838772
838773
838774
838775
838776
838777
838778
838779
83878
838780
838781
838782
838783
838784
838786
838787
838788
838789
83879
838790
838791
838792
838793
838794
838795
838796
838797
838798
838799
8388
83880
838800
838801
838802
838803
838804
838805
838806
838807
838808
838809
83881
838810
838811
838812
838813
838814
838817
838818
838819
83882
838820
838821
838822
838823
838824
838825
838826
838827
838828
838829
83883
838830
838831
838832
838833
838834
838835
838836
838837
838839
83884
838840
838841
838842
838843
838844
838845
838846
838847
838848
838849
83885
838850
838851
838852
838853
838854
838855
838856
838859
83886
838860
838861
838863
838864
838865
838866
838867
838868
838869
83887
838870
838871
838872
838873
838874
838875
838876
838877
838878
838879
83888
838880
838881
838883
838884
838885
838886
838887
838888
838889
83889
838891
838892
838893
838894
838895
838896
838897
838898
83890
838900
838901
838902
838903
838904
838905
838906
838907
838908
838909
83891
838910
838911
838912
838914
838915
838916
838917
838918
838919
83892
838920
838921
838922
838923
838924
838925
838926
838927
838928
838929
83893
838930
838931
838932
838933
838934
838935
838936
838937
838938
838939
83894
838940
838941
838942
838943
838944
838945
838946
838947
838948
838949
83895
838950
838951
838952
838953
838954
838955
838956
838957
838958
838959
83896
838960
838961
838962
838963
838964
838965
838966
838967
838968
838969
83897
838970
838971
838972
838973
838974
838975
838976
838977
838978
838979
83898
838980
838981
838982
838983
838984
838985
838986
838987
838988
838989
83899
838990
838991
838992
838993
838995
838996
838997
838998
838999
839
8390
83900
839000
839002
839004
839005
839006
839008
839009
839010
839012
839013
839014
839015
839017
839018
839019
83902
839022
839023
839025
839026
839028
83903
839031
839033
839034
839035
839036
839037
839038
839039
83904
839040
839043
839044
839045
839047
839048
839049
83905
839050
839052
839053
839054
839055
839056
839057
839058
839059
83906
839060
839061
839062
839063
839064
839065
839066
839067
839068
839069
83907
839070
839073
839074
839077
839078
83908
839082
839083
839084
839085
839086
839087
839088
83909
839090
839092
839093
839094
839095
839096
839097
839098
839099
8391
83910
839100
839101
839102
839103
839106
839107
839108
839109
83911
839110
839111
839112
839113
839114
839115
839116
839117
839119
83912
839120
839121
839122
839124
839125
839126
839127
839128
839129
83913
839130
839131
839132
839133
839136
83914
839140
839141
839142
839143
839144
839146
839147
839149
83915
839151
839152
839154
839155
839157
839158
839159
83916
839160
839161
839162
839163
839164
839165
839166
839167
839169
839170
839171
839172
839174
839175
839176
839177
839178
839179
83918
839180
839181
839182
839183
839185
839186
839187
839188
839189
839190
839191
839192
839193
839195
839196
839197
839198
839199
8392
839200
839201
839202
839203
839204
839205
839207
839208
839209
839210
839211
839212
839213
839214
839215
839216
839217
839218
839219
83922
839220
839222
839223
839224
839225
839226
839228
839229
839230
839233
839234
839235
839236
839238
839239
83924
839240
839241
839243
839244
839245
839246
839247
839248
839249
83925
839250
839251
839252
839253
839254
839255
839256
839257
839258
839259
83926
839260
839261
839262
839263
839264
839265
839266
839267
839268
839269
83927
839270
839271
839272
839273
839274
839275
839276
839277
839278
839279
83928
839280
839281
839282
839283
839284
839285
839286
839287
839288
839289
83929
839290
839291
839292
839294
839295
839296
839297
839298
839299
8393
83930
839300
839301
839302
839303
839304
839305
839306
839307
839308
839309
839310
839311
839312
839313
839314
839315
839316
839317
839318
839319
83932
839320
839321
839322
839323
839324
839325
839326
839327
839328
83933
839330
839331
839332
839333
839334
839335
839336
839337
839338
839339
83934
839340
839341
839342
839343
839344
839345
839346
839347
839348
839349
83935
839350
839351
839352
839353
839354
839355
839356
839359
839360
839361
839362
839363
839364
839365
839366
839367
839368
839369
83937
839371
839372
839373
839374
839375
839376
839377
839378
839379
83938
839380
839381
839382
839383
839385
839386
839387
83939
839390
839394
839395
839396
839397
839398
839399
8394
83940
839400
839401
839402
839403
839404
839405
839406
839407
839408
839409
83941
839410
839411
839412
839413
839414
839415
839416
839417
839418
83942
839420
839421
839422
839423
839424
839425
839427
839428
839429
83943
839430
839431
839432
839434
839435
839436
839437
839438
839439
83944
839440
839441
839443
839444
839445
839446
839447
839448
839449
83945
839450
839451
839452
839453
839455
839456
839457
839458
839459
83946
839460
839461
839463
839464
839465
839467
839469
83947
839471
839473
839474
839475
839476
839477
839478
839479
83948
839480
839481
839482
839483
839484
839485
839486
839487
839488
839489
83949
839490
839491
839492
839493
839494
839495
839497
839498
839499
83950
839500
839501
839502
839503
839504
839506
839507
839508
839509
83951
839510
839511
839512
839513
839514
839515
839516
839517
839518
839519
83952
839520
839521
839523
839524
839526
839527
839528
83953
839530
839531
839532
839533
839535
839536
839537
839538
839539
83954
839540
839541
839542
839543
839544
839545
839546
839547
839548
839549
83955
839550
839552
839553
839554
839555
839556
839557
839558
839559
83956
839560
839561
839562
839563
839564
839565
839568
839569
83957
839570
839571
839572
839575
839576
839577
839578
839579
83958
839580
839581
839582
839583
839586
839587
839589
83959
839590
839592
839594
839596
839597
839598
839599
83960
839600
839601
839602
839603
839604
839605
839606
839607
839608
839609
83961
839610
839611
839612
839613
839614
839615
839618
839619
83962
839620
839621
839622
839623
839624
839625
839626
839627
839628
839629
83963
839630
839631
839632
839633
839634
839636
839638
839639
83964
839640
839641
839642
839643
839644
839645
839646
839647
839648
839649
83965
839650
839651
839652
839654
839655
839656
839657
839658
839659
83966
839660
839661
839662
839663
839664
839665
839666
839667
839668
839669
83967
839670
839671
839672
839674
839676
839677
839678
839679
83968
839680
839681
839682
839684
839685
839686
839687
839688
839689
83969
839690
839691
839692
839693
839694
839695
83970
839700
839701
839702
839703
839704
839705
839706
839707
839708
839709
83971
839710
839711
839712
839713
839714
839715
839716
839718
839719
83972
839720
839721
839722
839723
839725
839726
839727
839728
839729
83973
839730
839731
839732
839733
839734
839735
839736
839737
839738
83974
839740
839741
839742
839743
839744
839745
839746
839747
839749
83975
839750
839751
839752
839753
839754
839757
83976
839760
839761
839762
839763
839764
839765
839766
839767
