1083217
1083218
1083219
108322
1083220
1083221
1083222
1083223
1083224
1083225
1083226
1083227
1083228
1083229
1083230
1083231
1083232
1083233
1083234
1083235
1083236
1083237
1083239
1083240
1083241
1083242
1083243
1083244
1083245
1083246
1083247
1083248
108325
1083250
1083254
1083256
1083257
1083258
108326
1083260
1083261
1083262
1083263
1083264
1083265
1083266
1083268
1083269
1083270
1083271
1083272
1083273
1083274
1083275
1083276
1083277
1083278
1083279
108328
1083280
1083283
1083284
1083285
1083286
1083287
1083288
1083289
1083290
1083291
1083292
1083293
1083294
1083295
1083296
1083297
1083298
1083299
10833
108330
1083300
1083301
1083302
1083303
1083304
1083305
1083306
1083307
1083308
1083309
108331
1083310
1083311
1083312
1083313
1083314
1083315
1083316
1083317
1083318
1083319
108332
1083320
1083321
1083322
1083323
1083324
1083325
1083326
1083327
1083328
1083329
108333
1083330
1083332
1083333
1083337
1083338
1083339
108334
1083340
1083341
1083342
1083343
1083344
1083345
1083346
1083348
1083349
1083350
1083351
1083352
1083353
1083354
1083355
1083356
1083357
108336
1083360
1083361
1083362
1083363
1083364
1083365
1083366
1083368
1083369
108337
1083370
1083371
1083372
1083373
1083374
1083375
1083376
1083377
1083378
108338
1083381
1083382
1083384
1083385
1083388
1083389
108339
1083391
1083393
1083394
1083395
1083396
1083397
1083398
10834
108340
1083400
1083401
1083402
1083403
1083404
1083405
1083406
1083407
1083408
1083409
1083410
1083412
1083415
1083416
1083417
1083418
1083419
108342
1083420
1083421
1083422
1083424
1083425
1083426
1083427
1083428
1083429
108343
1083431
1083432
1083433
1083434
1083435
1083436
1083437
1083438
1083439
1083440
1083441
1083442
1083443
1083444
1083445
1083446
1083447
1083448
1083449
108345
1083450
1083451
1083452
1083453
1083454
1083455
1083456
1083457
1083458
1083459
108346
1083460
1083461
1083462
1083463
1083464
1083465
1083466
1083467
1083468
1083469
1083470
1083471
1083472
1083473
1083474
1083475
1083476
1083477
1083478
1083479
108348
1083480
1083481
1083482
1083483
1083484
1083486
1083487
1083488
1083489
1083490
1083491
1083492
1083493
1083494
1083495
1083496
1083497
1083498
1083499
10835
1083500
1083501
1083502
1083503
1083504
1083505
1083506
1083508
1083510
1083512
1083514
1083515
1083516
1083517
1083518
1083519
108352
1083520
1083521
1083522
1083523
1083524
1083525
1083526
1083527
1083528
1083529
108353
1083530
1083531
1083532
1083533
1083534
1083535
1083536
1083537
1083538
1083539
108354
1083540
1083541
1083542
1083543
1083545
1083546
1083547
1083548
1083549
1083550
1083551
1083552
1083553
1083554
1083555
1083556
1083557
1083558
1083559
108356
1083560
1083561
1083562
1083563
1083564
1083565
1083566
1083567
1083568
1083569
108357
1083570
1083571
1083572
1083573
1083574
1083575
1083576
1083577
1083578
1083579
1083580
1083581
1083582
1083583
1083585
1083586
1083587
1083588
1083589
1083590
1083591
1083592
1083593
1083594
1083595
1083598
10836
108360
1083600
1083601
1083602
1083603
1083604
1083605
1083606
1083607
1083608
1083609
108361
1083610
1083611
1083612
1083615
1083617
1083618
1083619
1083620
1083621
1083622
1083623
1083624
1083625
1083626
1083627
1083628
1083629
108363
1083630
1083631
1083633
1083634
1083635
1083636
1083637
108364
1083640
1083642
1083643
1083644
1083646
1083647
1083648
1083649
108365
1083650
1083651
1083652
1083653
1083654
1083655
1083656
1083657
1083658
1083659
108366
1083660
1083661
1083662
1083663
1083664
1083665
1083666
1083667
1083668
1083669
108367
1083670
1083671
1083672
1083673
1083674
1083676
1083678
1083679
108368
1083680
1083681
1083682
1083683
1083684
1083685
1083686
1083687
1083689
108369
1083690
1083691
1083692
1083694
1083695
1083696
1083698
1083699
10837
108370
1083700
1083701
1083702
1083703
1083704
1083705
1083706
1083707
1083708
1083709
1083710
1083711
1083712
1083714
1083715
1083716
1083717
108372
1083721
1083722
1083723
1083724
1083725
1083726
1083727
1083728
1083729
108373
1083730
1083731
1083732
1083733
1083734
1083735
1083736
1083737
1083738
1083739
108374
1083740
1083741
1083742
1083743
1083744
1083745
1083746
1083747
1083748
1083749
108375
1083750
1083751
1083753
1083754
1083755
1083756
1083757
1083758
1083759
1083760
1083761
1083762
1083763
1083764
1083765
1083767
1083768
108377
1083771
1083772
1083773
1083774
1083775
1083776
1083777
1083778
1083779
108378
1083781
1083782
1083785
1083786
1083787
1083788
1083789
108379
1083790
1083792
1083793
1083794
1083795
1083796
1083797
1083798
1083799
10838
108380
1083800
1083801
1083802
1083803
1083804
1083805
1083806
1083807
1083808
1083809
108381
1083810
1083811
1083812
1083813
1083814
1083815
1083816
1083817
1083818
1083819
108382
1083820
1083821
1083822
1083823
1083824
1083826
1083828
1083829
1083830
1083831
1083832
1083833
1083834
1083835
1083836
1083837
1083838
1083839
108384
1083840
1083841
1083842
1083843
1083844
1083845
1083846
1083847
1083848
108385
1083850
1083852
1083853
1083854
1083857
1083858
1083859
108386
1083860
1083861
1083862
1083863
1083864
1083865
1083866
1083867
1083868
1083869
108387
1083870
1083871
1083872
1083874
1083875
1083877
1083878
1083879
108388
1083881
1083882
1083883
1083884
1083885
1083886
1083887
1083888
1083889
1083890
1083892
1083893
1083894
1083895
1083896
1083897
1083899
10839
1083900
1083901
1083902
1083903
1083904
1083905
1083906
1083908
1083909
108391
1083911
1083912
1083913
1083914
1083915
1083916
1083917
1083918
1083919
108392
1083920
1083921
1083922
1083923
1083924
1083925
1083927
1083928
1083929
1083930
1083931
1083932
1083933
1083934
1083935
1083936
1083937
1083938
1083939
1083940
1083941
1083942
1083943
1083944
1083945
1083946
1083947
1083948
1083949
108395
1083950
1083951
1083952
1083953
1083954
1083955
1083956
1083957
1083958
1083959
108396
1083961
1083962
1083963
1083964
1083965
1083967
1083968
1083969
108397
1083970
1083971
1083973
1083974
1083975
1083976
1083977
1083978
1083979
108398
1083980
1083981
1083982
1083983
1083984
1083985
1083986
1083987
1083988
1083989
108399
1083991
1083992
1083993
1083995
1083996
1083998
1083999
10840
108400
1084000
1084001
1084002
1084003
1084004
1084005
1084007
1084008
1084009
108401
1084010
1084011
1084012
1084013
1084014
1084015
1084016
1084018
1084019
108402
1084021
1084022
1084023
1084024
1084026
1084027
1084028
1084029
108403
1084030
1084031
1084032
1084033
1084034
1084036
1084037
1084038
1084039
108404
1084040
1084041
1084042
1084043
1084044
1084045
1084046
1084047
1084048
108405
1084050
1084051
1084052
1084053
1084054
1084055
1084056
1084057
1084058
1084059
108406
1084060
1084061
1084062
1084063
1084064
1084065
1084066
1084067
1084068
1084069
108407
1084070
1084071
1084072
1084073
1084074
1084075
1084076
1084078
1084079
108408
1084080
1084085
1084086
1084088
1084089
108409
1084090
1084091
1084092
1084094
1084095
1084096
1084097
1084098
1084099
10841
108410
1084100
1084101
1084102
1084103
1084104
1084105
1084106
1084107
1084108
1084109
108411
1084110
1084111
1084112
1084113
1084114
1084115
1084116
1084117
1084119
108412
1084120
1084121
1084122
1084123
1084124
1084126
1084127
1084128
1084129
108413
1084130
1084132
1084133
1084134
1084135
1084136
1084137
1084138
1084139
108414
1084140
1084141
1084142
1084143
1084144
1084145
1084146
1084147
1084149
108415
1084150
1084151
1084152
1084153
1084154
1084155
1084156
1084157
1084158
1084159
108416
1084161
1084162
1084163
1084164
1084165
1084166
1084167
1084168
1084169
108417
1084170
1084172
1084173
1084174
1084175
1084176
1084177
1084178
1084179
1084180
1084181
1084182
1084183
1084184
1084186
1084187
1084188
1084189
108419
1084191
1084192
1084193
1084194
1084195
1084196
1084197
1084198
1084199
10842
108420
1084200
1084201
1084203
1084204
1084205
1084207
1084209
1084210
1084211
1084212
1084213
1084214
1084215
1084216
1084217
1084218
1084219
108422
1084220
1084221
1084222
1084223
1084224
1084225
1084226
1084227
1084228
1084229
108423
1084230
1084231
1084232
1084233
1084234
1084235
1084236
1084237
1084238
1084239
108424
1084240
1084241
1084242
1084244
1084245
1084246
1084247
1084249
1084250
1084251
1084252
1084253
1084254
1084255
1084256
1084257
1084258
1084259
108426
1084260
1084261
1084265
1084266
1084267
1084268
1084269
108427
1084271
1084272
1084273
1084277
1084278
1084279
108428
1084280
1084281
1084282
1084283
1084284
1084285
1084286
1084287
1084288
1084289
1084290
1084291
1084292
1084293
1084295
1084296
1084297
1084298
10843
108430
1084300
1084301
1084302
1084303
1084305
1084306
1084307
1084308
1084309
108431
1084310
1084311
1084312
1084313
1084314
1084315
1084316
1084317
1084318
1084319
108432
1084320
1084323
1084324
1084325
1084326
1084327
1084328
1084329
108433
1084330
1084331
1084332
1084333
1084334
1084335
1084336
1084337
1084338
1084339
1084340
1084342
1084343
1084344
1084345
1084347
1084348
1084349
108435
1084350
1084351
1084353
1084354
1084355
1084356
1084357
1084358
1084359
108436
1084361
1084362
1084363
1084365
1084366
1084367
1084368
1084369
108437
1084370
1084371
1084372
1084373
1084374
1084375
1084376
1084377
1084378
1084379
1084380
1084381
1084382
1084383
1084384
1084385
1084386
1084387
1084388
1084389
108439
1084390
1084391
1084393
1084394
1084396
1084397
1084398
1084399
10844
108440
1084400
1084401
1084402
1084403
1084404
1084405
1084406
1084407
1084409
1084410
1084411
1084412
1084413
1084414
1084415
1084416
1084417
1084418
1084419
108442
1084420
1084421
1084422
1084423
1084424
1084425
1084426
1084427
1084428
1084429
1084430
1084431
1084432
1084433
1084434
1084435
1084436
1084437
1084438
1084439
1084440
1084441
1084442
1084443
1084444
1084445
1084446
1084447
1084448
1084449
108445
1084450
1084451
1084452
1084453
1084454
1084455
1084456
1084457
1084458
1084459
1084460
1084461
1084462
1084463
1084464
1084465
1084466
1084467
1084468
1084469
1084470
1084471
1084472
1084473
1084474
1084475
1084476
1084477
1084478
108448
1084482
1084484
1084486
1084487
1084488
1084489
108449
1084490
1084491
1084492
1084493
1084494
1084496
1084497
1084498
10845
108450
1084500
1084502
1084504
1084505
1084506
1084507
1084508
1084509
108451
1084510
1084511
1084512
1084513
1084514
1084515
1084516
1084518
1084519
108452
1084521
1084522
1084523
1084524
1084525
1084526
1084527
1084528
1084529
108453
1084530
1084532
1084533
1084534
1084536
1084537
1084538
108454
1084540
1084541
1084543
1084544
1084545
1084546
1084548
1084549
108455
1084550
1084551
1084552
1084553
1084554
1084555
1084556
1084557
1084558
1084559
108456
1084560
1084561
1084562
1084563
1084564
1084565
1084566
1084567
1084568
1084569
108457
1084570
1084571
1084572
1084573
1084574
1084575
1084576
1084577
1084578
1084579
108458
1084585
1084586
1084589
108459
1084590
1084591
1084592
1084593
1084594
1084595
1084596
1084599
10846
1084600
1084602
1084604
1084605
1084607
1084608
1084609
1084610
1084611
1084612
1084613
1084614
1084615
1084616
1084618
1084619
108462
1084620
1084621
1084622
1084623
1084624
1084625
1084626
1084627
1084628
1084629
108463
1084630
1084631
1084632
1084633
1084634
1084635
1084636
1084637
1084638
1084639
1084640
1084641
1084642
1084643
1084644
1084645
1084646
1084647
1084648
1084649
108465
1084650
1084651
1084652
1084653
1084655
1084656
1084657
1084658
1084659
108466
1084660
1084661
1084662
1084663
1084664
1084665
1084666
1084667
1084668
1084669
108467
1084670
1084671
1084672
1084673
1084674
1084675
1084676
1084677
1084678
1084679
1084680
1084681
1084682
1084683
1084684
1084685
1084686
1084687
1084688
108469
1084690
1084691
1084693
1084694
1084695
1084696
1084697
1084698
1084699
10847
108470
1084702
1084704
1084705
1084706
108471
1084711
1084714
1084716
1084717
1084718
1084719
1084720
1084721
1084722
1084723
1084724
1084725
1084726
1084727
1084728
1084729
108473
1084730
1084731
1084732
1084733
1084734
1084735
1084736
1084738
1084739
108474
1084740
1084741
1084742
1084743
1084744
1084745
1084746
1084747
1084748
1084749
1084750
1084751
1084752
1084753
1084754
1084755
1084756
1084757
1084758
1084759
108476
1084760
1084761
1084763
1084764
1084765
1084766
1084767
1084768
1084769
1084770
1084771
1084772
1084773
1084774
1084775
1084776
1084777
1084778
1084779
1084780
1084781
1084782
1084783
1084784
1084785
1084786
1084787
1084788
1084789
1084791
1084792
1084793
1084794
1084795
1084796
1084797
1084799
10848
108480
1084800
1084802
1084803
1084804
1084805
1084806
1084807
1084809
108481
1084810
1084811
1084812
1084813
1084814
1084815
1084816
1084817
1084818
1084819
108482
1084820
1084821
1084822
1084823
1084824
1084825
1084826
1084827
1084828
1084829
108483
1084830
1084831
1084833
1084834
1084835
1084836
1084837
1084838
1084839
108484
1084840
1084841
1084842
1084843
1084844
1084845
1084846
1084847
1084848
1084849
1084850
1084851
1084852
1084855
1084856
1084857
1084858
1084859
1084860
1084861
1084862
1084863
1084864
1084865
1084866
1084867
1084868
1084869
1084870
1084871
1084872
1084873
1084874
1084875
1084876
1084877
1084878
1084879
1084880
1084882
1084883
1084884
1084885
1084886
1084887
1084888
1084889
1084890
1084892
1084893
1084894
1084895
1084896
1084897
1084898
1084899
10849
108490
1084900
1084905
1084906
1084907
1084908
1084909
1084910
1084912
1084913
1084914
1084915
1084916
1084917
1084918
1084919
1084920
1084921
1084922
1084923
1084924
1084925
1084927
1084928
1084929
1084930
1084931
1084932
1084933
1084934
1084935
1084936
1084937
1084938
1084939
1084940
1084941
1084942
1084943
1084944
1084945
1084946
1084947
1084948
1084949
1084951
1084952
1084953
1084954
1084955
1084956
1084957
1084959
1084960
1084961
1084963
1084964
1084965
1084966
1084967
1084968
1084969
1084970
1084971
1084972
1084973
1084974
1084976
1084977
1084978
1084980
1084981
1084982
1084983
1084984
1084986
1084987
1084988
1084989
1084990
1084992
1084994
1084996
1084998
1084999
10850
1085000
1085002
1085003
1085004
1085005
1085006
1085007
1085008
1085009
108501
1085010
1085011
1085012
1085013
1085014
1085015
1085016
1085017
1085018
1085019
1085020
1085022
1085023
1085025
1085026
1085027
1085028
1085029
108503
1085030
1085031
1085032
1085033
1085034
1085035
1085036
1085037
1085038
1085039
1085040
1085041
1085042
1085043
1085044
1085045
1085046
1085047
1085048
1085049
1085051
1085052
1085053
1085054
1085055
1085057
1085058
1085059
108506
1085061
1085062
1085063
1085065
1085066
1085067
1085068
1085069
108507
1085070
1085071
1085072
1085073
1085074
1085075
1085076
1085077
1085078
1085079
108508
1085080
1085081
1085082
1085083
1085084
1085085
1085086
1085087
1085088
1085089
108509
1085090
1085091
1085092
1085093
1085094
1085097
1085098
1085099
10851
108510
1085100
1085101
1085102
1085103
1085104
1085105
1085106
1085107
1085108
108511
1085110
1085111
1085112
1085113
1085114
1085115
1085116
1085117
1085118
1085119
108512
1085121
1085122
1085123
1085124
1085126
1085127
1085128
1085129
108513
1085130
1085131
1085132
1085133
1085134
1085135
1085136
1085137
1085138
1085139
1085140
1085141
1085142
1085143
1085144
1085145
1085146
1085147
1085148
1085149
108515
1085150
1085151
1085152
1085153
1085154
1085155
1085156
1085157
1085158
1085159
1085161
1085162
1085163
1085164
1085165
1085166
1085167
1085168
1085169
108517
1085170
1085171
1085172
1085173
1085174
1085175
1085176
1085177
1085178
1085179
108518
1085180
1085181
1085182
1085183
1085184
1085185
1085186
1085187
1085188
1085189
108519
1085190
1085191
1085192
1085193
1085194
1085196
1085197
1085198
1085199
10852
1085200
1085202
1085204
1085205
1085206
1085207
1085208
1085209
108521
1085210
1085211
1085212
1085213
1085214
1085215
1085216
1085217
1085219
108522
1085221
1085222
1085223
1085225
1085226
1085227
1085228
1085229
108523
1085230
1085231
1085232
1085233
1085234
1085235
1085236
1085237
1085238
1085239
108524
1085240
1085241
1085242
1085243
1085244
1085245
1085246
1085247
1085248
1085249
108525
1085250
1085251
1085252
1085253
1085255
1085256
1085257
1085258
1085259
108526
1085260
1085261
1085262
1085263
1085264
1085265
1085266
1085267
1085268
1085269
1085270
1085271
1085272
1085273
1085274
1085275
1085276
1085277
1085278
1085279
1085280
1085281
1085282
1085283
1085284
1085285
1085286
1085287
1085288
1085289
1085290
1085291
1085292
1085293
1085294
1085295
1085296
1085297
1085298
1085299
10853
108530
1085300
1085302
1085303
1085304
1085305
1085306
1085307
1085308
1085310
1085311
1085312
1085313
1085314
1085315
1085318
1085319
1085320
1085321
1085322
1085323
1085324
1085325
1085328
1085329
1085330
1085331
1085332
1085333
1085335
1085336
1085337
1085338
1085339
108534
1085340
1085341
1085342
1085343
1085344
1085345
1085346
1085347
1085348
1085349
108535
1085350
1085351
1085352
1085354
1085355
1085356
1085357
1085358
1085359
108536
1085360
1085361
1085363
1085364
1085365
1085366
1085367
1085368
1085369
108537
1085372
1085373
1085375
1085376
1085377
1085378
1085379
108538
1085380
1085381
1085382
1085383
1085384
1085385
1085386
1085387
1085388
1085391
1085392
1085393
1085394
1085395
1085396
1085397
1085398
1085399
10854
108540
1085400
1085401
1085402
1085403
1085404
1085406
1085409
108541
1085411
1085413
1085415
1085416
1085417
1085418
1085419
108542
1085420
1085421
1085422
1085423
1085425
1085426
1085427
1085428
1085429
108543
1085430
1085431
1085432
1085433
1085434
1085435
1085436
1085437
1085438
108544
1085442
1085443
1085444
1085445
1085446
1085447
1085448
1085449
108545
1085450
1085451
1085452
1085453
1085454
1085455
1085456
1085457
1085458
1085459
108546
1085460
1085461
1085462
1085463
1085464
1085465
1085466
1085467
1085469
108547
1085470
1085471
1085472
1085473
1085474
1085475
1085476
1085477
1085478
1085479
108548
1085480
1085481
1085482
1085484
1085485
1085486
1085487
1085488
1085489
108549
1085490
1085491
1085492
1085493
1085494
1085495
1085496
1085497
1085498
1085499
10855
108550
1085500
1085501
1085502
1085503
1085504
1085506
1085507
1085508
1085509
1085510
1085512
1085513
1085514
1085515
1085516
1085517
1085518
1085519
108552
1085520
1085522
1085523
1085524
1085527
1085528
1085529
108553
1085530
1085531
1085532
1085533
1085534
1085535
1085537
1085538
1085539
1085540
1085541
1085542
1085543
1085544
1085545
1085546
1085547
1085548
1085549
1085550
1085552
1085553
1085554
1085555
1085556
1085557
1085558
1085559
108556
1085560
1085563
1085564
1085565
1085566
1085567
1085568
1085569
108557
1085570
1085571
1085572
1085573
1085574
1085575
1085576
1085577
1085578
1085579
108558
1085580
1085581
1085582
1085583
1085585
1085586
1085587
1085588
1085589
1085590
1085591
1085592
1085593
1085594
1085595
1085596
1085597
1085598
1085599
10856
108560
1085600
1085601
1085602
1085603
1085606
1085607
1085608
1085609
108561
1085610
1085611
1085612
1085613
1085614
1085615
1085616
1085617
1085618
1085619
1085620
1085622
1085623
1085626
1085627
1085628
1085629
108563
1085630
1085632
1085633
1085634
1085635
1085636
1085637
1085638
1085639
108564
1085640
1085641
1085642
1085643
1085644
1085645
1085646
1085647
1085648
1085649
108565
1085650
1085651
1085653
1085655
1085656
1085657
1085659
108566
1085660
1085661
1085662
1085663
1085664
1085665
1085666
1085667
1085668
1085669
1085670
1085671
1085672
1085673
1085674
1085675
1085676
1085677
1085678
1085679
108568
1085680
1085681
1085682
1085683
1085684
1085685
1085686
1085687
1085688
1085689
1085690
1085691
1085692
1085693
1085694
1085695
1085696
1085697
1085698
1085699
10857
1085700
1085701
1085702
1085703
1085704
1085706
1085708
1085709
108571
1085710
1085711
1085712
1085713
1085714
1085715
1085716
1085717
1085718
1085719
1085720
1085721
1085722
1085723
1085726
1085727
1085728
1085729
108573
1085730
1085731
1085732
1085733
1085735
1085736
1085737
1085738
1085739
108574
1085742
1085743
1085744
1085745
1085746
1085747
1085748
1085749
1085750
1085751
1085752
1085753
1085754
1085756
1085757
1085758
1085759
108576
1085760
1085761
1085762
1085763
1085764
1085765
1085766
1085767
1085768
1085769
1085770
1085771
1085772
1085773
1085774
1085775
1085776
1085777
1085778
1085779
1085780
1085781
1085782
1085783
1085784
1085785
1085786
1085787
1085788
1085789
1085790
1085791
1085792
1085793
1085794
1085796
1085797
1085798
10858
108580
1085801
1085802
1085803
1085804
1085805
1085806
1085807
1085808
1085809
1085811
1085812
1085814
1085815
1085816
1085817
1085818
1085819
108582
1085820
1085821
1085822
1085823
1085824
1085825
1085826
1085827
1085829
1085830
1085831
1085832
1085833
1085834
1085835
1085836
1085837
1085838
1085839
1085840
1085841
1085842
1085843
1085844
1085845
1085846
1085847
1085848
1085849
1085850
1085851
1085852
1085853
1085854
1085855
1085856
1085857
1085858
1085859
108586
1085861
1085862
1085863
1085864
1085865
1085866
1085867
1085868
1085869
1085870
1085871
1085872
1085873
1085874
1085875
1085876
1085877
1085878
1085879
1085880
1085881
1085882
1085883
1085884
1085885
1085886
1085887
1085888
1085889
1085890
1085891
1085892
1085893
1085894
1085895
1085896
1085897
1085898
1085899
10859
1085900
1085901
1085902
1085903
1085904
1085905
1085906
1085907
1085908
1085909
1085910
1085911
1085912
1085913
1085916
1085917
1085918
1085919
1085920
1085921
1085922
1085923
1085924
1085925
1085926
1085927
1085929
1085931
1085932
1085933
1085934
1085935
1085936
1085937
1085938
1085940
1085941
1085942
1085943
1085944
1085945
1085946
1085947
1085948
1085949
1085950
1085951
1085952
1085953
1085954
1085955
1085956
1085957
1085958
1085959
1085960
1085961
1085962
1085963
1085964
1085965
1085966
1085967
1085969
1085970
1085971
1085972
1085973
1085975
1085976
1085977
1085978
1085979
1085980
1085981
1085982
1085983
1085984
1085985
1085986
1085987
1085988
1085989
1085990
1085991
1085992
1085993
1085994
1085995
1085996
1085997
1085998
1085999
10860
1086000
1086001
1086002
1086004
1086005
1086006
1086007
1086008
1086009
1086010
1086011
1086013
1086014
1086015
1086017
1086019
1086020
1086021
1086022
1086023
1086024
1086025
1086026
1086027
1086029
108603
1086030
1086031
1086032
1086033
1086034
1086035
1086037
1086038
1086039
1086040
1086041
1086042
1086044
1086045
1086046
1086047
1086048
1086049
1086050
1086052
1086053
1086054
1086055
1086057
1086058
1086059
108606
1086060
1086061
1086062
1086063
1086064
1086065
1086066
1086067
1086068
1086069
1086070
1086071
1086072
1086073
1086074
1086075
1086076
1086077
1086078
1086079
1086080
1086081
1086082
1086083
1086084
1086085
1086086
1086087
1086090
1086091
1086092
1086093
1086094
1086095
1086096
1086097
1086098
1086099
10861
108610
1086100
1086101
1086102
1086103
1086104
1086105
1086106
1086107
1086108
1086109
1086110
1086111
1086112
1086113
1086115
1086116
1086117
1086118
1086119
1086120
1086121
1086122
1086123
1086124
1086125
1086126
1086129
108613
1086131
1086132
1086133
1086134
1086135
1086137
1086138
1086139
108614
1086140
1086142
1086143
1086144
1086145
1086146
1086147
1086148
1086149
1086150
1086151
1086152
1086153
1086154
1086155
1086156
1086157
1086158
1086159
1086160
1086161
1086162
1086163
1086164
1086165
1086166
1086167
1086168
1086169
1086170
1086171
1086172
1086173
1086174
1086175
1086176
1086177
1086178
1086179
108618
1086180
1086181
1086182
1086183
1086184
1086185
1086186
1086187
1086189
1086190
1086191
1086192
1086193
1086194
1086195
1086196
1086197
1086198
1086199
10862
1086200
1086201
1086202
1086203
1086204
1086205
1086206
1086207
1086208
1086209
1086210
1086211
1086212
1086213
1086214
1086216
1086217
1086218
1086219
1086220
1086221
1086222
1086223
1086224
1086225
1086226
1086227
1086228
1086229
108623
1086230
1086231
1086232
1086233
1086234
1086235
1086236
1086237
1086238
1086239
1086241
1086242
1086243
1086244
1086245
1086246
1086247
1086248
1086249
108625
1086250
1086251
1086252
1086253
1086254
1086255
1086256
1086257
1086258
1086259
1086260
1086261
1086262
1086263
1086264
1086265
1086266
1086267
1086268
1086269
1086270
1086271
1086273
1086274
1086275
1086276
1086277
1086278
1086279
1086280
1086281
1086282
1086283
1086284
1086285
1086286
1086287
1086288
1086289
108629
1086291
1086292
1086293
1086294
1086295
1086296
1086297
1086298
1086299
10863
1086300
1086302
1086303
1086304
1086305
1086307
1086310
1086312
1086313
1086314
1086315
1086316
1086317
1086318
1086319
108632
1086320
1086321
1086322
1086323
1086325
1086326
1086327
1086328
1086329
1086330
1086331
1086332
1086334
1086335
1086336
1086337
1086338
1086339
108634
1086340
1086341
1086343
1086344
1086346
1086348
1086349
1086350
1086351
1086352
1086353
1086354
1086356
1086357
1086358
108636
1086360
1086361
1086362
1086363
1086364
1086365
1086366
1086368
1086369
1086370
1086371
1086372
1086373
1086374
1086375
1086376
1086377
1086378
1086379
1086380
1086381
1086382
1086383
1086384
1086385
1086386
1086388
1086389
108639
1086390
1086391
1086392
1086393
1086394
1086396
1086397
10864
1086400
1086401
1086402
1086403
1086404
1086405
1086406
1086407
1086408
1086409
108641
1086410
1086411
1086412
1086413
1086414
1086415
1086416
1086418
1086419
1086420
1086421
1086422
1086423
1086424
1086425
1086426
1086427
108643
1086430
1086431
1086432
1086433
1086434
1086435
1086436
1086437
1086438
1086439
1086440
1086441
1086442
1086443
1086444
1086445
1086446
1086447
1086448
108645
1086450
1086452
1086453
1086455
1086456
1086457
1086458
1086459
108646
1086460
1086461
1086462
1086463
1086464
1086465
1086466
1086467
1086469
108647
1086470
1086472
1086473
1086474
1086475
1086476
1086477
1086478
1086479
108648
1086481
1086482
1086483
1086484
1086485
1086486
1086487
1086490
1086491
1086492
1086493
1086494
1086495
1086496
1086497
1086498
1086499
10865
108650
1086500
1086501
1086502
1086503
1086504
1086505
1086506
1086507
1086508
1086509
108651
1086510
1086511
1086512
1086513
1086514
1086515
1086516
1086517
1086518
1086519
1086520
1086521
1086522
1086524
1086526
1086527
1086528
1086529
108653
1086530
1086531
1086532
1086533
1086534
1086535
1086536
1086537
1086538
1086539
108654
1086540
1086542
1086543
1086544
1086546
1086548
1086549
108655
1086550
1086551
1086552
1086554
1086555
1086556
1086557
1086558
1086559
108656
1086560
1086561
1086562
1086563
1086564
1086565
1086566
1086567
1086568
1086569
108657
1086570
1086571
1086572
1086573
1086574
1086575
1086576
1086577
1086578
1086579
1086580
1086581
1086582
1086583
1086584
1086585
1086586
1086587
1086588
1086589
1086590
1086591
1086592
1086593
1086596
1086597
1086599
10866
1086600
1086601
1086602
1086603
1086604
1086605
1086606
108661
1086610
1086611
1086613
1086614
1086615
1086616
1086617
1086618
1086619
1086620
1086621
1086622
1086623
1086624
1086625
1086626
1086627
1086628
1086629
1086630
1086635
1086636
1086637
1086638
1086639
108664
1086640
1086641
1086642
1086645
1086646
1086647
1086649
108665
1086650
1086651
1086652
1086653
1086654
1086656
1086657
1086658
1086659
108666
1086660
1086662
1086663
1086664
1086665
1086666
1086667
1086668
1086669
1086670
1086671
1086672
1086673
1086674
1086675
1086676
1086677
1086678
1086679
108668
1086680
1086681
1086682
1086683
1086684
1086685
1086686
1086687
1086688
1086691
1086692
1086693
1086694
1086696
1086697
1086698
1086699
10867
1086700
1086701
1086702
1086703
1086704
1086705
1086706
1086707
1086708
1086710
1086711
1086712
1086713
1086714
1086715
1086716
1086717
1086718
1086719
108672
1086720
1086721
1086722
1086723
1086724
1086725
1086726
1086727
1086728
1086729
1086730
1086731
1086732
1086733
1086734
1086735
1086736
1086737
1086738
1086739
1086740
1086741
1086742
1086743
1086744
1086745
1086746
1086747
1086748
1086749
1086750
1086751
1086752
1086753
1086754
1086755
1086756
1086757
1086758
1086759
108676
1086760
1086762
1086763
1086764
1086765
1086766
1086767
1086768
1086769
108677
1086770
1086771
1086772
1086773
1086774
1086775
1086776
1086777
1086778
1086779
1086780
1086781
1086782
1086783
1086784
1086785
1086786
1086787
1086788
1086789
1086790
1086791
1086792
1086793
1086794
1086795
1086796
1086797
1086798
1086799
10868
1086800
1086801
1086802
1086803
1086804
1086805
1086806
1086807
1086808
1086809
1086810
1086811
1086812
1086813
1086814
1086815
1086816
1086817
1086818
1086819
1086820
1086821
1086823
1086825
1086826
1086827
1086828
1086829
1086830
1086831
1086832
1086833
1086834
1086835
1086836
1086837
1086838
1086839
108684
1086840
1086841
1086842
1086843
1086844
1086845
1086846
1086847
1086848
1086849
1086850
1086851
1086852
1086853
1086854
1086855
1086856
1086857
1086858
1086860
1086862
1086863
1086864
1086865
1086866
1086867
1086868
1086869
1086870
1086871
1086872
1086874
1086875
1086876
1086877
1086878
108688
1086880
1086881
1086882
1086883
1086884
1086886
1086887
1086888
1086889
1086890
1086891
1086892
1086893
1086894
1086895
1086896
1086897
1086898
10869
1086900
1086901
1086902
1086903
1086904
1086905
1086906
1086907
1086908
1086909
1086910
1086911
1086912
1086913
1086914
1086915
1086916
1086917
1086918
1086919
1086920
1086921
1086922
1086923
1086924
1086925
1086927
1086928
1086929
1086930
1086931
1086932
1086933
1086934
1086935
1086936
1086937
1086938
1086939
1086940
1086941
1086942
1086943
1086944
1086945
1086946
1086947
1086948
1086949
1086950
1086951
1086952
1086953
1086954
1086957
1086958
1086959
1086960
1086961
1086963
1086964
1086965
1086966
1086968
1086969
1086970
1086971
1086973
1086974
1086975
1086976
1086977
1086978
1086979
1086980
1086981
1086982
1086983
1086984
1086985
1086986
1086987
1086989
1086990
1086991
1086992
1086993
1086994
1086995
1086996
1086997
1086998
1086999
10870
1087000
1087001
1087002
1087003
1087005
1087006
1087007
1087008
1087009
1087010
1087011
1087012
1087013
1087014
1087015
1087016
1087017
1087018
1087019
1087020
1087021
1087022
1087023
1087024
1087025
1087026
1087027
1087028
1087029
108703
1087030
1087031
1087032
1087033
1087034
1087035
1087036
1087038
1087039
108704
1087040
1087041
1087042
1087043
1087044
1087045
1087046
1087047
1087048
1087049
108705
1087050
1087051
1087052
1087053
1087054
1087055
1087056
1087057
1087058
1087059
108706
1087060
1087062
1087063
1087064
1087065
1087066
1087068
1087069
108707
1087070
1087071
1087072
1087073
1087074
1087075
1087076
1087077
1087078
1087079
1087080
1087081
1087082
1087083
1087085
1087086
1087088
1087089
108709
1087090
1087091
1087092
1087093
1087094
1087095
1087096
1087097
1087098
1087099
10871
108710
1087100
1087101
1087102
1087103
1087104
1087105
1087106
1087108
1087109
108711
1087110
1087111
1087112
1087113
1087114
1087116
1087117
1087119
108712
1087120
1087121
1087122
1087123
1087124
1087125
1087126
1087127
1087128
1087129
108713
1087130
1087131
1087132
1087133
1087134
1087135
1087136
1087138
1087139
108714
1087140
1087141
1087142
1087143
1087144
1087145
1087146
1087147
1087148
1087149
1087150
1087151
1087152
1087153
1087154
1087155
1087156
1087157
1087158
1087159
1087161
1087162
1087163
1087164
1087165
1087167
1087168
1087169
108717
1087170
1087171
1087172
1087173
1087174
1087176
1087177
1087178
1087179
108718
1087180
1087181
1087182
1087183
1087184
1087185
1087186
1087187
1087188
1087189
1087190
1087191
1087192
1087193
1087194
1087195
1087196
1087197
1087198
1087199
10872
1087200
1087201
1087202
1087203
1087204
1087205
1087206
1087207
1087208
1087209
108721
1087210
1087211
1087212
1087213
1087214
1087215
1087216
1087217
1087218
1087219
1087220
1087221
1087222
1087223
1087225
1087226
1087227
1087228
1087229
108723
1087230
1087231
1087232
1087234
1087235
1087236
1087237
1087238
1087239
108724
1087240
1087241
1087242
1087243
1087244
1087245
1087246
1087247
1087248
1087249
1087250
1087251
1087252
1087253
1087254
1087255
1087256
1087257
1087258
1087259
108726
1087260
1087261
1087263
1087264
1087265
1087266
1087267
1087268
1087269
108727
1087270
1087271
1087272
1087273
1087274
1087276
1087277
1087278
1087279
108728
1087280
1087281
1087282
1087283
1087284
1087285
1087287
1087288
1087289
1087290
1087291
1087292
1087293
1087294
1087295
1087296
1087297
1087298
1087299
10873
1087300
1087301
1087302
1087303
1087304
1087305
1087306
1087307
1087308
1087309
1087310
1087311
1087313
1087314
1087315
1087316
1087317
1087318
1087319
1087320
1087321
1087322
1087323
1087324
1087325
1087326
1087327
1087328
1087329
108733
1087330
1087331
1087332
1087333
1087334
1087335
1087336
1087337
1087338
1087339
1087340
1087341
1087342
1087343
1087344
1087345
1087346
1087347
1087348
1087349
1087350
1087351
1087352
1087353
1087354
1087355
1087356
1087357
1087358
1087359
108736
1087361
1087362
1087363
1087364
1087365
1087366
1087367
1087368
1087369
108737
1087370
1087371
1087372
1087373
1087374
1087375
1087376
1087377
1087378
1087379
108738
1087380
1087381
1087382
1087383
1087384
1087385
1087386
1087387
1087388
1087389
108739
1087390
1087391
1087392
1087393
1087394
1087395
1087396
1087397
1087398
1087399
10874
1087400
1087401
1087402
1087403
1087404
1087405
1087406
1087407
1087408
1087409
108741
1087410
1087411
1087412
1087413
1087414
1087415
1087416
1087417
1087418
1087419
1087420
1087421
1087422
1087423
1087424
1087425
1087426
1087427
1087428
1087429
108743
1087430
1087431
1087432
1087433
1087434
1087435
1087436
1087437
1087438
1087439
108744
1087440
1087441
1087442
1087443
1087444
1087445
1087446
1087447
1087448
1087449
1087450
1087451
1087452
1087454
1087455
1087456
1087457
1087458
1087459
108746
1087460
1087461
1087462
1087463
1087464
1087465
1087466
1087467
1087468
1087469
108747
1087470
1087471
1087472
1087473
1087474
1087475
1087476
1087477
1087478
1087479
108748
1087480
1087481
1087482
1087483
1087484
1087485
1087486
1087487
1087488
1087489
1087490
1087491
1087492
1087493
1087494
1087496
1087497
1087498
1087499
10875
1087500
1087501
1087502
1087503
1087504
1087505
1087506
1087507
1087508
1087509
1087510
1087511
1087512
1087513
1087514
1087515
1087516
1087517
1087518
1087519
108752
1087520
1087521
1087522
1087523
1087524
1087525
1087526
1087527
1087528
1087529
1087530
1087531
1087532
1087533
1087534
1087535
1087536
1087537
1087538
1087539
1087540
1087541
1087542
1087543
1087544
1087545
1087546
1087547
1087548
108755
1087550
1087551
1087552
1087553
1087554
1087555
1087556
1087557
1087558
1087559
108756
1087560
1087561
1087562
1087563
1087564
1087565
1087566
1087567
1087568
1087569
1087570
1087571
1087572
1087573
1087574
1087575
1087576
1087577
1087578
1087579
108758
1087580
1087581
1087582
1087583
1087584
1087585
1087587
1087589
108759
1087590
1087591
1087592
1087593
1087594
1087595
1087596
1087597
1087598
1087599
10876
1087600
1087601
1087602
1087603
1087604
1087605
1087606
1087607
1087608
1087609
108761
1087610
1087611
1087613
1087614
1087615
1087616
1087617
1087618
1087619
108762
1087620
1087621
1087622
1087623
1087624
1087625
1087626
1087627
1087628
1087629
1087630
1087631
1087632
1087633
1087634
1087635
1087636
1087637
1087638
1087639
108764
1087640
1087641
1087642
1087643
1087645
1087646
1087647
1087648
1087649
108765
1087650
1087651
1087652
1087653
1087654
1087656
1087657
1087658
1087659
108766
1087660
1087661
1087662
1087663
1087664
1087665
1087666
1087667
1087668
1087669
1087670
1087671
1087672
1087674
1087675
1087678
1087679
108768
1087680
1087681
1087682
1087683
1087684
1087685
1087686
1087687
1087688
1087689
108769
1087690
1087692
1087693
1087694
1087695
1087696
1087697
1087698
10877
1087700
1087701
1087702
1087703
1087704
1087705
1087706
1087707
1087708
1087709
108771
1087710
1087712
1087713
1087714
1087715
1087716
1087717
1087718
1087719
108772
1087720
1087721
1087722
1087723
1087724
1087726
1087727
1087728
1087729
1087730
1087731
1087732
1087733
1087734
1087735
1087736
1087738
1087739
108774
1087740
1087741
1087742
1087743
1087744
1087746
1087747
1087748
1087749
108775
1087750
1087751
1087752
1087753
1087754
1087755
1087756
1087757
1087758
1087759
108776
1087760
1087761
1087762
1087763
1087764
1087765
1087767
1087768
1087769
108777
1087770
1087771
1087772
1087773
1087774
1087775
1087777
1087778
1087779
108778
1087781
1087782
1087783
1087784
1087785
1087786
1087787
1087788
108779
1087790
1087791
1087792
1087794
1087795
1087796
1087797
1087798
1087799
10878
108780
1087800
1087801
1087802
1087803
1087804
1087806
1087807
1087808
1087809
108781
1087810
1087811
1087813
1087814
1087815
1087816
1087817
1087818
1087819
108782
1087821
1087822
1087823
1087825
1087826
1087827
1087828
1087829
1087830
1087832
1087834
1087835
1087836
1087838
1087839
108784
1087840
1087841
1087842
1087843
1087844
1087845
1087846
1087848
1087849
1087850
1087851
1087852
1087853
1087854
1087855
1087856
1087857
1087858
1087859
108786
1087860
1087861
1087862
1087863
1087864
1087865
1087866
1087867
1087868
1087869
1087870
1087871
1087872
1087873
1087874
1087875
1087876
1087877
1087878
1087879
108788
1087880
1087881
1087882
1087883
1087884
1087885
1087886
1087887
1087888
1087889
108789
1087891
1087892
1087893
1087894
1087895
1087897
1087898
1087899
10879
108790
1087900
1087901
1087902
1087903
1087904
1087905
1087906
1087907
1087908
1087909
1087910
1087911
1087912
1087913
1087914
1087915
1087916
1087917
1087918
1087919
108792
1087920
1087922
1087923
1087924
1087925
1087926
1087927
1087928
1087930
1087931
1087933
1087934
1087935
1087936
1087937
1087938
1087939
108794
1087940
1087942
1087943
1087944
1087945
1087947
1087948
1087949
1087950
1087951
1087952
1087953
1087954
1087955
1087957
1087958
1087959
108796
1087960
1087961
1087962
1087963
1087964
1087966
1087967
1087968
1087969
108797
1087970
1087971
1087972
1087973
1087974
1087977
1087978
1087979
108798
1087980
1087981
1087982
1087983
1087984
1087985
1087986
1087987
1087988
1087989
108799
1087990
1087991
1087992
1087993
1087994
1087995
1087996
1087997
1087999
1088
10880
108800
1088001
1088002
1088003
1088004
1088005
1088006
1088007
1088008
1088009
1088010
1088011
1088012
1088013
1088014
1088015
1088016
1088017
1088018
1088019
1088020
1088021
1088022
1088023
1088024
1088025
1088029
1088030
1088031
1088032
1088033
1088034
1088035
1088037
1088038
1088039
1088040
1088041
1088042
1088043
1088044
1088046
1088047
1088048
1088049
1088050
1088051
1088052
1088058
1088059
1088060
1088061
1088062
1088063
1088064
1088065
1088066
1088067
1088068
1088069
108807
1088070
1088074
1088075
1088077
1088078
1088079
108808
1088080
1088081
1088082
1088083
1088085
1088086
1088087
1088088
1088089
1088090
1088091
1088092
1088093
1088094
1088095
1088096
1088097
1088098
1088099
10881
1088100
1088101
1088102
1088103
1088104
1088105
1088106
1088107
1088108
1088109
108811
1088110
1088111
1088112
1088113
1088114
1088115
1088116
1088117
1088118
1088119
108812
1088120
1088121
1088122
1088123
1088124
1088125
1088126
1088127
1088128
1088129
108813
1088130
1088131
1088132
1088133
1088134
1088135
1088136
1088137
1088138
1088139
108814
1088140
1088141
1088142
1088143
1088144
1088145
1088146
1088147
1088148
1088149
108815
1088150
1088152
1088153
1088154
1088155
1088156
1088157
1088158
1088159
1088160
1088161
1088162
1088163
1088164
1088165
1088166
1088167
1088168
1088169
1088170
1088171
1088172
1088173
1088174
1088175
1088176
1088177
1088178
1088179
1088180
1088181
1088182
1088183
1088184
1088186
1088187
1088188
1088189
108819
1088190
1088191
1088192
1088193
1088195
1088196
1088197
1088198
1088199
10882
108820
1088200
1088201
1088202
1088203
1088204
1088205
1088206
1088208
1088209
1088210
1088211
1088213
1088214
1088215
1088216
1088217
1088218
1088219
108822
1088220
1088221
1088223
1088224
1088226
1088227
1088228
1088229
108823
1088230
1088231
1088232
1088233
1088234
1088237
1088238
1088239
108824
1088240
1088241
1088242
1088243
1088244
1088245
1088246
1088247
1088249
108825
1088250
1088251
1088252
1088254
1088255
1088256
1088257
1088258
1088259
1088260
1088261
1088263
1088264
1088265
1088266
1088267
1088268
108827
1088270
1088271
1088272
1088273
1088274
1088275
1088276
1088277
1088279
1088280
1088281
1088282
1088283
1088284
1088285
1088286
1088289
1088290
1088291
1088292
1088293
1088294
1088296
1088297
1088298
1088299
108830
1088300
1088301
1088302
1088303
1088304
1088305
1088306
1088307
1088308
108831
1088311
1088312
1088315
1088318
1088319
1088320
1088321
1088322
1088323
1088325
1088326
1088327
1088328
1088329
108833
1088330
1088331
1088332
1088333
1088334
1088335
1088336
1088337
1088338
1088339
1088340
1088341
1088342
1088343
1088344
1088345
1088346
1088347
1088348
1088349
108835
1088350
