973038
973039
973040
973041
973042
973043
973044
973045
973048
973049
973050
973051
973052
973053
973054
973055
973056
973057
973059
973060
973062
973063
973064
973065
973066
973067
973068
973069
973070
973071
973072
973073
973074
973075
973076
973077
973078
973079
973080
973081
973082
973083
973084
973085
973086
973087
973088
973089
973090
973091
973092
973093
973094
973095
973096
973101
973102
973103
973105
973106
973107
973108
973109
973110
973112
973113
973114
973115
973116
973117
973118
973119
973120
973121
973122
973123
973125
973126
973127
973128
973129
973130
973131
973132
973133
973134
973135
973136
973137
973138
973139
973140
973141
973142
973144
973145
973146
973148
973149
973150
973151
973152
973153
973154
973155
973156
973157
973158
973160
973161
973162
973163
973164
973165
973166
973167
973168
973170
973172
973173
973174
973175
973176
973177
973178
973179
973180
973181
973183
973184
973185
973187
973188
973189
973193
973194
973197
973200
973201
973202
973203
973204
973205
973206
973207
973208
973209
973210
973211
973212
973213
973214
973215
973217
973218
973219
973220
973221
973222
973223
973224
973225
973227
973228
973229
973230
973231
973232
973233
973234
973235
973237
973238
973239
973241
973242
973243
973244
973245
973246
973247
973248
973249
973250
973251
973252
973254
973255
973256
973257
973258
973259
973260
973261
973262
973263
973264
973265
973266
973267
973268
973271
973273
973274
973276
973277
973278
973279
973280
973281
973282
973283
973284
973285
973286
973287
973288
973289
973290
973292
973293
973294
973295
973296
973297
973298
973300
973301
973302
973304
973305
973306
973307
973308
973309
973310
973311
973312
973313
973314
973315
973316
973317
973318
973319
973320
973321
973322
973323
973324
973325
973326
973327
973328
973329
973331
973332
973333
973334
973336
973337
973338
973339
973340
973341
973342
973343
973344
973345
973346
973347
973348
973349
973350
973351
973352
973353
973354
973355
973356
973357
973358
973359
973360
973361
973362
973363
973364
973365
973367
973368
973369
973370
973371
973373
973374
973375
973376
973377
973378
973379
973380
973381
973382
973383
973384
973385
973386
973387
973388
973389
973390
973391
973392
973393
973394
973395
973396
973397
973398
973399
973400
973401
973402
973403
973404
973405
973406
973407
973408
973409
973410
973411
973412
973413
973415
973416
973417
973418
973419
973420
973421
973422
973423
973424
973425
973426
973428
973429
973430
973431
973432
973433
973434
973435
973436
973437
973438
973439
973440
973441
973442
973443
973444
973445
973446
973447
973448
973449
973450
973451
973453
973454
973455
973456
973457
973458
973459
973460
973461
973462
973463
973464
973465
973466
973467
973468
973469
973470
973471
973472
973474
973475
973476
973478
973479
973480
973481
973482
973483
973484
973485
973486
973487
973488
973489
973490
973493
973494
973495
973496
973497
973498
973499
973500
973501
973502
973503
973504
973505
973506
973507
973508
973509
973510
973511
973512
973513
973514
973515
973516
973517
973518
973519
973521
973522
973524
973525
973526
973527
973528
973529
973530
973531
973532
973533
973534
973535
973536
973537
973538
973540
973541
973543
973544
973545
973546
973548
973549
973550
973551
973552
973553
973554
973555
973557
973558
973559
973560
973561
973562
973563
973564
973565
973566
973567
973568
973569
973570
973571
973572
973574
973575
973576
973578
973579
973580
973582
973583
973584
973585
973587
973588
973589
973590
973591
973592
973593
973594
973595
973596
973598
973601
973602
973603
973604
973605
973606
973607
973608
973609
973610
973611
973612
973614
973615
973616
973617
973618
973619
973620
973621
973622
973623
973624
973625
973627
973628
973629
973630
973631
973632
973633
973634
973635
973637
973638
973639
973640
973642
973643
973644
973648
973649
973650
973652
973653
973654
973656
973657
973658
973659
973660
973661
973662
973663
973664
973665
973666
973667
973668
973669
973670
973671
973672
973673
973674
973675
973676
973677
973678
973679
973680
973681
973682
973683
973684
973686
973687
973688
973690
973691
973692
973693
973694
973695
973697
973698
973699
973700
973701
973702
973703
973704
973705
973706
973707
973709
973710
973711
973713
973714
973715
973717
973718
973719
973720
973722
973723
973724
973725
973726
973727
973728
973729
973731
973732
973733
973735
973736
973737
973738
973739
973740
973741
973742
973743
973744
973745
973746
973747
973748
973749
973750
973752
973753
973755
973756
973757
973758
973759
973760
973761
973762
973763
973764
973765
973766
973768
973769
973770
973771
973772
973775
973776
973778
973779
973780
973781
973782
973783
973784
973785
973786
973787
973788
973789
973790
973792
973793
973794
973795
973797
973799
973800
973801
973803
973804
973805
973806
973807
973808
973809
973810
973811
973813
973814
973815
973816
973817
973818
973819
973820
973821
973822
973823
973826
973827
973828
973829
973830
973831
973832
973833
973834
973835
973836
973837
973838
973839
973840
973841
973842
973843
973844
973845
973846
973847
973848
973849
973850
973851
973852
973853
973854
973855
973856
973857
973858
973859
973860
973861
973862
973863
973864
973865
973867
973868
973869
973870
973871
973872
973873
973874
973875
973876
973877
973878
973879
973880
973881
973883
973884
973885
973886
973888
973889
973890
973891
973892
973893
973894
973895
973896
973897
973899
973900
973901
973902
973904
973905
973906
973907
973908
973909
973910
973911
973912
973914
973915
973916
973917
973918
973919
973921
973923
973925
973926
973927
973928
973929
973930
973931
973932
973933
973934
973935
973936
973937
973938
973939
973940
973941
973942
973943
973944
973946
973947
973948
973949
973950
973951
973952
973953
973954
973955
973956
973958
973959
973960
973961
973962
973963
973964
973965
973966
973967
973968
973969
973970
973971
973972
973973
973975
973977
973978
973979
973980
973981
973982
973983
973985
973986
973987
973988
973989
973990
973991
973993
973994
973995
973996
973997
973998
973999
974000
974001
974002
974003
974004
974006
974007
974008
974010
974011
974012
974013
974014
974015
974016
974017
974018
974019
974020
974021
974022
974023
974024
974025
974026
974027
974028
974029
974030
974031
974032
974033
974034
974035
974036
974037
974038
974039
974040
974041
974042
974043
974044
974045
974046
974047
974048
974049
974050
974051
974052
974053
974054
974055
974056
974057
974058
974059
974060
974061
974062
974063
974064
974065
974066
974067
974068
974069
974070
974071
974072
974073
974074
974076
974077
974078
974079
974080
974081
974082
974083
974084
974085
974086
974087
974088
974090
974091
974092
974093
974094
974095
974098
974100
974101
974102
974103
974104
974105
974107
974108
974110
974112
974114
974115
974116
974117
974118
974119
974120
974122
974123
974124
974125
974126
974127
974128
974129
974130
974131
974132
974133
974134
974135
974137
974138
974139
974140
974143
974145
974146
974147
974148
974149
974151
974153
974154
974156
974157
974158
974159
974160
974161
974162
974163
974164
974165
974166
974167
974168
974169
974170
974171
974172
974173
974174
974175
974176
974177
974180
974181
974182
974184
974185
974186
974187
974188
974189
974190
974191
974192
974195
974196
974197
974198
974199
974201
974202
974203
974204
974206
974207
974208
974209
974210
974211
974212
974213
974214
974215
974216
974217
974219
974220
974221
974222
974223
974224
974226
974227
974228
974229
974230
974231
974232
974233
974234
974235
974236
974237
974238
974239
974240
974241
974242
974243
974244
974245
974246
974247
974248
974249
974250
974252
974253
974254
974256
974257
974258
974259
974260
974262
974263
974264
974266
974269
974270
974271
974272
974273
974274
974275
974276
974277
974278
974280
974284
974287
974288
974289
974290
974291
974292
974293
974294
974296
974297
974298
974299
974300
974301
974303
974304
974308
974310
974311
974312
974313
974314
974315
974316
974318
974319
974320
974321
974322
974323
974325
974326
974327
974328
974329
974330
974331
974332
974333
974336
974337
974338
974340
974341
974342
974343
974344
974345
974346
974347
974348
974349
974351
974352
974353
974354
974355
974356
974357
974359
974360
974361
974362
974363
974364
974365
974366
974367
974368
974369
974370
974371
974372
974373
974374
974375
974376
974380
974381
974382
974383
974384
974385
974386
974387
974388
974389
974390
974391
974392
974393
974394
974395
974396
974397
974398
974399
974400
974401
974402
974403
974404
974405
974406
974407
974408
974409
974411
974412
974413
974414
974415
974416
974417
974418
974419
974420
974421
974422
974423
974424
974425
974426
974427
974428
974429
974430
974431
974432
974433
974434
974436
974437
974438
974439
974440
974441
974442
974443
974444
974445
974446
974447
974448
974449
974450
974451
974452
974453
974454
974455
974456
974459
974460
974461
974462
974463
974464
974465
974466
974467
974468
974469
974470
974471
974472
974473
974474
974475
974476
974477
974478
974479
974480
974481
974482
974484
974485
974486
974487
974488
974489
974490
974493
974494
974496
974497
974498
974500
974502
974503
974504
974505
974506
974508
974509
974510
974511
974512
974513
974515
974516
974518
974520
974521
974522
974523
974524
974526
974528
974529
974531
974533
974534
974535
974536
974537
974538
974539
974540
974541
974542
974543
974544
974545
974546
974547
974548
974549
974550
974551
974552
974553
974555
974556
974557
974558
974559
974560
974561
974562
974563
974564
974568
974569
974571
974572
974573
974574
974575
974576
974578
974580
974581
974582
974583
974584
974585
974586
974587
974588
974589
974590
974591
974593
974594
974595
974596
974597
974598
974600
974602
974603
974604
974605
974606
974607
974608
974609
974610
974611
974612
974613
974614
974615
974616
974617
974618
974619
974620
974621
974622
974623
974624
974626
974627
974628
974629
974630
974631
974632
974633
974634
974635
974636
974637
974639
974640
974641
974642
974643
974644
974645
974648
974649
974650
974651
974652
974653
974654
974655
974656
974657
974658
974659
974660
974662
974663
974664
974665
974666
974668
974669
974670
974671
974672
974673
974674
974675
974676
974680
974681
974682
974683
974684
974685
974687
974688
974689
974691
974692
974694
974695
974696
974697
974698
974699
974700
974701
974702
974703
974704
974705
974706
974709
974710
974711
974712
974713
974714
974715
974716
974717
974718
974719
974720
974721
974722
974724
974725
974726
974727
974728
974729
974730
974731
974732
974734
974735
974739
974740
974741
974742
974743
974744
974745
974746
974748
974749
974750
974751
974752
974753
974754
974755
974756
974757
974758
974759
974760
974761
974762
974763
974764
974765
974766
974767
974768
974769
974770
974771
974772
974773
974774
974775
974776
974777
974778
974779
974780
974781
974782
974783
974784
974785
974786
974787
974788
974789
974790
974792
974793
974794
974796
974797
974798
974799
974800
974801
974802
974804
974805
974807
974808
974809
974810
974811
974814
974815
974816
974817
974818
974819
974820
974821
974822
974823
974824
974825
974827
974828
974830
974831
974832
974833
974834
974835
974836
974837
974838
974839
974843
974845
974847
974848
974850
974851
974852
974853
974854
974855
974856
974857
974858
974859
974860
974861
974862
974863
974864
974865
974866
974867
974868
974869
974871
974872
974873
974875
974876
974877
974878
974879
974880
974881
974882
974883
974884
974885
974886
974887
974888
974889
974890
974891
974892
974893
974894
974895
974896
974897
974899
974901
974902
974903
974904
974906
974907
974908
974909
974910
974911
974912
974913
974914
974915
974916
974917
974918
974919
974920
974921
974925
974926
974927
974928
974930
974931
974932
974933
974934
974935
974936
974938
974939
974940
974941
974942
974943
974944
974945
974946
974947
974948
974949
974950
974951
974952
974953
974954
974955
974956
974957
974958
974959
974960
974961
974962
974963
974964
974965
974966
974967
974968
974969
974970
974971
974972
974973
974975
974976
974977
974978
974979
974980
974981
974982
974983
974984
974985
974986
974987
974988
974989
974990
974991
974992
974993
974994
974995
974996
974997
974998
974999
975000
975002
975003
975004
975005
975006
975007
975008
975009
975010
975011
975012
975013
975014
975015
975016
975017
975018
975019
975021
975022
975023
975024
975025
975026
975027
975028
975029
975030
975031
975032
975035
975036
975038
975039
975041
975042
975043
975044
975045
975046
975047
975048
975049
975050
975051
975052
975053
975054
975056
975057
975058
975060
975061
975062
975063
975064
975065
975066
975067
975068
975069
975070
975071
975072
975073
975074
975075
975076
975077
975078
975079
975080
975081
975082
975083
975084
975085
975086
975087
975088
975089
975090
975091
975092
975093
975094
975095
975096
975097
975098
975099
975100
975103
975104
975105
975106
975107
975108
975109
975110
975111
975112
975113
975114
975115
975116
975118
975119
975120
975121
975122
975123
975124
975125
975126
975127
975128
975129
975130
975131
975132
975133
975134
975135
975136
975137
975138
975139
975140
975141
975142
975143
975144
975145
975146
975147
975148
975149
975150
975151
975152
975153
975154
975155
975157
975158
975159
975160
975161
975162
975163
975164
975165
975167
975168
975169
975170
975173
975174
975177
975179
975180
975181
975182
975183
975185
975186
975187
975188
975189
975190
975191
975192
975193
975194
975195
975196
975197
975199
975200
975201
975202
975203
975204
975205
975206
975207
975209
975210
975211
975212
975213
975214
975215
975216
975217
975218
975219
975220
975221
975222
975223
975224
975225
975227
975228
975229
975230
975231
975232
975233
975234
975235
975236
975237
975238
975239
975240
975241
975242
975244
975245
975246
975247
975248
975249
975250
975251
975252
975253
975254
975255
975256
975259
975260
975261
975262
975263
975264
975265
975266
975267
975268
975269
975270
975271
975272
975273
975274
975275
975276
975277
975278
975281
975282
975283
975284
975285
975286
975287
975288
975289
975290
975291
975293
975295
975296
975297
975298
975299
975300
975301
975302
975303
975304
975305
975307
975308
975309
975310
975311
975312
975313
975314
975315
975316
975317
975318
975319
975320
975321
975322
975323
975324
975326
975327
975328
975329
975330
975332
975333
975334
975335
975337
975338
975339
975340
975341
975342
975343
975344
975345
975346
975348
975349
975350
975351
975352
975353
975354
975355
975356
975357
975359
975360
975361
975365
975366
975367
975370
975371
975372
975373
975374
975375
975376
975377
975379
975380
975381
975382
975383
975384
975385
975386
975388
975390
975391
975392
975394
975395
975396
975397
975398
975399
975400
975401
975403
975405
975406
975407
975408
975410
975411
975412
975413
975414
975415
975416
975417
975418
975419
975420
975422
975423
975424
975425
975426
975427
975428
975429
975430
975431
975433
975434
975435
975436
975437
975438
975440
975441
975442
975443
975444
975445
975446
975447
975448
975449
975450
975451
975452
975454
975455
975456
975457
975458
975459
975460
975461
975462
975463
975464
975465
975466
975467
975468
975469
975470
975471
975473
975474
975475
975476
975477
975478
975479
975481
975482
975483
975484
975485
975486
975487
975488
975489
975490
975491
975492
975493
975494
975495
975496
975497
975498
975499
975500
975501
975502
975504
975505
975506
975507
975508
975509
975510
975511
975512
975513
975514
975515
975516
975517
975518
975519
975520
975521
975522
975523
975525
975526
975528
975529
975530
975531
975532
975533
975534
975535
975536
975537
975539
975540
975541
975542
975543
975544
975545
975546
975547
975549
975550
975551
975552
975553
975554
975555
975556
975558
975560
975561
975562
975563
975564
975565
975566
975567
975568
975569
975570
975571
975572
975573
975574
975575
975576
975577
975578
975579
975581
975582
975583
975584
975585
975587
975589
975591
975592
975593
975594
975595
975596
975597
975598
975599
975600
975601
975602
975603
975604
975605
975606
975607
975608
975609
975610
975611
975612
975613
975614
975615
975616
975617
975618
975619
975620
975621
975622
975623
975625
975626
975627
975628
975629
975630
975631
975632
975633
975634
975635
975636
975637
975638
975639
975640
975641
975642
975643
975644
975645
975646
975647
975648
975649
975650
975651
975652
975653
975654
975655
975656
975658
975659
975661
975662
975664
975665
975668
975669
975670
975671
975672
975673
975674
975675
975677
975678
975679
975680
975681
975682
975683
975684
975685
975686
975687
975688
975689
975690
975691
975692
975693
975694
975695
975696
975697
975698
975699
975700
975701
975702
975703
975704
975705
975706
975707
975708
975709
975710
975711
975712
975713
975714
975715
975716
975717
975718
975719
975720
975721
975723
975725
975726
975727
975728
975729
975730
975731
975732
975733
975734
975735
975736
975737
975738
975739
975740
975741
975742
975743
975744
975745
975747
975748
975749
975750
975751
975752
975753
975754
975755
975758
975759
975760
975761
975762
975763
975765
975766
975767
975768
975769
975770
975771
975772
975773
975774
975775
975778
975779
975781
975782
975783
975784
975785
975787
975788
975789
975790
975791
975792
975793
975794
975795
975796
975797
975798
975799
975800
975801
975802
975804
975805
975806
975807
975808
975809
975810
975811
975812
975813
975814
975815
975816
975817
975818
975819
975822
975823
975824
975826
975828
975829
975830
975831
975833
975834
975835
975836
975837
975839
975840
975841
975842
975844
975845
975846
975847
975849
975850
975851
975852
975853
975855
975856
975857
975858
975859
975860
975863
975864
975865
975866
975867
975868
975869
975871
975872
975874
975876
975878
975880
975881
975882
975885
975887
975888
975893
975894
975895
975897
975898
975899
975901
975902
975904
975905
975906
975907
975908
975909
975911
975912
975914
975915
975916
975917
975920
975921
975922
975923
975925
975927
975928
975930
975931
975932
975933
975935
975936
975937
975938
975939
975940
975942
975943
975944
975945
975946
975948
975949
975950
975951
975952
975953
975954
975955
975956
975957
975958
975960
975961
975962
975963
975964
975965
975966
975967
975968
975969
975970
975971
975972
975973
975974
975975
975976
975977
975978
975979
975980
975981
975983
975984
975985
975986
975987
975988
975989
975990
975991
975992
975993
975994
975995
975996
975997
975998
975999
976000
976001
976002
976003
976004
976005
976006
976007
976008
976009
976010
976011
976013
976014
976015
976018
976019
976020
976021
976022
976023
976024
976025
976026
976027
976028
976029
976030
976031
976032
976033
976034
976035
976036
976037
976038
976040
976041
976042
976043
976045
976046
976047
976048
976049
976051
976052
976053
976054
976055
976056
976057
976058
976059
976060
976061
976062
976063
976064
976065
976066
976067
976068
976069
976070
976071
976072
976073
976074
976075
976076
976077
976078
976079
976080
976081
976082
976083
976084
976085
976086
976087
976088
976089
976090
976091
976092
976094
976095
976096
976097
976098
976099
976100
976101
976102
976103
976104
976105
976106
976107
976108
976109
976110
976111
976112
976113
976114
976115
976116
976117
976119
976120
976121
976122
976124
976125
976126
976127
976128
976129
976130
976131
976132
976134
976135
976136
976137
976138
976139
976140
976141
976142
976143
976144
976148
976149
976150
976151
976152
976153
976154
976155
976156
976157
976158
976159
976160
976161
976162
976163
976164
976169
976170
976171
976172
976173
976177
976178
976179
976181
976182
976183
976184
976185
976186
976187
976188
976189
976190
976191
976192
976193
976194
976195
976196
976197
976198
976199
976200
976201
976202
976203
976204
976205
976206
976207
976208
976209
976210
976211
976212
976213
976214
976215
976216
976217
976218
976219
976220
976221
976223
976224
976225
976226
976227
976229
976230
976231
976232
976233
976235
976236
976237
976238
976239
976240
976241
976243
976244
976245
976246
976247
976248
976249
976250
976252
976253
976254
976255
976256
976257
976258
976259
976260
976261
976262
976264
976265
976266
976267
976269
976271
976272
976273
976274
976276
976277
976278
976279
976280
976281
976282
976283
976284
976285
976286
976287
976288
976289
976290
976291
976292
976293
976294
976295
976296
976297
976298
976300
976301
976302
976304
976305
976306
976308
976309
976310
976311
976312
976314
976315
976316
976318
976319
976320
976321
976322
976323
976324
976325
976326
976327
976329
976330
976331
976332
976333
976334
976335
976336
976337
976338
976339
976340
976341
976342
976343
976344
976345
976346
976347
976348
976349
976350
976351
976352
976353
976354
976355
976356
976357
976358
976359
976360
976361
976362
976363
976364
976365
976366
976367
976368
976369
976370
976371
976372
976374
976375
976377
976378
976379
976380
976381
976382
976385
976386
976387
976388
976389
976390
976391
976392
976393
976395
976396
976397
976398
976399
976400
976401
976402
976403
976404
976405
976407
976408
976410
976411
976412
976413
976414
976415
976416
976417
976418
976419
976420
976421
976422
976423
976424
976425
976426
976427
976428
976429
976430
976431
976432
976433
976434
976435
976436
976437
976438
976439
976440
976441
976442
976443
976444
976445
976446
976447
976448
976449
976450
976451
976452
976453
976454
976455
976456
976457
976458
976459
976461
976462
976463
976464
976465
976466
976468
976469
976470
976471
976472
976475
976476
976477
976478
976479
976480
976481
976482
976483
976484
976485
976486
976487
976488
976489
976490
976491
976492
976493
976494
976495
976496
976497
976498
976499
976501
976502
976503
976504
976505
976506
976507
976508
976509
976510
976511
976512
976513
976514
976515
976516
976517
976518
976519
976520
976521
976522
976523
976524
976526
976527
976528
976529
976530
976531
976532
976533
976534
976535
976536
976537
976538
976540
976541
976542
976543
976544
976545
976546
976547
976548
976550
976551
976553
976554
976555
976556
976557
976558
976561
976562
976563
976564
976565
976566
976567
976568
976569
976570
976571
976573
976574
976575
976576
976578
976579
976581
976582
976583
976584
976585
976586
976587
976588
976589
976591
976592
976593
976594
976595
976596
976597
976598
976599
976600
976601
976602
976603
976604
976606
976608
976609
976610
976611
976612
976614
976616
976617
976618
976619
976620
976621
976622
976623
976624
976625
976626
976627
976628
976630
976631
976632
976633
976634
976635
976636
976637
976638
976639
976640
976641
976642
976643
976644
976645
976646
976647
976648
976649
976650
976651
976653
976654
976655
976656
976657
976658
976659
976660
976661
976662
976663
976664
976665
976666
976667
976668
976669
976670
976671
976672
976673
976674
976675
976676
976677
976678
976680
976681
976682
976683
976684
976685
976686
976687
976688
976690
976691
976692
976693
976694
976695
976696
976697
976698
976699
976700
976701
976702
976703
976704
976705
976706
976707
976708
976709
976710
976711
976712
976713
976714
976715
976716
976717
976718
976720
976721
976722
976723
976724
976725
976726
976728
976729
976731
976732
976733
976734
976735
976736
976737
976739
976740
976741
976742
976743
976744
976745
976747
976748
976750
976751
976752
976753
976754
976755
976756
976757
976758
976759
976760
976761
976762
976763
976764
976765
976766
976767
976768
976769
976770
976771
976772
976773
976774
976775
976776
976777
976779
976780
976781
976783
976784
976785
976786
976787
976788
976790
976791
976792
976793
976794
976795
976796
976797
976798
976799
976800
976801
976802
976803
976804
976805
976806
976807
976808
976809
976810
976811
976812
976813
976814
976815
976816
976817
976818
976819
976820
976821
976822
976823
976824
976825
976826
976827
976828
976829
976830
976831
976832
976833
976834
976835
976836
976837
976838
976839
976840
976841
976842
976843
976844
976845
976846
976847
976849
976850
976851
976852
976853
976854
976856
976857
976858
976859
976860
976862
976863
976864
976865
976866
976867
976868
976869
976870
976871
976872
976873
976874
976875
976876
976877
976878
976879
976881
976882
976883
976884
976885
976886
976887
976888
976889
976890
976891
976892
976893
976894
976895
976897
976898
976899
976901
976902
976903
976904
976905
976906
976907
976908
976909
976911
976912
976913
976914
976915
976916
976917
976918
976919
976920
976921
976922
976923
976924
976925
976926
976927
976928
976930
976931
976932
976933
976934
976935
976936
976938
976939
976940
976941
976942
976943
976944
976945
976946
976947
976948
976949
976950
976951
976952
976953
976954
976955
976956
976957
976959
976960
976961
976963
976964
976966
976967
976968
976969
976970
976971
976972
976973
976974
976975
976976
976977
976978
976980
976981
976982
976983
976984
976985
976986
976987
976988
976989
976990
976991
976992
976993
976994
976995
976996
976997
976998
976999
977000
977001
977002
977004
977005
977006
977007
977008
977009
977010
977011
977012
977013
977014
977016
977017
977018
977019
977020
977021
977022
977023
977024
977025
977026
977027
977028
977029
977030
977032
977033
977034
977035
977036
977037
977039
977041
977042
977043
977044
977045
977046
977047
977048
977049
977050
977051
977052
977053
977054
977056
977058
977059
977061
977062
977063
977065
977066
977069
977070
977071
977072
977073
977074
977075
977076
977077
977078
977079
977080
977081
977082
977083
977085
977086
977087
977088
977089
977090
977091
977092
977093
977094
977095
977096
977097
977098
977099
977100
977102
977103
977104
977105
977106
977107
977108
977109
977110
977111
977112
977113
977114
977115
977116
977117
977119
977120
977121
977122
977123
977125
977126
977128
977129
977130
977131
977132
977133
977134
977135
977136
977137
977138
977139
977141
977142
977143
977144
977145
977147
977148
977149
977150
977151
977152
977153
977154
977155
977156
977157
977158
977160
977161
977162
977163
977165
977166
977167
977168
977169
977170
977171
977172
977173
977174
977175
977176
977177
977178
977179
977180
977181
977182
977183
977184
977185
977188
977189
977190
977191
977194
977195
977196
977197
977198
977199
977200
977201
977202
977203
977205
977206
977207
977208
977209
977210
977211
977212
977213
977214
977215
977216
977217
977218
977219
977221
977222
977223
977224
977225
977226
977227
977228
977229
977230
977231
977232
977233
977234
977235
977236
977237
977239
977240
977241
977242
977244
977245
977246
977247
977248
977249
977250
977251
977252
977253
977254
977255
977256
977257
977258
977259
977260
977261
977262
977265
977266
977267
977269
977270
977271
977272
977273
977274
977275
977276
977277
977278
977279
977280
977281
977282
977283
977284
977285
977286
977287
977288
977289
977290
977291
977292
977294
977295
977296
977297
977298
977299
977300
977301
977302
977303
977305
977306
977307
977309
977310
977311
977312
977313
977314
977315
977316
977317
977318
977319
977320
977321
977322
977323
977324
977325
977326
977327
977328
977330
977331
977332
977333
977334
977335
977336
977337
977338
977339
977340
977341
977342
977343
977344
977345
977346
977347
977348
977349
977350
977351
977352
977353
977354
977356
977357
977358
977359
977360
977361
977362
977363
977364
977365
977366
977367
977368
977369
977370
977371
977372
977374
977375
977376
977377
977378
977380
977382
977383
977384
977385
977386
977387
977388
977389
977391
977392
977394
977396
977397
977398
977400
977401
977402
977403
977404
977405
977406
977407
977408
977409
977410
977411
977412
977413
977414
977415
977416
977417
977418
977419
977420
977422
977424
977425
977426
977427
977428
977429
977430
977431
977432
977433
977434
977435
977436
977437
977438
977439
977440
977441
977442
977443
977444
977445
977446
977447
977448
977449
977450
977451
977452
977453
977454
977456
977457
977458
977459
977460
977461
977462
977463
977464
977465
977466
977467
977468
977470
977471
977472
977473
977474
977475
977476
977477
977478
977479
977480
977481
977482
977483
977484
977485
977486
977487
977488
977490
977491
977492
977493
977494
977495
977496
977499
977500
977502
977503
977505
977506
977507
977510
977511
977512
977513
977514
977515
977518
977519
977521
977522
977525
977526
977527
977528
977532
977533
977534
977537
977538
977540
977541
977542
977543
977544
977545
977546
977547
977548
977549
977550
977551
977552
977553
977554
977555
977556
977557
977558
977559
977560
977561
977562
977564
977566
977568
977570
977571
977572
977573
977574
977575
977576
977577
977578
977579
977580
977582
977583
977584
977585
977586
977587
977588
977589
977590
977591
977592
977593
977594
977595
977596
977597
977598
977599
977600
977601
977602
977603
977604
977605
977606
977607
977608
977609
977610
977611
977612
977615
977617
977618
977620
977621
977622
977623
977624
977625
977626
977627
977628
977629
977630
977631
977632
977633
977634
977635
977636
977637
977638
977639
977640
977642
977643
977644
977645
977646
977647
977648
977649
977650
977651
977652
977653
977654
977656
977657
977659
977660
977661
977662
977663
977664
977665
977666
977668
977669
977671
977672
977673
977674
977675
977676
977677
977678
977679
977680
977681
977682
977683
977684
977685
977686
977687
977688
977689
977690
977691
977692
977693
977694
977695
977696
977697
977698
977699
977700
977701
977702
977703
977704
977705
977706
977707
977708
977709
977710
977712
977713
977714
977716
977717
977718
977719
977722
977723
977724
977725
977726
977727
977728
977729
977730
977731
977732
977733
977734
977735
977736
977737
977738
977739
977740
977741
977742
977743
977745
977746
977747
977748
977749
977750
977751
977752
977753
977754
977755
977756
977757
977758
977759
977760
977761
977762
977763
977764
977765
977766
977768
977769
977770
977771
977772
977773
977774
977775
977777
977778
977779
977780
977782
977783
977784
977785
977786
977787
977788
977789
977790
977791
977792
977793
977794
977795
977796
977797
977798
977799
977800
977801
977802
977803
977804
977805
977807
977808
977809
977810
977811
977813
977815
977816
977817
977818
977819
977820
977821
977822
977823
977824
977826
977827
977828
977829
977830
977831
977832
977833
977835
977836
977839
977840
977841
977842
977843
977844
977845
977846
977847
977848
977849
977850
977851
977852
977853
977854
977855
977856
977857
977858
977859
977860
977861
977862
977864
977865
977866
977867
977869
977870
977871
977872
977873
977874
977875
977876
977877
977878
977881
977882
977884
977885
977886
977887
977888
977889
977891
977892
977893
977894
977895
977896
977897
977898
977899
977900
977901
977902
977905
977906
977907
977908
977909
977910
977911
977912
977914
977916
977919
977921
977922
977923
977924
977925
977926
977927
977928
977929
977930
977931
977932
977933
977934
977935
977936
977937
977938
977939
977940
977941
977942
977944
977945
977946
977947
977948
977949
977950
977951
977952
977953
977954
977956
977957
977958
977959
977960
977961
977963
977964
977966
977967
977968
977969
977970
977971
977973
977974
977975
977976
977977
977978
977979
977981
977985
977986
977987
977988
977989
977990
977991
977992
977993
977994
977995
977997
977998
977999
978000
978001
978002
978004
978006
978007
978008
978009
978012
978013
978014
978015
978016
978017
978019
978020
978021
978022
978024
978025
978026
978027
978028
978029
978030
978031
978032
978033
978034
978035
978036
978037
978038
978039
978040
978041
978042
978043
978044
978045
978046
978047
978050
978051
978053
978054
978055
978056
978057
978059
978060
978061
978062
978063
978064
978065
978066
978067
978068
978069
978070
978071
978072
978073
978075
978076
978077
978078
978079
978080
978081
978082
978083
978085
978086
978087
978088
978089
978090
978091
978092
978093
978094
978095
978096
978097
978098
978099
978100
978101
978102
978103
978104
978105
978106
978108
978109
978110
978111
978113
978114
978117
978118
978119
978120
978121
978122
978123
978124
978126
978127
978128
978129
978131
978132
978133
978134
978135
978136
978137
978138
978139
978140
978141
978142
978143
978144
978145
978146
978147
978148
978149
978150
978151
978152
978153
978154
978156
978157
978158
978159
978160
978161
978162
978163
978164
978166
978167
978168
978169
978170
978171
978172
978173
978174
978175
978176
978177
978178
978179
978180
978182
978183
978185
978186
978187
978188
978189
978190
978191
978192
978193
978195
978196
978197
978198
978199
978200
978201
978202
978203
978204
978205
978206
978207
978208
978209
978210
978211
978212
978214
978216
978217
978218
978219
978220
978221
978222
978223
978224
978226
978228
978231
978232
978233
978234
978235
978236
978237
978238
978239
978240
978241
978242
978243
978245
978246
978247
978248
978249
978250
978251
978252
978253
978254
978255
978256
978257
978258
978259
978260
978261
978262
978263
978264
978265
978266
978267
978268
978269
978270
978271
978272
978273
978274
978275
978276
978277
978278
978279
978280
978281
978283
978284
978285
978286
978287
978288
978289
978290
978291
978292
978293
978294
978295
978296
978297
978298
978299
978300
978301
978302
978303
978304
978305
978306
978307
978308
978309
978310
978311
978314
978315
978316
978317
978318
978319
978320
978321
978322
978323
978325
978326
978327
978328
978329
978330
978331
978332
978333
978334
978335
978336
978337
978338
978339
978340
978341
978342
978343
978344
978345
978347
978348
978349
978350
978351
978352
978353
978354
978355
978356
978357
978358
978359
978360
978362
978363
978364
978365
978366
978367
978368
978369
978370
978371
978372
978373
978374
978376
978377
978378
978379
978381
978382
978383
978384
978385
978386
978387
978389
978390
978391
978392
978393
978394
978395
978396
978397
978398
978399
978400
978401
978402
978403
978404
978405
978406
978407
978408
978410
978411
978412
978413
978414
978415
978416
978418
978419
978420
978421
978422
978423
978424
978426
978427
978428
978429
978430
978431
978432
978434
978435
978436
978437
978438
978439
978440
978441
978442
978443
978444
978445
978446
978447
978448
978449
978450
978451
978452
978453
978454
978455
978456
978458
978459
978460
978461
978462
978464
978465
978466
978467
978468
978469
978470
978471
978472
978473
978474
978475
978476
978477
978478
978479
978480
978481
978482
978483
978484
978485
978486
978487
978489
978490
978491
978492
978493
978494
978495
978496
978497
978498
978499
978500
978501
978502
978503
978504
978505
978506
978507
978508
978509
978510
978511
978512
978515
978516
978517
978519
978521
978522
978523
978524
978525
978526
978527
978528
978530
978531
978532
978533
978534
978535
978536
978537
978538
978539
978540
978541
978542
978543
978544
978546
978547
978548
978549
978550
978554
978555
978556
978557
978558
978559
978560
978561
978562
978564
978565
978566
978567
978568
978570
978571
978572
978573
978574
978575
978576
978577
978578
978579
978580
978581
978582
978583
978584
978585
978586
978587
978588
978589
978590
978591
978592
978593
978594
978595
978596
978597
978599
978600
978601
978602
978603
978604
978605
978606
978608
978609
978610
978611
978612
978613
978614
978615
978616
978617
978618
978619
978620
978621
978622
978624
978625
978626
978627
978628
978629
978630
978631
978632
978633
978634
978635
978636
978637
978638
978639
978640
978641
978642
978643
978644
978645
978646
978647
978648
978649
978650
978651
978652
978653
978654
978655
978656
978657
978658
