978659
978660
978661
978662
978663
978664
978665
978666
978667
978668
978669
978671
978672
978673
978674
978675
978676
978677
978678
978679
978680
978681
978682
978683
978684
978685
978686
978687
978688
978689
978690
978691
978692
978693
978694
978695
978696
978697
978698
978699
978700
978701
978703
978704
978705
978706
978707
978708
978709
978710
978711
978712
978714
978715
978716
978717
978719
978720
978721
978722
978723
978724
978726
978727
978728
978729
978730
978731
978733
978734
978735
978737
978739
978740
978742
978743
978744
978747
978748
978749
978751
978752
978753
978754
978758
978759
978760
978761
978762
978763
978765
978766
978767
978768
978770
978771
978772
978773
978774
978775
978776
978777
978778
978779
978780
978781
978782
978783
978784
978787
978788
978789
978790
978791
978792
978793
978794
978795
978796
978797
978798
978799
978800
978801
978802
978803
978804
978805
978806
978807
978808
978809
978812
978813
978814
978815
978816
978818
978819
978821
978822
978823
978824
978825
978826
978828
978830
978832
978833
978834
978835
978836
978837
978838
978839
978840
978841
978843
978845
978848
978849
978850
978851
978853
978854
978855
978856
978857
978858
978859
978860
978861
978863
978864
978865
978866
978868
978869
978870
978872
978873
978874
978875
978876
978877
978878
978879
978880
978881
978882
978883
978885
978886
978887
978888
978890
978891
978892
978894
978895
978897
978898
978899
978901
978902
978903
978904
978905
978906
978907
978908
978909
978911
978917
978918
978919
978920
978922
978923
978924
978925
978926
978927
978928
978929
978930
978931
978932
978933
978934
978935
978936
978937
978938
978939
978940
978942
978943
978944
978945
978946
978947
978950
978951
978953
978954
978955
978956
978957
978958
978959
978960
978961
978962
978963
978964
978965
978966
978967
978968
978969
978970
978971
978972
978973
978974
978975
978976
978977
978978
978979
978980
978981
978982
978983
978984
978985
978987
978988
978989
978990
978991
978992
978993
978994
978995
978996
978997
978998
979000
979001
979002
979003
979004
979005
979006
979007
979008
979009
979010
979011
979012
979013
979014
979015
979016
979017
979018
979019
979020
979021
979022
979023
979024
979025
979026
979027
979028
979030
979031
979032
979033
979034
979035
979037
979038
979040
979041
979042
979043
979045
979046
979047
979048
979049
979050
979051
979052
979053
979054
979055
979056
979057
979058
979059
979060
979061
979062
979063
979065
979066
979068
979070
979071
979072
979073
979074
979075
979076
979077
979078
979079
979080
979081
979082
979083
979084
979085
979086
979087
979089
979090
979091
979092
979093
979094
979095
979096
979097
979098
979099
979100
979101
979102
979103
979104
979105
979106
979107
979108
979109
979110
979111
979112
979113
979114
979115
979116
979117
979118
979119
979120
979121
979122
979123
979124
979125
979126
979127
979128
979129
979130
979131
979132
979133
979134
979135
979137
979138
979139
979140
979141
979142
979143
979144
979145
979146
979147
979148
979149
979150
979151
979152
979153
979154
979155
979156
979157
979158
979159
979160
979161
979162
979163
979164
979165
979167
979168
979169
979170
979171
979173
979174
979175
979176
979177
979178
979179
979180
979183
979184
979185
979186
979187
979188
979189
979190
979191
979192
979193
979194
979195
979196
979197
979198
979199
979200
979201
979203
979204
979206
979207
979208
979209
979210
979211
979213
979214
979215
979216
979217
979218
979219
979220
979221
979223
979224
979225
979226
979227
979228
979229
979230
979231
979232
979233
979235
979236
979237
979238
979239
979240
979241
979242
979243
979244
979245
979246
979247
979248
979249
979250
979251
979252
979253
979254
979256
979257
979258
979259
979261
979263
979264
979265
979266
979267
979268
979269
979270
979271
979272
979273
979274
979275
979276
979277
979279
979280
979281
979282
979283
979284
979285
979286
979287
979288
979289
979290
979291
979292
979293
979294
979295
979296
979297
979300
979301
979302
979304
979305
979306
979307
979308
979309
979310
979311
979312
979313
979314
979315
979316
979317
979318
979319
979321
979322
979324
979325
979326
979327
979328
979329
979330
979331
979332
979336
979337
979338
979339
979340
979341
979342
979343
979344
979345
979346
979347
979348
979349
979350
979351
979352
979353
979354
979355
979356
979357
979358
979359
979360
979361
979362
979363
979364
979365
979366
979367
979368
979369
979370
979371
979372
979373
979374
979375
979376
979377
979378
979379
979381
979382
979383
979384
979385
979386
979387
979388
979389
979390
979392
979393
979394
979395
979396
979397
979398
979399
979400
979401
979402
979403
979404
979405
979406
979407
979408
979409
979410
979411
979412
979413
979414
979415
979416
979417
979418
979419
979420
979421
979422
979424
979425
979426
979427
979428
979429
979430
979431
979432
979433
979434
979435
979436
979437
979439
979440
979441
979442
979443
979444
979445
979446
979447
979448
979449
979450
979451
979452
979453
979454
979455
979456
979457
979458
979459
979460
979461
979462
979463
979464
979465
979466
979467
979468
979469
979470
979471
979472
979473
979474
979475
979476
979477
979478
979479
979480
979481
979482
979483
979484
979485
979486
979487
979488
979489
979490
979491
979492
979493
979495
979496
979497
979498
979499
979501
979502
979503
979504
979505
979506
979507
979508
979510
979511
979512
979513
979514
979515
979516
979518
979519
979520
979521
979522
979523
979524
979526
979528
979530
979531
979533
979534
979535
979537
979538
979539
979540
979541
979542
979543
979544
979546
979547
979548
979549
979550
979553
979554
979555
979556
979557
979558
979559
979560
979561
979562
979563
979564
979565
979566
979567
979568
979569
979570
979571
979572
979573
979574
979575
979576
979577
979578
979579
979580
979581
979582
979583
979584
979585
979586
979587
979588
979589
979590
979591
979592
979593
979594
979595
979596
979597
979598
979599
979600
979601
979603
979604
979605
979606
979607
979609
979611
979612
979613
979614
979615
979616
979617
979618
979619
979620
979621
979622
979623
979624
979625
979626
979628
979629
979630
979631
979632
979633
979635
979636
979637
979638
979639
979640
979641
979643
979644
979645
979646
979648
979649
979651
979652
979653
979654
979656
979657
979658
979659
979660
979661
979662
979663
979664
979665
979666
979668
979669
979670
979671
979672
979673
979675
979676
979679
979680
979681
979682
979683
979684
979685
979686
979687
979688
979689
979690
979691
979692
979693
979694
979695
979696
979698
979699
979701
979702
979703
979704
979706
979707
979708
979709
979710
979711
979714
979715
979717
979718
979719
979720
979725
979726
979727
979728
979729
979730
979731
979732
979733
979734
979736
979737
979738
979739
979741
979742
979743
979744
979745
979746
979748
979749
979750
979751
979752
979753
979754
979755
979756
979757
979758
979759
979760
979761
979762
979763
979767
979768
979769
979770
979772
979773
979774
979775
979776
979777
979778
979779
979781
979782
979783
979784
979785
979786
979787
979788
979789
979790
979792
979793
979794
979795
979796
979797
979798
979799
979800
979801
979802
979803
979804
979805
979806
979807
979808
979809
979810
979811
979812
979813
979814
979815
979816
979818
979821
979822
979823
979824
979825
979826
979827
979828
979829
979831
979832
979833
979834
979835
979837
979838
979839
979840
979841
979842
979843
979844
979845
979846
979847
979848
979849
979850
979851
979852
979853
979854
979855
979856
979857
979858
979859
979860
979861
979862
979863
979864
979865
979866
979867
979868
979870
979871
979872
979873
979874
979875
979876
979877
979878
979879
979880
979881
979882
979883
979884
979885
979887
979888
979889
979890
979891
979892
979893
979894
979895
979896
979897
979898
979899
979900
979901
979902
979903
979904
979905
979906
979907
979908
979909
979911
979912
979913
979914
979915
979917
979918
979919
979920
979921
979922
979923
979924
979926
979927
979928
979929
979931
979932
979933
979934
979935
979936
979937
979938
979939
979940
979941
979942
979943
979944
979946
979947
979948
979949
979951
979952
979953
979954
979955
979956
979957
979958
979959
979961
979962
979963
979965
979966
979967
979968
979969
979970
979971
979972
979974
979976
979977
979980
979981
979983
979985
979986
979987
979988
979989
979991
979992
979993
979994
979995
979996
979997
979998
980000
980001
980002
980003
980004
980005
980006
980007
980010
980011
980012
980013
980014
980015
980016
980017
980018
980019
980020
980021
980022
980023
980024
980026
980027
980029
980030
980032
980033
980034
980035
980037
980038
980039
980040
980041
980042
980043
980044
980045
980046
980047
980049
980050
980051
980052
980053
980054
980056
980057
980058
980060
980061
980062
980063
980064
980065
980066
980067
980068
980069
980070
980071
980072
980073
980074
980075
980076
980077
980078
980079
980080
980082
980083
980084
980085
980086
980087
980088
980089
980091
980092
980093
980094
980095
980096
980097
980098
980099
980100
980101
980102
980103
980104
980105
980106
980107
980108
980109
980110
980111
980112
980113
980114
980115
980116
980117
980118
980119
980120
980121
980122
980123
980124
980125
980126
980127
980128
980129
980130
980131
980132
980134
980135
980136
980137
980138
980139
980140
980141
980142
980143
980144
980145
980146
980147
980148
980149
980150
980151
980152
980154
980155
980156
980157
980158
980159
980160
980161
980162
980163
980164
980165
980166
980167
980168
980169
980170
980171
980172
980173
980174
980175
980176
980177
980178
980179
980180
980181
980182
980184
980185
980186
980188
980189
980191
980192
980193
980194
980195
980196
980197
980198
980199
980201
980202
980203
980204
980205
980206
980207
980208
980209
980210
980211
980212
980213
980214
980215
980216
980217
980218
980219
980220
980221
980222
980223
980224
980225
980226
980229
980230
980231
980232
980233
980234
980235
980236
980237
980239
980240
980241
980242
980243
980244
980245
980247
980248
980249
980250
980251
980252
980253
980254
980255
980256
980257
980258
980259
980260
980261
980262
980264
980265
980266
980268
980269
980270
980271
980272
980273
980274
980275
980276
980277
980278
980279
980280
980281
980282
980283
980284
980285
980286
980287
980288
980289
980290
980291
980292
980294
980295
980296
980297
980298
980299
980300
980301
980302
980303
980304
980305
980306
980307
980308
980310
980311
980312
980313
980314
980315
980316
980317
980318
980320
980321
980322
980323
980325
980326
980327
980328
980329
980330
980331
980332
980333
980334
980335
980336
980337
980338
980339
980340
980341
980342
980344
980345
980346
980347
980348
980349
980350
980351
980353
980354
980356
980357
980358
980359
980361
980362
980363
980364
980366
980367
980368
980369
980370
980371
980372
980373
980374
980375
980376
980377
980378
980379
980380
980381
980382
980383
980384
980385
980386
980387
980388
980389
980390
980391
980392
980393
980394
980395
980396
980397
980398
980399
980400
980401
980402
980403
980404
980405
980406
980407
980409
980410
980411
980412
980413
980414
980415
980417
980418
980419
980420
980421
980422
980423
980424
980425
980426
980427
980430
980431
980432
980433
980434
980436
980437
980438
980439
980440
980441
980442
980443
980444
980445
980446
980447
980448
980449
980450
980451
980452
980453
980454
980455
980456
980457
980458
980461
980462
980464
980465
980466
980467
980469
980471
980472
980473
980474
980475
980476
980477
980478
980479
980480
980481
980483
980484
980485
980486
980487
980488
980489
980490
980491
980492
980493
980494
980495
980496
980497
980499
980501
980504
980505
980506
980507
980508
980509
980511
980513
980514
980515
980517
980518
980519
980520
980521
980522
980523
980525
980528
980529
980530
980531
980532
980533
980534
980535
980536
980537
980538
980539
980540
980542
980543
980544
980545
980546
980547
980548
980549
980550
980551
980552
980553
980554
980555
980556
980557
980558
980559
980560
980561
980563
980564
980565
980566
980568
980569
980570
980571
980573
980574
980575
980576
980578
980579
980580
980581
980582
980583
980585
980586
980587
980588
980590
980591
980593
980596
980597
980598
980599
980600
980602
980603
980604
980605
980607
980608
980610
980611
980612
980613
980614
980615
980616
980617
980618
980620
980623
980624
980625
980626
980627
980628
980629
980630
980631
980632
980633
980634
980635
980636
980637
980638
980639
980640
980641
980642
980643
980644
980645
980646
980647
980648
980649
980650
980651
980652
980653
980655
980656
980657
980658
980660
980661
980662
980663
980664
980665
980666
980667
980668
980669
980670
980671
980672
980673
980674
980675
980677
980681
980682
980683
980685
980687
980688
980690
980691
980692
980693
980694
980695
980698
980699
980700
980701
980702
980704
980705
980706
980707
980708
980709
980710
980711
980712
980713
980714
980715
980716
980717
980718
980721
980722
980723
980724
980725
980726
980728
980729
980731
980732
980733
980734
980735
980736
980737
980738
980739
980741
980742
980743
980744
980745
980746
980747
980748
980749
980750
980751
980753
980754
980755
980757
980758
980761
980762
980763
980765
980766
980767
980769
980771
980772
980773
980774
980775
980776
980779
980781
980782
980785
980786
980787
980789
980790
980791
980792
980793
980794
980795
980796
980797
980798
980800
980801
980802
980803
980804
980805
980806
980807
980808
980809
980810
980811
980812
980813
980814
980816
980820
980821
980822
980824
980825
980826
980827
980831
980832
980833
980834
980835
980836
980837
980838
980839
980841
980842
980843
980844
980845
980846
980847
980848
980850
980851
980852
980853
980854
980855
980856
980857
980858
980859
980860
980861
980863
980864
980865
980866
980867
980868
980869
980870
980871
980872
980873
980874
980875
980876
980877
980878
980879
980880
980881
980882
980883
980884
980885
980886
980887
980888
980889
980891
980892
980893
980895
980898
980899
980900
980901
980902
980903
980904
980905
980906
980907
980909
980910
980911
980912
980913
980914
980915
980916
980917
980918
980919
980920
980921
980922
980923
980925
980926
980927
980928
980929
980930
980931
980932
980933
980934
980935
980936
980937
980938
980939
980940
980941
980942
980943
980944
980945
980946
980947
980948
980949
980950
980951
980952
980953
980954
980955
980956
980957
980959
980960
980961
980962
980963
980964
980965
980966
980967
980968
980970
980971
980972
980973
980974
980975
980976
980977
980978
980979
980980
980981
980982
980983
980984
980985
980986
980987
980988
980989
980990
980991
980992
980993
980994
980995
980996
980997
980998
980999
981001
981002
981003
981004
981006
981007
981008
981009
981011
981012
981013
981014
981015
981016
981017
981018
981019
981020
981021
981023
981024
981025
981026
981027
981028
981029
981030
981033
981034
981035
981036
981037
981038
981039
981040
981042
981043
981044
981045
981048
981049
981053
981054
981055
981057
981059
981060
981062
981063
981065
981066
981067
981068
981070
981072
981073
981074
981075
981076
981078
981079
981080
981081
981082
981083
981084
981085
981086
981088
981089
981090
981091
981092
981093
981094
981095
981096
981097
981098
981099
981101
981102
981103
981104
981105
981106
981107
981108
981109
981110
981111
981112
981113
981114
981115
981116
981117
981118
981119
981120
981121
981122
981123
981124
981125
981126
981127
981129
981130
981131
981132
981133
981134
981135
981136
981137
981138
981139
981141
981142
981144
981145
981146
981148
981149
981150
981151
981152
981153
981154
981155
981156
981157
981158
981159
981160
981161
981162
981163
981164
981165
981166
981168
981171
981172
981173
981174
981175
981176
981177
981180
981181
981182
981183
981184
981185
981186
981187
981188
981189
981190
981191
981192
981193
981194
981195
981196
981197
981198
981199
981200
981201
981202
981203
981204
981205
981206
981207
981208
981209
981210
981211
981213
981214
981218
981219
981220
981221
981222
981223
981224
981225
981226
981227
981228
981229
981230
981231
981234
981236
981237
981238
981239
981240
981241
981242
981243
981246
981247
981248
981249
981250
981251
981252
981253
981254
981256
981257
981258
981259
981260
981261
981262
981263
981264
981265
981266
981267
981268
981269
981270
981271
981272
981275
981276
981277
981278
981279
981280
981281
981282
981284
981285
981286
981287
981288
981289
981290
981292
981293
981294
981295
981296
981297
981298
981299
981302
981303
981304
981306
981307
981308
981309
981310
981311
981312
981313
981314
981315
981316
981317
981318
981319
981320
981321
981322
981323
981324
981325
981326
981327
981328
981329
981330
981332
981333
981334
981335
981336
981337
981338
981340
981341
981342
981343
981344
981345
981346
981347
981348
981349
981350
981351
981352
981353
981354
981355
981356
981357
981358
981359
981360
981361
981362
981363
981364
981365
981366
981367
981368
981369
981370
981372
981373
981374
981375
981376
981377
981378
981379
981380
981381
981382
981383
981384
981385
981386
981387
981388
981389
981390
981391
981393
981394
981395
981396
981397
981398
981400
981401
981402
981403
981404
981405
981406
981407
981408
981409
981410
981411
981412
981413
981414
981415
981416
981417
981418
981419
981420
981421
981422
981423
981424
981425
981426
981429
981430
981431
981433
981434
981435
981436
981437
981438
981439
981440
981441
981442
981443
981444
981445
981446
981447
981448
981449
981451
981453
981454
981455
981456
981457
981458
981459
981460
981461
981462
981463
981464
981465
981466
981468
981469
981471
981472
981473
981474
981475
981476
981477
981478
981479
981480
981481
981482
981483
981484
981485
981486
981487
981488
981489
981490
981491
981493
981494
981495
981496
981497
981498
981499
981501
981502
981503
981504
981505
981506
981507
981508
981510
981511
981512
981513
981514
981515
981516
981518
981519
981520
981522
981523
981524
981525
981526
981527
981528
981529
981530
981531
981532
981534
981535
981536
981537
981538
981539
981540
981541
981542
981543
981544
981545
981546
981548
981549
981550
981551
981552
981553
981554
981555
981556
981557
981558
981560
981564
981565
981566
981567
981569
981570
981571
981572
981573
981574
981575
981579
981580
981581
981583
981584
981585
981586
981587
981588
981589
981590
981591
981592
981593
981594
981596
981597
981599
981601
981602
981603
981604
981605
981606
981607
981608
981609
981610
981612
981613
981614
981615
981616
981617
981618
981620
981621
981622
981623
981624
981625
981626
981627
981628
981629
981630
981631
981632
981633
981634
981635
981636
981638
981639
981640
981641
981642
981643
981644
981645
981646
981647
981649
981650
981651
981652
981653
981654
981655
981656
981658
981659
981660
981661
981662
981663
981664
981665
981666
981667
981668
981669
981670
981671
981672
981673
981674
981675
981676
981677
981678
981679
981680
981681
981682
981683
981684
981685
981686
981687
981689
981690
981691
981692
981693
981694
981695
981696
981697
981698
981699
981700
981701
981702
981703
981704
981705
981707
981708
981709
981710
981711
981712
981713
981714
981715
981716
981717
981718
981719
981720
981721
981722
981723
981724
981725
981726
981727
981728
981729
981730
981731
981732
981733
981734
981735
981736
981738
981739
981740
981741
981742
981743
981744
981745
981746
981747
981748
981751
981752
981753
981754
981756
981757
981758
981759
981761
981762
981763
981764
981765
981767
981768
981769
981770
981771
981773
981774
981775
981776
981777
981778
981779
981780
981781
981782
981783
981784
981785
981787
981788
981790
981791
981792
981793
981794
981795
981796
981797
981798
981799
981800
981801
981802
981804
981805
981806
981807
981808
981809
981810
981811
981813
981814
981815
981817
981818
981819
981820
981821
981822
981823
981824
981825
981826
981827
981828
981829
981830
981831
981832
981834
981835
981837
981840
981841
981842
981843
981844
981845
981846
981847
981848
981849
981850
981851
981852
981853
981854
981855
981856
981857
981858
981859
981860
981861
981862
981863
981864
981865
981866
981867
981869
981870
981871
981872
981873
981874
981875
981876
981877
981878
981879
981880
981881
981884
981885
981887
981888
981890
981891
981893
981894
981895
981896
981897
981898
981899
981900
981901
981902
981903
981904
981905
981906
981907
981908
981909
981910
981911
981912
981913
981914
981915
981916
981917
981918
981919
981921
981922
981923
981924
981925
981926
981927
981928
981929
981930
981931
981932
981933
981934
981936
981937
981939
981940
981941
981942
981943
981944
981945
981946
981947
981948
981949
981950
981951
981952
981953
981954
981955
981956
981957
981958
981959
981960
981962
981963
981964
981965
981966
981967
981968
981969
981970
981971
981972
981973
981974
981975
981976
981977
981978
981979
981980
981982
981983
981984
981985
981986
981987
981988
981990
981991
981993
981994
981995
981996
981997
981998
981999
982000
982001
982002
982003
982004
982005
982006
982007
982008
982009
982010
982011
982012
982013
982014
982016
982017
982018
982019
982020
982021
982022
982023
982024
982025
982026
982027
982028
982029
982032
982033
982034
982035
982037
982038
982039
982040
982041
982042
982043
982044
982045
982046
982047
982048
982049
982050
982051
982052
982053
982054
982055
982056
982057
982058
982059
982060
982061
982062
982063
982064
982066
982067
982068
982069
982070
982071
982072
982073
982076
982078
982080
982081
982082
982083
982084
982085
982086
982088
982089
982091
982092
982093
982096
982097
982098
982099
982100
982101
982102
982104
982105
982106
982108
982109
982110
982111
982112
982113
982114
982115
982116
982117
982118
982119
982120
982121
982122
982123
982124
982125
982126
982127
982128
982129
982130
982131
982132
982133
982134
982135
982136
982137
982138
982139
982140
982141
982142
982143
982144
982145
982146
982147
982148
982149
982150
982151
982152
982153
982154
982156
982157
982158
982159
982160
982161
982162
982163
982164
982165
982168
982169
982170
982171
982172
982174
982175
982176
982177
982178
982179
982180
982181
982182
982183
982185
982186
982188
982189
982191
982192
982193
982198
982199
982200
982201
982202
982203
982205
982206
982207
982208
982209
982210
982211
982212
982213
982214
982215
982217
982218
982220
982221
982222
982223
982224
982225
982226
982227
982228
982229
982230
982231
982232
982234
982235
982236
982237
982238
982239
982240
982241
982242
982243
982244
982245
982246
982247
982248
982249
982250
982251
982252
982253
982254
982255
982256
982257
982258
982259
982261
982262
982263
982264
982265
982266
982267
982268
982269
982270
982271
982272
982274
982275
982276
982277
982278
982279
982280
982281
982283
982284
982285
982286
982287
982288
982289
982290
982291
982292
982293
982294
982295
982296
982297
982298
982299
982300
982301
982303
982304
982305
982306
982307
982308
982309
982310
982311
982312
982313
982314
982315
982317
982319
982320
982321
982322
982323
982324
982325
982326
982327
982328
982329
982330
982332
982333
982334
982335
982336
982337
982338
982339
982340
982341
982342
982343
982344
982345
982346
982347
982348
982349
982350
982351
982352
982353
982354
982355
982356
982357
982358
982360
982361
982362
982363
982364
982366
982367
982368
982369
982371
982372
982373
982374
982375
982376
982377
982379
982380
982381
982382
982383
982384
982385
982386
982387
982388
982389
982390
982391
982393
982394
982395
982396
982397
982398
982400
982401
982404
982405
982406
982408
982409
982410
982411
982412
982413
982414
982415
982417
982418
982419
982420
982421
982422
982424
982425
982427
982428
982429
982430
982431
982433
982434
982435
982436
982437
982438
982439
982441
982442
982443
982445
982446
982447
982448
982449
982450
982451
982452
982453
982455
982456
982457
982458
982459
982460
982461
982462
982464
982465
982466
982467
982468
982469
982470
982471
982472
982473
982474
982475
982477
982478
982479
982481
982482
982483
982484
982485
982487
982488
982489
982490
982491
982492
982494
982495
982496
982497
982498
982499
982500
982501
982502
982503
982504
982505
982506
982507
982508
982509
982510
982511
982513
982514
982515
982516
982517
982518
982519
982520
982521
982522
982523
982524
982525
982526
982529
982530
982531
982532
982533
982535
982536
982538
982539
982541
982542
982543
982545
982546
982547
982548
982549
982550
982551
982552
982553
982554
982555
982558
982561
982562
982563
982564
982565
982567
982568
982569
982570
982571
982572
982573
982574
982575
982576
982577
982578
982579
982580
982581
982582
982583
982584
982586
982588
982589
982590
982591
982592
982593
982594
982595
982596
982597
982598
982599
982600
982601
982602
982603
982604
982605
982606
982607
982608
982609
982610
982611
982612
982613
982614
982615
982616
982617
982618
982619
982620
982621
982622
982624
982626
982627
982628
982630
982631
982632
982633
982634
982636
982637
982640
982642
982643
982645
982646
982647
982649
982650
982651
982653
982654
982655
982656
982657
982658
982659
982660
982661
982662
982663
982664
982665
982667
982668
982669
982673
982675
982676
982677
982678
982679
982680
982682
982683
982684
982685
982686
982688
982689
982690
982691
982692
982693
982694
982695
982696
982697
982698
982699
982700
982701
982702
982703
982704
982705
982706
982707
982709
982710
982711
982712
982713
982714
982715
982716
982717
982718
982719
982720
982721
982722
982723
982724
982725
982726
982727
982728
982729
982730
982731
982732
982733
982734
982735
982736
982737
982738
982741
982742
982743
982744
982745
982746
982747
982748
982749
982750
982751
982752
982753
982754
982755
982756
982757
982759
982760
982761
982762
982763
982765
982766
982767
982768
982769
982770
982771
982772
982773
982775
982776
982777
982778
982779
982780
982781
982782
982783
982784
982785
982786
982787
982788
982789
982791
982793
982794
982795
982798
982799
982800
982801
982803
982804
982805
982806
982807
982808
982809
982810
982811
982812
982813
982814
982815
982816
982817
982818
982819
982820
982821
982822
982823
982824
982825
982826
982828
982830
982832
982833
982834
982835
982836
982837
982838
982839
982840
982841
982842
982843
982844
982845
982847
982848
982849
982850
982851
982852
982854
982855
982856
982857
982858
982859
982860
982861
982862
982863
982864
982865
982866
982867
982868
982869
982870
982871
982872
982873
982874
982875
982876
982877
982878
982879
982880
982882
982883
982884
982885
982886
982887
982888
982889
982890
982891
982892
982893
982894
982895
982896
982897
982899
982900
982901
982902
982904
982905
982906
982907
982908
982909
982910
982911
982913
982914
982915
982916
982917
982918
982919
982920
982921
982925
982927
982929
982930
982932
982933
982935
982936
982937
982938
982939
982940
982945
982946
982947
982948
982949
982950
982951
982952
982954
982955
982956
982957
982958
982959
982960
982961
982962
982963
982964
982966
982967
982968
982969
982970
982971
982972
982974
982975
982976
982977
982978
982979
982981
982982
982985
982986
982987
982988
982989
982991
982992
982993
982994
982995
982996
982998
983000
983001
983002
983003
983004
983005
983006
983007
983008
983009
983010
983011
983012
983013
983014
983015
983016
983017
983018
983019
983020
983021
983022
983023
983024
983025
983026
983028
983029
983030
983031
983032
983033
983035
983036
983037
983038
983039
983040
983041
983042
983043
983044
983045
983046
983047
983048
983049
983050
983051
983052
983053
983054
983055
983056
983058
983059
983060
983061
983062
983063
983064
983065
983066
983067
983068
983069
983071
983072
983073
983074
983075
983076
983077
983078
983079
983080
983081
983082
983083
983084
983086
983087
983088
983090
983091
983092
983094
983095
983096
983100
983102
983103
983104
983105
983107
983108
983110
983111
983112
983113
983114
983115
983116
983117
983118
983119
983120
983121
983122
983123
983124
983125
983126
983127
983128
983129
983130
983131
983132
983133
983134
983135
983136
983137
983138
983139
983140
983141
983142
983143
983144
983146
983147
983149
983150
983151
983152
983153
983154
983155
983156
983157
983158
983159
983160
983164
983165
983166
983167
983168
983169
983170
983171
983172
983173
983174
983175
983176
983177
983178
983179
983180
983181
983182
983183
983184
983185
983186
983188
983189
983190
983191
983192
983193
983194
983195
983196
983197
983198
983199
983200
983201
983202
983203
983204
983205
983207
983208
983209
983210
983211
983212
983213
983215
983216
983217
983219
983221
983222
983223
983224
983225
983226
983227
983228
983229
983230
983231
983232
983233
983235
983236
983239
983241
983242
983243
983244
983245
983246
983247
983248
983249
983250
983251
983252
983253
983254
983255
983256
983257
983259
983261
983263
983264
983266
983267
983268
983269
983270
983271
983272
983273
983274
983276
983277
983278
983279
983280
983281
983282
983283
983284
983285
983286
983287
983289
983291
983292
983293
983294
983295
983296
983297
983298
983299
983300
983301
983302
983303
983304
983306
983308
983310
983311
983313
983314
983315
983318
983319
983320
983321
983322
983323
983324
983325
983326
983328
983329
983330
983331
983332
983333
983334
983335
983336
983337
983338
983341
983342
983343
983344
983345
983346
983347
983348
983349
983351
983352
983355
983356
983357
983358
983359
983361
983362
983364
983365
983366
983367
983368
983369
983370
983371
983372
983373
983374
983375
983376
983377
983378
983379
983380
983381
983383
983384
983387
983388
983389
983391
983392
983393
983394
983395
983396
983397
983398
983399
983400
983401
983402
983403
983404
983405
983406
983407
983408
983409
983410
983413
983414
983415
983416
983418
983419
983420
983421
983422
983423
983424
983425
983426
983427
983428
983430
983431
983432
983433
983434
983436
983437
983438
983439
983441
983442
983444
983445
983446
983447
983449
983450
983451
983452
983453
983454
983455
983456
983458
983459
983461
983462
983463
983464
983465
983466
983467
983468
983469
983470
983471
983472
983473
983474
983475
983476
983477
983478
983479
983480
983482
983483
983485
983486
983487
983488
983489
983490
983491
983492
983493
983494
983495
983496
983497
983498
983499
983500
983501
983502
983503
983504
983505
983506
983507
983508
983509
983510
983511
983512
983513
983514
983515
983517
983518
983519
983520
983521
983522
983523
983524
983525
983526
983527
983531
983532
983535
983538
983539
983541
983542
983543
983544
983545
983546
983547
983548
983549
983550
983551
983552
983554
983555
983556
983557
983558
983559
983560
983562
983564
983565
983566
983568
983569
983570
983571
983574
983575
983576
983577
983578
983579
983580
983581
983582
983583
983585
983586
983587
983588
983589
983590
983591
983592
983593
983594
983595
983596
983597
983598
983599
983600
983601
983602
983603
983604
983605
983606
983607
983608
983609
983610
983612
983613
983614
983615
983616
983617
983618
983619
983620
983621
983622
983623
983624
983625
983626
983627
983628
983629
983630
983631
983632
983633
983634
983635
983636
983637
983638
983640
983641
983642
983643
983644
983645
983646
983647
983648
983649
983652
983653
983654
983655
983656
983657
983658
983659
983660
983661
983663
983664
983665
983666
983667
983668
983669
983670
983671
983672
983673
983674
983675
983676
983677
983678
983679
983680
983681
983682
983683
983686
983687
983689
983690
983691
983692
983693
983694
983695
983696
983697
983698
983699
983700
983701
983702
983703
983704
983705
983706
983707
983708
983709
983710
983714
983716
983717
983720
983721
983722
983723
983724
983725
983726
983727
983728
983729
983730
983731
983732
983733
983734
983735
983736
983737
983738
983739
983740
983741
983742
983743
983744
983745
983746
983747
983749
983750
983751
983752
983754
983755
983756
983757
983758
983760
983761
983762
983763
983764
983765
983766
983768
983769
983770
983771
983772
983773
983774
983775
983776
983777
983778
983779
983780
983781
983782
983783
983784
983785
983786
983787
983788
983789
983790
983791
983792
983793
983794
983795
983796
983797
983798
983799
983800
983801
983803
983804
983806
983808
983809
983810
983811
983812
983813
983814
983815
983816
983817
983818
983819
983820
983821
983822
983823
983824
983825
983826
983827
983828
983829
983831
983832
983833
983834
983835
983836
983837
983838
983839
983840
983841
983842
983843
983844
983845
983846
983847
983848
983849
983851
983853
983854
983855
983857
983858
983859
983860
983861
983862
983863
983864
983865
983866
983867
983868
983869
983870
983871
983872
983873
983874
983875
983876
983877
983879
983880
983881
983882
983883
983885
983887
983888
983889
983890
983891
983892
983893
983894
983895
983896
983897
983898
983899
983900
983901
983902
983903
983904
983905
983906
983907
983908
983909
983910
983911
983912
983913
983914
983915
983916
983918
983922
983923
983924
983925
983926
983927
983928
983929
983930
983931
983932
983933
983934
983935
983936
983937
983938
983939
983940
983941
983942
983943
983944
983945
983946
983947
983948
983949
983950
983951
983952
983954
983955
983956
983957
983958
983959
983960
983961
983962
983963
983964
983965
983966
983967
983968
983969
983970
983971
983972
983973
983974
983975
983976
983978
983981
983982
983983
983984
983986
983987
983988
983989
983990
983991
983992
983993
983994
983995
983996
983997
983998
983999
984000
984001
984002
984003
984004
984005
984006
984007
984008
984009
984010
984012
984013
984014
984015
984016
984017
984018
984019
984020
984021
984023
984024
984025
984026
984027
984028
984029
984030
984031
984032
984033
984034
984035
984036
984037
984038
984039
984040
984041
984042
984044
984045
984046
984047
984048
984049
984050
984051
984052
984053
984054
984055
984056
984057
984058
984059
984060
984061
984062
984063
984064
984066
984067
984068
984069
984070
984071
984072
984073
984074
984075
984076
984077
984078
984079
984081
984082
984083
984084
984085
984086
984087
984088
984089
984090
984091
984092
984093
984094
984096
984097
984098
984099
984100
984101
984102
984103
984104
984105
984106
984108
984110
984111
984112
984113
984114
984115
984117
984118
984121
984122
984124
984125
984126
984129
984130
984131
984132
984133
984134
984135
984136
984137
984139
984141
984142
984144
984145
984147
984148
984149
984150
984151
984152
984153
984154
984155
984156
984157
984158
984159
984160
984161
984163
984164
984165
984166
984167
984168
984169
984170
984171
984172
984173
984174
984175
984176
984177
984178
984179
984180
984181
984183
984184
984185
984186
984188
984189
984190
984191
984192
984193
984194
984195
984196
984197
984198
984201
984202
984203
984204
984205
984206
984207
984208
984209
984210
984211
984214
984215
984216
984217
984218
984219
984220
984221
984222
984223
984224
984225
984226
984227
984228
984229
984231
984232
984233
984234
984235
984236
984237
984238
984239
984240
984241
984242
984243
984244
984245
984248
984249
984250
984251
984252
984253
984255
984256
984257
984258
984259
984261
984262
984263
984264
984265
984266
984267
984268
984269
984270
984271
984272
984273
984274
984275
984276
984277
984278
984279
984281
984282
984283
984284
984285
984286
984287
984288
984289
984290
984291
984292
984293
984294
984295
984296
984297
984299
984301
984302
984303
984304
984305
984306
984307
984308
984309
984310
984311
984312
984313
984314
984315
984316
984317
984318
984319
984320
984321
984322
984323
