865442
865443
865444
865445
865446
865447
865448
865449
86545
865450
865451
865452
865453
865454
865455
865456
865457
865458
865459
865460
865461
865462
865463
865464
865465
865466
865467
865468
865469
86547
865470
865471
865472
865473
865474
865475
865476
865477
865478
865479
86548
865481
865483
865484
865485
865486
865487
865488
865489
86549
865490
865491
865492
865493
865494
865495
865496
865497
865498
865499
86550
865500
865501
865502
865503
865504
865505
865506
865507
865508
865509
865510
865511
865512
865513
865514
865515
865516
865518
865519
865520
865521
865523
865524
865525
865526
865527
865528
865529
86553
865530
865531
865532
865534
865535
865536
865537
865538
865539
86554
865540
865541
865542
865543
865544
865545
865546
865547
865548
865549
86555
865550
865551
865552
865553
865554
865555
865556
865557
865558
865559
86556
865560
865561
865562
865563
865564
865565
865566
865567
865568
865569
86557
865570
865571
865572
865573
865574
865575
865576
865577
865578
865579
86558
865580
865581
865582
865583
865584
865585
865586
865587
865588
865589
86559
865590
865591
865592
865596
865598
8656
86560
865601
865602
865603
865604
865606
865607
865608
865609
86561
865610
865611
865613
865614
865615
865616
865617
865618
865619
86562
865620
865621
865622
865623
865624
865625
865626
865627
865628
865629
865630
865632
865633
865634
865635
865636
865637
865638
865639
86564
865640
865641
865642
865643
865644
865645
865646
865647
865649
86565
865651
865652
865653
865654
865656
865657
865658
865659
86566
865661
865662
865663
865664
865665
865666
865667
865669
86567
865670
865671
865672
865673
865674
865675
865676
865677
865678
865679
86568
865681
865683
865684
865685
865686
865687
865688
86569
865690
865691
865692
865693
865694
865695
865696
865697
865698
865699
865700
865701
865702
865703
865704
865705
865706
865707
865708
865709
86571
865710
865711
865712
865713
865714
865715
865716
865717
865718
865719
865720
865721
865722
865723
865724
865725
865726
865727
865729
86573
865730
865731
865733
865734
865735
865737
865738
865739
86574
865740
865741
865742
865744
865745
865746
865748
865749
86575
865750
865752
865754
865755
865757
86576
865760
865761
865762
865765
865767
865769
86577
865772
865773
865774
865775
865776
865777
865778
865779
865780
865781
865782
865783
865784
865785
865786
865787
865788
865789
86579
865790
865791
865792
865793
865794
865795
865796
865797
865798
865799
86580
865800
865801
865802
865803
865804
865805
865806
865807
865808
865809
86581
865810
865811
865812
865813
865814
865815
865816
865817
865818
865819
86582
865820
865821
865822
865823
865824
865825
865826
865827
865828
86583
865830
865831
865832
865834
865835
865836
865837
865838
865839
86584
865840
865841
865842
865843
865844
865845
865846
865847
865848
865849
86585
865850
865851
865852
865853
865854
865855
865856
865857
865858
865859
86586
865860
865861
865862
865863
865864
865865
865866
865867
865868
865869
86587
865870
865871
865872
865873
865874
865875
865876
865877
865878
86588
865880
865881
865882
865883
865884
865885
865886
865887
865888
865889
86589
865890
865891
865892
865893
865894
865895
865896
865897
865898
865899
86590
865900
865901
865902
865903
865904
865905
865906
865907
865908
86591
865910
865911
865912
865913
865914
865915
865916
865917
865918
865919
86592
865920
865921
865922
865923
865924
865925
865926
865927
865928
865929
86593
865930
865931
865932
865933
865934
865935
865936
865937
865938
865939
86594
865940
865941
865942
865943
865944
865945
865946
865947
865948
865949
86595
865950
865951
865952
865953
865954
865955
865956
865957
865958
865959
86596
865960
865961
865962
865963
865964
865965
865966
865967
865968
86597
865970
865971
865972
865973
865974
865975
865976
865978
865979
86598
865980
865981
865982
865983
865984
865985
865986
865987
865988
865989
86599
865990
865991
865993
865994
865995
865996
865997
865998
865999
866
86600
866000
866001
866002
866003
866005
866006
866007
86601
866010
866013
866014
866015
866016
866017
866018
866019
86602
866020
866022
866024
866025
866026
866027
866028
866029
86603
866030
866031
866032
866033
866035
866036
866037
866038
866039
86604
866040
866041
866042
866043
866044
866045
866046
866047
866048
866049
86605
866050
866051
866052
866053
866054
866055
866057
866058
86606
866060
866061
866062
866063
866064
866065
866066
866067
866068
866069
86607
866070
866071
866072
866073
866074
866075
866076
866079
86608
866080
866081
866082
866083
866084
866085
866086
866087
866088
866089
866091
866094
866095
866096
866097
866098
86610
866100
866101
866102
866103
866104
866105
866107
866108
866109
86611
866110
866111
866112
866113
866114
866115
866116
866117
866118
86612
866120
866121
866123
866124
866125
866126
866127
866128
866129
86613
866130
866131
866132
866133
866135
866136
866137
866138
866139
86614
866140
866141
866142
866143
866144
866145
866146
866147
866148
866149
86615
866150
866152
866153
866154
866155
866156
866157
866158
866159
86616
866160
866161
866162
866163
866164
866166
866167
866168
866169
86617
866170
866171
866172
866173
866175
866177
866178
866179
86618
866180
866181
866182
866183
866184
866185
866186
866187
866188
866189
86619
866190
866191
866192
866193
866194
866195
866196
866197
866198
866201
866202
866203
866204
866205
866206
866207
866208
866209
86621
866210
866211
866212
866213
866214
866215
866216
866217
866218
866225
866226
866227
866228
866229
866230
866232
866233
866234
866235
866236
866237
866238
866239
86624
866240
866241
866242
866243
866244
866245
866246
866247
866248
866249
86625
866250
866251
866252
866253
866254
866256
866257
866259
86626
866260
866261
866263
866264
866265
866267
866268
86627
866270
866271
866272
866273
866274
866275
866276
866277
866278
866279
86628
866280
866282
866283
866284
866285
866286
866287
866288
866289
86629
866291
866292
866293
866298
866299
86630
866300
866301
866302
866303
866304
866305
866307
866308
86631
866312
866313
866315
866316
866317
866318
866319
86632
866320
866321
866322
866323
866325
866326
866327
866328
866329
86633
866330
866331
866332
866333
866334
866336
866337
866338
86634
866340
866341
866342
866343
866344
866345
866346
866347
866349
86635
866350
866351
866352
866353
866354
866355
866356
866357
866358
86636
866360
866361
866362
866364
866365
866366
866367
866368
866369
86637
866370
866371
866372
866374
866375
866376
866377
866378
866379
86638
866381
866382
866383
866384
866385
866386
866387
866389
866390
866391
866392
866393
866394
866395
866396
866397
866398
866399
8664
86640
866400
866402
866403
866404
866405
866406
866407
866408
866409
86641
866410
866411
866412
866413
866415
866416
866417
866418
86642
866420
866421
866424
866425
866426
866428
866429
86643
866430
866431
866432
866433
866434
866435
866437
866438
866439
86644
866440
866441
866442
866443
866445
866446
866447
866448
866449
86645
866452
866453
866454
866455
866456
866457
866458
866459
86646
866460
866462
866463
866464
866465
866466
866467
866468
866469
86647
866470
866471
866475
866476
866477
866478
866479
86648
866480
866481
866482
866483
866485
866488
86649
866490
866491
866493
866494
866495
866496
8665
86650
866501
866502
866503
866505
866506
866507
866508
866509
86651
866510
866511
866512
866513
866514
866515
866517
866518
866519
86652
866520
866522
866523
866524
866525
866526
866527
866528
866529
866530
866531
866532
866533
866534
866535
866536
866537
866538
866539
86654
866540
866541
866542
866543
866544
866545
866546
866547
866548
866549
86655
866550
866551
866552
866553
866554
866556
866557
866559
866560
866561
866562
866563
866564
866565
866566
866567
866568
866569
866570
866571
866572
866573
866574
866575
866576
866577
866578
86658
866580
866581
866582
866583
866584
866585
866586
866587
866588
866589
866590
866591
866592
866593
866594
866595
866596
866597
866598
866599
866600
866601
866602
866603
866604
866605
866606
866607
866608
866609
86661
866610
866611
866612
866614
866615
866616
866617
866619
86662
866620
866621
866622
866623
866624
866625
866626
866627
866628
866629
86663
866630
866631
866632
866633
866636
866638
866639
86664
866640
866641
866642
866643
866644
866645
866648
866649
86665
866650
866651
866653
866654
866655
866656
866657
866658
866659
86666
866661
866662
866663
866664
866665
866666
866667
866668
866669
86667
866671
866672
866673
866674
866675
866676
866677
866678
866679
866680
866681
866682
866684
866685
866686
866687
866688
866689
86669
866690
866691
866693
866695
866696
866699
86670
866700
866701
866702
866703
866704
866705
866706
866707
866708
866709
86671
866710
866711
866712
866713
866714
866715
866716
866717
866718
866719
86672
866720
866721
866723
866724
866725
866726
866727
866728
866729
86673
866730
866731
866732
866734
866735
866736
866737
866739
86674
866740
866741
866742
866744
866747
866748
86675
866751
866752
866753
866754
866755
86676
866760
866761
866763
866766
866768
86677
866770
866776
866777
866781
866782
866783
866784
866787
866788
866789
86679
866790
866792
866794
866795
866798
8668
86680
866802
866803
866804
866807
866808
86681
866811
866813
866814
866817
86682
866820
866822
866824
866826
866828
86683
866830
866831
866833
866834
866837
866839
86684
866841
866842
866843
866844
866848
866849
86685
866852
866855
866856
866857
866859
86686
866860
866862
866865
86687
866870
866879
86688
866880
866881
866884
866887
866888
866889
86689
866890
866891
866894
866898
866899
8669
86690
866900
866904
866906
866907
866909
86691
866914
866916
866918
866922
866923
866925
866926
86693
866930
866933
866938
86694
866942
866947
866948
866949
866950
866954
866956
86696
866960
866962
866966
866967
866970
866972
866973
866975
866978
866979
866980
866984
866986
866989
86699
866992
866996
866998
867
86700
867000
867001
867004
867007
867008
86701
867016
867017
867019
86702
867021
867022
867023
867024
867027
867028
86703
867030
867032
867033
867034
867035
867036
867037
867038
86704
867040
867041
867043
867045
867047
86705
867051
867054
867056
867057
867059
86706
867060
867061
867064
867067
867068
867069
86707
867072
867075
867076
86708
867083
867084
867085
867088
86709
867092
867093
867094
867096
867098
867099
86710
867104
867107
86711
867110
867117
86712
867120
867121
867122
867129
86713
867130
867132
867133
867134
867135
867136
867137
867140
867141
867143
867144
867147
867149
867151
867153
867162
867164
867168
86717
867171
867172
867175
867178
867179
86718
867186
867187
86719
867194
867198
8672
867200
867201
867202
867203
867205
867206
86721
867211
867213
867218
86722
867220
867221
867222
867223
867224
86723
867230
867233
867234
867237
867238
86724
867242
86725
867252
867255
867256
867257
86726
867262
867267
867268
86727
867270
867271
867272
867273
867276
867277
867278
867279
86728
867280
867281
867282
867283
867284
867286
867289
86729
867291
867292
867296
86730
867300
867301
867304
867306
867307
867309
86731
867315
867316
86732
867322
867323
867328
867329
86733
867331
867337
867338
867339
86734
867345
86735
867351
867353
867355
867358
86736
867361
867362
867366
86737
867370
867372
867374
867376
86738
867382
867388
867389
86739
867390
867391
867392
867393
867394
867395
867397
86740
867401
867402
867403
867404
867408
867409
86741
867410
867411
867412
867414
867417
867419
86742
867422
867423
867424
867425
867426
867428
867429
86743
867435
867437
86744
867440
867441
867442
867443
86745
867450
867457
867458
86746
867461
867464
867466
867468
867469
86747
867472
867473
867474
867476
86748
867481
867483
867485
867489
86749
867492
867495
867496
867498
8675
86750
867502
867503
867505
867508
867509
86751
867510
867512
867513
867514
867515
867518
86752
867522
867526
86753
867532
867536
867538
86754
867541
867542
867544
867547
86755
867551
867552
867553
867554
867556
867557
867558
867559
86756
867561
867563
867564
867565
867569
86757
867572
867574
867575
867577
867578
86758
867582
867584
867585
867587
86759
867591
867592
867593
867596
8676
86760
867600
867602
867608
867609
86761
867613
867617
867618
867619
86762
867626
867629
86763
867630
867631
867638
86764
867643
867645
867647
867649
86765
867651
867655
867656
86766
867660
867662
867663
867664
867666
867667
867668
867669
86767
867671
867676
867678
867679
86768
867680
867682
867683
867684
867685
867688
86769
867690
867692
867694
867695
867699
86770
867702
867704
867705
867706
86771
867710
867713
867715
867716
867717
867719
86772
867720
867721
867722
867723
867726
867727
867728
86773
867731
867732
867739
86774
867741
867744
867746
86775
867752
867753
867754
867758
86776
867761
867765
867767
867768
86777
867770
867771
867773
867777
86778
867780
867783
867784
867786
867788
867789
86779
867791
867792
867796
867797
867799
86780
867800
867801
867803
867805
867806
867807
86781
867810
867812
867814
867815
867816
867819
86782
867821
867822
867825
867828
86783
867833
867838
867839
86784
867842
867843
867844
86785
867851
867855
867859
86786
867860
867862
867864
867865
867868
867869
86787
867870
867873
867874
867877
867879
86788
867880
867884
867885
867886
867888
86789
867893
867894
867897
86790
867904
867905
867909
86791
867911
867916
867917
86792
867920
867922
867924
867925
867926
86793
867930
867933
867939
86794
867940
867941
867946
867948
867950
867953
867956
867962
867965
867967
867968
86797
867970
867972
867974
867975
867976
867977
867978
86798
867981
867986
86799
867991
867993
867995
867996
867998
867999
868
8680
86800
868000
868003
868004
868006
868008
86801
868010
868011
868013
868018
86802
868022
868024
868026
868028
86803
868033
868034
868036
868037
86804
868045
868048
868049
868050
868053
868054
868056
868057
868058
86806
868061
868063
868064
868066
868068
868071
868078
868082
868085
86809
868090
868098
8681
86810
868100
868103
868104
868105
868107
868108
868109
86811
868115
868117
868119
86812
868120
868123
868125
868126
868128
868129
86813
868131
868134
868135
868136
868139
86814
868141
868142
868145
86815
868150
868151
868152
868153
868154
868157
868159
86816
868160
868162
868166
86817
868170
868173
868176
868179
86818
868182
868187
86819
868195
868197
86820
868200
868202
868203
868204
86821
868213
868214
868215
868216
868218
868219
86822
868220
868222
868225
868226
868227
868229
86823
868230
868231
868232
868238
86824
868240
868246
868247
868249
86825
868250
868251
868252
868254
868257
868258
868259
868261
868262
868264
868265
868266
868267
868269
868271
868272
868274
868277
868279
86828
868282
868285
868289
86829
868290
868291
868296
868299
868300
868301
868304
868306
868309
868310
868314
868316
868317
868318
868319
868320
868322
868325
868327
868330
868333
868334
86834
868342
868346
868349
86835
868351
868354
868357
868358
868359
868362
868363
868364
86837
868375
868377
86838
868380
868382
868384
868386
86839
868391
868393
868394
868395
868397
86840
868407
868409
86841
868412
868415
868419
868420
868426
868427
86843
868432
868434
868436
868437
868438
868439
86844
868440
868442
868444
868445
868447
868448
86845
868450
868451
868455
868456
868457
868460
868461
868465
86847
868472
868473
868474
868475
868476
868478
86848
868481
868482
868484
868485
868489
868492
868493
868495
868496
868497
86850
868502
868504
868505
868506
86851
868513
868516
868517
86852
868520
868521
868522
868523
868524
868525
868526
868527
868528
868529
868531
868532
868533
868534
868535
868536
868537
868538
868539
86854
868540
868541
868542
868543
868544
868545
868546
868547
868548
868549
86855
868550
868551
868552
868553
868555
868556
868557
868558
86856
868561
868562
868563
868564
868565
868566
868567
868568
868569
86857
868570
868571
868572
868573
868574
868575
868576
868577
868578
868579
86858
868580
868581
868582
868584
868586
868587
868588
868589
86859
868590
868592
868593
868594
868595
868596
868597
868598
868599
868600
868601
868602
868603
868604
868605
868606
86861
868610
868611
868612
868613
868614
868615
868616
868617
868618
868619
868620
868621
868622
868623
868625
868626
868627
868629
868630
868631
868632
868633
868634
868635
868636
868637
868638
868639
868640
868641
868642
868643
868644
868645
868646
868647
868648
868649
868650
868651
868653
868654
868655
868656
868657
868658
868659
868660
868661
868662
868663
868664
868665
868666
868667
868668
868669
86867
868670
868671
868673
868674
868675
868676
868677
868678
868679
86868
868680
868681
868682
868683
868684
868685
86869
868692
868693
868694
868695
868699
868701
868702
868704
868705
868706
868707
868708
868709
86871
868710
868711
868712
868713
868714
868716
868717
868718
868719
86872
868720
868721
868722
868723
868724
868725
868726
868728
868729
86873
868730
868733
868734
868735
868736
868737
868738
868739
86874
868741
868742
868743
868744
868745
868746
868747
868748
868749
86875
868751
868752
868753
868755
868756
868757
868758
868759
868760
868761
868762
868763
868764
868765
868766
868767
868768
868769
868770
868771
868772
868773
868774
868775
868776
868777
868778
868779
86878
868780
868781
868782
868783
868784
868786
868787
868788
868789
86879
868790
868791
868792
868793
868794
868795
868796
868797
868799
8688
86880
868802
868803
868806
868807
868808
86881
868810
868811
868812
868813
868814
868816
868819
868820
868821
868822
868823
868824
868826
868828
868829
86883
868830
868831
868832
868833
868834
868835
868836
868837
868838
868839
86884
868840
868841
868842
868843
868844
868845
868846
868847
868848
868849
86885
868850
868851
868852
868853
868854
868855
868856
868857
868858
868859
868860
868861
868862
868863
868864
868866
868867
868868
868869
868870
868871
868872
868874
868875
868876
868877
868878
868880
868881
868882
868883
868885
868886
868887
868888
86889
868891
868892
868893
868894
868895
868896
868897
868898
868899
8689
86890
868900
868901
868903
868904
868905
868906
868907
868908
868909
86891
868910
868911
868912
868913
868914
868915
868916
868917
868918
868919
86892
868920
868921
868926
868928
868929
86893
868930
868932
868933
868934
868935
868936
868937
868938
868939
86894
868940
868941
868943
868944
868945
868946
868947
868948
868949
86895
868950
868951
868952
868953
868954
868956
868957
868959
86896
868960
868961
868962
868963
868964
868965
868967
868968
868969
868970
868971
868972
868974
868976
868977
868978
868979
86898
868980
868981
868983
868984
868985
868986
868987
868988
868989
86899
868990
868991
868992
868993
868994
868995
868996
868997
868998
868999
869
8690
86900
869000
869001
869002
869003
869005
869006
869007
869008
869009
86901
869010
869011
869012
869013
869014
869015
869016
869017
869018
869019
86902
869020
869021
869022
869024
869025
869026
869027
869028
869029
86903
869030
869031
869032
869033
869034
869035
869036
869037
869038
869039
86904
869040
869041
869042
869043
869044
869045
869046
869047
869048
869049
86905
869050
869051
869056
869059
869060
869061
869062
869063
869064
869065
869066
869067
869068
869069
869070
869071
869072
869073
869074
869075
869076
869077
869078
869080
869081
869083
869084
869085
869087
869088
869089
86909
869090
869091
869092
869093
869094
869095
869096
869097
869098
869099
8691
86910
869100
869101
869102
869103
869104
869105
869106
869107
869108
86911
869110
869111
869112
869113
869114
869115
869116
869117
869118
869119
86912
869120
869121
869122
869123
869124
869125
869126
869128
869129
86913
869130
869131
869132
869133
869134
869135
869136
869137
869138
869139
86914
869140
869141
869142
869143
869144
869145
869146
869147
869148
869149
86915
869150
869151
869152
869153
869154
869157
869159
86916
869160
869161
869162
869163
869164
869165
869166
869168
869169
86917
869170
869171
869172
869173
869174
869175
869176
869177
869178
869179
86918
869180
869181
869182
869183
869184
869185
869186
869187
869188
869189
86919
869190
869191
869192
869193
869194
869195
869196
869197
869198
869199
8692
86920
869200
869201
869202
869203
869204
869206
869207
869208
869209
86921
869210
869211
869212
869213
869214
869215
869216
869217
869218
869219
86922
869220
869221
869222
869223
869224
869225
869226
869227
869228
869229
86923
869230
869231
869232
869233
869234
869235
869236
869237
869238
869240
869241
869242
869243
869244
869246
869247
869248
869249
869250
869251
869253
869254
869255
869256
869257
869258
869259
86926
869261
869262
869264
869265
869266
869267
869268
869269
86927
869270
869271
869272
869273
869274
869275
869276
869277
869278
869279
869280
869281
869282
869283
869284
869285
869286
869287
869288
869289
86929
869290
869291
869292
869293
869294
869295
869296
869297
869298
869299
8693
86930
869300
869301
869302
869303
869304
869305
869306
869307
869308
869309
869310
869311
869312
869313
869314
869315
869316
869317
869318
869319
86932
869320
869321
869324
869325
869326
869327
869328
869329
86933
869330
869331
869332
869333
869334
869335
869336
869337
869338
869339
86934
869340
869341
869342
869343
869344
869346
869347
869348
869349
869350
869351
869352
869354
869355
869356
869357
869358
869359
869360
869361
869363
869364
869365
869366
869367
869368
869369
86937
869370
869371
869372
869374
869375
869376
869377
869378
869379
86938
869380
869381
869382
869383
869385
869386
869387
869388
869389
86939
869390
869391
869392
869393
869394
869395
869396
869397
869398
869399
8694
86940
869400
869401
869402
869403
869404
869405
869406
86941
869410
869411
869412
869413
869414
869415
869418
86942
869420
869421
869423
869424
869425
869427
869429
86943
869430
869431
869432
869433
869434
869435
869436
869437
869438
869439
86944
869440
869441
869442
869443
869444
869446
869447
869448
869449
86945
869450
869451
869453
869455
869456
869457
869458
869459
86946
869461
869462
869463
869464
869465
869466
869467
869469
86947
869470
869471
869472
869473
869474
869475
869476
869477
869478
869479
86948
869480
869481
869482
869483
869484
869485
869486
869487
869489
86949
869490
869491
869492
869494
869496
869497
869498
869499
86950
869500
869501
869502
869503
869504
869505
869506
869507
869508
869509
86951
869510
869511
869512
869513
869514
869515
869516
869517
869518
869519
86952
869520
869521
869522
869523
869524
869525
869526
869527
869528
869529
86953
869530
869531
869532
869533
869535
869536
869537
869538
869539
86954
869540
869541
869542
869543
869544
869545
869546
869548
869549
86955
869550
869552
869553
869554
869555
869556
869557
869558
869559
86956
869560
869561
869562
869563
869564
869565
869566
869567
869568
869569
86957
869570
869571
869573
869574
869575
869577
869578
869579
86958
869580
869581
869582
869583
869584
869585
869586
869587
869588
869589
86959
869590
869591
869592
869593
869594
869595
869596
869597
869598
869599
8696
86960
869600
869601
869602
869603
869604
869605
869606
869607
869608
869609
86961
869610
869611
869612
869613
869614
869615
869616
869617
869618
869619
86962
869620
869621
869622
869623
869624
869625
869626
869627
869628
869629
86963
869630
869631
869633
869634
869635
869636
869637
869638
869639
86964
869640
869641
869642
869644
869646
869647
869648
869649
86965
869650
869651
869652
869653
869654
869655
869656
869659
86966
869661
869662
869663
869664
869665
869666
869667
869668
869669
86967
869670
869671
869672
869673
869674
869675
869676
869677
869678
869679
86968
869680
869682
869683
869684
869685
869686
869688
869689
86969
869691
869692
869694
869695
869696
869697
869698
869699
8697
86970
869700
869701
869702
869703
869704
869705
869706
869707
869708
869709
86971
869710
869711
869712
869713
869714
869716
869717
869718
869719
86972
869720
869721
869722
869723
869724
869725
869726
869727
869728
869729
86973
869730
869731
869732
869733
869734
869735
869736
869737
869738
869739
86974
869740
869741
869743
869744
869745
869746
869747
869748
869749
86975
869750
869751
869753
869754
869755
869756
869757
869758
869759
86976
869760
869761
869764
869765
869767
869768
869769
86977
869770
869771
869772
869773
869774
869775
869776
869777
869778
869779
86978
869780
869781
869782
869783
869784
869785
869786
869787
869788
869789
86979
869790
869791
869792
869793
869794
869795
869796
869798
869799
8698
86980
869800
869801
869802
869803
869804
869805
869806
869807
869808
869809
86981
869810
869811
869812
869813
869814
869815
869818
869819
86982
869820
869821
869823
869824
869827
869829
86983
869830
869831
869832
869833
869834
869835
869836
869837
869838
869839
86984
869840
869841
869843
869844
869845
869846
869847
869848
869849
86985
869851
869852
869853
869855
869856
869857
869858
869859
86986
869860
869861
869862
869863
869864
869865
869869
86987
869870
869871
869872
869873
869874
869876
869877
869878
869879
86988
869880
869881
869882
869883
869884
869885
869886
869887
869888
869889
86989
869890
869891
869892
869894
869895
869896
869897
869898
869899
8699
86990
869900
869901
869902
869903
869904
869905
869906
869907
869908
869909
86991
869910
869911
869912
869913
869914
869915
869916
869917
869918
869919
86992
869920
869921
869922
869923
869924
869925
869926
869927
869928
869929
86993
869930
869931
869932
869935
869936
869938
869939
86994
869940
869942
869943
869944
869947
869948
869949
86995
869950
869951
869952
869953
869954
869955
869956
869957
869958
869959
86996
869960
869961
869962
869963
869964
869965
869966
869968
869969
869970
869971
869972
869973
869974
869975
869976
869977
869978
869979
86998
869980
869981
869982
869983
869984
869985
869987
869988
869989
86999
869990
869991
869992
869993
869995
869996
869998
869999
87
870
87000
870000
870001
870002
870003
870004
870005
870006
870007
870008
870009
870010
870011
870012
870014
870016
870017
870018
870019
870020
870021
870022
870023
870024
870025
870026
870027
870028
870029
870030
870031
870032
870033
870034
870035
870036
870037
870038
870039
870040
870041
870044
870045
870046
870047
870048
870049
870050
870051
870052
870053
870055
870056
870057
870059
87006
870060
870061
870062
870063
870064
870065
870066
870067
870068
870069
87007
870070
870071
870072
870073
870074
870075
870076
870077
870078
870079
870080
870081
870082
870083
870084
870085
870086
870087
870088
870089
870090
870091
870092
870093
870094
870095
870096
870097
870098
870099
8701
870102
870103
870104
870109
87011
870110
870111
870112
870113
870114
870115
870116
870117
870118
870119
87012
870120
870121
870122
870123
870124
870125
870126
870127
870128
870129
87013
870130
870131
870132
870133
870134
870135
870136
870137
870138
870139
87014
870140
870141
870142
870143
870145
870146
870147
870148
870149
87015
870150
870151
870152
870153
870154
870155
870156
870157
870158
870159
87016
870160
870161
870162
870163
870164
870165
870166
870168
870169
87017
870170
870171
870172
870173
870174
870175
870176
870177
870178
870179
87018
870180
870181
870182
870183
870184
870185
870186
870187
870188
870189
87019
870190
870191
870192
870193
870194
870195
870196
870197
87020
870200
870201
870203
870204
870205
870206
870207
870208
870209
87021
870210
870211
870212
870213
870214
870215
870216
870217
870218
870219
87022
870220
870221
870222
870223
870224
870225
870226
870227
870228
870229
87023
870230
870231
870232
870233
870235
870236
870237
870238
870239
87024
870240
870241
870242
870243
870244
870246
870247
870248
870249
87025
870250
870251
870252
870253
870254
870255
870256
870257
870258
870259
87026
870260
870261
870262
870263
870264
870265
870266
870268
870269
870270
870272
870273
870274
870275
870276
870277
870278
870279
87028
870280
870281
870282
870283
870284
870285
870286
870287
870288
870289
87029
870290
870291
870292
870293
870295
870297
870298
870299
8703
87030
870300
870301
870302
870303
870304
870305
870306
870307
870308
870309
87031
870310
870311
870312
870313
870314
870315
870316
870317
870318
870319
87032
870320
870321
870322
870323
870324
870325
870326
870327
870328
870329
87033
870330
870331
870332
870334
870335
870336
870337
870338
87034
870340
870343
870344
870345
870346
870347
870348
870349
87035
870350
870351
870352
870353
870354
870355
870356
870357
870358
870359
87036
870360
870361
870362
870363
870364
870365
870366
870367
870368
870369
87037
870370
870371
870372
870373
870374
870375
870376
870377
870378
870379
87038
870380
870381
870382
870383
870384
870385
870386
870387
870388
870389
87039
870390
870391
870392
870393
870395
870396
870397
870398
870399
8704
87040
870400
870401
870402
870403
870404
870405
870406
870407
870408
870409
87041
870410
870412
870413
870414
870415
870416
870417
870418
870419
870420
870421
870422
870423
870424
870425
870426
870427
870428
870429
87043
870430
870431
870432
870433
870434
870437
870438
870439
87044
870440
870441
870442
870443
870444
870445
870447
870448
870449
87045
870450
870451
870452
870453
870454
870455
870456
870457
870458
870459
870460
870461
870462
870463
870464
870465
870466
870467
870468
870469
870470
870471
870472
870473
870474
870475
870476
870477
870478
870479
87048
870480
870481
870482
870483
870484
870485
870486
870487
870488
87049
870490
870491
870492
870493
870495
870496
870497
870498
870499
8705
87050
870500
870501
870502
870503
870504
870505
870506
870507
870508
870509
87051
870510
870511
870512
870513
870515
870516
870517
870518
870519
87052
870520
870521
870522
870523
870524
870525
870526
870527
870528
870529
870530
870531
870532
870533
870534
870535
870536
870537
870538
870539
87054
870540
870541
870542
870543
870544
870547
870548
870549
87055
870550
870551
870552
870553
870554
870555
870557
870558
870559
87056
870560
870561
870563
870564
870565
870566
870567
870568
870569
870570
870571
870572
870573
870574
870575
870576
870578
870579
87058
870580
870581
870582
870583
870584
870585
870586
870587
870588
870589
87059
870590
870591
870592
870593
870594
870595
870596
870597
870598
870599
87060
870600
870601
870602
870603
870604
870605
870606
870607
870608
87061
870610
870612
870614
870615
870616
870617
870618
870619
87062
870620
870621
870622
870623
870625
870626
870627
870629
87063
870630
870631
870632
870633
870634
870635
870636
870637
870638
870639
870640
870641
870642
870643
870644
870645
870646
870647
870648
870649
87065
870651
870652
870653
870654
870655
870656
870657
870658
870659
87066
870660
870662
870663
870664
870665
870666
870667
870668
870669
87067
870670
870671
870672
870673
870674
870675
870676
870677
870679
87068
870680
870681
870683
870685
870686
870687
870688
870689
87069
870690
870691
870692
870693
870695
870696
870697
870698
870699
87070
870702
870704
870705
870706
870707
870708
870709
87071
870710
870711
870712
870713
870714
870715
870716
870717
870718
870719
87072
870720
870721
870722
870723
870724
870725
870726
870727
870728
870729
87073
870730
870731
870732
870733
870734
870735
870736
870737
870738
870739
870740
870741
870742
870743
870744
870745
870746
870747
870748
870749
87075
870750
870751
870752
870753
870754
870755
870756
870757
870758
870759
870761
870762
870763
870764
870765
870766
870767
870768
870769
87077
870770
870771
870772
870773
870774
870775
870776
870777
870778
870779
87078
870780
870781
870782
870783
870784
870785
870786
870787
870788
870789
87079
870790
870791
870792
870793
870794
870795
870796
870797
870798
870799
870800
870801
870802
870803
870804
870805
870806
870807
870808
870809
87081
870810
870812
870813
870814
870815
870816
870817
870818
870819
87082
870820
870821
870823
870824
870825
870826
870827
870828
870829
87083
870830
870831
870832
870833
870834
870835
870836
870837
870838
870839
87084
870840
870841
870842
870843
870844
870846
870848
870849
87085
870850
870851
870852
870853
870854
870855
870856
870857
870859
87086
870860
870861
870862
870863
870864
870865
870866
870867
870868
870869
87087
870870
870871
870872
870873
870874
870875
870876
870877
870878
870879
87088
870880
870881
870882
870883
870884
870885
870886
870887
870888
870889
87089
870890
870891
870892
870893
870894
870895
870898
870899
87090
870900
870901
870902
870903
870904
870905
870906
870907
870909
87091
870910
870911
870912
870913
870915
870916
870917
870918
870919
87092
870921
870922
870923
870925
870926
870927
870928
870929
87093
870930
870931
870932
870933
870935
870936
870937
870938
870939
87094
870940
870941
870942
870943
870944
870945
870946
870947
870948
870949
87095
870950
870951
870952
870953
870954
870955
870956
870957
870958
870959
870960
870961
870962
870963
870964
870965
870966
870967
870968
870969
87097
870970
870972
870973
870974
870975
870977
870978
870979
87098
870981
870982
870984
870985
870986
870988
870989
87099
870990
870991
870993
870994
870995
870996
870997
870998
870999
871
871000
871001
871002
871003
871004
871005
871006
871007
871008
871009
87101
871010
871011
871012
871013
871015
871016
871017
871018
871019
871020
871021
871022
871023
871024
871025
871026
871027
871028
871029
871030
871031
871032
871033
871034
871035
871036
871037
871038
871039
871040
871041
871042
871043
871044
871045
871046
871047
871048
871049
87105
871051
871052
871053
871054
871055
871056
871057
871058
871059
87106
871060
871061
871062
871063
871064
871065
871066
871067
871068
871069
87107
871070
871071
871072
871073
871074
871075
871076
871077
871078
871079
87108
871080
871081
871082
871083
871084
871085
871086
871087
871088
87109
871092
871093
871094
871095
871096
871097
871098
871099
87110
871100
871101
871102
871103
871104
871105
871106
871107
871108
871109
871110
871111
871113
871114
871115
871116
871117
871118
871119
87112
871120
871121
871122
871123
871124
871125
871126
871127
871128
871129
871130
871131
871132
871133
871134
871135
871136
871137
871138
871139
871140
871141
871142
871143
871144
871145
871146
871147
871148
871149
87115
871150
871151
871152
871153
871154
871155
871156
871157
871158
871159
87116
871160
871161
871162
871163
871164
871165
871166
871167
871168
871169
87117
871170
871171
871172
871173
871174
871176
871177
871178
871179
871180
871181
871182
871183
871185
871186
871187
871188
871189
87119
871190
871191
871192
871193
871194
871195
871196
871197
871198
871199
87120
871200
871201
871202
871203
871204
871205
871206
871207
871208
871209
87121
871210
871211
871212
871213
871214
871215
871216
871217
871218
871219
87122
871220
871221
871222
871223
871224
871225
871226
871228
871229
87123
871230
871231
871232
871233
871234
871235
871236
871237
871238
871239
87124
871240
871241
871242
871243
871244
871245
871246
871247
871248
871249
87125
871250
871251
871252
871253
871254
871255
871256
871257
871258
871259
87126
871260
871261
871262
871263
871266
871267
871268
871269
871270
871271
871272
871274
871275
871276
871277
871278
871279
87128
871280
871281
871282
871283
871284
871286
871287
871288
871289
871290
871291
871292
871293
871294
871295
871296
871297
871298
871299
871300
871301
871302
871303
871304
871305
871306
871307
871308
871309
871310
871311
871312
871313
871314
871315
871316
871317
871318
871319
871320
871321
871322
871323
