1001033
1001034
1001035
1001037
1001038
1001039
1001040
1001041
1001042
1001043
1001044
1001045
1001046
1001047
1001049
1001051
1001052
1001053
1001054
1001055
1001056
1001057
1001058
1001059
1001060
1001061
1001062
1001063
1001064
1001065
1001066
1001067
1001068
1001069
1001070
1001071
1001072
1001073
1001074
1001075
1001076
1001077
1001078
1001079
1001080
1001081
1001082
1001083
1001084
1001085
1001086
1001087
1001088
1001089
1001090
1001091
1001092
1001093
1001094
1001095
1001096
1001097
1001098
1001099
1001100
1001101
1001102
1001103
1001104
1001105
1001106
1001107
1001108
1001109
1001110
1001111
1001112
1001113
1001114
1001115
1001116
1001117
1001118
1001119
1001120
1001121
1001122
1001123
1001124
1001125
1001126
1001128
1001129
1001130
1001131
1001132
1001133
1001134
1001135
1001136
1001137
1001138
1001139
1001140
1001141
1001142
1001143
1001144
1001145
1001146
1001147
1001150
1001151
1001152
1001153
1001154
1001155
1001156
1001157
1001158
1001159
1001160
1001161
1001162
1001163
1001164
1001165
1001166
1001167
1001168
1001169
1001170
1001171
1001172
1001173
1001174
1001175
1001176
1001177
1001178
1001179
1001180
1001181
1001182
1001183
1001184
1001185
1001186
1001187
1001188
1001189
1001190
1001191
1001192
1001193
1001194
1001195
1001196
1001197
1001198
1001199
1001200
1001201
1001202
1001203
1001204
1001205
1001206
1001207
1001208
1001209
1001210
1001211
1001212
1001213
1001214
1001215
1001216
1001217
1001218
1001219
1001220
1001221
1001222
1001223
1001224
1001225
1001226
1001227
1001228
1001229
1001230
1001231
1001232
1001233
1001234
1001236
1001237
1001238
1001239
1001240
1001241
1001243
1001244
1001245
1001246
1001247
1001248
1001249
1001250
1001251
1001252
1001253
1001254
1001255
1001256
1001257
1001258
1001259
1001260
1001261
1001262
1001263
1001264
1001265
1001266
1001267
1001268
1001269
1001270
1001271
1001272
1001273
1001274
1001275
1001276
1001277
1001278
1001279
1001280
1001281
1001282
1001283
1001284
1001285
1001286
1001287
1001288
1001289
1001290
1001291
1001292
1001293
1001294
1001295
1001297
1001299
1001300
1001301
1001302
1001303
1001304
1001305
1001306
1001307
1001308
1001309
1001310
1001311
1001312
1001313
1001314
1001315
1001316
1001317
1001319
1001320
1001321
1001322
1001323
1001324
1001325
1001326
1001327
1001328
1001329
1001330
1001332
1001335
1001336
1001337
1001338
1001339
1001340
1001341
1001342
1001344
1001345
1001346
1001347
1001348
1001349
1001350
1001351
1001352
1001353
1001354
1001355
1001356
1001357
1001358
1001359
1001360
1001361
1001362
1001363
1001364
1001365
1001366
1001367
1001368
1001369
1001370
1001371
1001372
1001373
1001374
1001375
1001376
1001377
1001378
1001379
1001380
1001381
1001382
1001383
1001384
1001385
1001386
1001387
1001389
1001390
1001391
1001392
1001393
1001394
1001395
1001396
1001397
1001398
1001399
1001400
1001401
1001402
1001403
1001404
1001405
1001406
1001407
1001408
1001409
1001410
1001412
1001413
1001414
1001416
1001417
1001418
1001421
1001422
1001423
1001425
1001426
1001427
1001428
1001429
1001430
1001431
1001432
1001433
1001434
1001435
1001436
1001437
1001438
1001439
1001440
1001441
1001442
1001443
1001444
1001445
1001446
1001447
1001448
1001449
1001450
1001454
1001455
1001456
1001457
1001458
1001459
1001460
1001461
1001462
1001463
1001465
1001466
1001467
1001468
1001469
1001470
1001471
1001472
1001473
1001474
1001475
1001477
1001478
1001479
1001480
1001481
1001482
1001484
1001485
1001486
1001487
1001488
1001489
1001490
1001491
1001492
1001493
1001494
1001495
1001496
1001497
1001498
1001499
1001500
1001501
1001502
1001503
1001504
1001505
1001506
1001507
1001508
1001509
1001510
1001511
1001512
1001513
1001514
1001515
1001516
1001517
1001519
1001520
1001521
1001522
1001523
1001524
1001525
1001526
1001527
1001528
1001529
1001530
1001531
1001532
1001533
1001534
1001535
1001536
1001537
1001538
1001539
1001540
1001541
1001542
1001543
1001544
1001545
1001546
1001547
1001548
1001549
1001550
1001551
1001552
1001553
1001554
1001555
1001556
1001557
1001558
1001559
1001560
1001561
1001562
1001563
1001565
1001566
1001568
1001569
1001570
1001571
1001573
1001574
1001576
1001577
1001578
1001580
1001581
1001582
1001583
1001584
1001585
1001586
1001587
1001588
1001589
1001590
1001591
1001592
1001593
1001594
1001595
1001596
1001597
1001598
1001599
1001600
1001601
1001602
1001603
1001604
1001606
1001608
1001609
1001610
1001611
1001612
1001613
1001614
1001615
1001616
1001617
1001619
1001620
1001621
1001622
1001623
1001624
1001626
1001628
1001629
1001630
1001631
1001632
1001633
1001634
1001636
1001637
1001638
1001640
1001641
1001642
1001644
1001645
1001647
1001648
1001649
1001650
1001651
1001652
1001653
1001654
1001655
1001656
1001657
1001658
1001659
1001660
1001661
1001662
1001663
1001664
1001665
1001666
1001667
1001668
1001669
1001670
1001671
1001672
1001673
1001674
1001675
1001676
1001677
1001678
1001679
1001680
1001681
1001682
1001683
1001684
1001685
1001686
1001687
1001688
1001689
1001690
1001691
1001692
1001693
1001694
1001695
1001696
1001697
1001698
1001699
1001700
1001701
1001702
1001703
1001704
1001705
1001706
1001707
1001708
1001709
1001710
1001711
1001712
1001713
1001714
1001715
1001716
1001719
1001720
1001721
1001722
1001723
1001724
1001725
1001726
1001727
1001728
1001729
1001730
1001731
1001732
1001733
1001734
1001735
1001736
1001737
1001738
1001739
1001740
1001741
1001742
1001743
1001745
1001746
1001747
1001748
1001749
1001750
1001751
1001752
1001753
1001754
1001755
1001756
1001757
1001758
1001759
1001760
1001761
1001762
1001763
1001764
1001765
1001766
1001767
1001768
1001769
1001770
1001772
1001773
1001774
1001775
1001776
1001777
1001778
1001779
1001781
1001782
1001783
1001784
1001785
1001786
1001787
1001789
1001790
1001791
1001792
1001793
1001794
1001795
1001796
1001797
1001799
1001800
1001801
1001802
1001803
1001804
1001805
1001806
1001808
1001809
1001810
1001811
1001812
1001813
1001814
1001815
1001816
1001817
1001820
1001821
1001822
1001823
1001824
1001825
1001826
1001827
1001828
1001829
1001830
1001831
1001832
1001833
1001834
1001835
1001836
1001837
1001838
1001839
1001840
1001841
1001842
1001843
1001844
1001845
1001846
1001847
1001848
1001849
1001851
1001852
1001853
1001854
1001855
1001856
1001857
1001858
1001859
1001860
1001861
1001862
1001863
1001864
1001865
1001866
1001867
1001868
1001869
1001870
1001871
1001872
1001873
1001875
1001876
1001877
1001879
1001880
1001882
1001883
1001884
1001885
1001886
1001887
1001890
1001891
1001892
1001893
1001894
1001895
1001896
1001898
1001899
1001901
1001903
1001904
1001905
1001908
1001909
1001911
1001912
1001913
1001914
1001915
1001916
1001917
1001918
1001919
1001920
1001923
1001924
1001925
1001926
1001927
1001928
1001929
1001930
1001931
1001932
1001933
1001935
1001936
1001937
1001938
1001939
1001940
1001941
1001942
1001943
1001944
1001945
1001946
1001947
1001948
1001949
1001950
1001951
1001952
1001953
1001954
1001955
1001956
1001957
1001960
1001961
1001962
1001963
1001964
1001967
1001968
1001969
1001971
1001972
1001973
1001974
1001975
1001976
1001977
1001978
1001979
1001980
1001981
1001982
1001983
1001984
1001985
1001986
1001987
1001989
1001991
1001992
1001993
1001994
1001995
1001996
1001997
1001998
1002000
1002001
1002002
1002003
1002004
1002005
1002006
1002007
1002008
1002009
1002010
1002011
1002013
1002014
1002015
1002016
1002017
1002018
1002019
1002020
1002021
1002022
1002023
1002024
1002026
1002027
1002028
1002029
1002030
1002031
1002032
1002033
1002034
1002036
1002037
1002038
1002039
1002040
1002041
1002042
1002043
1002044
1002045
1002046
1002047
1002048
1002049
1002050
1002051
1002052
1002053
1002054
1002055
1002056
1002057
1002059
1002060
1002061
1002062
1002063
1002064
1002065
1002066
1002068
1002069
1002070
1002071
1002072
1002073
1002074
1002075
1002076
1002077
1002078
1002079
1002080
1002081
1002082
1002083
1002084
1002085
1002086
1002087
1002088
1002089
1002090
1002091
1002092
1002093
1002094
1002095
1002096
1002097
1002099
1002100
1002101
1002102
1002103
1002104
1002105
1002106
1002107
1002108
1002109
1002110
1002111
1002112
1002113
1002114
1002118
1002119
1002120
1002121
1002122
1002123
1002125
1002126
1002127
1002128
1002130
1002131
1002132
1002133
1002135
1002136
1002137
1002138
1002139
1002140
1002141
1002142
1002143
1002145
1002146
1002147
1002148
1002149
1002150
1002151
1002152
1002153
1002154
1002155
1002156
1002157
1002158
1002160
1002161
1002162
1002163
1002164
1002165
1002166
1002167
1002168
1002169
1002170
1002171
1002172
1002173
1002174
1002175
1002176
1002177
1002178
1002179
1002180
1002181
1002182
1002183
1002184
1002185
1002187
1002188
1002189
1002190
1002191
1002193
1002194
1002195
1002196
1002197
1002198
1002199
1002200
1002201
1002202
1002203
1002204
1002205
1002206
1002207
1002208
1002209
1002210
1002211
1002212
1002213
1002214
1002215
1002216
1002217
1002218
1002219
1002220
1002222
1002223
1002225
1002226
1002227
1002229
1002230
1002231
1002232
1002233
1002234
1002235
1002236
1002237
1002238
1002239
1002240
1002241
1002242
1002243
1002244
1002245
1002246
1002247
1002248
1002249
1002250
1002251
1002252
1002253
1002254
1002255
1002256
1002257
1002258
1002259
1002260
1002261
1002262
1002263
1002264
1002265
1002268
1002269
1002270
1002271
1002272
1002273
1002274
1002275
1002276
1002277
1002278
1002279
1002280
1002281
1002282
1002283
1002284
1002285
1002288
1002289
1002290
1002292
1002293
1002294
1002295
1002296
1002297
1002298
1002299
1002300
1002301
1002302
1002303
1002304
1002305
1002306
1002307
1002308
1002309
1002310
1002312
1002314
1002315
1002316
1002317
1002318
1002319
1002320
1002321
1002322
1002323
1002324
1002326
1002327
1002328
1002329
1002330
1002331
1002332
1002333
1002334
1002335
1002336
1002337
1002338
1002339
1002340
1002342
1002343
1002344
1002345
1002346
1002347
1002348
1002349
1002350
1002351
1002352
1002353
1002354
1002355
1002356
1002357
1002358
1002359
1002361
1002362
1002363
1002365
1002366
1002367
1002369
1002370
1002371
1002372
1002373
1002374
1002375
1002376
1002377
1002378
1002379
1002380
1002381
1002383
1002384
1002385
1002386
1002387
1002388
1002389
1002390
1002391
1002392
1002393
1002394
1002395
1002396
1002397
1002398
1002399
1002400
1002401
1002402
1002403
1002405
1002406
1002407
1002408
1002409
1002410
1002411
1002412
1002413
1002414
1002415
1002416
1002417
1002418
1002419
1002420
1002421
1002422
1002423
1002424
1002425
1002426
1002427
1002429
1002430
1002431
1002432
1002434
1002435
1002436
1002437
1002438
1002439
1002440
1002441
1002442
1002443
1002444
1002445
1002446
1002447
1002448
1002449
1002450
1002451
1002452
1002453
1002454
1002455
1002456
1002457
1002458
1002459
1002460
1002461
1002462
1002463
1002466
1002467
1002468
1002469
1002470
1002471
1002473
1002474
1002475
1002476
1002477
1002478
1002479
1002480
1002481
1002482
1002483
1002484
1002486
1002487
1002488
1002489
1002490
1002491
1002493
1002494
1002495
1002496
1002497
1002498
1002499
1002500
1002501
1002502
1002503
1002504
1002505
1002506
1002507
1002508
1002509
1002510
1002511
1002512
1002513
1002514
1002515
1002516
1002517
1002518
1002519
1002520
1002521
1002522
1002523
1002524
1002525
1002527
1002528
1002529
1002530
1002532
1002533
1002534
1002535
1002536
1002537
1002538
1002539
1002540
1002541
1002542
1002543
1002544
1002545
1002546
1002547
1002548
1002549
1002550
1002551
1002552
1002553
1002554
1002555
1002556
1002557
1002558
1002559
1002560
1002561
1002563
1002565
1002566
1002567
1002568
1002569
1002571
1002572
1002573
1002574
1002575
1002576
1002577
1002578
1002579
1002580
1002582
1002584
1002585
1002586
1002587
1002588
1002589
1002590
1002591
1002592
1002593
1002594
1002595
1002596
1002597
1002598
1002599
1002600
1002601
1002602
1002603
1002604
1002605
1002606
1002607
1002608
1002609
1002610
1002611
1002612
1002613
1002614
1002615
1002616
1002617
1002618
1002619
1002620
1002621
1002622
1002623
1002625
1002626
1002627
1002628
1002629
1002631
1002632
1002633
1002634
1002635
1002636
1002637
1002638
1002639
1002640
1002641
1002642
1002643
1002644
1002645
1002646
1002648
1002649
1002650
1002651
1002652
1002653
1002654
1002655
1002656
1002657
1002658
1002659
1002660
1002661
1002662
1002663
1002664
1002665
1002666
1002667
1002668
1002669
1002670
1002671
1002672
1002673
1002674
1002675
1002676
1002677
1002678
1002679
1002680
1002681
1002682
1002683
1002684
1002685
1002686
1002687
1002688
1002689
1002690
1002691
1002692
1002693
1002694
1002695
1002696
1002698
1002699
1002700
1002701
1002702
1002703
1002704
1002705
1002706
1002711
1002712
1002713
1002714
1002715
1002716
1002717
1002718
1002719
1002721
1002722
1002723
1002724
1002727
1002728
1002729
1002730
1002731
1002732
1002733
1002734
1002735
1002736
1002737
1002739
1002740
1002741
1002742
1002744
1002745
1002746
1002748
1002749
1002750
1002751
1002752
1002753
1002754
1002755
1002756
1002757
1002758
1002759
1002761
1002762
1002763
1002765
1002766
1002767
1002768
1002769
1002770
1002771
1002772
1002773
1002774
1002776
1002777
1002778
1002779
1002780
1002781
1002783
1002784
1002785
1002786
1002787
1002788
1002789
1002790
1002791
1002792
1002793
1002794
1002795
1002796
1002797
1002798
1002799
1002800
1002801
1002802
1002803
1002805
1002806
1002807
1002808
1002809
1002810
1002811
1002812
1002813
1002814
1002815
1002816
1002817
1002818
1002819
1002820
1002821
1002822
1002823
1002824
1002825
1002826
1002827
1002829
1002831
1002832
1002833
1002834
1002835
1002836
1002837
1002839
1002840
1002841
1002842
1002843
1002844
1002845
1002847
1002848
1002849
1002850
1002851
1002852
1002853
1002854
1002855
1002856
1002857
1002858
1002859
1002860
1002861
1002862
1002863
1002864
1002865
1002866
1002867
1002868
1002869
1002870
1002871
1002872
1002873
1002874
1002875
1002876
1002877
1002878
1002879
1002880
1002881
1002882
1002883
1002884
1002885
1002886
1002887
1002889
1002890
1002893
1002894
1002895
1002896
1002897
1002898
1002899
1002900
1002901
1002902
1002903
1002904
1002905
1002906
1002907
1002908
1002909
1002910
1002911
1002912
1002913
1002914
1002915
1002916
1002917
1002918
1002919
1002920
1002921
1002922
1002923
1002924
1002925
1002926
1002928
1002929
1002930
1002931
1002932
1002933
1002934
1002935
1002936
1002937
1002938
1002939
1002940
1002941
1002942
1002943
1002944
1002945
1002946
1002947
1002948
1002949
1002950
1002951
1002952
1002953
1002954
1002955
1002956
1002957
1002958
1002959
1002960
1002961
1002962
1002963
1002964
1002965
1002966
1002967
1002968
1002969
1002970
1002971
1002972
1002973
1002974
1002975
1002976
1002977
1002978
1002979
1002980
1002981
1002982
1002983
1002984
1002985
1002986
1002987
1002988
1002989
1002990
1002991
1002992
1002993
1002994
1002995
1002996
1002997
1002998
1002999
1003000
1003001
1003002
1003003
1003004
1003005
1003006
1003008
1003009
1003010
1003011
1003012
1003013
1003014
1003015
1003016
1003017
1003018
1003019
1003020
1003021
1003023
1003024
1003025
1003026
1003027
1003028
1003029
1003030
1003031
1003032
1003033
1003034
1003036
1003037
1003038
1003039
1003040
1003041
1003042
1003043
1003044
1003045
1003046
1003047
1003048
1003049
1003050
1003051
1003052
1003053
1003054
1003055
1003056
1003057
1003058
1003059
1003060
1003061
1003062
1003063
1003064
1003065
1003067
1003068
1003071
1003072
1003073
1003075
1003076
1003077
1003078
1003079
1003080
1003081
1003082
1003083
1003084
1003085
1003086
1003087
1003088
1003089
1003090
1003091
1003092
1003093
1003094
1003095
1003096
1003098
1003100
1003101
1003102
1003103
1003104
1003105
1003106
1003107
1003108
1003109
1003110
1003111
1003112
1003113
1003114
1003115
1003116
1003117
1003118
1003119
1003120
1003121
1003122
1003124
1003125
1003126
1003127
1003128
1003129
1003130
1003131
1003132
1003133
1003134
1003136
1003137
1003138
1003139
1003140
1003141
1003142
1003143
1003144
1003145
1003146
1003147
1003148
1003149
1003150
1003151
1003152
1003153
1003154
1003156
1003157
1003158
1003159
1003160
1003161
1003162
1003163
1003164
1003166
1003167
1003168
1003169
1003170
1003171
1003172
1003173
1003174
1003175
1003176
1003177
1003179
1003180
1003181
1003182
1003183
1003185
1003187
1003188
1003189
1003190
1003191
1003192
1003193
1003194
1003195
1003196
1003197
1003198
1003199
1003200
1003201
1003202
1003203
1003204
1003205
1003206
1003207
1003208
1003209
1003210
1003211
1003212
1003213
1003214
1003215
1003216
1003217
1003219
1003220
1003221
1003222
1003223
1003224
1003226
1003227
1003228
1003229
1003230
1003231
1003233
1003234
1003236
1003237
1003238
1003239
1003240
1003241
1003242
1003243
1003244
1003245
1003246
1003247
1003248
1003249
1003250
1003251
1003252
1003253
1003254
1003255
1003256
1003257
1003258
1003259
1003260
1003261
1003262
1003263
1003264
1003265
1003266
1003267
1003268
1003269
1003270
1003271
1003272
1003273
1003274
1003275
1003276
1003277
1003278
1003279
1003280
1003281
1003282
1003283
1003284
1003285
1003286
1003287
1003288
1003289
1003290
1003291
1003292
1003293
1003294
1003295
1003296
1003297
1003298
1003299
1003300
1003301
1003302
1003303
1003304
1003305
1003306
1003307
1003308
1003309
1003310
1003311
1003312
1003313
1003314
1003316
1003317
1003319
1003320
1003321
1003323
1003324
1003325
1003326
1003327
1003328
1003329
1003330
1003331
1003333
1003334
1003335
1003336
1003337
1003338
1003339
1003340
1003341
1003342
1003343
1003344
1003345
1003346
1003347
1003348
1003349
1003350
1003351
1003352
1003353
1003354
1003355
1003357
1003358
1003361
1003362
1003365
1003366
1003367
1003369
1003370
1003376
1003377
1003379
1003381
1003382
1003385
1003387
1003389
1003390
1003392
1003393
1003395
1003398
1003400
1003403
1003404
1003405
1003406
1003408
1003410
1003412
1003413
1003414
1003415
1003416
1003417
1003419
1003420
1003421
1003423
1003424
1003425
1003426
1003427
1003428
1003429
1003430
1003431
1003432
1003433
1003434
1003436
1003437
1003438
1003439
1003440
1003441
1003442
1003443
1003444
1003445
1003446
1003447
1003448
1003449
1003450
1003451
1003452
1003453
1003455
1003456
1003457
1003459
1003460
1003461
1003463
1003464
1003465
1003466
1003467
1003468
1003469
1003470
1003471
1003472
1003473
1003474
1003475
1003476
1003477
1003478
1003479
1003481
1003482
1003483
1003484
1003485
1003487
1003489
1003490
1003491
1003492
1003493
1003494
1003495
1003496
1003497
1003498
1003499
1003500
1003501
1003502
1003503
1003504
1003505
1003506
1003507
1003508
1003509
1003510
1003511
1003512
1003513
1003514
1003515
1003516
1003517
1003518
1003519
1003520
1003521
1003522
1003523
1003524
1003525
1003526
1003527
1003528
1003529
1003530
1003531
1003533
1003534
1003535
1003536
1003537
1003538
1003539
1003540
1003541
1003542
1003543
1003544
1003545
1003546
1003547
1003548
1003549
1003550
1003551
1003552
1003553
1003555
1003557
1003558
1003559
1003560
1003561
1003562
1003563
1003564
1003565
1003566
1003567
1003568
1003569
1003570
1003571
1003572
1003573
1003574
1003575
1003576
1003577
1003578
1003579
1003580
1003581
1003582
1003583
1003584
1003585
1003587
1003588
1003589
1003590
1003591
1003592
1003593
1003594
1003595
1003596
1003597
1003598
1003599
1003600
1003601
1003602
1003603
1003604
1003605
1003606
1003607
1003608
1003609
1003610
1003611
1003612
1003614
1003616
1003617
1003618
1003619
1003620
1003621
1003622
1003623
1003624
1003625
1003626
1003627
1003628
1003630
1003631
1003632
1003633
1003634
1003635
1003636
1003637
1003638
1003639
1003640
1003641
1003642
1003643
1003644
1003645
1003646
1003647
1003648
1003649
1003650
1003651
1003652
1003654
1003655
1003656
1003657
1003658
1003659
1003660
1003661
1003662
1003663
1003664
1003665
1003666
1003667
1003668
1003669
1003670
1003671
1003672
1003673
1003674
1003675
1003676
1003677
1003678
1003679
1003680
1003681
1003682
1003683
1003685
1003686
1003687
1003688
1003689
1003690
1003691
1003692
1003693
1003694
1003695
1003696
1003697
1003698
1003699
1003700
1003701
1003702
1003704
1003705
1003706
1003707
1003708
1003709
1003710
1003711
1003712
1003713
1003714
1003715
1003716
1003717
1003718
1003719
1003720
1003721
1003722
1003723
1003725
1003727
1003728
1003729
1003730
1003731
1003732
1003733
1003734
1003735
1003736
1003738
1003739
1003740
1003741
1003742
1003743
1003744
1003745
1003746
1003747
1003748
1003749
1003750
1003751
1003752
1003753
1003754
1003755
1003756
1003757
1003758
1003759
1003760
1003761
1003762
1003763
1003764
1003765
1003766
1003768
1003769
1003770
1003771
1003772
1003773
1003774
1003775
1003776
1003777
1003778
1003780
1003781
1003782
1003783
1003784
1003785
1003786
1003787
1003788
1003789
1003790
1003791
1003793
1003794
1003795
1003796
1003797
1003798
1003801
1003802
1003803
1003804
1003805
1003806
1003807
1003809
1003810
1003811
1003812
1003813
1003814
1003815
1003816
1003817
1003818
1003819
1003820
1003821
1003822
1003823
1003826
1003827
1003828
1003829
1003830
1003831
1003833
1003836
1003838
1003839
1003840
1003842
1003843
1003844
1003846
1003848
1003849
1003850
1003851
1003852
1003853
1003854
1003855
1003856
1003857
1003858
1003859
1003860
1003862
1003863
1003864
1003865
1003866
1003867
1003868
1003869
1003870
1003871
1003872
1003874
1003875
1003876
1003877
1003878
1003879
1003880
1003881
1003882
1003885
1003886
1003887
1003888
1003889
1003890
1003891
1003892
1003893
1003894
1003895
1003896
1003897
1003898
1003899
1003900
1003901
1003902
1003903
1003904
1003905
1003906
1003907
1003908
1003909
1003910
1003911
1003912
1003913
1003914
1003915
1003916
1003917
1003918
1003919
1003921
1003923
1003925
1003926
1003928
1003930
1003931
1003932
1003933
1003934
1003935
1003936
1003937
1003938
1003939
1003940
1003941
1003942
1003943
1003944
1003945
1003946
1003947
1003948
1003949
1003950
1003951
1003952
1003953
1003954
1003955
1003956
1003957
1003958
1003959
1003960
1003961
1003962
1003963
1003965
1003966
1003967
1003968
1003969
1003970
1003971
1003972
1003973
1003974
1003975
1003976
1003977
1003978
1003979
1003980
1003981
1003982
1003983
1003984
1003985
1003986
1003987
1003988
1003989
1003990
1003992
1003993
1003994
1003995
1003996
1003997
1003998
1003999
1004000
1004001
1004002
1004003
1004004
1004005
1004007
1004008
1004009
1004010
1004011
1004012
1004013
1004014
1004015
1004016
1004017
1004018
1004019
1004020
1004021
1004022
1004023
1004024
1004026
1004027
1004028
1004029
1004030
1004031
1004032
1004033
1004034
1004035
1004036
1004037
1004038
1004039
1004040
1004042
1004043
1004044
1004045
1004046
1004048
1004049
1004050
1004052
1004053
1004054
1004055
1004056
1004057
1004058
1004059
1004060
1004061
1004062
1004063
1004064
1004065
1004066
1004067
1004069
1004070
1004071
1004072
1004073
1004074
1004075
1004076
1004077
1004078
1004079
1004080
1004081
1004082
1004083
1004084
1004085
1004086
1004087
1004088
1004089
1004090
1004091
1004095
1004096
1004097
1004098
1004100
1004101
1004102
1004103
1004104
1004105
1004106
1004107
1004108
1004109
1004110
1004111
1004112
1004113
1004114
1004115
1004116
1004117
1004118
1004119
1004120
1004121
1004122
1004123
1004124
1004125
1004126
1004129
1004130
1004131
1004132
1004133
1004134
1004135
1004136
1004137
1004138
1004139
1004140
1004141
1004142
1004143
1004144
1004145
1004146
1004147
1004148
1004149
1004150
1004151
1004152
1004153
1004154
1004155
1004156
1004157
1004158
1004159
1004160
1004161
1004162
1004163
1004164
1004165
1004166
1004167
1004168
1004169
1004170
1004171
1004173
1004174
1004175
1004176
1004177
1004178
1004179
1004180
1004181
1004182
1004183
1004184
1004185
1004188
1004189
1004190
1004191
1004192
1004193
1004194
1004195
1004196
1004197
1004198
1004199
1004200
1004201
1004202
1004203
1004204
1004205
1004206
1004207
1004208
1004209
1004210
1004211
1004212
1004213
1004214
1004215
1004216
1004217
1004218
1004219
1004220
1004221
1004222
1004223
1004224
1004226
1004227
1004228
1004229
1004230
1004231
1004232
1004233
1004234
1004235
1004236
1004237
1004238
1004239
1004240
1004241
1004242
1004243
1004244
1004245
1004246
1004247
1004248
1004249
1004250
1004251
1004252
1004253
1004254
1004255
1004257
1004258
1004259
1004260
1004261
1004262
1004263
1004264
1004265
1004266
1004267
1004268
1004269
1004270
1004271
1004272
1004273
1004274
1004275
1004276
1004277
1004278
1004279
1004280
1004281
1004282
1004283
1004284
1004285
1004286
1004287
1004288
1004289
1004290
1004291
1004292
1004293
1004294
1004295
1004296
1004297
1004298
1004299
1004300
1004301
1004302
1004303
1004304
1004305
1004306
1004307
1004308
1004310
1004311
1004312
1004314
1004315
1004316
1004317
1004318
1004319
1004321
1004323
1004324
1004325
1004326
1004327
1004328
1004330
1004331
1004332
1004333
1004335
1004336
1004337
1004338
1004339
1004340
1004341
1004342
1004343
1004344
1004345
1004346
1004347
1004348
1004349
1004350
1004351
1004352
1004353
1004354
1004355
1004356
1004357
1004358
1004359
1004360
1004361
1004362
1004364
1004366
1004367
1004368
1004369
1004370
1004371
1004372
1004373
1004374
1004375
1004376
1004377
1004378
1004379
1004380
1004381
1004382
1004383
1004384
1004385
1004386
1004387
1004388
1004389
1004390
1004391
1004392
1004393
1004394
1004395
1004396
1004397
1004398
1004399
1004400
1004401
1004402
1004403
1004404
1004405
1004407
1004408
1004409
1004410
1004411
1004413
1004414
1004415
1004416
1004417
1004419
1004420
1004422
1004423
1004425
1004426
1004427
1004428
1004429
1004430
1004431
1004432
1004433
1004434
1004435
1004436
1004437
1004438
1004439
1004441
1004442
1004443
1004444
1004446
1004447
1004448
1004449
1004450
1004451
1004452
1004453
1004454
1004455
1004456
1004457
1004458
1004459
1004460
1004461
1004463
1004465
1004466
1004467
1004468
1004469
1004470
1004471
1004472
1004473
1004474
1004475
1004476
1004477
1004478
1004479
1004480
1004482
1004483
1004484
1004485
1004486
1004487
1004488
1004490
1004491
1004492
1004493
1004494
1004495
1004496
1004497
1004498
1004499
1004501
1004502
1004504
1004506
1004507
1004509
1004510
1004511
1004513
1004514
1004515
1004516
1004517
1004518
1004519
1004520
1004521
1004523
1004524
1004526
1004527
1004528
1004529
1004531
1004532
1004534
1004535
1004536
1004537
1004538
1004539
1004540
1004541
1004543
1004544
1004545
1004546
1004547
1004548
1004549
1004551
1004552
1004553
1004554
1004555
1004556
1004558
1004560
1004563
1004564
1004565
1004566
1004567
1004569
1004571
1004572
1004573
1004574
1004575
1004576
1004577
1004578
1004579
1004580
1004582
1004583
1004584
1004586
1004587
1004588
1004589
1004590
1004591
1004592
1004593
1004594
1004595
1004596
1004597
1004598
1004599
1004600
1004601
1004602
1004604
1004605
1004606
1004607
1004608
1004609
1004610
1004611
1004612
1004613
1004614
1004615
1004616
1004617
1004618
1004619
1004620
1004621
1004622
1004624
1004625
1004626
1004627
1004628
1004629
1004631
1004632
1004633
1004634
1004637
1004639
1004640
1004641
1004642
1004643
1004644
1004645
1004646
1004647
1004648
1004649
1004650
1004651
1004652
1004653
1004654
1004655
1004656
1004657
1004658
1004659
1004660
1004661
1004662
1004663
1004664
1004666
1004667
1004668
1004669
1004670
1004672
1004673
1004674
1004675
1004677
1004678
1004679
1004680
1004681
1004682
1004683
1004684
1004685
1004690
1004691
1004693
1004695
1004696
1004697
1004698
1004699
1004700
1004701
1004702
1004703
1004704
1004705
1004706
1004707
1004708
1004709
1004710
1004711
1004712
1004713
1004714
1004715
1004716
1004717
1004718
1004719
1004720
1004721
1004722
1004723
1004724
1004725
1004726
1004727
1004728
1004729
1004730
1004731
1004732
1004733
1004734
1004735
1004736
1004737
1004739
1004740
1004741
1004742
1004743
1004744
1004745
1004746
1004747
1004748
1004749
1004750
1004751
1004752
1004753
1004754
1004755
1004756
1004757
1004758
1004759
1004760
1004761
1004762
1004763
1004764
1004765
1004766
1004767
1004768
1004769
1004770
1004771
1004772
1004773
1004774
1004775
1004776
1004777
1004778
1004779
1004780
1004781
1004782
1004783
1004784
1004785
1004786
1004787
1004788
1004789
1004790
1004791
1004792
1004793
1004794
1004795
1004796
1004797
1004798
1004799
1004800
1004801
1004802
1004803
1004804
1004808
1004809
1004810
1004811
1004812
1004813
1004814
1004815
1004816
1004817
1004818
1004819
1004820
1004821
1004822
1004823
1004824
1004825
1004826
1004827
1004828
1004829
1004830
1004831
1004832
1004833
1004834
1004836
1004837
1004838
1004839
1004840
1004841
1004842
1004843
1004844
1004845
1004846
1004847
1004848
1004849
1004850
1004851
1004852
1004853
1004854
1004856
1004857
1004858
1004859
1004860
1004861
1004862
1004863
1004864
1004865
1004866
1004868
1004869
1004870
1004871
1004872
1004873
1004874
1004875
1004876
1004877
1004878
1004879
1004880
1004881
1004882
1004883
1004884
1004885
1004886
1004887
1004888
1004889
1004890
1004892
1004893
1004894
1004895
1004896
1004897
1004898
1004899
1004900
1004901
1004902
1004903
1004904
1004905
1004906
1004907
1004908
1004909
1004910
1004911
1004912
1004913
1004914
1004915
1004916
1004917
1004918
1004919
1004920
1004921
1004922
1004923
1004924
1004925
1004926
1004927
1004928
1004929
1004930
1004931
1004932
1004933
1004934
1004936
1004937
1004938
1004939
1004940
1004941
1004942
1004943
1004944
1004945
1004946
1004947
1004948
1004949
1004950
1004951
1004952
1004953
1004954
1004955
1004956
1004957
1004958
1004959
1004960
1004961
1004962
1004963
1004964
1004965
1004966
1004967
1004968
1004969
1004970
1004971
1004972
1004973
1004974
1004975
1004976
1004977
1004978
1004979
1004980
1004981
1004982
1004983
1004984
1004985
1004986
1004987
1004988
1004989
1004990
1004991
1004992
1004993
1004994
1004995
1004996
1004997
1004998
1004999
1005000
1005001
1005002
1005003
1005004
1005005
1005006
1005007
1005009
1005010
1005011
1005012
1005013
1005014
1005015
1005016
1005017
1005018
1005019
1005020
1005021
1005022
1005023
1005024
1005025
1005026
1005027
1005028
1005029
1005030
1005031
1005032
1005034
1005035
1005036
1005037
1005038
1005039
1005040
1005041
1005042
1005043
1005044
1005046
1005047
1005048
1005049
1005050
1005051
1005052
1005053
1005054
1005055
1005056
1005057
1005058
1005059
1005060
1005061
1005062
1005063
1005064
1005065
1005066
1005067
1005068
1005069
1005070
1005071
1005072
1005076
1005077
1005078
1005079
1005080
1005081
1005082
1005083
1005084
1005085
1005086
1005087
1005088
1005089
1005090
1005091
1005092
1005093
1005094
1005096
1005098
1005100
1005101
1005102
1005103
1005104
1005105
1005106
1005107
1005108
1005109
1005111
1005112
1005113
1005114
1005115
1005116
1005117
1005118
1005119
1005120
1005121
1005122
1005123
1005124
1005125
1005126
1005127
1005128
1005129
1005130
1005131
1005132
1005133
1005136
1005137
1005140
1005141
1005142
1005143
1005144
1005145
1005146
1005147
1005148
1005149
1005150
1005151
1005152
1005153
1005154
1005155
1005156
1005157
1005158
1005159
1005160
1005161
1005162
1005163
1005164
1005165
1005166
1005167
1005168
1005169
1005170
1005171
1005172
1005173
1005174
1005175
1005176
1005177
1005178
1005179
1005180
1005181
1005182
1005183
1005184
1005185
1005186
1005187
1005188
1005189
1005190
1005191
1005192
1005193
1005194
1005195
1005196
1005197
1005198
1005199
1005200
1005201
1005202
1005203
1005204
1005205
1005206
1005207
1005208
1005209
1005210
1005211
1005212
1005213
1005214
1005215
1005216
1005217
1005218
1005219
1005220
1005221
1005222
1005223
1005224
1005225
1005226
1005227
1005228
1005229
1005230
1005231
1005232
1005233
1005235
1005236
1005237
1005238
1005239
1005240
1005241
1005242
1005243
1005244
1005245
1005246
1005247
1005248
1005249
1005250
1005251
1005252
1005253
1005254
1005255
1005256
1005257
1005258
1005259
1005260
1005261
1005262
1005263
1005264
1005265
1005266
1005268
1005269
1005270
1005271
1005272
1005273
1005274
1005275
1005276
1005277
1005278
1005279
1005280
1005281
1005282
1005283
1005284
1005285
1005286
1005287
1005288
1005289
1005290
1005291
1005292
1005293
1005295
1005297
1005298
1005299
1005300
1005301
1005302
1005303
1005304
1005305
1005306
1005307
1005308
1005309
1005311
1005312
1005313
1005314
1005315
1005316
1005317
1005318
1005319
1005320
1005321
1005322
1005323
1005324
1005325
1005326
1005327
1005328
1005329
1005330
1005332
1005333
1005334
1005335
1005338
1005339
1005340
1005341
1005342
1005343
1005344
1005345
1005346
1005347
1005348
1005349
1005350
1005351
1005352
1005353
1005354
1005355
1005356
1005357
1005360
1005361
1005362
1005363
1005364
1005365
1005366
1005367
1005368
1005369
1005370
1005371
1005373
1005374
1005375
1005376
1005377
1005378
1005379
1005380
1005381
1005382
1005384
1005385
1005386
1005387
1005388
1005389
1005390
1005391
1005392
1005393
1005394
1005395
1005396
1005397
1005398
1005399
1005400
1005402
1005403
1005404
1005405
1005406
1005407
1005408
1005409
1005410
1005411
1005412
1005413
1005414
1005415
1005416
1005417
1005418
1005419
1005420
1005421
1005422
1005423
1005424
1005425
1005426
1005427
1005428
1005429
1005430
1005431
1005433
1005434
1005435
1005436
1005437
1005438
1005439
1005440
1005441
1005442
1005443
1005444
1005445
1005446
1005447
1005448
1005449
1005450
1005451
1005452
1005453
1005454
1005455
1005457
1005458
1005459
1005460
1005461
1005462
1005463
1005464
1005465
1005466
1005467
1005468
1005469
1005470
1005471
1005472
1005473
1005474
1005475
1005476
1005477
1005478
1005479
1005480
1005481
1005482
1005483
1005484
1005485
1005486
1005487
1005488
1005489
1005490
1005491
1005492
1005493
1005494
1005495
1005496
1005497
1005498
1005499
1005500
1005501
1005502
1005503
1005504
1005505
1005507
1005508
1005509
1005510
1005511
1005512
1005513
1005514
1005515
1005516
1005517
1005518
1005519
1005520
1005522
1005523
1005524
1005526
1005527
1005528
1005529
1005531
1005532
1005533
1005534
1005535
1005537
1005538
1005539
1005540
1005541
1005542
1005544
1005545
1005546
1005547
1005548
1005549
1005551
1005552
1005553
1005554
1005555
1005556
1005557
1005558
1005559
1005560
1005561
1005562
1005563
1005564
1005565
1005566
1005567
1005568
1005569
1005570
1005571
1005572
1005573
1005575
1005576
1005577
1005578
1005579
1005580
1005581
1005582
1005584
1005585
1005587
1005589
1005590
1005591
1005592
1005593
1005595
1005596
1005597
1005598
1005599
1005600
1005601
1005602
1005604
1005606
1005607
1005608
1005609
1005610
1005612
1005613
1005614
1005615
1005616
1005617
1005618
1005619
1005620
1005621
1005622
1005623
1005624
1005625
1005626
1005628
1005629
1005630
1005631
1005632
1005633
1005634
1005636
1005637
1005639
1005640
1005641
1005642
1005643
1005644
1005645
1005646
1005647
1005648
1005649
1005650
1005651
1005652
1005653
1005654
1005655
1005656
1005657
1005658
1005659
1005660
1005661
1005662
1005663
1005664
1005665
1005666
1005667
1005668
1005669
1005670
1005671
1005672
1005673
1005674
1005675
1005676
1005677
1005678
1005679
1005680
1005681
1005682
1005683
1005684
1005685
1005686
1005687
1005688
1005689
1005691
1005692
1005693
1005694
1005695
1005696
1005697
1005698
1005699
1005700
1005701
1005702
1005705
1005706
1005707
1005708
1005711
1005713
1005714
1005715
1005716
1005719
1005720
1005722
1005723
1005724
1005725
1005726
1005727
1005728
1005729
1005730
1005731
1005732
1005733
1005734
1005735
1005736
1005737
1005739
1005740
1005741
1005742
1005743
1005744
1005745
1005746
1005747
1005748
1005749
1005750
1005751
1005752
1005753
1005754
1005756
1005757
1005758
1005759
1005760
1005761
1005762
1005763
1005764
1005765
1005766
1005767
1005768
1005769
1005770
1005771
1005772
1005773
1005774
1005775
1005776
1005777
1005778
1005779
1005780
1005781
1005782
1005783
1005784
1005785
1005787
1005788
1005789
1005790
1005791
1005792
1005793
1005794
1005795
1005796
1005797
1005799
1005800
1005801
1005802
1005803
1005804
1005805
1005806
1005807
1005808
1005809
1005810
1005811
1005812
1005813
1005814
1005815
1005816
1005818
1005819
1005820
1005821
1005822
1005824
1005825
1005828
1005829
1005830
1005833
1005835
1005836
1005837
1005838
1005839
1005840
1005841
1005842
1005843
1005846
1005847
1005849
1005851
1005852
1005853
1005854
1005855
1005856
1005858
1005859
1005860
1005861
1005862
1005863
1005864
1005865
1005866
1005867
1005868
1005869
1005870
1005871
1005872
1005873
1005874
1005875
1005876
1005877
1005878
1005879
1005880
1005881
1005882
1005883
1005884
1005885
1005886
1005887
1005888
1005889
1005890
1005891
1005892
1005893
1005894
1005895
1005896
1005897
1005898
1005899
1005900
1005901
1005902
1005903
1005904
1005905
1005906
1005907
1005908
1005909
1005910
1005911
1005912
1005913
1005914
1005915
1005916
1005917
1005918
1005919
1005920
1005921
1005922
1005923
1005924
1005925
1005926
1005927
1005928
1005929
1005930
1005931
1005932
1005934
1005935
1005937
1005938
1005939
1005940
1005942
1005943
1005944
1005945
1005946
1005948
1005949
1005950
1005951
1005952
1005953
1005954
1005955
1005956
1005957
1005958
1005959
1005960
1005961
1005964
1005965
1005966
1005967
1005968
1005969
1005970
1005971
1005972
1005973
1005974
1005975
1005976
1005977
1005978
1005979
1005980
1005981
1005982
1005983
1005984
1005985
1005988
1005989
1005991
1005992
1005993
1005994
1005995
1005996
1005997
1005998
1005999
1006000
1006001
1006002
1006003
1006004
1006005
1006006
1006008
1006009
1006010
1006011
1006012
1006013
1006014
1006015
1006016
1006017
1006019
1006020
1006022
1006023
1006024
1006025
1006026
1006027
1006028
1006029
1006030
1006031
1006032
1006033
1006034
1006035
1006036
1006037
1006038
1006039
1006040
1006041
1006042
1006044
1006045
1006046
1006047
1006048
1006049
1006051
1006052
1006053
1006054
1006055
1006056
1006057
1006058
1006059
1006060
1006061
1006062
1006063
1006064
1006065
1006066
1006067
1006068
1006069
1006070
1006071
1006072
1006073
1006074
1006075
1006076
1006077
1006078
1006079
1006080
1006081
1006082
1006083
1006084
1006085
1006086
1006087
1006088
1006089
1006090
1006091
1006092
1006093
1006096
1006097
1006098
1006099
1006100
1006102
1006103
1006104
1006105
1006106
1006107
1006108
1006109
1006110
1006112
1006113
1006115
1006116
1006117
1006118
1006119
1006120
1006121
1006122
1006123
1006124
1006125
1006126
1006127
1006128
1006129
1006130
1006131
1006132
1006133
1006134
1006135
1006136
1006137
1006138
1006139
1006140
1006141
1006142
1006143
1006144
1006145
1006146
1006147
1006148
1006149
1006151
1006152
1006153
1006154
1006157
1006158
1006159
1006160
1006161
1006162
1006163
1006164
1006165
1006168
1006169
1006170
1006171
1006172
1006173
1006174
1006175
1006176
1006177
1006178
1006179
1006180
1006181
1006182
1006183
1006185
1006186
1006187
1006188
1006189
1006190
1006191
1006192
1006193
1006194
1006195
1006196
1006197
1006198
1006199
1006200
1006201
1006202
1006203
1006204
1006205
1006206
1006207
1006208
1006209
1006210
1006211
1006212
1006213
1006214
1006215
1006216
1006218
1006219
1006220
1006221
1006222
1006223
1006224
1006225
1006227
1006228
1006229
1006231
1006232
1006234
1006235
1006236
1006237
1006238
1006239
1006240
1006241
1006242
1006243
1006244
1006245
1006246
1006248
1006249
1006250
1006252
1006253
1006254
1006255
1006257
1006258
1006260
1006261
1006262
1006263
1006264
1006265
1006266
1006267
1006268
1006269
1006270
1006271
1006272
1006273
1006274
1006275
1006276
1006277
1006280
1006282
1006284
1006285
1006286
1006289
1006292
1006293
1006294
1006295
1006296
1006297
1006298
1006299
1006300
1006301
1006302
1006303
1006304
1006305
1006306
1006307
1006309
1006310
1006311
1006312
1006313
1006314
1006315
1006316
1006317
1006318
1006319
1006320
1006321
1006322
1006323
1006324
1006325
1006326
1006327
1006328
1006329
1006330
1006332
1006333
1006334
1006335
1006336
1006341
1006342
1006343
1006344
1006345
1006346
1006347
1006348
1006349
1006350
1006351
1006352
1006353
1006354
1006355
1006356
1006357
1006358
1006359
1006360
1006361
1006362
1006364
1006365
1006366
1006367
1006368
1006369
1006370
1006371
1006372
1006373
1006374
1006375
1006376
1006377
1006378
1006379
1006380
1006381
1006382
1006383
1006384
1006385
1006386
1006387
1006388
1006389
1006390
1006391
1006392
1006393
1006394
1006395
1006396
1006397
1006398
1006399
1006400
1006401
1006402
1006403
1006404
1006405
1006406
1006407
1006408
1006409
1006410
1006411
1006413
1006414
1006415
1006416
1006417
1006418
1006419
1006420
1006421
1006422
1006423
1006424
1006425
1006426
1006427
1006428
1006429
1006430
1006431
1006432
1006433
1006434
1006435
1006436
1006437
1006438
1006439
1006440
1006441
1006442
1006443
1006444
1006445
1006446
1006447
1006448
1006449
1006450
1006451
1006452
1006453
1006454
1006455
1006456
1006458
1006459
1006461
1006462
1006463
1006464
1006465
1006466
1006467
1006468
1006469
1006470
1006471
1006472
1006473
1006474
1006475
1006476
1006477
1006478
1006479
1006480
1006481
1006482
