881457
881459
88146
881460
881461
881462
881463
881464
881466
881467
881469
881470
881471
881473
881475
881478
881479
881480
881482
881483
881484
881485
881486
881487
881488
881490
881491
881493
881494
881495
881496
881497
881499
88150
881500
881501
881502
881503
881504
881505
881506
881507
881508
881509
881511
881512
881513
881514
881515
881516
881517
881518
881519
88152
881520
881521
881523
881525
881526
881528
881529
88153
881530
881531
881532
881534
881535
881536
881537
881538
881539
88154
881540
881541
881543
881544
881545
881546
881547
881548
881549
88155
881550
881551
881552
881553
881555
881556
881557
881559
881560
881561
881562
881563
881564
881565
881566
881567
881568
881569
88157
881570
881571
881572
881573
881574
881575
881576
881577
881578
881579
88158
881580
881581
881582
881584
881585
881586
881588
88159
881590
881591
881592
881593
881594
881596
881597
881598
8816
881602
881604
881605
881608
881609
88161
881610
881611
881612
881613
881614
881615
881616
881618
881620
881621
881622
881625
881626
881627
881629
881632
881633
881634
881635
881636
881637
881638
881639
88164
881640
881641
881642
881643
881644
881645
881646
881647
881648
881649
88165
881650
881651
881652
881654
881655
881656
881657
881658
881659
88166
881663
881664
881667
881668
88167
881670
881672
881673
881674
881676
881677
881678
881679
881680
881681
881682
881683
881684
881685
881686
881687
881688
881689
88169
881691
881692
881693
881694
881695
881697
88170
881701
881702
881703
881704
881705
881706
881707
881708
881709
88171
881710
881711
881712
881713
881714
881715
881716
881717
881718
881719
88172
881720
881721
881722
881724
881725
881726
881727
881728
881729
881730
881731
881732
881734
881735
881736
881737
881739
88174
881740
881741
881742
881743
881746
881747
881749
88175
881750
881751
881752
881754
881755
881756
881758
88176
881760
881761
881762
881763
881764
881765
881768
881769
881770
881771
881773
881774
881775
881776
881777
881778
881779
881780
881782
881783
881784
881786
881787
881788
881789
88179
881791
881792
881793
881794
881795
881796
881797
881798
881799
8818
881800
881801
881802
881803
881804
881805
881806
881807
881808
881809
881810
881811
881812
881813
881814
881815
881817
881818
881819
88182
881820
881821
881823
881824
881825
881826
881827
881828
881829
88183
881830
881831
881832
881833
881834
881835
881836
881837
881838
881839
881840
881841
881842
881844
881845
881846
881847
881848
881849
88185
881850
881851
881852
881853
881854
881855
881856
881857
881858
881859
88186
881860
881861
881862
881863
881864
881865
881866
881867
881868
881869
881871
881872
881873
881875
881876
881877
881878
881879
88188
881880
881882
881883
881884
881885
881886
881887
881888
881889
88189
881890
881891
881892
881894
881895
881896
881897
881899
88190
881900
881901
881902
881903
881904
881905
881906
881907
881908
881909
88191
881910
881911
881912
881913
881914
881915
881916
881917
881918
881919
88192
881920
881921
881922
881923
881925
881926
881927
881928
881929
881930
881931
881933
881934
881935
881936
881937
881938
881939
881940
881941
881942
881943
881944
881945
881946
881947
881948
881949
88195
881950
881952
881953
881954
881955
881956
881957
881958
881959
88196
881960
881961
881962
881963
881964
881965
881966
881967
881968
881969
88197
881970
881972
881973
881974
881976
881977
881979
881980
881981
881982
881983
881984
881985
881986
881987
881988
881989
88199
881991
881992
881993
881994
881995
881996
881997
882
8820
88200
882000
882001
882002
882003
882005
882006
882007
882008
882009
882010
882011
882012
882013
882014
882015
882016
882017
882018
882019
88202
882020
882021
882022
882023
882024
882025
882026
882027
882028
882029
88203
882030
882031
882032
882033
882034
882035
882036
882037
882038
882039
88204
882040
882041
882042
882043
882044
882046
882047
882049
88205
882050
882051
882052
882053
882054
882055
882056
882057
882058
882059
88206
882060
882061
882062
882063
882064
882065
882066
882067
882068
882069
882070
882071
882072
882073
882074
882075
882076
882078
88208
882080
882082
882083
882084
882085
882086
882087
882088
88209
882090
882091
882092
882093
882094
882095
882097
882098
8821
882100
882101
882102
882103
882104
882106
882107
882108
882109
88211
882110
882111
882112
882113
882114
882116
882118
88212
882120
882121
882123
882125
882126
882127
882128
882129
88213
882130
882131
882132
882134
882135
882136
882137
882138
882139
88214
882140
882141
882145
882146
882147
882148
882149
88215
882150
882151
882152
882153
882154
882155
882156
882157
882158
882159
88216
882160
882161
882162
882163
882164
882165
882166
882167
882168
882169
88217
882170
882171
882172
882173
882174
882175
882176
882178
882179
882180
882181
882182
882183
882184
882185
882186
882187
882188
882189
88219
882190
882191
882192
882193
882197
88220
882201
882202
882203
882204
882205
882206
882207
882208
882209
882210
882211
882213
882214
882215
882216
882217
882218
882219
88222
882220
882221
882222
882223
882224
882225
882227
882228
882229
882230
882231
882232
882234
882235
882237
882238
882239
88224
882240
882241
882242
882243
882245
882246
882247
882248
882249
88225
882250
882251
882252
882253
882254
882255
882256
882257
882258
882259
88226
882260
882261
882262
882263
882264
882265
882266
882267
882269
882270
882272
882273
882274
882275
882276
882277
882278
882279
882280
882281
882282
882283
882284
882286
882287
882288
882289
88229
882290
882292
882293
882294
882295
882296
882297
882298
882299
88230
882300
882301
882302
882303
882304
882305
882306
882307
882308
882309
88231
882310
882311
882313
882314
882315
882316
882317
882318
882319
882320
882321
882322
882323
882325
882326
882329
88233
882331
882332
882334
882335
882336
882337
882338
882339
88234
882340
882341
882342
882343
882344
882345
882346
882347
882348
882349
882350
882351
882352
882353
882354
882355
882356
882357
882358
882359
88236
882360
882361
882362
882363
882364
882365
882366
882367
882368
88237
882370
882371
882373
882374
882375
882377
882378
882379
88238
882380
882381
882384
882385
882386
882387
882388
882389
882390
882391
882392
882393
882394
882395
882396
882397
882398
882399
88240
882400
882401
882402
882404
882405
882406
882407
882408
882409
88241
882410
882411
882412
882413
882414
882415
882416
882417
882418
882419
882420
882421
882422
882423
882425
882426
882428
882429
88243
882430
882431
882433
882434
882435
882436
882437
882438
882440
882441
882442
882443
882444
882445
882446
882448
882449
882450
882451
882452
882453
882455
882456
882457
882458
882459
88246
882460
882461
882462
882464
882466
882467
882468
882469
88247
882470
882473
882474
882475
882476
882477
882478
882480
882481
882482
882483
882486
882488
88249
882491
882492
882496
882497
882498
882500
882501
882502
882503
882504
882506
882507
882508
882509
882514
882515
882516
882517
882518
882519
88252
882520
882521
882522
882523
882524
882525
882526
882527
882528
882529
88253
882530
882531
882534
882535
882536
882537
882539
882540
882541
882542
882543
882545
882546
882547
882548
882549
88255
882550
882551
882552
882553
882554
882555
882556
882557
882558
882559
882560
882561
882562
882563
882564
882565
882566
882567
882568
882569
882570
882571
882572
882573
882574
882575
882576
882577
882578
882579
88258
882580
882581
882582
882583
882584
882585
882586
882587
882588
882589
88259
882590
882591
882592
882593
882594
882595
882596
882597
882598
882599
88260
882600
882603
882604
882607
882609
882610
882611
882613
882614
882615
882616
882617
882618
882619
88262
882620
882621
882622
882623
882624
882625
882626
882627
882628
882629
882630
882631
882633
882634
882636
882637
882638
882639
88264
882640
882641
882642
882643
882644
882645
882646
882647
882648
882649
882650
882651
882652
882653
882654
882655
882656
882657
882658
882659
88266
882660
882661
882662
882663
882664
882665
882666
882667
882668
882669
88267
882670
882671
882672
882673
882674
882675
882676
882677
882678
882679
882680
882681
882682
882683
882684
882685
882686
882687
882688
882689
88269
882690
882691
882692
882694
882695
882696
882697
882698
882699
8827
88270
882700
882701
882702
882703
882704
882706
882707
882708
882709
88271
882711
882712
882713
882714
882715
882717
882718
882719
88272
882720
882721
882722
882723
882724
882725
882726
882727
882728
882729
88273
882730
882733
882734
882735
882736
882737
882738
882739
88274
882740
882741
882742
882743
882744
882745
882746
882748
882749
88275
882750
882751
882752
882754
882755
882756
882757
882758
882759
88276
882761
882762
882763
882764
882765
882766
882767
882768
882769
88277
882770
882772
882773
882774
882775
882779
88278
882781
882782
882783
882784
882785
882788
882789
882790
882791
882792
882793
882794
882795
882796
882797
882798
882799
88280
882800
882801
882802
882803
882804
882805
882806
882807
882808
882809
882810
882811
882812
882813
882814
882815
882816
882817
882818
882819
88282
882820
882821
882822
882823
882824
882825
882826
882827
882828
882829
88283
882830
882831
882832
882833
882834
882835
882836
882837
882839
88284
882840
882841
882842
882843
882844
882845
882846
882847
882848
882849
88285
882850
882851
882852
882853
882854
882855
882856
882857
882859
88286
882860
882861
882862
882863
882864
882865
882866
882867
882868
882869
882870
882871
882872
882873
882874
882875
882876
882877
882878
882879
88288
882881
882882
882884
882885
882887
882889
882890
882891
882892
882893
882894
882895
882896
882897
882898
882899
882900
882901
882902
882903
882904
882906
882907
882908
882909
882910
882911
882912
882913
882914
882915
882917
882918
882919
88292
882920
882921
882922
882923
882924
882925
882926
882927
882928
882929
88293
882930
882931
882932
882933
882934
882935
882936
882937
882939
882940
882941
882942
882943
882944
882945
882946
882947
882948
882949
882950
882951
882952
882953
882954
882955
882956
882957
882959
88296
882960
882961
882962
882963
882964
882965
882966
882967
882968
882969
88297
882971
882972
882973
882974
882975
882976
882977
882978
882979
882980
882981
882982
882983
882984
882985
882986
882987
882989
88299
882990
882991
882993
882994
882995
882996
882997
882998
882999
883
88300
883000
883001
883002
883003
883004
883005
883006
883007
883008
883009
883011
883012
883014
883015
883016
883017
883018
883019
88302
883020
883021
883022
883023
883024
883025
883026
883027
883028
883029
883030
883031
883032
883033
883034
883035
883036
883037
883039
88304
883040
883041
883042
883043
883044
883045
883046
883047
883048
883049
883050
883051
883052
883053
883054
883055
883056
883057
883058
883059
883060
883061
883062
883063
883064
883065
883066
883067
883068
883069
88307
883072
883073
883074
883075
883076
883077
883078
883079
88308
883080
883081
883082
883083
883085
883086
883087
883088
883089
88309
883090
883092
883093
883094
883095
883096
883097
883098
883099
8831
883100
883101
883102
883103
883104
883105
883106
883107
883108
883109
883110
883111
883112
883113
883114
883115
883116
883117
883118
883119
88312
883120
883121
883122
883123
883124
883125
883126
883127
883128
883129
883130
883131
883132
883133
883134
883135
883136
883137
883138
883139
883140
883141
883142
883144
883145
883146
883147
883148
883149
88315
883150
883151
883152
883153
883154
883155
883156
883157
883158
883159
88316
883161
883162
883163
883164
883165
883166
883167
883168
883169
883170
883171
883172
883173
883174
883175
883176
883178
883179
88318
883180
883181
883183
883184
883185
883186
883187
883188
883189
883190
883191
883192
883193
883194
883195
883196
883197
883198
883199
8832
88320
883200
883201
883202
883205
883206
883207
883208
883210
883211
883212
883213
883214
883215
883216
883217
883218
883219
88322
883220
883221
883222
883223
883224
883225
883226
883227
883228
883230
883231
883232
883233
883234
883235
883236
883237
883238
883240
883241
883242
883243
883244
883245
883247
883248
883249
88325
883250
883251
883252
883254
883255
883256
883257
883258
883260
883261
883262
883263
883264
883265
883266
883267
883268
883269
883270
883271
883272
883274
883275
883276
883277
883279
883280
883281
883282
883283
883284
883285
883286
883287
883288
883289
883290
883291
883292
883293
883294
883295
883296
883297
883298
883299
8833
883300
883301
883302
883305
883307
883308
883309
883310
883312
883313
883314
883315
883316
883317
883318
883319
88332
883320
883321
883322
883323
883324
883325
883326
883327
883328
883329
88333
883330
883331
883332
883333
883334
883335
883336
883337
883338
883339
88334
883340
883341
883342
883343
883344
883345
883346
883347
883349
883350
883351
883352
883353
883354
883355
883356
883357
883358
883359
88336
883360
883361
883362
883363
883364
883365
883366
883367
883368
883369
883370
883371
883372
883373
883374
883375
883376
883377
883379
88338
883380
883381
883382
883383
883384
883385
883386
883387
883388
883389
883390
883391
883392
883393
883394
883395
883396
883397
883398
883399
8834
883400
883401
883402
883403
883405
883406
883407
883408
883409
883410
883411
883412
883413
883414
883415
883416
883418
883419
883420
883421
883422
883423
883426
883427
883428
883429
883430
883432
883433
883434
883435
883436
883437
883438
883439
883440
883441
883442
883443
883445
883446
883448
883449
883450
883451
883453
883455
883456
883458
88346
883461
883462
883464
883465
883466
883467
883468
883469
88347
883472
883473
883475
883479
88348
883480
883482
883488
883490
883493
883496
8835
88350
883500
883501
883502
883509
883511
883513
883518
883519
88352
883520
883523
883524
883525
883527
883529
88353
883531
883532
883533
883534
883535
883537
883539
88354
883544
883545
883547
883551
883553
883556
883558
883559
88356
883561
883567
88357
883572
883575
883576
883577
883581
883582
883584
883586
883587
883588
883589
88359
883590
883591
883592
883593
883594
883596
883597
883598
883599
8836
883600
883601
883602
883603
883604
883605
883607
883608
883609
88361
883611
883613
883615
883616
883617
883619
88362
883620
883621
883622
883623
883624
883625
883626
883628
883630
883631
883632
883633
883634
883635
883636
883637
883638
883639
88364
883640
883641
883642
883643
883644
883645
883646
883647
883648
883649
883650
883651
883652
883653
883655
883656
883657
883658
883659
883660
883661
883662
883663
883664
883665
883666
883667
883668
883669
88367
883670
883671
883672
883673
883674
883675
883676
883677
883678
883679
88368
883680
883681
883682
883683
883684
883685
883686
883687
883688
883689
88369
883690
883691
883692
883693
883694
883695
883696
883697
883699
8837
88370
883700
883701
883702
883703
883704
883705
883706
883707
883709
883710
883711
883712
883713
883714
883716
883717
883718
883719
88372
883720
883721
883722
883723
883724
883725
883726
883727
883728
883729
883730
883731
883732
883733
883734
883735
883737
883738
883739
88374
883740
883741
883742
883743
883744
883745
883746
883747
883748
883749
88375
883752
883753
883754
883755
883756
883757
883758
883759
88376
883760
883761
883762
883763
883764
883765
883766
883767
883768
883769
88377
883770
883771
883772
883773
883774
883775
883776
883777
883778
883779
88378
883780
883781
883782
883783
883784
883785
883786
883787
883788
883789
88379
883790
883791
883792
883793
883794
883795
883796
883797
883799
8838
88380
883800
883801
883803
883804
883805
883807
883808
883809
88381
883810
883811
883813
883814
883815
883816
883817
883818
883819
883820
883821
883822
883823
883824
883825
883826
883827
883828
883829
88383
883830
883831
883832
883833
883834
883835
883836
883837
883838
883839
883840
883841
883842
883843
883844
883845
883846
883847
883848
883849
883850
883851
883852
883853
883854
883855
883856
883857
883858
883859
88386
883860
883861
883862
883863
883864
883865
883866
883867
883868
883869
88387
883870
883871
883872
883873
883874
883875
883876
883877
883878
883879
883880
883881
883882
883883
883885
883886
883887
883888
883889
883891
883892
883893
883894
883895
883896
883897
883898
8839
88390
883901
883902
883903
883904
883905
883907
883908
883909
88391
883910
883912
883913
883914
883915
883916
883918
883920
883921
883924
883925
883926
883927
883928
88393
883930
883931
883932
883933
883934
883935
883936
883937
883938
883939
88394
883940
883941
883942
883944
883945
883946
883947
883948
883949
88395
883950
883951
883952
883953
883954
883955
883956
883957
883958
883959
883960
883961
883963
883964
883965
883966
883967
883968
883969
88397
883970
883971
883973
883974
883975
883976
883977
883978
883979
883980
883981
883982
883983
883984
883985
883986
883987
883988
883989
883990
883991
883992
883993
883994
883995
883996
883997
883998
883999
884
8840
88400
884000
884002
884003
884004
884005
884006
884007
884008
884009
88401
884010
884011
884012
884013
884014
884015
884017
884018
884019
88402
884020
884021
884022
884023
884024
884026
884027
884028
884029
884030
884031
884032
884033
884034
884035
884036
884037
884038
884039
88404
884040
884041
884042
884044
884045
884046
884047
884048
884049
88405
884050
884051
884052
884053
884054
884055
884056
884057
884058
884059
884060
884061
884062
884063
884064
884065
884066
884067
884068
884069
88407
884070
884071
884072
884073
884074
884075
884076
884079
884080
884081
884082
884083
884084
884085
884086
884087
884088
884089
88409
884090
884091
884092
884093
884094
884095
884096
884097
884098
884099
8841
88410
884100
884101
884102
884103
884104
884105
884106
884107
884108
884109
884110
884111
884112
884114
884117
884118
884119
88412
884120
884123
884125
884126
884127
884128
884129
88413
884130
884132
884133
884135
884137
884138
884139
88414
884140
884141
884142
884143
884144
884145
884146
884147
884148
884149
884150
884151
884152
884153
884154
884155
884156
884157
884158
884159
884160
884161
884162
884163
884164
884165
884166
884167
884168
884169
88417
884170
884171
884172
884173
884174
884175
884177
884178
884179
88418
884180
884181
884182
884183
884184
884185
884186
884188
884189
88419
884190
884191
884192
884193
884194
884195
884196
884197
884198
8842
88420
884200
884201
884202
884203
884204
884205
884206
884207
884208
884209
88421
884210
884211
884213
884214
884215
884216
884217
884218
884219
884220
884221
884222
884223
884224
884225
884226
884227
884228
884229
88423
884230
884231
884232
884233
884234
884235
884236
884237
884238
884239
88424
884240
884241
884242
884243
884244
884245
884246
884247
884248
884249
884252
884253
884254
884255
884256
884257
884258
88426
884260
884261
884262
884263
884264
884267
884268
884269
884271
884272
884273
884274
884275
884276
884277
884278
884279
88428
884280
884282
884283
884284
884285
884286
884287
884288
884289
88429
884290
884291
884292
884293
884294
884295
884296
884297
884298
884299
8843
884300
884301
884302
884303
884304
884305
884306
884307
884308
884309
88431
884310
884311
884312
884313
884314
884315
884316
884317
884318
884319
88432
884320
884321
884323
884324
884325
884326
884327
884328
884329
884330
884331
884332
884333
884334
884335
884336
884337
884338
884339
88434
884340
884341
884342
884343
884344
884345
884346
884347
884348
884349
88435
884351
884352
884353
884354
884355
884356
884358
884359
884360
884361
884362
884363
884364
884365
884366
884367
884368
884369
88437
884370
884371
884372
884373
884374
884375
884376
884377
884378
884379
88438
884380
884382
884383
884386
884387
884388
884389
88439
884390
884391
884392
884393
884394
884395
884396
884397
884398
884399
8844
88440
884400
884401
884402
884403
884404
884405
884406
884407
884408
884409
88441
884411
884413
884414
884415
884416
884417
884418
884419
88442
884420
884421
884422
884423
884424
884425
884426
884427
884428
884429
88443
884430
884431
884432
884433
884434
884435
884436
884437
884439
884440
884441
884442
884443
884444
884445
884446
884447
884448
884449
884450
884451
884452
884453
884454
884455
884457
884458
884459
88446
884461
884462
884463
884464
884465
884466
884467
884468
884469
88447
884471
884472
884473
884474
884475
884476
884477
884478
884479
88448
884480
884481
884482
884483
884484
884486
884487
884488
884489
884490
884491
884492
884493
884494
884495
884496
884497
884498
884499
8845
88450
884500
884501
884502
884503
884504
884505
884506
884507
884508
884509
88451
884510
884511
884512
884513
884514
884515
884516
884517
884518
884519
88452
884520
884521
884522
884523
884524
884525
884526
884527
884528
88453
884530
884531
884532
884533
884534
884535
884536
884537
884538
884539
88454
884540
884541
884542
884544
884545
884546
884547
884548
884550
884551
884552
884553
884554
884555
884556
884557
884558
884559
88456
884560
884561
884562
884563
884564
884565
884566
884567
884568
884569
88457
884570
884571
884572
884573
884574
884575
884576
884577
884578
884579
88458
884580
884581
884582
884583
884584
884585
884586
884587
884588
884589
88459
884590
884591
884592
884593
884594
884595
884596
884597
884598
884599
8846
884600
884601
884602
884603
884604
884605
884606
884607
884608
884609
884610
884611
884612
884613
884614
884615
884616
884617
884619
884620
884621
884622
884623
884624
884625
884626
884627
884628
884629
88463
884630
884631
884632
884633
884634
884635
884636
884637
884638
88464
884640
884641
884642
884643
884644
884645
884646
884647
884648
884649
884650
884651
884652
884653
884654
884655
884656
884657
884658
884659
88466
884660
884661
884662
884663
884664
884665
884666
884667
884668
884669
88467
884670
884671
884672
884673
884674
884675
884676
884677
884678
884679
884680
884681
884682
884683
884684
884685
884686
884687
884688
884689
88469
884690
884691
884692
884693
884694
884695
884696
884697
884698
884699
8847
884700
884701
884702
884703
884704
884705
884706
884707
884708
884709
88471
884710
884711
884712
884713
884714
884715
884717
884718
884719
884720
884721
884722
884723
884724
884725
884726
884727
884728
884729
88473
884730
884731
884732
884734
884735
884737
884738
884739
884740
884741
884742
884743
884745
884746
884747
884748
884749
88475
884750
884751
884752
884753
884754
884755
884756
884757
884758
884759
884760
884761
884762
884763
884764
884765
884766
884767
884768
884769
884770
884771
884772
884773
884774
884775
884776
884777
884778
884779
88478
884780
884781
884782
884783
884784
884785
884786
884787
884788
884789
88479
884790
884791
884792
884793
884794
884795
884796
884797
884798
884799
8848
88480
884800
884801
884803
884804
884805
884806
884808
884809
884810
884811
884812
884813
884814
884815
884816
884817
884819
884822
884825
884826
884827
884828
884829
884830
884831
884832
884833
884834
884835
884836
884837
884838
884839
884840
884841
884842
884843
884844
884845
884846
884847
884848
884849
884850
884851
884852
884853
884854
884856
884857
884858
884859
88486
884860
884861
884862
884863
884864
884865
884866
884867
884868
884869
88487
884870
884871
884872
884873
884875
884876
884877
884878
884879
884880
884881
884882
884883
884884
884885
884886
884887
884888
884889
884890
884891
884892
884893
884894
884895
884896
884897
884898
884899
8849
884900
884901
884902
884903
884904
884905
884906
884907
884908
884909
88491
884910
884911
884912
884913
884916
884917
884918
884919
88492
884920
884921
884922
884923
884924
884925
884926
884927
884928
884929
88493
884930
884931
884932
884933
884934
884935
884936
884937
884938
884939
88494
884940
884941
884942
884943
884944
884945
884946
884947
884948
884949
884950
884953
884954
884955
884956
884957
884958
884959
88496
884960
884961
884962
884963
884964
884965
884966
884967
884968
884969
88497
884970
884971
884972
884973
884974
884975
884976
884977
884978
884979
88498
884980
884981
884982
884983
884985
884986
884987
884988
884989
884990
884991
884992
884993
884994
884996
884997
884998
884999
885
8850
88500
885000
885001
885002
885003
885005
885006
885007
885008
885009
885010
885011
885012
885013
885014
885015
885017
885019
88502
885021
885022
885023
885024
885025
885026
885027
885028
885029
885030
885031
885032
885033
885034
885035
885036
885037
885038
885039
88504
885040
885041
885042
885043
885044
885046
885047
885048
885049
88505
885050
885052
885053
885054
885055
885056
885057
885058
885059
88506
885060
885061
885062
885063
885064
885065
885066
885067
885068
885069
885070
885071
885072
885073
885074
885075
885076
885077
885078
88508
885080
885081
885082
885083
885084
885085
885086
885087
885088
88509
885090
885092
885093
885094
885095
885096
885097
885098
885099
8851
885100
885101
885102
885103
885104
885105
885106
885107
885108
885109
885110
885111
885112
885113
885114
885116
885117
885118
885119
88512
885120
885121
885122
885123
885124
885125
885126
885127
885128
885129
885130
885131
885132
885133
885134
885135
885136
885137
885138
885139
885140
885141
885142
885143
885144
885145
885146
885147
885148
885149
885150
885151
885152
885153
885154
885155
885156
885157
885159
88516
885160
885161
885162
885163
885164
885165
885166
885168
885169
88517
885170
885171
885172
885173
885174
885175
885176
885177
885178
885179
88518
885180
885181
885182
885183
885184
885185
885186
885187
885188
885189
88519
885190
885191
885192
885195
885196
885197
885198
885199
8852
88520
885200
885201
885203
885204
885205
885206
885207
885208
885209
88521
885210
885211
885213
885214
885215
885217
885219
885220
885222
885223
885224
885225
885226
885227
885228
885229
885230
885231
885232
885233
885234
885235
885236
885237
885238
885239
885240
885241
885242
885243
885244
885245
885246
885247
885248
885249
88525
885250
885251
885252
885253
885254
885255
885256
885257
885258
885259
885260
885261
885262
885263
885264
885265
885266
885267
885268
885269
88527
885271
885272
885273
885274
885276
885277
885278
885279
88528
885280
885281
885283
885284
885285
885286
885287
885288
885289
88529
885290
885291
885292
885293
885294
885295
885296
885297
885298
885299
8853
88530
885300
885301
885302
885303
885304
885305
885306
885307
885308
885309
88531
885311
885313
885314
885316
885317
885318
885319
885320
885321
885323
885324
885326
885327
885328
885329
885330
885331
885332
885333
885334
885335
885338
885339
88534
885340
885341
885342
885343
885344
885345
885346
885347
885348
885349
88535
885350
885351
885352
885353
885354
885355
885356
885357
885358
885359
885360
885361
885362
885363
885364
885365
885366
885367
885368
885369
88537
885370
885371
885372
885373
885374
885375
885376
885377
885378
885379
885380
885381
885382
885383
885384
885386
885387
885388
885389
88539
885390
885391
885392
885393
885394
885395
885396
885397
885398
885399
8854
88540
885400
885401
885402
885403
885404
885405
885406
885407
885408
885409
88541
885410
885411
885413
885414
885415
885416
885417
885418
885419
88542
885420
885421
885423
885424
885425
885426
885427
885428
885429
88543
885430
885431
885432
885433
885435
885436
885437
885438
885439
88544
885440
885441
885442
885443
885444
885445
885446
885447
885448
885450
885452
885453
885454
885456
885457
885458
88546
885460
885461
885462
885463
885465
885467
885468
885470
885473
885474
885476
885477
885478
88548
885481
885483
885484
885486
885487
885488
885489
88549
885490
885491
885492
885493
885494
885495
885496
885497
885498
885499
885500
885501
885502
885503
885504
885505
885506
885507
885508
885509
885510
885511
885512
885513
885514
885515
885516
885517
885518
885519
88552
885520
885522
885523
885524
885525
885526
885527
885528
885529
88553
885530
885531
885532
885533
885534
885535
885536
885537
885538
885539
885540
885541
885542
885543
885544
885545
885546
885548
885549
885550
885551
885552
885553
885554
885555
885556
885557
885558
885559
885560
885561
885562
885563
885564
885565
885566
885567
885568
885569
88557
885570
885571
885572
885573
885574
885575
885576
885577
885578
885579
88558
885580
885581
885582
885583
885584
885585
885586
885587
885588
885589
88559
885590
885591
885592
885593
885594
885596
885597
885599
8856
885600
885601
885602
885603
885604
885605
885608
885609
885610
885611
885612
885613
885614
885615
885616
885617
885618
885619
88562
885620
885621
885622
885623
885624
885625
885626
885627
885628
885629
885630
885631
885632
885633
885634
885635
885636
885637
885638
885639
88564
885640
885641
885644
885645
885646
885647
885648
88565
885650
885651
885653
885654
885655
885658
885659
88566
885660
885661
885662
885663
885665
885666
885667
885669
88567
885671
885672
885673
885674
885675
885679
88568
885680
885681
885682
885683
885684
885685
885686
885688
88569
885690
885691
885692
885693
885694
885695
885696
885697
885698
88570
885700
885701
885702
885703
885704
885705
885706
885707
885708
885709
88571
885710
885711
885713
885716
885717
885718
885720
885721
885722
885723
885724
885725
885727
88573
885730
885731
885733
885735
885736
885737
885738
885739
88574
885740
885741
885742
885743
885744
885745
885746
885747
885748
885750
885752
885753
885754
885755
885756
885757
885758
885759
88576
885760
885762
885763
885764
885765
885766
885767
885768
885769
88577
885770
885771
885772
885773
885774
885775
885776
885777
885778
885779
88578
885780
885782
885783
885784
885785
885786
885787
885788
885789
88579
885790
885791
885792
885793
885794
885795
885796
885797
885798
885799
88580
885800
885801
885802
885804
885805
885806
885807
885808
885809
88581
885810
885811
885812
885813
885814
885815
885816
885818
885819
885820
885821
885822
885823
885824
885825
885826
885827
885828
885829
88583
885830
885831
885832
885833
885834
885835
885837
885838
885839
88584
885840
885841
885842
885843
885844
885845
885846
885847
885848
885849
88585
885850
885851
885852
885853
885854
885855
885856
885857
885858
885859
88586
885860
885861
885862
885863
885864
885865
885866
885867
885869
885870
885871
885872
885873
885874
885875
885877
88588
885880
885881
885882
885883
885884
885885
885886
885887
885888
885889
88589
885890
885891
885892
885893
885894
885895
885896
885897
885898
885899
8859
88590
885900
885901
885902
885903
885904
885905
885906
885907
885908
885909
88591
885910
885911
885912
885913
885915
885916
885917
885918
885919
88592
885920
885921
885922
885923
885924
885925
885926
885927
885928
885929
88593
885930
885931
885932
885933
885935
885936
885937
885938
885939
88594
885940
885941
885942
885943
885944
885945
885947
885948
885949
885950
885951
885952
885953
885954
885955
885956
885957
885958
885959
88596
885960
885961
885962
885963
885964
885965
885966
885967
885968
885969
885970
885971
885972
885973
885974
885975
885976
885977
885978
885979
88598
885980
885981
885982
885983
885984
885985
885986
885987
885988
88599
885990
885991
885992
885993
885994
885995
885997
885998
885999
886
8860
886000
886001
886002
886003
886004
886005
886006
886007
886008
88601
886010
886011
886012
886013
886014
886015
886016
886017
886018
886019
88602
886020
886021
886022
886023
886024
886025
886026
886027
886028
886029
886030
886031
886032
886033
886034
886036
886037
886038
886039
88604
886040
886041
886042
886043
886044
886045
886046
886047
886048
886049
88605
886050
886051
886052
886053
886055
886056
886058
886059
88606
886060
886061
886062
886063
886064
886066
886067
886068
886069
88607
886070
886071
886072
886073
886074
886075
886076
886077
886078
886079
886080
886082
886083
886084
886085
886086
886088
886089
88609
886090
886091
886092
886093
886094
886095
886096
886097
886098
886099
88610
886100
886101
886102
886103
886105
886106
886107
886108
886109
88611
886110
886111
886112
886113
886114
886116
886117
886118
886119
88612
886121
886122
886123
886124
886125
886126
886127
886128
886129
88613
886130
886131
886132
886133
886134
886135
886136
886137
886138
886139
88614
886140
886141
886142
886144
886145
886146
886147
886148
886150
886151
886152
886154
886155
886156
886158
886159
886160
886161
886162
886164
886165
886166
886168
886169
886170
886171
886172
886173
886174
886175
886176
886177
886179
88618
886182
886183
886185
886186
886187
886188
886189
88619
886190
886191
886192
886193
886194
886195
886196
886197
886198
886199
88620
886200
886201
886202
886203
886205
886206
886207
886208
886209
88621
886211
886212
886213
886214
886215
886216
886217
886218
886219
88622
886220
886221
886222
886223
886224
886225
886226
886227
886228
886229
886230
886232
886233
886234
886235
886236
886237
886238
886239
88624
886240
886241
886242
886243
886244
886245
886246
886247
886248
886249
88625
886250
886251
886252
886253
886254
886255
886256
886257
886258
886259
886260
886261
886262
886263
886264
886265
886266
886267
886268
886269
88627
886270
886271
886272
886273
886274
886275
886276
886277
886278
886279
886280
886281
886282
886283
886285
886286
886287
886288
886289
88629
886290
886291
886292
886293
886294
886295
886297
886298
886299
8863
886300
886301
886302
886303
886304
886305
886306
886307
886308
88631
886310
886311
886312
886313
886314
886315
886316
886317
886318
886319
88632
886320
886321
886322
886323
886324
886325
886327
886328
886329
88633
886330
886331
886332
886333
886335
886336
886338
88634
886340
886341
886342
886343
886344
886345
886346
886347
886348
886349
886350
886351
886352
886353
886354
886355
886356
886357
886358
886359
88636
886360
886361
886362
886363
886364
886365
886366
886367
886368
886369
88637
886370
886371
886372
886373
886374
886375
886376
886377
886378
886379
886380
886381
886382
886383
886384
886385
886386
886387
886388
886389
886390
886391
886392
886393
886394
886395
886396
886397
886398
886399
886400
886401
886403
886404
886405
886406
886407
886408
886409
88641
886410
886411
886412
886413
886414
886415
886416
886417
886418
886419
88642
886420
886421
886422
886423
886424
886425
886426
886427
886429
88643
886430
886432
886433
886434
886435
886436
886437
886438
886439
886440
886441
886442
886443
886444
886445
886446
886447
886448
886449
88645
886450
886451
886452
886453
886454
886455
886456
886457
886459
88646
886460
886461
886462
886463
886464
886465
886466
886467
886468
886469
88647
886470
886471
886472
886473
886474
886475
886476
886477
886478
886479
88648
886480
886481
886482
886483
886484
886485
886486
886487
886488
886489
88649
886490
886491
886492
886493
886494
886495
886496
886497
886498
886499
886500
886501
886502
886503
886504
886505
886507
886508
886509
88651
886510
886511
886512
886513
886514
886515
886516
886517
886518
886519
886520
886521
886522
886523
886524
886525
886526
886527
886528
886529
88653
886531
886532
886533
886534
886535
886536
886537
886538
886539
886540
886542
886543
886544
886545
886546
886547
886548
886549
88655
886550
886553
886555
886556
886557
886558
886559
886560
886561
886562
886563
886564
886565
886566
886567
886568
886569
886570
886571
886572
886573
886574
886575
886576
886578
88658
886580
886581
886582
886583
886584
886585
886587
886588
886590
886591
886592
886593
886594
886595
886596
886597
886598
886599
8866
88660
886600
886601
886602
886603
886604
886606
886607
886608
886609
886610
886611
886612
886613
886614
886615
886616
886617
886619
88662
886620
886621
886622
886624
886625
886626
886627
886629
