1012010
1012011
1012012
1012013
1012014
1012015
1012016
1012017
1012018
1012019
1012020
1012021
1012022
1012023
1012026
1012027
1012028
1012029
1012030
1012031
1012032
1012033
1012034
1012035
1012036
1012037
1012038
1012039
1012040
1012041
1012042
1012043
1012044
1012045
1012046
1012047
1012049
1012050
1012051
1012052
1012053
1012054
1012055
1012056
1012057
1012058
1012059
1012060
1012061
1012062
1012063
1012064
1012066
1012069
1012071
1012072
1012073
1012074
1012075
1012076
1012077
1012078
1012079
1012080
1012081
1012082
1012083
1012084
1012085
1012086
1012087
1012088
1012089
1012090
1012091
1012092
1012093
1012096
1012097
1012099
1012101
1012102
1012103
1012104
1012105
1012107
1012108
1012109
1012110
1012111
1012112
1012113
1012115
1012116
1012117
1012118
1012119
1012120
1012121
1012122
1012123
1012124
1012125
1012126
1012127
1012128
1012129
1012130
1012131
1012132
1012133
1012134
1012135
1012137
1012138
1012140
1012141
1012142
1012143
1012144
1012145
1012146
1012148
1012149
1012150
1012151
1012152
1012153
1012154
1012155
1012157
1012158
1012159
1012160
1012161
1012162
1012163
1012164
1012165
1012166
1012167
1012168
1012169
1012170
1012171
1012172
1012173
1012174
1012175
1012176
1012177
1012178
1012179
1012180
1012181
1012182
1012183
1012184
1012185
1012186
1012187
1012188
1012189
1012190
1012191
1012192
1012193
1012195
1012197
1012198
1012199
1012200
1012201
1012202
1012203
1012204
1012205
1012206
1012207
1012208
1012209
1012210
1012211
1012212
1012213
1012214
1012215
1012216
1012217
1012218
1012219
1012220
1012221
1012223
1012224
1012225
1012226
1012227
1012228
1012229
1012230
1012231
1012232
1012233
1012234
1012235
1012236
1012237
1012238
1012239
1012241
1012242
1012243
1012244
1012245
1012246
1012247
1012248
1012249
1012250
1012251
1012252
1012253
1012255
1012256
1012257
1012258
1012260
1012261
1012263
1012265
1012266
1012267
1012268
1012269
1012270
1012271
1012272
1012273
1012274
1012275
1012276
1012277
1012278
1012279
1012280
1012281
1012282
1012283
1012284
1012285
1012286
1012287
1012288
1012289
1012290
1012291
1012292
1012293
1012294
1012295
1012296
1012297
1012298
1012299
1012300
1012303
1012304
1012305
1012306
1012307
1012308
1012309
1012310
1012311
1012312
1012313
1012314
1012315
1012316
1012318
1012319
1012320
1012321
1012322
1012323
1012326
1012327
1012328
1012329
1012330
1012331
1012332
1012333
1012334
1012335
1012337
1012338
1012339
1012340
1012341
1012342
1012343
1012344
1012345
1012346
1012347
1012348
1012349
1012350
1012352
1012354
1012355
1012357
1012360
1012361
1012362
1012363
1012364
1012365
1012367
1012368
1012369
1012370
1012371
1012372
1012373
1012374
1012375
1012376
1012377
1012378
1012379
1012380
1012381
1012382
1012383
1012384
1012385
1012386
1012387
1012389
1012390
1012391
1012392
1012393
1012394
1012395
1012396
1012397
1012398
1012399
1012400
1012401
1012402
1012403
1012404
1012405
1012406
1012407
1012408
1012409
1012410
1012411
1012412
1012413
1012414
1012415
1012416
1012417
1012418
1012419
1012420
1012421
1012422
1012423
1012424
1012425
1012426
1012427
1012430
1012431
1012432
1012433
1012434
1012435
1012438
1012439
1012440
1012441
1012442
1012443
1012444
1012445
1012446
1012447
1012448
1012449
1012450
1012451
1012452
1012453
1012454
1012455
1012456
1012457
1012459
1012460
1012463
1012464
1012465
1012466
1012467
1012468
1012469
1012470
1012471
1012472
1012473
1012474
1012475
1012476
1012477
1012478
1012479
1012480
1012481
1012482
1012483
1012484
1012485
1012486
1012487
1012488
1012489
1012490
1012491
1012492
1012493
1012494
1012495
1012496
1012497
1012498
1012501
1012502
1012503
1012504
1012505
1012506
1012507
1012509
1012510
1012512
1012513
1012514
1012515
1012516
1012517
1012518
1012519
1012520
1012521
1012522
1012523
1012524
1012525
1012526
1012527
1012528
1012529
1012531
1012532
1012533
1012534
1012535
1012536
1012538
1012539
1012540
1012542
1012543
1012544
1012545
1012546
1012547
1012548
1012549
1012550
1012551
1012552
1012553
1012554
1012555
1012556
1012558
1012559
1012560
1012561
1012562
1012563
1012564
1012566
1012567
1012568
1012569
1012570
1012571
1012572
1012573
1012574
1012575
1012576
1012577
1012578
1012579
1012580
1012581
1012582
1012583
1012584
1012585
1012586
1012587
1012588
1012589
1012590
1012591
1012592
1012593
1012594
1012595
1012596
1012597
1012598
1012599
1012600
1012601
1012602
1012603
1012604
1012605
1012606
1012607
1012608
1012609
1012610
1012611
1012612
1012613
1012614
1012615
1012616
1012617
1012618
1012619
1012620
1012621
1012622
1012623
1012624
1012625
1012626
1012627
1012628
1012629
1012630
1012631
1012632
1012634
1012635
1012636
1012637
1012638
1012639
1012640
1012641
1012642
1012643
1012644
1012645
1012646
1012647
1012648
1012649
1012650
1012651
1012652
1012653
1012654
1012655
1012656
1012657
1012658
1012659
1012660
1012662
1012663
1012664
1012665
1012666
1012667
1012668
1012669
1012670
1012671
1012672
1012673
1012674
1012675
1012676
1012677
1012678
1012679
1012680
1012682
1012683
1012684
1012685
1012686
1012687
1012688
1012689
1012690
1012691
1012692
1012696
1012697
1012698
1012699
1012701
1012702
1012704
1012705
1012706
1012707
1012708
1012709
1012710
1012711
1012712
1012713
1012714
1012715
1012716
1012717
1012718
1012719
1012721
1012723
1012724
1012725
1012726
1012727
1012728
1012729
1012730
1012731
1012732
1012733
1012734
1012735
1012736
1012738
1012739
1012740
1012741
1012742
1012743
1012744
1012745
1012746
1012747
1012748
1012749
1012750
1012751
1012752
1012753
1012754
1012755
1012756
1012757
1012758
1012759
1012761
1012762
1012763
1012764
1012765
1012766
1012767
1012768
1012769
1012771
1012772
1012773
1012774
1012775
1012776
1012777
1012778
1012779
1012780
1012781
1012782
1012783
1012784
1012785
1012786
1012788
1012789
1012790
1012791
1012792
1012793
1012796
1012797
1012798
1012799
1012800
1012801
1012802
1012803
1012804
1012805
1012806
1012807
1012808
1012809
1012811
1012812
1012813
1012814
1012815
1012816
1012817
1012818
1012819
1012820
1012821
1012822
1012823
1012824
1012825
1012826
1012827
1012828
1012829
1012830
1012832
1012834
1012835
1012836
1012837
1012838
1012839
1012840
1012841
1012842
1012843
1012844
1012845
1012846
1012847
1012848
1012851
1012853
1012854
1012855
1012857
1012858
1012859
1012860
1012861
1012864
1012865
1012866
1012867
1012868
1012869
1012870
1012871
1012872
1012873
1012874
1012875
1012876
1012877
1012878
1012879
1012886
1012887
1012888
1012889
1012890
1012891
1012893
1012894
1012896
1012898
1012899
1012900
1012902
1012903
1012904
1012905
1012906
1012907
1012908
1012909
1012910
1012911
1012912
1012913
1012914
1012915
1012916
1012917
1012918
1012919
1012920
1012921
1012922
1012923
1012924
1012925
1012926
1012927
1012928
1012929
1012930
1012931
1012932
1012933
1012934
1012935
1012936
1012937
1012938
1012939
1012941
1012942
1012943
1012944
1012945
1012946
1012947
1012948
1012949
1012950
1012951
1012953
1012954
1012955
1012956
1012957
1012958
1012959
1012960
1012963
1012964
1012965
1012966
1012967
1012968
1012971
1012972
1012973
1012974
1012975
1012976
1012977
1012978
1012979
1012980
1012981
1012982
1012983
1012984
1012985
1012986
1012987
1012988
1012989
1012990
1012991
1012992
1012993
1012994
1012995
1012996
1012997
1012998
1013000
1013001
1013002
1013003
1013004
1013005
1013007
1013008
1013009
1013010
1013011
1013012
1013013
1013014
1013015
1013016
1013017
1013018
1013019
1013020
1013022
1013023
1013024
1013025
1013026
1013027
1013028
1013029
1013030
1013031
1013032
1013033
1013034
1013035
1013036
1013037
1013038
1013039
1013040
1013041
1013042
1013043
1013044
1013045
1013046
1013048
1013049
1013050
1013051
1013052
1013053
1013054
1013055
1013056
1013057
1013058
1013059
1013060
1013061
1013062
1013063
1013064
1013065
1013066
1013067
1013069
1013070
1013071
1013072
1013073
1013074
1013075
1013076
1013077
1013078
1013079
1013080
1013081
1013082
1013083
1013084
1013085
1013086
1013087
1013088
1013089
1013090
1013091
1013092
1013093
1013094
1013095
1013096
1013097
1013098
1013099
1013100
1013102
1013103
1013104
1013105
1013106
1013107
1013108
1013109
1013110
1013111
1013113
1013114
1013115
1013116
1013117
1013118
1013119
1013120
1013121
1013122
1013123
1013124
1013125
1013126
1013127
1013128
1013129
1013130
1013131
1013132
1013133
1013134
1013135
1013136
1013137
1013138
1013139
1013140
1013141
1013142
1013143
1013144
1013145
1013146
1013147
1013148
1013149
1013150
1013151
1013152
1013153
1013154
1013155
1013156
1013157
1013158
1013160
1013161
1013162
1013163
1013164
1013166
1013167
1013168
1013169
1013170
1013171
1013172
1013173
1013174
1013175
1013176
1013177
1013178
1013179
1013180
1013181
1013182
1013183
1013184
1013185
1013187
1013188
1013189
1013190
1013191
1013192
1013193
1013194
1013195
1013196
1013197
1013198
1013199
1013200
1013201
1013202
1013203
1013204
1013205
1013206
1013207
1013208
1013209
1013210
1013211
1013212
1013213
1013214
1013215
1013216
1013217
1013218
1013219
1013221
1013222
1013224
1013225
1013226
1013227
1013228
1013229
1013230
1013232
1013234
1013235
1013236
1013237
1013238
1013239
1013240
1013241
1013242
1013243
1013244
1013245
1013246
1013247
1013248
1013249
1013250
1013251
1013253
1013254
1013255
1013256
1013258
1013259
1013260
1013261
1013262
1013263
1013265
1013266
1013268
1013269
1013270
1013271
1013272
1013273
1013274
1013275
1013276
1013277
1013278
1013279
1013280
1013281
1013282
1013283
1013284
1013285
1013286
1013287
1013288
1013289
1013290
1013291
1013292
1013293
1013294
1013295
1013296
1013297
1013298
1013299
1013300
1013301
1013302
1013303
1013305
1013306
1013307
1013309
1013310
1013311
1013313
1013314
1013315
1013316
1013317
1013318
1013319
1013320
1013321
1013322
1013323
1013324
1013325
1013326
1013327
1013328
1013329
1013330
1013331
1013332
1013333
1013334
1013335
1013336
1013337
1013338
1013339
1013340
1013341
1013342
1013343
1013344
1013346
1013347
1013348
1013349
1013350
1013351
1013352
1013353
1013354
1013355
1013356
1013357
1013359
1013360
1013361
1013363
1013364
1013365
1013366
1013367
1013368
1013369
1013370
1013371
1013372
1013373
1013374
1013375
1013376
1013377
1013378
1013379
1013380
1013381
1013382
1013383
1013385
1013388
1013390
1013392
1013393
1013394
1013395
1013397
1013398
1013399
1013400
1013401
1013402
1013403
1013404
1013405
1013406
1013407
1013408
1013409
1013410
1013412
1013414
1013415
1013416
1013417
1013418
1013419
1013421
1013423
1013424
1013425
1013426
1013427
1013428
1013429
1013430
1013431
1013432
1013433
1013434
1013435
1013436
1013438
1013439
1013441
1013442
1013443
1013444
1013446
1013447
1013448
1013449
1013451
1013453
1013454
1013455
1013456
1013457
1013459
1013460
1013461
1013463
1013464
1013465
1013466
1013467
1013469
1013470
1013471
1013472
1013474
1013477
1013478
1013479
1013480
1013482
1013483
1013484
1013485
1013486
1013489
1013490
1013491
1013494
1013495
1013496
1013497
1013498
1013499
1013500
1013501
1013502
1013503
1013504
1013505
1013506
1013507
1013508
1013509
1013511
1013512
1013514
1013515
1013516
1013518
1013521
1013522
1013523
1013524
1013526
1013527
1013528
1013529
1013530
1013531
1013532
1013533
1013534
1013535
1013536
1013537
1013538
1013539
1013540
1013541
1013542
1013543
1013544
1013545
1013546
1013547
1013548
1013549
1013550
1013551
1013552
1013553
1013554
1013555
1013556
1013558
1013559
1013560
1013561
1013562
1013564
1013566
1013568
1013569
1013570
1013571
1013572
1013573
1013574
1013576
1013577
1013578
1013579
1013580
1013581
1013583
1013584
1013585
1013586
1013587
1013589
1013590
1013591
1013592
1013593
1013594
1013595
1013596
1013597
1013598
1013599
1013600
1013601
1013602
1013603
1013605
1013606
1013607
1013608
1013609
1013610
1013611
1013612
1013613
1013614
1013615
1013616
1013617
1013618
1013619
1013620
1013621
1013622
1013623
1013625
1013626
1013627
1013628
1013629
1013631
1013632
1013633
1013634
1013635
1013637
1013638
1013640
1013641
1013642
1013643
1013644
1013645
1013646
1013647
1013648
1013649
1013650
1013651
1013652
1013653
1013654
1013655
1013656
1013657
1013658
1013659
1013660
1013661
1013662
1013663
1013664
1013665
1013666
1013667
1013668
1013669
1013670
1013671
1013672
1013673
1013674
1013675
1013676
1013677
1013678
1013680
1013681
1013682
1013685
1013687
1013689
1013690
1013691
1013693
1013694
1013695
1013696
1013697
1013698
1013699
1013700
1013701
1013702
1013703
1013704
1013706
1013707
1013708
1013709
1013710
1013711
1013712
1013713
1013714
1013716
1013717
1013718
1013720
1013721
1013722
1013723
1013724
1013725
1013726
1013727
1013728
1013729
1013730
1013731
1013732
1013733
1013734
1013735
1013736
1013737
1013738
1013740
1013741
1013742
1013743
1013744
1013745
1013746
1013747
1013748
1013749
1013750
1013751
1013752
1013753
1013754
1013755
1013756
1013757
1013758
1013759
1013760
1013761
1013762
1013763
1013764
1013765
1013766
1013767
1013768
1013769
1013770
1013771
1013772
1013773
1013774
1013775
1013776
1013778
1013779
1013780
1013781
1013782
1013783
1013784
1013785
1013786
1013787
1013789
1013790
1013791
1013792
1013793
1013794
1013795
1013796
1013797
1013798
1013799
1013800
1013801
1013803
1013804
1013805
1013806
1013807
1013808
1013809
1013810
1013811
1013812
1013813
1013814
1013815
1013816
1013817
1013818
1013819
1013820
1013821
1013822
1013823
1013824
1013825
1013826
1013827
1013828
1013830
1013831
1013832
1013833
1013834
1013835
1013836
1013837
1013838
1013839
1013840
1013841
1013842
1013843
1013844
1013846
1013850
1013851
1013852
1013854
1013855
1013856
1013857
1013858
1013859
1013860
1013861
1013862
1013863
1013864
1013865
1013866
1013867
1013868
1013869
1013870
1013871
1013872
1013873
1013874
1013875
1013876
1013877
1013878
1013879
1013880
1013881
1013883
1013884
1013885
1013886
1013887
1013892
1013896
1013899
1013900
1013901
1013902
1013903
1013904
1013906
1013907
1013908
1013910
1013912
1013913
1013914
1013915
1013916
1013917
1013918
1013919
1013920
1013921
1013922
1013923
1013924
1013925
1013926
1013927
1013928
1013929
1013930
1013931
1013932
1013933
1013934
1013935
1013938
1013939
1013940
1013941
1013943
1013944
1013945
1013946
1013949
1013950
1013951
1013953
1013954
1013955
1013956
1013957
1013958
1013961
1013962
1013963
1013964
1013965
1013966
1013968
1013969
1013970
1013971
1013972
1013973
1013974
1013975
1013976
1013977
1013978
1013979
1013980
1013981
1013982
1013983
1013984
1013985
1013986
1013987
1013988
1013989
1013990
1013992
1013993
1013995
1013997
1013999
1014001
1014003
1014004
1014005
1014006
1014007
1014008
1014010
1014011
1014012
1014013
1014014
1014015
1014016
1014017
1014018
1014019
1014020
1014021
1014022
1014023
1014024
1014025
1014026
1014027
1014028
1014029
1014031
1014032
1014033
1014034
1014035
1014036
1014037
1014038
1014039
1014040
1014041
1014042
1014043
1014044
1014045
1014046
1014047
1014048
1014049
1014050
1014051
1014052
1014053
1014054
1014055
1014056
1014058
1014059
1014060
1014061
1014062
1014063
1014064
1014065
1014066
1014067
1014068
1014069
1014070
1014071
1014072
1014073
1014074
1014075
1014076
1014077
1014078
1014079
1014080
1014081
1014082
1014083
1014084
1014085
1014086
1014087
1014088
1014089
1014090
1014091
1014092
1014093
1014094
1014095
1014096
1014097
1014099
1014100
1014101
1014102
1014103
1014105
1014108
1014109
1014110
1014111
1014112
1014113
1014114
1014115
1014116
1014117
1014118
1014119
1014121
1014122
1014123
1014124
1014125
1014126
1014127
1014128
1014129
1014131
1014132
1014133
1014134
1014135
1014136
1014137
1014138
1014139
1014140
1014141
1014142
1014143
1014144
1014145
1014146
1014147
1014148
1014149
1014150
1014151
1014152
1014153
1014154
1014155
1014156
1014157
1014158
1014159
1014160
1014161
1014162
1014163
1014165
1014166
1014167
1014168
1014169
1014170
1014171
1014172
1014173
1014174
1014175
1014176
1014177
1014178
1014179
1014180
1014181
1014182
1014183
1014184
1014185
1014186
1014187
1014188
1014189
1014190
1014191
1014192
1014193
1014194
1014195
1014196
1014197
1014198
1014199
1014200
1014201
1014202
1014204
1014205
1014206
1014207
1014208
1014209
1014210
1014211
1014212
1014213
1014214
1014215
1014216
1014217
1014218
1014219
1014220
1014221
1014222
1014223
1014224
1014225
1014226
1014227
1014228
1014229
1014230
1014231
1014232
1014233
1014234
1014235
1014236
1014237
1014238
1014239
1014241
1014242
1014243
1014244
1014245
1014246
1014247
1014248
1014249
1014250
1014251
1014252
1014253
1014254
1014255
1014256
1014257
1014258
1014259
1014260
1014261
1014262
1014263
1014265
1014268
1014269
1014270
1014271
1014272
1014273
1014274
1014275
1014276
1014277
1014278
1014279
1014280
1014282
1014283
1014284
1014285
1014286
1014287
1014288
1014289
1014290
1014291
1014292
1014293
1014294
1014295
1014296
1014297
1014298
1014299
1014300
1014301
1014303
1014305
1014306
1014307
1014309
1014310
1014311
1014313
1014314
1014315
1014316
1014317
1014318
1014319
1014320
1014321
1014322
1014323
1014324
1014325
1014326
1014327
1014328
1014329
1014330
1014331
1014332
1014333
1014334
1014335
1014336
1014337
1014338
1014339
1014340
1014342
1014343
1014344
1014345
1014346
1014347
1014348
1014349
1014350
1014351
1014352
1014353
1014354
1014355
1014356
1014357
1014358
1014359
1014360
1014361
1014362
1014363
1014364
1014365
1014367
1014369
1014370
1014372
1014373
1014374
1014375
1014377
1014378
1014379
1014380
1014381
1014382
1014383
1014384
1014385
1014386
1014387
1014388
1014389
1014390
1014391
1014392
1014393
1014394
1014395
1014396
1014397
1014398
1014399
1014400
1014401
1014402
1014403
1014405
1014406
1014407
1014408
1014409
1014410
1014411
1014412
1014413
1014414
1014415
1014416
1014417
1014418
1014419
1014420
1014421
1014422
1014423
1014424
1014425
1014426
1014427
1014428
1014429
1014430
1014431
1014432
1014433
1014434
1014435
1014436
1014437
1014438
1014440
1014441
1014442
1014443
1014444
1014445
1014447
1014448
1014449
1014450
1014451
1014452
1014453
1014454
1014456
1014457
1014458
1014459
1014460
1014461
1014462
1014463
1014464
1014466
1014467
1014469
1014470
1014471
1014473
1014474
1014476
1014477
1014478
1014480
1014481
1014483
1014484
1014486
1014488
1014489
1014491
1014492
1014493
1014494
1014496
1014497
1014498
1014499
1014501
1014502
1014503
1014504
1014505
1014506
1014507
1014509
1014510
1014511
1014512
1014513
1014515
1014516
1014517
1014518
1014519
1014520
1014521
1014522
1014523
1014524
1014525
1014526
1014527
1014528
1014529
1014530
1014532
1014533
1014534
1014537
1014538
1014539
1014540
1014541
1014542
1014543
1014544
1014545
1014546
1014547
1014549
1014550
1014551
1014552
1014553
1014554
1014555
1014556
1014557
1014558
1014559
1014561
1014562
1014563
1014564
1014565
1014566
1014567
1014568
1014569
1014570
1014571
1014572
1014573
1014574
1014575
1014576
1014577
1014578
1014579
1014580
1014581
1014582
1014583
1014584
1014585
1014586
1014587
1014588
1014589
1014590
1014591
1014592
1014593
1014594
1014595
1014596
1014597
1014598
1014600
1014601
1014602
1014603
1014604
1014605
1014606
1014607
1014608
1014609
1014610
1014611
1014612
1014613
1014615
1014617
1014618
1014619
1014620
1014621
1014622
1014623
1014624
1014625
1014626
1014627
1014628
1014629
1014630
1014631
1014632
1014633
1014634
1014635
1014636
1014637
1014639
1014640
1014641
1014642
1014643
1014644
1014647
1014648
1014649
1014650
1014651
1014652
1014653
1014655
1014656
1014657
1014658
1014659
1014660
1014661
1014662
1014663
1014664
1014665
1014666
1014667
1014668
1014669
1014670
1014671
1014672
1014673
1014674
1014675
1014676
1014677
1014678
1014679
1014680
1014681
1014682
1014683
1014684
1014685
1014686
1014687
1014688
1014689
1014690
1014691
1014692
1014693
1014694
1014695
1014696
1014697
1014698
1014699
1014700
1014701
1014702
1014703
1014704
1014705
1014706
1014707
1014708
1014709
1014710
1014711
1014712
1014713
1014714
1014716
1014718
1014719
1014720
1014722
1014723
1014724
1014725
1014726
1014727
1014728
1014729
1014730
1014731
1014732
1014733
1014734
1014735
1014736
1014737
1014738
1014739
1014740
1014742
1014743
1014745
1014746
1014747
1014749
1014750
1014751
1014752
1014753
1014754
1014755
1014756
1014757
1014758
1014759
1014760
1014761
1014762
1014763
1014764
1014765
1014767
1014770
1014777
1014778
1014779
1014780
1014782
1014784
1014785
1014786
1014787
1014789
1014790
1014791
1014792
1014793
1014794
1014795
1014796
1014797
1014798
1014799
1014800
1014801
1014802
1014805
1014806
1014807
1014808
1014809
1014810
1014811
1014812
1014813
1014814
1014815
1014816
1014817
1014818
1014819
1014820
1014821
1014822
1014823
1014824
1014825
1014826
1014828
1014831
1014832
1014833
1014834
1014836
1014837
1014838
1014839
1014840
1014841
1014842
1014843
1014844
1014845
1014846
1014847
1014848
1014849
1014850
1014851
1014852
1014853
1014854
1014855
1014856
1014857
1014858
1014859
1014860
1014861
1014862
1014863
1014864
1014865
1014866
1014867
1014868
1014869
1014870
1014871
1014872
1014873
1014874
1014875
1014876
1014877
1014878
1014879
1014880
1014881
1014882
1014883
1014884
1014885
1014886
1014887
1014888
1014889
1014890
1014891
1014892
1014894
1014895
1014896
1014897
1014898
1014899
1014900
1014901
1014902
1014903
1014904
1014906
1014907
1014909
1014910
1014911
1014912
1014913
1014914
1014915
1014916
1014917
1014918
1014920
1014921
1014922
1014923
1014924
1014925
1014926
1014927
1014928
1014929
1014930
1014931
1014932
1014934
1014935
1014936
1014937
1014938
1014939
1014940
1014942
1014943
1014944
1014945
1014946
1014947
1014948
1014949
1014950
1014951
1014952
1014953
1014954
1014955
1014956
1014957
1014958
1014961
1014962
1014963
1014965
1014966
1014967
1014968
1014969
1014970
1014971
1014972
1014973
1014974
1014975
1014976
1014978
1014979
1014980
1014981
1014982
1014983
1014985
1014986
1014988
1014989
1014990
1014991
1014993
1014994
1014995
1014996
1014999
1015000
1015001
1015002
1015003
1015004
1015005
1015006
1015007
1015008
1015009
1015010
1015011
1015012
1015013
1015014
1015016
1015017
1015018
1015019
1015020
1015021
1015022
1015024
1015025
1015028
1015029
1015030
1015031
1015034
1015035
1015036
1015037
1015038
1015040
1015042
1015043
1015045
1015046
1015048
1015051
1015052
1015053
1015054
1015055
1015056
1015057
1015058
1015059
1015060
1015061
1015062
1015063
1015064
1015065
1015066
1015067
1015068
1015069
1015070
1015071
1015072
1015073
1015074
1015075
1015076
1015077
1015078
1015079
1015080
1015081
1015082
1015083
1015084
1015085
1015086
1015087
1015088
1015089
1015091
1015092
1015093
1015094
1015096
1015097
1015098
1015100
1015102
1015103
1015104
1015105
1015106
1015107
1015108
1015109
1015110
1015111
1015112
1015113
1015114
1015115
1015116
1015117
1015118
1015119
1015120
1015121
1015122
1015123
1015124
1015125
1015127
1015128
1015129
1015130
1015131
1015132
1015133
1015134
1015135
1015136
1015137
1015138
1015139
1015141
1015142
1015143
1015144
1015145
1015146
1015147
1015149
1015150
1015151
1015152
1015153
1015154
1015155
1015156
1015157
1015158
1015160
1015161
1015162
1015163
1015164
1015165
1015166
1015167
1015168
1015169
1015170
1015171
1015172
1015173
1015174
1015175
1015177
1015178
1015179
1015180
1015181
1015182
1015183
1015184
1015185
1015186
1015187
1015188
1015189
1015190
1015191
1015192
1015193
1015194
1015195
1015196
1015197
1015198
1015199
1015200
1015201
1015202
1015203
1015205
1015206
1015207
1015208
1015209
1015210
1015211
1015212
1015213
1015214
1015216
1015217
1015218
1015220
1015221
1015222
1015223
1015224
1015225
1015226
1015227
1015228
1015229
1015230
1015232
1015233
1015234
1015235
1015236
1015237
1015238
1015239
1015241
1015242
1015243
1015244
1015245
1015246
1015247
1015248
1015250
1015251
1015252
1015254
1015255
1015256
1015257
1015258
1015259
1015260
1015261
1015263
1015264
1015265
1015266
1015267
1015268
1015269
1015270
1015271
1015272
1015273
1015274
1015275
1015276
1015277
1015278
1015279
1015280
1015281
1015282
1015284
1015285
1015286
1015287
1015288
1015289
1015290
1015291
1015292
1015293
1015294
1015295
1015296
1015297
1015298
1015299
1015300
1015301
1015302
1015303
1015304
1015305
1015306
1015307
1015308
1015309
1015310
1015311
1015312
1015313
1015314
1015315
1015316
1015317
1015318
1015319
1015321
1015322
1015323
1015324
1015325
1015326
1015327
1015328
1015329
1015330
1015332
1015333
1015334
1015335
1015336
1015337
1015338
1015339
1015341
1015342
1015343
1015344
1015345
1015346
1015347
1015348
1015350
1015352
1015353
1015354
1015355
1015356
1015357
1015358
1015359
1015360
1015361
1015362
1015363
1015364
1015367
1015368
1015369
1015370
1015371
1015372
1015373
1015374
1015375
1015376
1015377
1015378
1015379
1015380
1015381
1015382
1015384
1015385
1015387
1015390
1015391
1015392
1015393
1015396
1015397
1015398
1015399
1015400
1015401
1015402
1015403
1015404
1015405
1015406
1015407
1015409
1015410
1015411
1015412
1015413
1015414
1015415
1015416
1015417
1015418
1015419
1015420
1015421
1015423
1015424
1015425
1015426
1015427
1015428
1015429
1015430
1015432
1015433
1015434
1015435
1015436
1015437
1015438
1015439
1015440
1015441
1015442
1015443
1015444
1015445
1015446
1015447
1015448
1015449
1015450
1015451
1015453
1015454
1015455
1015459
1015462
1015463
1015464
1015465
1015467
1015468
1015469
1015471
1015473
1015475
1015477
1015478
1015479
1015480
1015481
1015482
1015484
1015486
1015487
1015488
1015489
1015490
1015491
1015492
1015493
1015496
1015497
1015498
1015499
1015500
1015501
1015502
1015503
1015504
1015505
1015506
1015507
1015508
1015510
1015511
1015512
1015513
1015514
1015515
1015516
1015517
1015518
1015519
1015520
1015521
1015522
1015523
1015524
1015525
1015526
1015527
1015528
1015529
1015530
1015531
1015532
1015533
1015535
1015536
1015537
1015538
1015539
1015540
1015541
1015542
1015543
1015544
1015545
1015546
1015547
1015548
1015549
1015550
1015551
1015552
1015553
1015554
1015555
1015556
1015557
1015558
1015559
1015560
1015562
1015563
1015564
1015567
1015568
1015569
1015571
1015572
1015573
1015575
1015576
1015578
1015579
1015580
1015581
1015582
1015583
1015584
1015585
1015586
1015587
1015588
1015589
1015590
1015591
1015592
1015593
1015594
1015595
1015596
1015597
1015598
1015599
1015600
1015601
1015602
1015603
1015604
1015605
1015606
1015608
1015609
1015610
1015611
1015612
1015613
1015614
1015615
1015616
1015617
1015621
1015622
1015623
1015624
1015625
1015626
1015627
1015628
1015630
1015631
1015632
1015633
1015634
1015635
1015636
1015638
1015639
1015640
1015641
1015642
1015643
1015644
1015645
1015646
1015647
1015649
1015650
1015651
1015652
1015654
1015655
1015657
1015658
1015659
1015660
1015662
1015663
1015664
1015665
1015666
1015667
1015668
1015669
1015671
1015672
1015673
1015676
1015677
1015678
1015679
1015680
1015681
1015682
1015683
1015684
1015685
1015686
1015687
1015688
1015689
1015690
1015694
1015695
1015697
1015698
1015699
1015700
1015703
1015704
1015705
1015706
1015707
1015708
1015710
1015711
1015712
1015713
1015715
1015716
1015717
1015718
1015719
1015720
1015723
1015724
1015725
1015726
1015727
1015728
1015729
1015730
1015731
1015732
1015733
1015734
1015735
1015736
1015737
1015738
1015739
1015740
1015741
1015742
1015743
1015744
1015745
1015747
1015749
1015752
1015753
1015755
1015756
1015758
1015759
1015760
1015761
1015762
1015763
1015764
1015765
1015766
1015767
1015768
1015769
1015770
1015771
1015773
1015774
1015775
1015776
1015781
1015783
1015785
1015787
1015790
1015791
1015792
1015793
1015794
1015795
1015796
1015797
1015798
1015799
1015800
1015801
1015802
1015803
1015804
1015805
1015807
1015808
1015809
1015810
1015812
1015813
1015814
1015815
1015816
1015817
1015818
1015819
1015820
1015821
1015822
1015823
1015824
1015825
1015826
1015827
1015828
1015829
1015830
1015831
1015832
1015833
1015834
1015835
1015836
1015837
1015838
1015839
1015840
1015841
1015842
1015843
1015844
1015845
1015846
1015847
1015848
1015849
1015850
1015851
1015853
1015854
1015855
1015856
1015857
1015858
1015859
1015862
1015863
1015865
1015866
1015867
1015868
1015869
1015870
1015871
1015872
1015873
1015874
1015876
1015877
1015880
1015881
1015882
1015884
1015885
1015886
1015887
1015888
1015890
1015892
1015893
1015894
1015895
1015896
1015897
1015898
1015900
1015902
1015903
1015905
1015906
1015907
1015908
1015910
1015911
1015912
1015913
1015914
1015917
1015918
1015919
1015921
1015923
1015924
1015925
1015926
1015927
1015928
1015929
1015930
1015931
1015932
1015933
1015934
1015935
1015936
1015937
1015938
1015939
1015940
1015941
1015942
1015943
1015945
1015946
1015949
1015950
1015951
1015952
1015953
1015954
1015955
1015956
1015957
1015958
1015959
1015960
1015961
1015962
1015963
1015964
1015966
1015967
1015968
1015970
1015971
1015972
1015973
1015974
1015975
1015977
1015979
1015980
1015981
1015983
1015984
1015985
1015986
1015987
1015988
1015989
1015990
1015991
1015992
1015994
1015995
1015996
1015997
1015998
1016000
1016001
1016002
1016003
1016004
1016005
1016006
1016007
1016008
1016009
1016010
1016011
1016012
1016013
1016014
1016015
1016016
1016017
1016018
1016019
1016020
1016021
1016022
1016023
1016024
1016025
1016026
1016027
1016028
1016029
1016030
1016031
1016032
1016033
1016034
1016035
1016036
1016037
1016038
1016039
1016040
1016042
1016043
1016044
1016045
1016046
1016047
1016048
1016049
1016050
1016051
1016052
1016053
1016054
1016056
1016057
1016058
1016060
1016061
1016062
1016063
1016064
1016065
1016066
1016067
1016069
1016070
1016071
1016072
1016073
1016074
1016075
1016076
1016077
1016080
1016082
1016083
1016084
1016085
1016086
1016087
1016088
1016089
1016090
1016091
1016092
1016094
1016096
1016097
1016098
1016099
1016100
1016102
1016103
1016104
1016105
1016106
1016107
1016108
1016109
1016110
1016111
1016112
1016113
1016114
1016115
1016116
1016117
1016118
1016119
1016120
1016121
1016122
1016123
1016124
1016125
1016126
1016127
1016128
1016129
1016130
1016131
1016132
1016133
1016134
1016135
1016136
1016137
1016138
1016139
1016140
1016141
1016142
1016143
1016144
1016145
1016146
1016147
1016148
1016149
1016150
1016151
1016152
1016153
1016154
1016155
1016156
1016157
1016158
1016159
1016160
1016161
1016162
1016163
1016164
1016165
1016166
1016167
1016168
1016169
1016170
1016171
1016172
1016173
1016174
1016175
1016177
1016178
1016179
1016180
1016181
1016182
1016183
1016184
1016186
1016187
1016188
1016189
1016190
1016191
1016192
1016193
1016194
1016195
1016196
1016197
1016199
1016200
1016201
1016202
1016203
1016204
1016205
1016206
1016207
1016208
1016209
1016210
1016211
1016212
1016213
1016214
1016215
1016216
1016217
1016218
1016219
1016220
1016222
1016224
1016225
1016227
1016228
1016229
1016231
1016232
1016233
1016234
1016236
1016237
1016238
1016239
1016240
1016241
1016242
1016243
1016244
1016246
1016247
1016248
1016249
1016251
1016252
1016253
1016254
1016255
1016256
1016257
1016258
1016259
1016261
1016262
1016263
1016264
1016265
1016266
1016267
1016268
1016269
1016270
1016271
1016273
1016274
1016275
1016276
1016277
1016278
1016279
1016280
1016281
1016282
1016283
1016285
1016288
1016289
1016290
1016291
1016292
1016293
1016295
1016296
1016297
1016298
1016299
1016300
1016301
1016302
1016304
1016305
1016306
1016307
1016308
1016309
1016310
1016311
1016312
1016314
1016315
1016316
1016317
1016318
1016319
1016320
1016321
1016323
1016324
1016325
1016326
1016327
1016328
1016329
1016330
1016331
1016332
1016333
1016334
1016335
1016336
1016337
1016338
1016341
1016342
1016343
1016344
1016345
1016346
1016347
1016348
1016349
1016350
1016351
1016352
1016353
1016354
1016355
1016356
1016358
1016359
1016360
1016361
1016362
1016363
1016364
1016365
1016366
1016367
1016368
1016369
1016370
1016371
1016372
1016373
1016374
1016375
1016376
1016378
1016379
1016380
1016381
1016382
1016383
1016384
1016385
1016387
1016388
1016389
1016390
1016391
1016392
1016393
1016394
1016395
1016396
1016397
1016398
1016399
1016400
1016402
1016403
1016404
1016405
1016406
1016407
1016408
1016409
1016410
1016411
1016412
1016413
1016414
1016415
1016416
1016417
1016418
1016419
1016420
1016421
1016422
1016423
1016424
1016425
1016426
1016427
1016428
1016429
1016430
1016431
1016432
1016434
1016435
1016436
1016437
1016438
1016439
1016440
1016441
1016442
1016443
1016444
1016445
1016446
1016447
1016448
1016449
1016450
1016451
1016452
1016453
1016454
1016455
1016456
1016457
1016458
1016459
1016460
1016461
1016462
1016463
1016464
1016465
1016466
1016467
1016468
1016469
1016470
1016471
1016472
1016473
1016474
1016476
1016477
1016478
1016479
1016481
1016482
1016483
1016484
1016485
1016486
1016487
1016488
1016489
1016490
1016491
1016492
1016493
1016494
1016495
1016496
1016497
1016498
1016499
1016500
1016502
1016503
1016504
1016505
1016506
1016507
1016508
1016509
1016510
1016511
1016512
1016513
1016514
1016515
1016516
1016517
1016518
1016519
1016520
1016521
1016522
1016523
1016524
1016526
1016527
1016528
1016529
1016530
1016531
1016532
1016537
1016538
1016539
1016540
1016541
1016542
1016543
1016544
1016545
1016546
1016547
1016548
1016549
1016550
1016551
1016552
1016553
1016554
1016555
1016556
1016558
1016559
1016560
1016561
1016562
1016563
1016564
1016565
1016566
1016567
1016568
1016569
1016572
1016573
1016574
1016575
1016576
1016577
1016579
1016580
1016581
1016583
1016584
1016585
1016586
1016587
1016588
1016589
1016590
1016592
1016593
1016594
1016595
1016597
1016598
1016599
1016600
1016601
1016602
1016603
1016604
1016605
1016606
1016607
1016609
1016610
1016611
1016612
1016613
1016614
1016615
1016616
1016617
1016618
1016619
1016620
1016621
1016622
1016623
1016624
1016625
1016626
1016628
1016629
1016630
1016631
1016632
1016633
1016634
1016635
1016636
1016637
1016638
1016639
1016640
1016642
1016643
1016644
1016645
1016647
1016648
1016649
1016650
1016651
1016652
1016653
1016654
1016655
1016657
1016658
1016659
1016660
1016661
1016662
1016663
1016664
1016665
1016666
1016667
1016668
1016669
1016670
1016671
1016672
1016673
1016674
1016675
1016676
1016677
1016678
1016679
1016680
1016681
1016682
1016683
1016684
1016685
1016686
1016687
1016688
1016689
1016690
1016691
1016693
1016694
1016695
1016696
1016697
1016698
1016699
1016700
1016701
1016702
1016703
1016704
1016705
1016706
1016707
1016708
1016710
1016712
1016713
1016714
1016715
1016716
1016717
1016718
1016719
1016720
1016721
1016722
1016723
1016724
1016725
1016728
1016729
1016730
1016731
1016732
1016733
1016734
1016735
1016736
1016737
1016738
1016739
1016740
1016741
1016742
1016743
1016744
1016745
1016746
1016748
1016749
1016750
1016751
1016752
1016753
1016754
1016755
1016756
1016757
1016758
1016759
1016760
1016761
1016762
1016763
1016764
1016765
1016766
1016767
1016768
1016771
1016774
1016776
1016777
1016778
1016779
1016780
1016781
1016782
1016783
1016784
1016785
1016786
1016787
1016788
1016789
1016790
1016791
1016792
1016793
1016794
1016795
1016796
1016797
1016798
1016799
1016800
1016801
1016802
1016803
1016804
1016805
1016807
1016808
1016809
1016810
1016811
1016812
1016814
1016815
1016816
1016817
1016819
1016820
1016821
1016822
1016823
1016824
1016825
1016826
1016827
1016829
1016830
1016833
1016834
1016835
1016836
1016837
1016838
1016840
1016841
1016842
1016843
1016845
1016846
1016847
1016848
1016850
1016851
1016853
1016854
1016855
1016856
1016857
1016858
1016859
1016861
1016862
1016863
1016864
1016865
1016866
1016867
1016868
1016869
1016870
1016871
1016872
1016873
1016874
1016875
1016876
1016877
1016878
1016879
1016880
1016881
1016882
1016883
1016884
1016885
1016886
1016887
1016888
1016889
1016890
1016891
1016892
1016893
1016894
1016895
1016896
1016897
1016898
1016899
1016900
1016901
1016902
1016903
1016904
1016905
1016906
1016907
1016909
1016910
1016911
1016912
1016913
1016914
1016915
1016916
1016917
1016918
1016919
1016920
1016921
1016924
1016925
1016926
1016927
1016928
1016929
1016930
1016931
1016932
1016933
1016934
1016935
1016937
1016938
1016939
1016940
1016941
1016942
1016943
1016944
1016945
1016946
1016947
1016948
1016949
1016950
1016951
1016952
1016954
1016955
1016956
1016957
1016959
1016960
1016961
1016962
1016963
1016964
1016965
1016966
1016967
1016968
1016969
1016970
1016971
1016972
1016973
1016974
1016975
1016976
1016977
1016978
1016979
1016980
1016981
1016982
1016983
1016984
1016985
1016986
1016987
1016988
1016989
1016990
1016991
1016992
1016993
1016994
1016995
1016996
1016997
1016998
1016999
1017000
1017001
1017003
1017004
1017005
1017006
1017007
1017008
1017009
1017010
1017011
1017012
1017013
1017014
1017015
1017016
1017017
1017018
1017019
1017020
1017022
1017023
1017024
1017025
1017026
1017027
1017028
1017029
1017030
1017031
1017032
1017033
1017034
1017035
1017036
1017037
1017038
1017039
1017040
1017041
1017042
1017043
1017044
1017045
1017046
1017047
1017048
1017049
1017050
1017051
1017052
1017053
1017054
1017056
1017057
1017058
1017059
1017060
1017061
1017062
1017063
1017064
1017065
1017066
1017067
1017068
1017069
1017070
1017071
1017072
1017073
1017074
1017075
1017076
1017077
1017078
1017079
1017080
1017081
1017082
1017083
1017084
1017085
1017086
1017087
1017088
1017089
1017091
1017092
1017093
1017094
1017095
1017096
1017097
1017098
1017100
1017101
1017102
1017103
1017104
1017105
1017106
1017107
1017109
1017110
1017111
1017112
1017113
1017114
1017115
1017116
1017117
1017118
1017119
1017120
1017121
1017124
1017126
1017128
1017129
1017130
1017131
1017133
1017134
1017135
1017136
1017137
1017138
1017139
1017140
1017141
1017142
1017143
1017144
1017145
1017146
1017147
1017148
1017149
1017150
1017151
1017152
1017154
1017155
1017156
1017157
1017158
1017159
1017160
1017162
1017163
1017164
1017165
1017166
1017167
1017168
1017169
1017170
1017171
1017172
1017173
1017174
1017175
1017176
1017177
1017178
1017179
1017180
1017181
1017182
1017183
1017184
1017185
1017186
1017187
1017188
1017189
1017190
1017192
1017193
1017194
1017195
1017197
1017198
1017199
1017200
1017201
1017202
1017203
1017204
1017205
1017206
1017207
1017208
1017209
1017210
1017211
1017212
1017213
1017214
1017215
1017216
1017217
1017218
1017219
1017220
1017221
1017222
1017223
1017224
1017225
1017227
1017228
1017229
1017230
1017231
1017232
1017234
1017235
1017236
1017237
1017238
1017239
1017240
1017241
1017242
1017243
1017244
1017245
1017246
1017247
1017248
1017249
1017250
1017252
1017253
1017254
1017255
1017257
1017258
1017259
1017260
1017261
1017262
1017263
1017264
1017265
1017266
1017267
1017268
1017271
1017272
1017273
1017274
1017275
1017277
1017278
1017279
1017280
1017281
1017283
1017284
1017285
1017286
1017287
1017288
1017290
1017291
1017292
1017293
1017295
1017298
1017299
1017300
1017301
1017302
1017303
1017304
1017305
1017306
1017308
1017309
1017310
1017311
1017312
1017313
1017314
1017315
1017316
1017317
1017318
1017319
1017320
1017321
1017322
1017323
1017324
1017325
1017326
1017328
1017329
1017330
1017332
1017333
1017334
1017335
1017336
1017337
1017338
1017339
1017340
1017341
1017342
1017343
1017344
1017345
1017346
1017347
1017348
1017349
1017350
1017351
1017352
1017353
1017354
1017355
1017356
1017357
1017358
1017359
1017360
1017361
1017362
1017363
1017364
1017365
1017366
1017368
1017369
1017370
1017371
1017372
1017373
1017374
1017377
1017378
1017379
1017380
1017381
1017382
1017383
1017384
1017385
1017386
1017387
1017388
1017389
1017390
1017392
1017393
1017395
1017396
1017397
1017398
1017400
1017401
1017402
1017403
1017404
1017405
1017406
1017407
1017408
1017409
1017410
1017411
1017412
1017413
1017414
1017415
1017416
1017417
1017418
1017419
1017420
1017421
1017422
1017423
1017424
1017425
1017426
1017427
1017428
1017429
1017430
1017431
1017433
1017434
1017435
1017436
1017437
1017438
1017439
1017440
1017441
1017442
1017443
1017444
1017445
1017446
1017447
1017448
1017450
1017451
1017452
1017453
1017454
1017455
1017456
1017457
1017458
1017459
1017460
1017461
1017462
1017463
1017464
1017465
1017466
1017467
1017468
1017469
1017470
1017471
1017472
1017473
1017474
1017475
1017476
1017477
1017478
1017479
1017480
1017481
1017482
1017483
1017484
1017485
1017486
1017487
1017490
1017491
1017492
1017493
1017494
1017495
1017496
1017497
1017498
1017499
1017500
1017501
1017502
1017503
1017504
1017505
1017506
1017507
1017508
1017509
1017510
1017511
1017512
1017513
1017514
1017515
1017516
1017517
1017518
1017519
1017520
1017521
1017522
1017523
1017524
1017525
1017526
1017529
1017530
1017531
1017532
1017533
1017536
1017537
1017538
1017539
1017540
1017542
1017543
1017544
1017545
1017546
1017547
1017548
1017549
1017550
1017551
1017552
1017553
1017554
1017555
1017560
1017561
1017562
1017563
1017564
1017565
1017567
1017570
1017571
1017572
1017573
1017574
1017575
1017576
1017577
1017578
1017579
1017580
1017581
1017582
1017583
1017584
1017585
1017586
