1017587
1017588
1017589
1017590
1017591
1017592
1017593
1017594
1017595
1017596
1017597
1017598
1017599
1017600
1017601
1017602
1017609
1017610
1017611
1017612
1017613
1017614
1017615
1017616
1017617
1017618
1017619
1017620
1017621
1017622
1017623
1017624
1017626
1017627
1017628
1017630
1017631
1017632
1017633
1017634
1017635
1017636
1017637
1017638
1017639
1017640
1017642
1017643
1017644
1017645
1017646
1017647
1017648
1017649
1017650
1017651
1017652
1017653
1017654
1017656
1017657
1017658
1017660
1017661
1017662
1017663
1017664
1017665
1017666
1017667
1017668
1017669
1017670
1017671
1017673
1017674
1017675
1017676
1017677
1017678
1017679
1017680
1017681
1017682
1017684
1017685
1017686
1017687
1017688
1017689
1017690
1017691
1017692
1017693
1017694
1017695
1017696
1017697
1017698
1017700
1017701
1017702
1017703
1017704
1017705
1017707
1017708
1017709
1017710
1017711
1017712
1017713
1017715
1017716
1017717
1017718
1017719
1017720
1017721
1017722
1017723
1017724
1017725
1017726
1017727
1017728
1017729
1017730
1017731
1017732
1017733
1017734
1017735
1017736
1017737
1017738
1017739
1017740
1017743
1017744
1017745
1017747
1017748
1017749
1017750
1017751
1017752
1017753
1017754
1017755
1017756
1017757
1017758
1017759
1017760
1017761
1017762
1017763
1017764
1017765
1017766
1017767
1017768
1017769
1017770
1017771
1017773
1017774
1017775
1017776
1017777
1017778
1017779
1017780
1017781
1017782
1017783
1017784
1017785
1017786
1017787
1017788
1017789
1017790
1017791
1017792
1017793
1017794
1017795
1017796
1017797
1017798
1017799
1017800
1017801
1017802
1017803
1017804
1017805
1017806
1017807
1017808
1017809
1017810
1017811
1017812
1017813
1017814
1017815
1017816
1017817
1017818
1017819
1017820
1017821
1017822
1017823
1017824
1017825
1017826
1017827
1017828
1017829
1017830
1017831
1017832
1017833
1017834
1017835
1017836
1017837
1017839
1017840
1017841
1017842
1017843
1017844
1017845
1017846
1017847
1017848
1017849
1017850
1017851
1017852
1017853
1017854
1017855
1017856
1017857
1017858
1017859
1017860
1017861
1017862
1017863
1017864
1017865
1017866
1017867
1017868
1017869
1017870
1017871
1017872
1017873
1017874
1017875
1017878
1017879
1017880
1017881
1017882
1017883
1017884
1017885
1017886
1017887
1017888
1017889
1017890
1017891
1017892
1017893
1017894
1017895
1017896
1017897
1017898
1017899
1017900
1017901
1017902
1017903
1017904
1017905
1017906
1017907
1017908
1017909
1017910
1017911
1017912
1017913
1017914
1017915
1017916
1017917
1017919
1017920
1017921
1017922
1017923
1017924
1017925
1017926
1017927
1017928
1017929
1017930
1017932
1017933
1017934
1017936
1017937
1017938
1017939
1017940
1017941
1017942
1017943
1017944
1017945
1017946
1017947
1017948
1017949
1017950
1017951
1017953
1017954
1017955
1017956
1017957
1017958
1017959
1017960
1017961
1017962
1017963
1017964
1017965
1017966
1017967
1017968
1017969
1017970
1017971
1017972
1017973
1017974
1017975
1017976
1017977
1017978
1017979
1017980
1017981
1017982
1017983
1017986
1017989
1017991
1017994
1017995
1017996
1017998
1017999
1018000
1018001
1018002
1018003
1018004
1018005
1018006
1018007
1018008
1018009
1018010
1018011
1018012
1018013
1018014
1018015
1018016
1018017
1018018
1018019
1018020
1018021
1018022
1018023
1018024
1018025
1018026
1018027
1018028
1018029
1018030
1018031
1018032
1018033
1018034
1018036
1018037
1018038
1018039
1018040
1018042
1018043
1018045
1018048
1018049
1018050
1018051
1018053
1018054
1018055
1018056
1018057
1018058
1018059
1018060
1018061
1018063
1018064
1018065
1018066
1018067
1018071
1018074
1018075
1018076
1018077
1018078
1018079
1018080
1018081
1018082
1018083
1018084
1018085
1018086
1018087
1018088
1018089
1018090
1018091
1018092
1018093
1018094
1018095
1018096
1018097
1018098
1018099
1018100
1018101
1018102
1018104
1018105
1018106
1018107
1018108
1018109
1018110
1018111
1018112
1018113
1018114
1018115
1018116
1018117
1018118
1018119
1018120
1018121
1018122
1018123
1018125
1018126
1018128
1018129
1018131
1018132
1018133
1018135
1018136
1018137
1018138
1018139
1018140
1018141
1018142
1018143
1018145
1018146
1018147
1018148
1018149
1018150
1018152
1018153
1018154
1018155
1018156
1018157
1018158
1018159
1018160
1018163
1018164
1018165
1018166
1018167
1018168
1018169
1018170
1018172
1018173
1018174
1018176
1018177
1018178
1018179
1018180
1018182
1018183
1018184
1018185
1018186
1018187
1018188
1018189
1018190
1018191
1018192
1018193
1018194
1018195
1018196
1018197
1018198
1018199
1018200
1018201
1018202
1018203
1018204
1018205
1018206
1018207
1018208
1018209
1018210
1018211
1018212
1018213
1018214
1018215
1018216
1018217
1018218
1018219
1018220
1018221
1018222
1018223
1018225
1018226
1018227
1018228
1018229
1018230
1018231
1018232
1018233
1018234
1018235
1018236
1018237
1018238
1018239
1018240
1018241
1018242
1018243
1018244
1018247
1018248
1018249
1018250
1018251
1018252
1018253
1018254
1018255
1018256
1018257
1018258
1018259
1018260
1018261
1018262
1018263
1018264
1018265
1018266
1018267
1018268
1018269
1018270
1018271
1018272
1018274
1018275
1018276
1018277
1018278
1018279
1018280
1018281
1018282
1018283
1018284
1018285
1018286
1018287
1018288
1018289
1018290
1018291
1018292
1018293
1018294
1018295
1018296
1018297
1018298
1018299
1018300
1018301
1018302
1018303
1018304
1018305
1018306
1018307
1018308
1018309
1018310
1018311
1018313
1018314
1018315
1018316
1018317
1018318
1018319
1018320
1018321
1018322
1018324
1018325
1018326
1018327
1018328
1018329
1018332
1018334
1018335
1018336
1018337
1018339
1018340
1018341
1018342
1018343
1018345
1018346
1018348
1018349
1018350
1018351
1018352
1018353
1018354
1018356
1018357
1018358
1018359
1018360
1018361
1018362
1018363
1018364
1018365
1018366
1018367
1018369
1018370
1018371
1018372
1018374
1018375
1018376
1018377
1018378
1018379
1018380
1018381
1018382
1018383
1018384
1018385
1018386
1018387
1018388
1018389
1018390
1018391
1018392
1018393
1018394
1018395
1018396
1018397
1018398
1018399
1018400
1018401
1018402
1018403
1018404
1018405
1018406
1018407
1018408
1018409
1018410
1018411
1018412
1018413
1018414
1018416
1018417
1018418
1018420
1018421
1018422
1018424
1018425
1018427
1018428
1018429
1018430
1018431
1018434
1018435
1018436
1018438
1018440
1018441
1018442
1018443
1018444
1018445
1018446
1018447
1018448
1018449
1018450
1018452
1018453
1018454
1018455
1018456
1018458
1018459
1018460
1018462
1018464
1018465
1018466
1018467
1018470
1018471
1018472
1018473
1018474
1018475
1018476
1018477
1018478
1018479
1018480
1018481
1018482
1018483
1018484
1018485
1018486
1018487
1018488
1018489
1018490
1018491
1018492
1018493
1018494
1018495
1018496
1018497
1018498
1018499
1018500
1018501
1018502
1018504
1018505
1018506
1018507
1018508
1018509
1018510
1018513
1018514
1018515
1018516
1018517
1018518
1018519
1018520
1018521
1018522
1018523
1018524
1018525
1018528
1018529
1018530
1018531
1018532
1018533
1018534
1018535
1018536
1018539
1018540
1018541
1018542
1018543
1018544
1018545
1018546
1018547
1018548
1018549
1018550
1018552
1018553
1018554
1018555
1018556
1018558
1018559
1018560
1018561
1018562
1018563
1018564
1018565
1018566
1018568
1018569
1018570
1018571
1018572
1018573
1018574
1018575
1018576
1018577
1018578
1018581
1018582
1018584
1018585
1018587
1018588
1018589
1018590
1018591
1018592
1018593
1018594
1018595
1018596
1018597
1018598
1018599
1018600
1018601
1018602
1018603
1018604
1018605
1018606
1018607
1018608
1018609
1018611
1018612
1018613
1018614
1018615
1018616
1018617
1018618
1018619
1018622
1018623
1018624
1018625
1018626
1018627
1018629
1018631
1018633
1018634
1018635
1018636
1018637
1018638
1018639
1018640
1018642
1018643
1018644
1018645
1018646
1018647
1018648
1018649
1018650
1018651
1018652
1018653
1018654
1018655
1018656
1018657
1018658
1018660
1018662
1018663
1018664
1018666
1018668
1018669
1018670
1018671
1018672
1018674
1018675
1018676
1018677
1018679
1018682
1018683
1018684
1018685
1018686
1018687
1018688
1018689
1018690
1018691
1018692
1018693
1018694
1018695
1018697
1018698
1018699
1018700
1018701
1018702
1018703
1018704
1018705
1018706
1018707
1018708
1018709
1018710
1018711
1018712
1018713
1018714
1018715
1018716
1018717
1018718
1018719
1018720
1018721
1018722
1018723
1018724
1018725
1018726
1018727
1018728
1018729
1018730
1018731
1018732
1018733
1018734
1018735
1018736
1018738
1018739
1018740
1018741
1018742
1018743
1018744
1018745
1018746
1018747
1018748
1018749
1018750
1018751
1018752
1018754
1018755
1018756
1018757
1018758
1018759
1018760
1018761
1018762
1018764
1018765
1018767
1018768
1018769
1018772
1018773
1018775
1018776
1018778
1018779
1018780
1018781
1018782
1018783
1018784
1018785
1018786
1018787
1018788
1018789
1018790
1018791
1018792
1018793
1018794
1018795
1018797
1018798
1018799
1018800
1018801
1018802
1018803
1018804
1018805
1018807
1018808
1018811
1018812
1018813
1018814
1018815
1018816
1018817
1018818
1018819
1018820
1018821
1018823
1018825
1018826
1018827
1018828
1018829
1018830
1018831
1018832
1018833
1018834
1018835
1018836
1018837
1018838
1018839
1018840
1018841
1018842
1018843
1018844
1018845
1018846
1018847
1018848
1018849
1018850
1018851
1018852
1018853
1018854
1018855
1018856
1018857
1018858
1018859
1018860
1018861
1018862
1018863
1018864
1018865
1018866
1018867
1018868
1018869
1018870
1018874
1018875
1018876
1018877
1018878
1018879
1018880
1018881
1018882
1018883
1018884
1018885
1018886
1018887
1018888
1018889
1018890
1018891
1018892
1018893
1018894
1018895
1018896
1018897
1018898
1018901
1018902
1018903
1018905
1018906
1018907
1018908
1018910
1018911
1018912
1018913
1018914
1018915
1018916
1018917
1018918
1018919
1018921
1018922
1018923
1018924
1018925
1018926
1018927
1018928
1018929
1018930
1018931
1018932
1018933
1018934
1018935
1018936
1018937
1018938
1018939
1018941
1018943
1018944
1018945
1018946
1018947
1018950
1018951
1018952
1018954
1018955
1018956
1018958
1018960
1018961
1018962
1018963
1018964
1018965
1018966
1018967
1018968
1018969
1018970
1018971
1018972
1018973
1018974
1018975
1018977
1018978
1018979
1018980
1018981
1018982
1018983
1018984
1018985
1018986
1018987
1018988
1018989
1018990
1018991
1018992
1018993
1018994
1018995
1018996
1018997
1018998
1018999
1019000
1019001
1019002
1019003
1019004
1019005
1019006
1019007
1019008
1019009
1019010
1019011
1019012
1019013
1019014
1019015
1019016
1019017
1019018
1019019
1019020
1019021
1019022
1019023
1019024
1019025
1019026
1019027
1019028
1019029
1019030
1019031
1019032
1019033
1019034
1019035
1019036
1019037
1019038
1019039
1019040
1019041
1019042
1019043
1019044
1019045
1019046
1019047
1019048
1019049
1019050
1019051
1019052
1019053
1019054
1019055
1019057
1019058
1019059
1019060
1019061
1019062
1019063
1019064
1019065
1019066
1019067
1019068
1019069
1019070
1019071
1019072
1019073
1019074
1019075
1019076
1019077
1019078
1019079
1019080
1019081
1019082
1019083
1019084
1019085
1019086
1019087
1019088
1019089
1019090
1019091
1019092
1019093
1019094
1019095
1019096
1019097
1019098
1019099
1019100
1019101
1019102
1019103
1019104
1019105
1019106
1019107
1019108
1019109
1019110
1019111
1019112
1019113
1019114
1019115
1019116
1019117
1019118
1019119
1019120
1019121
1019122
1019123
1019124
1019125
1019126
1019127
1019128
1019129
1019131
1019132
1019133
1019134
1019135
1019136
1019137
1019138
1019139
1019140
1019141
1019142
1019143
1019144
1019145
1019146
1019147
1019148
1019149
1019150
1019151
1019152
1019153
1019154
1019155
1019156
1019157
1019158
1019159
1019160
1019161
1019162
1019164
1019165
1019166
1019167
1019168
1019169
1019170
1019171
1019172
1019173
1019174
1019175
1019176
1019177
1019179
1019180
1019181
1019182
1019183
1019184
1019185
1019187
1019188
1019189
1019190
1019191
1019192
1019193
1019194
1019196
1019197
1019198
1019199
1019200
1019201
1019202
1019203
1019204
1019205
1019206
1019207
1019208
1019209
1019210
1019211
1019212
1019213
1019214
1019215
1019216
1019217
1019218
1019219
1019220
1019221
1019222
1019223
1019224
1019225
1019226
1019227
1019228
1019229
1019230
1019231
1019232
1019233
1019234
1019235
1019236
1019237
1019238
1019239
1019241
1019242
1019243
1019244
1019245
1019246
1019247
1019248
1019249
1019250
1019251
1019252
1019253
1019255
1019256
1019257
1019258
1019259
1019261
1019262
1019263
1019265
1019266
1019267
1019268
1019269
1019271
1019272
1019273
1019274
1019276
1019277
1019278
1019279
1019280
1019281
1019282
1019283
1019284
1019285
1019286
1019288
1019291
1019292
1019293
1019294
1019295
1019296
1019297
1019298
1019299
1019300
1019301
1019302
1019303
1019304
1019305
1019306
1019307
1019308
1019309
1019310
1019311
1019312
1019313
1019314
1019315
1019316
1019317
1019318
1019319
1019320
1019321
1019322
1019323
1019324
1019325
1019326
1019327
1019328
1019329
1019330
1019331
1019332
1019333
1019335
1019337
1019338
1019339
1019340
1019341
1019343
1019344
1019345
1019346
1019347
1019348
1019349
1019350
1019351
1019352
1019353
1019354
1019355
1019356
1019357
1019358
1019360
1019361
1019363
1019364
1019365
1019366
1019367
1019368
1019369
1019370
1019371
1019372
1019373
1019375
1019376
1019377
1019379
1019381
1019384
1019385
1019386
1019387
1019388
1019389
1019390
1019391
1019392
1019393
1019394
1019395
1019396
1019398
1019399
1019400
1019401
1019402
1019403
1019404
1019405
1019406
1019407
1019408
1019409
1019410
1019411
1019412
1019413
1019415
1019416
1019417
1019418
1019419
1019420
1019421
1019422
1019423
1019424
1019425
1019426
1019427
1019428
1019429
1019430
1019431
1019432
1019433
1019434
1019435
1019436
1019437
1019438
1019439
1019440
1019441
1019442
1019443
1019444
1019445
1019446
1019447
1019448
1019449
1019450
1019451
1019452
1019453
1019454
1019455
1019457
1019458
1019459
1019460
1019461
1019462
1019463
1019464
1019465
1019466
1019468
1019469
1019470
1019471
1019472
1019473
1019474
1019475
1019476
1019477
1019478
1019479
1019480
1019481
1019482
1019483
1019484
1019485
1019486
1019487
1019488
1019489
1019490
1019491
1019492
1019493
1019494
1019495
1019496
1019497
1019498
1019499
1019501
1019502
1019503
1019504
1019505
1019506
1019507
1019508
1019509
1019510
1019511
1019512
1019513
1019514
1019515
1019516
1019517
1019518
1019519
1019520
1019521
1019522
1019523
1019524
1019525
1019526
1019527
1019528
1019529
1019530
1019531
1019532
1019533
1019534
1019535
1019536
1019537
1019538
1019539
1019542
1019545
1019546
1019548
1019549
1019550
1019551
1019552
1019553
1019556
1019557
1019558
1019559
1019560
1019561
1019563
1019564
1019565
1019566
1019567
1019568
1019569
1019571
1019572
1019573
1019574
1019575
1019576
1019577
1019578
1019579
1019580
1019581
1019582
1019583
1019584
1019585
1019586
1019588
1019589
1019590
1019591
1019592
1019593
1019594
1019595
1019596
1019597
1019598
1019599
1019600
1019601
1019602
1019603
1019604
1019605
1019606
1019607
1019608
1019610
1019613
1019614
1019615
1019616
1019617
1019618
1019619
1019620
1019621
1019622
1019623
1019624
1019625
1019628
1019629
1019630
1019631
1019632
1019633
1019634
1019635
1019636
1019637
1019638
1019639
1019640
1019641
1019642
1019643
1019645
1019646
1019648
1019649
1019653
1019654
1019655
1019656
1019657
1019658
1019659
1019660
1019661
1019662
1019663
1019664
1019665
1019666
1019668
1019669
1019670
1019671
1019672
1019673
1019674
1019675
1019676
1019678
1019679
1019680
1019681
1019682
1019683
1019684
1019685
1019686
1019687
1019688
1019689
1019690
1019691
1019692
1019693
1019694
1019695
1019696
1019697
1019698
1019699
1019700
1019701
1019702
1019703
1019704
1019705
1019706
1019707
1019708
1019709
1019710
1019711
1019712
1019713
1019714
1019715
1019716
1019717
1019718
1019719
1019720
1019721
1019722
1019723
1019724
1019725
1019726
1019727
1019728
1019729
1019730
1019731
1019732
1019733
1019734
1019735
1019736
1019737
1019738
1019739
1019740
1019741
1019742
1019743
1019744
1019745
1019746
1019747
1019748
1019749
1019750
1019751
1019752
1019753
1019754
1019755
1019756
1019757
1019758
1019759
1019760
1019761
1019762
1019763
1019764
1019765
1019766
1019767
1019768
1019769
1019770
1019771
1019773
1019774
1019775
1019776
1019777
1019778
1019779
1019780
1019781
1019782
1019783
1019784
1019785
1019786
1019787
1019788
1019789
1019790
1019791
1019792
1019793
1019794
1019795
1019796
1019797
1019798
1019799
1019800
1019801
1019802
1019803
1019804
1019805
1019806
1019807
1019808
1019809
1019810
1019811
1019812
1019813
1019814
1019815
1019816
1019817
1019818
1019819
1019820
1019821
1019822
1019824
1019825
1019826
1019828
1019829
1019830
1019831
1019832
1019833
1019834
1019835
1019836
1019837
1019838
1019839
1019840
1019841
1019842
1019843
1019844
1019845
1019846
1019847
1019848
1019849
1019850
1019851
1019852
1019853
1019854
1019855
1019856
1019857
1019858
1019859
1019860
1019861
1019862
1019863
1019864
1019866
1019867
1019869
1019870
1019871
1019872
1019873
1019874
1019875
1019876
1019877
1019878
1019879
1019880
1019881
1019882
1019883
1019884
1019885
1019886
1019887
1019888
1019889
1019890
1019891
1019892
1019893
1019894
1019895
1019896
1019897
1019898
1019899
1019900
1019901
1019902
1019903
1019904
1019905
1019906
1019907
1019908
1019909
1019910
1019912
1019913
1019914
1019915
1019916
1019917
1019919
1019920
1019921
1019922
1019923
1019924
1019925
1019928
1019929
1019930
1019931
1019932
1019933
1019934
1019935
1019936
1019937
1019938
1019939
1019940
1019941
1019942
1019943
1019944
1019945
1019946
1019947
1019948
1019949
1019951
1019952
1019953
1019954
1019955
1019956
1019957
1019958
1019959
1019960
1019961
1019962
1019963
1019964
1019965
1019966
1019968
1019970
1019971
1019972
1019973
1019974
1019975
1019976
1019977
1019978
1019979
1019980
1019981
1019982
1019983
1019984
1019985
1019986
1019987
1019988
1019989
1019990
1019991
1019992
1019993
1019994
1019995
1019996
1019997
1019998
1019999
1020000
1020001
1020002
1020003
1020004
1020005
1020006
1020008
1020009
1020010
1020011
1020012
1020013
1020014
1020015
1020016
1020017
1020018
1020019
1020020
1020021
1020022
1020023
1020024
1020025
1020026
1020027
1020028
1020029
1020030
1020031
1020032
1020033
1020034
1020035
1020036
1020037
1020038
1020039
1020040
1020041
1020042
1020043
1020044
1020045
1020046
1020047
1020048
1020049
1020050
1020051
1020052
1020053
1020054
1020055
1020056
1020057
1020058
1020059
1020060
1020062
1020063
1020065
1020066
1020067
1020068
1020069
1020070
1020071
1020072
1020073
1020074
1020075
1020076
1020077
1020078
1020079
1020080
1020081
1020082
1020083
1020084
1020085
1020086
1020087
1020088
1020089
1020090
1020091
1020092
1020093
1020094
1020095
1020096
1020097
1020098
1020099
1020100
1020102
1020103
1020104
1020105
1020106
1020107
1020108
1020109
1020110
1020111
1020112
1020113
1020114
1020115
1020116
1020117
1020118
1020119
1020120
1020121
1020122
1020123
1020124
1020125
1020126
1020129
1020130
1020131
1020132
1020133
1020134
1020135
1020136
1020139
1020140
1020141
1020143
1020144
1020146
1020147
1020149
1020151
1020152
1020153
1020154
1020155
1020156
1020157
1020158
1020159
1020160
1020162
1020163
1020164
1020165
1020166
1020167
1020168
1020170
1020171
1020172
1020174
1020175
1020176
1020177
1020180
1020181
1020182
1020183
1020184
1020185
1020186
1020187
1020188
1020189
1020191
1020192
1020193
1020194
1020195
1020196
1020197
1020198
1020199
1020200
1020201
1020202
1020203
1020204
1020205
1020206
1020207
1020208
1020209
1020210
1020211
1020212
1020213
1020214
1020215
1020216
1020217
1020218
1020219
1020220
1020222
1020224
1020225
1020226
1020227
1020228
1020229
1020230
1020231
1020232
1020233
1020234
1020235
1020236
1020237
1020238
1020239
1020240
1020241
1020242
1020243
1020244
1020245
1020247
1020248
1020249
1020250
1020251
1020253
1020254
1020255
1020256
1020257
1020258
1020259
1020260
1020261
1020262
1020263
1020264
1020265
1020266
1020267
1020268
1020269
1020271
1020272
1020273
1020274
1020275
1020276
1020277
1020278
1020279
1020280
1020281
1020283
1020284
1020285
1020286
1020287
1020288
1020289
1020290
1020291
1020292
1020293
1020294
1020295
1020296
1020297
1020298
1020299
1020300
1020301
1020303
1020304
1020305
1020306
1020307
1020308
1020310
1020311
1020312
1020313
1020314
1020315
1020316
1020317
1020318
1020319
1020320
1020321
1020322
1020323
1020324
1020326
1020328
1020329
1020330
1020331
1020332
1020333
1020334
1020335
1020336
1020337
1020338
1020339
1020340
1020341
1020342
1020343
1020344
1020345
1020346
1020347
1020348
1020349
1020350
1020352
1020353
1020354
1020355
1020356
1020357
1020358
1020359
1020360
1020361
1020362
1020363
1020364
1020366
1020369
1020370
1020371
1020372
1020373
1020374
1020375
1020377
1020378
1020379
1020380
1020382
1020383
1020384
1020385
1020386
1020387
1020388
1020389
1020390
1020391
1020392
1020393
1020394
1020395
1020396
1020397
1020398
1020399
1020400
1020401
1020402
1020403
1020404
1020405
1020406
1020407
1020408
1020409
1020410
1020411
1020412
1020413
1020414
1020415
1020417
1020418
1020419
1020420
1020421
1020422
1020423
1020424
1020425
1020426
1020427
1020428
1020429
1020430
1020431
1020432
1020433
1020435
1020436
1020437
1020438
1020439
1020440
1020441
1020443
1020444
1020445
1020446
1020447
1020449
1020452
1020454
1020455
1020456
1020458
1020462
1020463
1020464
1020465
1020466
1020467
1020468
1020469
1020470
1020471
1020472
1020473
1020474
1020475
1020476
1020477
1020479
1020480
1020481
1020482
1020483
1020484
1020485
1020486
1020487
1020488
1020489
1020490
1020491
1020492
1020493
1020494
1020495
1020496
1020498
1020499
1020500
1020502
1020503
1020504
1020505
1020506
1020507
1020508
1020509
1020510
1020512
1020513
1020514
1020515
1020516
1020517
1020518
1020519
1020520
1020521
1020523
1020524
1020525
1020526
1020527
1020528
1020529
1020530
1020532
1020533
1020534
1020537
1020540
1020541
1020542
1020543
1020544
1020545
1020547
1020548
1020549
1020551
1020553
1020554
1020555
1020556
1020558
1020559
1020560
1020561
1020562
1020563
1020564
1020565
1020566
1020567
1020568
1020570
1020571
1020572
1020573
1020574
1020575
1020576
1020577
1020578
1020579
1020580
1020581
1020583
1020584
1020585
1020586
1020587
1020588
1020589
1020590
1020591
1020592
1020593
1020594
1020595
1020596
1020597
1020598
1020599
1020601
1020602
1020603
1020605
1020606
1020607
1020612
1020613
1020614
1020615
1020616
1020617
1020618
1020620
1020621
1020622
1020623
1020624
1020625
1020626
1020627
1020628
1020629
1020630
1020632
1020634
1020636
1020637
1020638
1020639
1020641
1020642
1020646
1020647
1020648
1020649
1020650
1020651
1020652
1020653
1020654
1020655
1020656
1020657
1020658
1020660
1020661
1020662
1020663
1020664
1020665
1020666
1020667
1020668
1020669
1020670
1020671
1020672
1020673
1020674
1020675
1020676
1020677
1020678
1020679
1020680
1020681
1020682
1020683
1020684
1020685
1020686
1020687
1020688
1020689
1020691
1020692
1020693
1020694
1020695
1020696
1020697
1020698
1020699
1020701
1020702
1020703
1020704
1020705
1020706
1020707
1020708
1020709
1020710
1020711
1020712
1020713
1020714
1020715
1020716
1020717
1020718
1020719
1020720
1020721
1020722
1020723
1020724
1020725
1020726
1020727
1020728
1020729
1020730
1020731
1020732
1020733
1020734
1020735
1020737
1020738
1020739
1020740
1020741
1020742
1020743
1020744
1020745
1020746
1020747
1020749
1020750
1020751
1020752
1020753
1020754
1020755
1020756
1020757
1020758
1020759
1020760
1020761
1020762
1020763
1020765
1020766
1020767
1020768
1020770
1020771
1020772
1020773
1020774
1020775
1020776
1020777
1020778
1020779
1020780
1020781
1020782
1020783
1020784
1020785
1020786
1020787
1020789
1020791
1020793
1020794
1020795
1020796
1020797
1020798
1020800
1020801
1020802
1020803
1020804
1020805
1020806
1020807
1020808
1020809
1020810
1020811
1020812
1020813
1020814
1020815
1020816
1020817
1020818
1020819
1020820
1020821
1020822
1020823
1020825
1020826
1020827
1020828
1020829
1020830
1020831
1020832
1020833
1020834
1020835
1020836
1020837
1020838
1020839
1020840
1020841
1020842
1020843
1020844
1020845
1020847
1020848
1020850
1020852
1020853
1020854
1020855
1020856
1020857
1020858
1020859
1020860
1020861
1020862
1020863
1020864
1020865
1020866
1020867
1020868
1020869
1020870
1020871
1020872
1020873
1020874
1020875
1020876
1020877
1020878
1020879
1020881
1020883
1020884
1020885
1020886
1020887
1020888
1020889
1020890
1020891
1020893
1020894
1020895
1020896
1020897
1020898
1020899
1020900
1020901
1020902
1020903
1020904
1020905
1020906
1020907
1020908
1020909
1020910
1020911
1020912
1020913
1020914
1020915
1020916
1020917
1020918
1020919
1020920
1020921
1020922
1020923
1020924
1020925
1020926
1020927
1020928
1020929
1020930
1020931
1020932
1020933
1020934
1020935
1020936
1020937
1020938
1020939
1020940
1020941
1020942
1020943
1020944
1020945
1020947
1020948
1020949
1020950
1020951
1020952
1020953
1020954
1020955
1020956
1020957
1020958
1020959
1020960
1020961
1020962
1020963
1020968
1020969
1020970
1020971
1020972
1020973
1020974
1020975
1020976
1020977
1020979
1020980
1020981
1020982
1020983
1020984
1020985
1020986
1020987
1020988
1020989
1020990
1020991
1020992
1020993
1020995
1020996
1020997
1020999
1021000
1021001
1021002
1021003
1021004
1021005
1021006
1021007
1021009
1021010
1021011
1021012
1021013
1021014
1021015
1021016
1021017
1021018
1021019
1021020
1021021
1021022
1021023
1021024
1021025
1021026
1021027
1021028
1021029
1021030
1021031
1021032
1021033
1021034
1021035
1021036
1021037
1021038
1021039
1021040
1021041
1021042
1021043
1021044
1021045
1021046
1021047
1021048
1021049
1021050
1021051
1021052
1021053
1021054
1021055
1021056
1021057
1021058
1021059
1021060
1021061
1021062
1021063
1021064
1021065
1021066
1021068
1021070
1021071
1021072
1021073
1021074
1021075
1021076
1021077
1021078
1021079
1021080
1021081
1021082
1021083
1021084
1021085
1021086
1021087
1021089
1021091
1021092
1021093
1021094
1021095
1021096
1021097
1021098
1021099
1021100
1021101
1021102
1021103
1021104
1021105
1021106
1021107
1021108
1021109
1021110
1021111
1021112
1021113
1021114
1021115
1021116
1021117
1021118
1021119
1021120
1021121
1021122
1021124
1021125
1021126
1021127
1021128
1021129
1021130
1021131
1021132
1021133
1021134
1021135
1021136
1021137
1021138
1021139
1021140
1021141
1021142
1021143
1021144
1021145
1021146
1021147
1021148
1021149
1021150
1021151
1021152
1021153
1021154
1021155
1021156
1021157
1021158
1021160
1021161
1021162
1021163
1021164
1021165
1021166
1021167
1021168
1021169
1021170
1021171
1021172
1021173
1021174
1021175
1021176
1021178
1021179
1021180
1021181
1021182
1021183
1021184
1021185
1021186
1021187
1021188
1021189
1021190
1021191
1021193
1021194
1021195
1021196
1021197
1021198
1021199
1021201
1021202
1021203
1021204
1021205
1021206
1021207
1021208
1021209
1021210
1021211
1021212
1021213
1021214
1021215
1021216
1021217
1021218
1021219
1021220
1021221
1021222
1021223
1021224
1021225
1021226
1021227
1021228
1021229
1021230
1021231
1021232
1021234
1021235
1021236
1021237
1021239
1021240
1021241
1021242
1021243
1021244
1021245
1021246
1021247
1021248
1021249
1021250
1021251
1021252
1021253
1021254
1021255
1021256
1021257
1021258
1021259
1021260
1021261
1021262
1021263
1021264
1021265
1021266
1021267
1021268
1021269
1021271
1021272
1021273
1021274
1021275
1021276
1021277
1021278
1021279
1021280
1021281
1021282
1021283
1021284
1021285
1021286
1021287
1021289
1021290
1021291
1021292
1021293
1021294
1021295
1021296
1021297
1021298
1021299
1021300
1021301
1021302
1021303
1021304
1021305
1021306
1021307
1021308
1021309
1021311
1021312
1021313
1021314
1021315
1021316
1021317
1021318
1021319
1021320
1021321
1021322
1021323
1021324
1021325
1021326
1021327
1021328
1021329
1021330
1021331
1021332
1021333
1021334
1021335
1021336
1021337
1021338
1021339
1021340
1021341
1021342
1021343
1021344
1021346
1021347
1021349
1021351
1021353
1021354
1021355
1021356
1021357
1021358
1021359
1021360
1021361
1021362
1021363
1021364
1021365
1021366
1021367
1021368
1021369
1021370
1021371
1021372
1021373
1021374
1021375
1021376
1021377
1021378
1021379
1021380
1021381
1021382
1021383
1021384
1021385
1021386
1021387
1021388
1021390
1021391
1021392
1021393
1021394
1021395
1021396
1021397
1021398
1021399
1021400
1021401
1021402
1021403
1021404
1021405
1021406
1021407
1021408
1021409
1021410
1021411
1021412
1021413
1021414
1021417
1021418
1021419
1021420
1021421
1021422
1021423
1021424
1021425
1021426
1021427
1021428
1021429
1021430
1021431
1021432
1021433
1021434
1021435
1021436
1021437
1021438
1021439
1021440
1021441
1021442
1021443
1021444
1021445
1021446
1021447
1021448
1021449
1021450
1021451
1021452
1021453
1021455
1021456
1021457
1021458
1021459
1021460
1021461
1021462
1021463
1021464
1021465
1021466
1021467
1021468
1021470
1021471
1021472
1021473
1021475
1021476
1021477
1021478
1021480
1021481
1021482
1021483
1021484
1021485
1021486
1021487
1021488
1021490
1021491
1021492
1021493
1021494
1021495
1021496
1021497
1021498
1021499
1021500
1021501
1021502
1021503
1021504
1021509
1021511
1021513
1021514
1021515
1021516
1021517
1021518
1021519
1021520
1021521
1021522
1021523
1021524
1021526
1021527
1021528
1021529
1021530
1021531
1021532
1021533
1021534
1021535
1021536
1021537
1021538
1021540
1021541
1021542
1021543
1021544
1021545
1021546
1021549
1021550
1021551
1021552
1021554
1021555
1021557
1021560
1021561
1021562
1021563
1021564
1021565
1021566
1021567
1021568
1021570
1021571
1021573
1021574
1021575
1021576
1021577
1021578
1021579
1021580
1021581
1021582
1021583
1021584
1021585
1021587
1021588
1021591
1021593
1021594
1021595
1021596
1021597
1021598
1021600
1021602
1021603
1021604
1021605
1021606
1021607
1021608
1021609
1021610
1021611
1021612
1021613
1021614
1021615
1021616
1021617
1021618
1021619
1021620
1021621
1021622
1021623
1021624
1021625
1021626
1021627
1021628
1021630
1021631
1021632
1021633
1021634
1021635
1021636
1021637
1021638
1021639
1021640
1021641
1021642
1021643
1021644
1021645
1021646
1021647
1021648
1021649
1021650
1021651
1021652
1021653
1021654
1021655
1021656
1021657
1021658
1021659
1021660
1021661
1021662
1021663
1021664
1021665
1021666
1021667
1021668
1021669
1021670
1021671
1021672
1021673
1021674
1021675
1021676
1021677
1021678
1021679
1021680
1021681
1021682
1021683
1021684
1021685
1021686
1021687
1021688
1021689
1021690
1021691
1021692
1021693
1021694
1021695
1021696
1021698
1021699
1021700
1021701
1021702
1021703
1021704
1021705
1021706
1021707
1021708
1021709
1021710
1021711
1021712
1021713
1021714
1021715
1021716
1021717
1021718
1021719
1021720
1021721
1021722
1021723
1021724
1021725
1021726
1021727
1021728
1021729
1021730
1021731
1021732
1021733
1021734
1021735
1021736
1021739
1021740
1021741
1021742
1021743
1021744
1021745
1021746
1021747
1021748
1021749
1021750
1021751
1021752
1021753
1021754
1021755
1021756
1021757
1021758
1021759
1021760
1021761
1021762
1021763
1021764
1021765
1021766
1021767
1021768
1021769
1021770
1021771
1021772
1021773
1021774
1021775
1021776
1021777
1021778
1021779
1021780
1021781
1021782
1021783
1021784
1021786
1021788
1021789
1021791
1021792
1021794
1021795
1021796
1021797
1021798
1021799
1021800
1021801
1021802
1021803
1021804
1021805
1021806
1021807
1021808
1021809
1021810
1021811
1021812
1021813
1021814
1021815
1021816
1021817
1021818
1021819
1021820
1021821
1021822
1021823
1021824
1021825
1021826
1021827
1021828
1021829
1021830
1021831
1021832
1021833
1021834
1021835
1021836
1021837
1021838
1021839
1021840
1021841
1021842
1021843
1021844
1021845
1021846
1021848
1021849
1021850
1021851
1021852
1021853
1021854
1021855
1021856
1021857
1021858
1021859
1021860
1021861
1021862
1021863
1021864
1021865
1021867
1021868
1021869
1021870
1021871
1021873
1021874
1021875
1021876
1021877
1021878
1021879
1021880
1021881
1021882
1021884
1021885
1021887
1021888
1021889
1021891
1021892
1021893
1021894
1021895
1021896
1021897
1021898
1021899
1021900
1021901
1021902
1021903
1021904
1021905
1021906
1021907
1021908
1021909
1021910
1021911
1021912
1021913
1021914
1021915
1021916
1021917
1021918
1021919
1021921
1021922
1021923
1021924
1021926
1021927
1021928
1021929
1021931
1021932
1021933
1021934
1021935
1021936
1021937
1021938
1021939
1021940
1021941
1021942
1021943
1021944
1021945
1021946
1021947
1021948
1021949
1021950
1021951
1021952
1021953
1021954
1021956
1021957
1021958
1021959
1021960
1021961
1021962
1021963
1021964
1021965
1021966
1021967
1021968
1021969
1021970
1021971
1021972
1021973
1021974
1021975
1021976
1021977
1021978
1021980
1021981
1021982
1021984
1021985
1021986
1021987
1021988
1021989
1021990
1021993
1021994
1021996
1021997
1021998
1021999
1022000
1022001
1022002
1022003
1022004
1022005
1022006
1022007
1022008
1022009
1022010
1022011
1022012
1022013
1022014
1022015
1022016
1022017
1022018
1022019
1022020
1022021
1022022
1022023
1022024
1022025
1022026
1022027
1022028
1022029
1022030
1022031
1022032
1022033
1022034
1022035
1022036
1022037
1022038
1022039
1022040
1022041
1022042
1022043
1022044
1022045
1022046
1022047
1022048
1022049
1022050
1022051
1022052
1022053
1022054
1022055
1022056
1022057
1022058
1022059
1022060
1022061
1022062
1022063
1022064
1022065
1022066
1022067
1022068
1022069
1022070
1022071
1022072
1022073
1022074
1022076
1022077
1022078
1022079
1022080
1022081
1022082
1022083
1022084
1022085
1022086
1022087
1022088
1022090
1022091
1022092
1022093
1022094
1022095
1022096
1022097
1022098
1022099
1022100
1022101
1022102
1022103
1022104
1022105
1022106
1022107
1022108
1022109
1022110
1022111
1022112
1022114
1022115
1022116
1022117
1022118
1022119
1022120
1022121
1022122
1022123
1022124
1022125
1022126
1022127
1022128
1022129
1022131
1022132
1022133
1022134
1022135
1022137
1022138
1022139
1022140
1022141
1022142
1022143
1022145
1022146
1022148
1022149
1022150
1022151
1022152
1022153
1022154
1022155
1022156
1022158
1022160
1022161
1022162
1022163
1022164
1022166
1022167
1022168
1022170
1022171
1022172
1022173
1022174
1022175
1022176
1022177
1022178
1022179
1022180
1022181
1022182
1022183
1022184
1022186
1022187
1022188
1022189
1022190
1022192
1022193
1022195
1022196
1022197
1022198
1022199
1022200
1022201
1022202
1022203
1022204
1022205
1022206
1022207
1022208
1022209
1022210
1022211
1022212
1022214
1022215
1022216
1022217
1022218
1022219
1022220
1022221
1022222
1022224
1022225
1022226
1022228
1022230
1022231
1022232
1022233
1022235
1022236
1022238
1022240
1022241
1022244
1022245
1022246
1022247
1022248
1022249
1022251
1022252
1022253
1022254
1022255
1022256
1022257
1022258
1022259
1022260
1022261
1022262
1022263
1022264
1022265
1022266
1022267
1022268
1022269
1022270
1022271
1022272
1022273
1022274
1022276
1022277
1022278
1022279
1022280
1022281
1022282
1022283
1022284
1022289
1022290
1022291
1022292
1022293
1022294
1022295
1022297
1022298
1022299
1022300
1022301
1022302
1022303
1022305
1022306
1022308
1022309
1022310
1022311
1022312
1022314
1022315
1022316
1022317
1022319
1022321
1022322
1022324
1022325
1022326
1022327
1022328
1022329
1022331
1022332
1022333
1022334
1022335
1022337
1022338
1022339
1022341
1022342
1022343
1022344
1022345
1022346
1022347
1022348
1022349
1022350
1022351
1022354
1022355
1022356
1022357
1022358
1022359
1022360
1022361
1022362
1022363
1022364
1022365
1022366
1022367
1022368
1022369
1022370
1022371
1022372
1022373
1022374
1022375
1022376
1022377
1022378
1022380
1022381
1022382
1022383
1022384
1022385
1022386
1022387
1022388
1022389
1022390
1022391
1022392
1022394
1022395
1022396
1022397
1022398
1022399
1022402
1022403
1022404
1022405
1022406
1022407
1022408
1022409
1022410
1022411
1022412
1022413
1022415
1022416
1022417
1022418
1022419
1022420
1022421
1022422
1022423
1022424
1022425
1022426
1022427
1022428
1022429
1022430
1022431
1022435
1022436
1022437
1022438
1022439
1022440
1022441
1022442
1022443
1022444
1022445
1022446
1022448
1022449
1022450
1022451
1022452
1022453
1022454
1022455
1022456
1022457
1022458
1022459
1022462
1022463
1022464
1022465
1022467
1022468
1022469
1022470
1022472
1022473
1022474
1022475
1022476
1022477
1022478
1022479
1022480
1022481
1022482
1022483
1022484
1022485
1022486
1022487
1022488
1022489
1022491
1022492
1022493
1022494
1022496
1022497
1022498
1022499
1022500
1022501
1022502
1022503
1022504
1022505
1022506
1022508
1022509
1022510
1022511
1022512
1022513
1022514
1022515
1022517
1022518
1022519
1022520
1022521
1022522
1022523
1022524
1022525
1022526
1022527
1022528
1022529
1022530
1022532
1022533
1022534
1022536
1022537
1022538
1022539
1022540
1022541
1022542
1022543
1022544
1022545
1022546
1022547
1022548
1022549
1022550
1022551
1022552
1022553
1022554
1022555
1022556
1022557
1022558
1022559
1022560
1022561
1022562
1022563
1022564
1022565
1022566
1022567
1022568
1022569
1022570
1022571
1022572
1022573
1022574
1022575
1022576
1022577
1022578
1022579
1022580
1022581
1022583
1022584
1022585
1022586
1022587
1022588
1022589
1022591
1022592
1022593
1022594
1022595
1022596
1022597
1022598
1022599
1022600
1022601
1022602
1022603
1022604
1022605
1022606
1022607
1022608
1022609
1022610
1022611
1022612
1022613
1022614
1022615
1022617
1022618
1022619
1022620
1022621
1022622
1022623
1022624
1022626
1022627
1022628
1022632
1022633
1022634
1022635
1022636
1022637
1022638
1022639
1022640
1022641
1022642
1022643
1022644
1022645
1022646
1022647
1022648
1022649
1022650
1022651
1022652
1022653
1022654
1022655
1022656
1022657
1022658
1022659
1022660
1022661
1022663
1022664
1022665
1022666
1022667
1022668
1022669
1022670
1022671
1022672
1022673
1022674
1022675
1022676
1022677
1022678
1022680
1022681
1022682
1022683
1022684
1022685
1022686
1022687
1022688
1022689
1022690
1022691
1022692
1022693
1022694
1022695
1022696
1022697
1022698
1022699
1022700
1022701
1022702
1022703
1022704
1022705
1022706
1022707
1022708
1022710
1022711
1022712
1022713
1022714
1022715
1022716
1022717
1022719
1022720
1022721
1022722
1022724
1022725
1022726
1022727
1022728
1022729
1022730
1022731
1022733
1022734
1022738
1022741
1022742
1022743
1022745
1022748
1022749
1022751
1022753
1022754
1022755
1022756
1022757
1022758
1022760
1022761
1022762
1022763
1022764
1022765
1022766
1022767
1022768
1022769
1022770
1022771
1022772
1022773
1022774
1022775
1022776
1022777
1022778
1022779
1022780
1022781
1022782
1022783
1022784
1022785
1022786
1022787
1022788
1022789
1022791
1022792
1022793
1022794
1022795
1022796
1022797
1022798
1022800
1022801
1022802
1022803
1022804
1022805
1022806
1022807
1022809
1022810
1022811
1022812
1022813
1022814
1022815
1022816
1022817
1022818
1022819
1022820
1022821
1022822
1022823
1022824
1022825
1022826
1022827
1022829
1022830
1022831
1022832
1022833
1022834
1022835
1022836
1022837
1022838
1022839
1022840
1022841
1022842
1022843
1022844
1022846
1022847
1022848
1022849
1022850
1022851
1022852
1022853
1022855
1022856
1022857
1022858
1022859
1022860
1022861
1022862
1022863
1022864
1022865
1022866
1022867
1022868
1022869
1022870
1022871
1022872
1022873
1022874
1022875
1022876
1022877
1022878
1022879
1022880
1022881
1022882
1022883
1022885
1022886
1022887
1022888
1022889
1022890
1022891
1022892
1022893
1022894
1022895
1022896
1022897
1022898
1022899
1022900
1022901
1022902
1022903
1022904
1022906
1022907
1022908
1022912
1022913
1022914
1022915
1022916
1022917
1022918
1022919
1022920
1022921
1022922
1022923
1022924
1022925
1022927
1022928
1022929
1022930
1022931
1022932
1022933
1022934
1022935
1022936
1022937
1022938
1022939
1022940
1022941
1022942
1022943
1022944
1022945
1022946
1022947
1022948
1022949
1022950
1022951
1022952
1022953
1022955
1022956
1022957
1022958
1022959
1022960
1022961
1022962
1022963
1022964
1022965
1022966
1022967
1022968
1022969
1022970
1022971
1022972
1022973
1022974
1022978
1022980
1022983
1022984
1022986
1022987
1022988
1022989
1022991
1022992
1022995
1022996
1022997
1022998
1022999
1023000
1023001
1023002
1023003
1023005
1023006
1023008
1023009
1023011
1023012
1023013
1023014
1023015
1023016
1023017
1023018
1023019
1023020
1023021
1023022
1023023
1023024
1023025
1023026
1023027
1023028
1023029
1023030
1023031
1023032
1023034
1023037
1023038
1023040
1023041
1023042
1023044
1023046
1023047
1023048
1023049
1023050
1023051
1023052
1023053
1023054
1023055
1023056
1023057
1023058
1023060
1023061
1023062
1023063
1023064
1023065
1023066
1023067
1023068
1023069
1023070
1023071
1023072
1023073
1023074
1023075
1023076
1023077
1023078
1023079
1023080
1023081
1023082
1023083
1023084
1023085
1023086
1023087
1023090
