1023091
1023092
1023093
1023094
1023095
1023096
1023097
1023098
1023099
1023100
1023101
1023102
1023103
1023104
1023105
1023106
1023107
1023108
1023109
1023110
1023111
1023112
1023113
1023114
1023115
1023116
1023117
1023118
1023119
1023120
1023121
1023122
1023123
1023124
1023125
1023126
1023127
1023130
1023131
1023132
1023133
1023134
1023136
1023137
1023139
1023142
1023143
1023144
1023145
1023146
1023147
1023148
1023149
1023150
1023151
1023152
1023153
1023154
1023155
1023156
1023157
1023158
1023159
1023160
1023161
1023162
1023163
1023164
1023165
1023166
1023168
1023169
1023171
1023172
1023173
1023174
1023175
1023176
1023178
1023180
1023181
1023182
1023183
1023184
1023185
1023186
1023187
1023188
1023189
1023190
1023191
1023192
1023193
1023194
1023195
1023196
1023197
1023198
1023199
1023202
1023203
1023204
1023205
1023207
1023208
1023209
1023210
1023212
1023214
1023215
1023216
1023217
1023218
1023219
1023220
1023221
1023222
1023223
1023224
1023225
1023226
1023227
1023228
1023229
1023230
1023231
1023232
1023233
1023234
1023235
1023236
1023237
1023238
1023239
1023240
1023241
1023243
1023244
1023246
1023247
1023248
1023249
1023250
1023251
1023252
1023253
1023254
1023256
1023257
1023258
1023259
1023260
1023261
1023263
1023264
1023265
1023266
1023267
1023268
1023269
1023270
1023271
1023273
1023276
1023277
1023278
1023280
1023281
1023283
1023284
1023285
1023286
1023287
1023288
1023289
1023290
1023291
1023292
1023293
1023294
1023298
1023299
1023300
1023303
1023308
1023310
1023311
1023312
1023313
1023314
1023315
1023316
1023317
1023318
1023319
1023320
1023321
1023322
1023323
1023324
1023325
1023326
1023327
1023328
1023329
1023330
1023331
1023332
1023333
1023334
1023335
1023336
1023337
1023338
1023339
1023340
1023341
1023342
1023344
1023345
1023346
1023347
1023348
1023349
1023350
1023351
1023352
1023353
1023354
1023356
1023357
1023358
1023359
1023360
1023361
1023362
1023363
1023364
1023365
1023366
1023367
1023368
1023369
1023370
1023371
1023372
1023373
1023374
1023375
1023376
1023377
1023378
1023379
1023380
1023381
1023382
1023383
1023384
1023385
1023386
1023388
1023391
1023393
1023394
1023395
1023396
1023397
1023398
1023399
1023400
1023402
1023403
1023407
1023408
1023409
1023410
1023411
1023412
1023413
1023414
1023415
1023416
1023417
1023418
1023419
1023420
1023421
1023422
1023423
1023424
1023425
1023426
1023427
1023428
1023429
1023430
1023431
1023432
1023433
1023434
1023435
1023436
1023437
1023438
1023439
1023440
1023441
1023442
1023444
1023445
1023446
1023447
1023448
1023449
1023450
1023451
1023452
1023453
1023455
1023456
1023457
1023459
1023460
1023461
1023462
1023463
1023464
1023465
1023466
1023467
1023470
1023471
1023472
1023473
1023474
1023475
1023476
1023477
1023478
1023479
1023480
1023481
1023482
1023483
1023484
1023485
1023486
1023487
1023488
1023489
1023490
1023491
1023492
1023493
1023494
1023495
1023496
1023497
1023498
1023499
1023500
1023501
1023502
1023504
1023505
1023507
1023508
1023510
1023512
1023513
1023514
1023515
1023516
1023517
1023518
1023519
1023520
1023521
1023522
1023523
1023524
1023525
1023526
1023527
1023529
1023530
1023532
1023533
1023534
1023535
1023536
1023537
1023538
1023540
1023541
1023542
1023543
1023544
1023545
1023546
1023547
1023548
1023549
1023550
1023551
1023552
1023553
1023554
1023555
1023556
1023557
1023558
1023559
1023560
1023562
1023563
1023565
1023566
1023567
1023568
1023569
1023570
1023571
1023572
1023573
1023574
1023575
1023576
1023577
1023578
1023579
1023580
1023581
1023582
1023583
1023584
1023585
1023586
1023587
1023588
1023589
1023590
1023591
1023592
1023593
1023594
1023595
1023596
1023598
1023599
1023600
1023601
1023602
1023603
1023604
1023605
1023606
1023607
1023614
1023615
1023616
1023617
1023618
1023619
1023620
1023621
1023622
1023623
1023624
1023625
1023626
1023627
1023628
1023629
1023630
1023631
1023632
1023633
1023634
1023635
1023636
1023637
1023638
1023640
1023641
1023642
1023643
1023644
1023645
1023646
1023647
1023648
1023649
1023650
1023651
1023652
1023653
1023654
1023656
1023657
1023658
1023659
1023660
1023661
1023662
1023663
1023664
1023665
1023666
1023667
1023668
1023671
1023673
1023674
1023675
1023676
1023677
1023679
1023680
1023681
1023682
1023683
1023684
1023685
1023686
1023687
1023688
1023689
1023690
1023691
1023692
1023693
1023694
1023695
1023696
1023697
1023699
1023700
1023701
1023704
1023705
1023706
1023707
1023708
1023709
1023710
1023711
1023712
1023713
1023714
1023715
1023717
1023719
1023720
1023722
1023723
1023725
1023726
1023727
1023728
1023729
1023730
1023731
1023732
1023733
1023734
1023735
1023736
1023737
1023738
1023739
1023740
1023742
1023743
1023744
1023745
1023746
1023747
1023748
1023749
1023750
1023751
1023752
1023753
1023754
1023755
1023756
1023757
1023758
1023759
1023760
1023761
1023762
1023763
1023764
1023765
1023766
1023767
1023768
1023769
1023770
1023771
1023773
1023775
1023776
1023777
1023778
1023779
1023780
1023781
1023782
1023783
1023784
1023785
1023786
1023787
1023788
1023789
1023790
1023791
1023792
1023794
1023795
1023796
1023797
1023798
1023799
1023800
1023801
1023802
1023803
1023804
1023805
1023806
1023807
1023808
1023809
1023810
1023811
1023812
1023813
1023814
1023815
1023816
1023817
1023818
1023819
1023820
1023821
1023822
1023823
1023824
1023825
1023826
1023827
1023828
1023829
1023830
1023831
1023832
1023833
1023834
1023835
1023836
1023837
1023838
1023839
1023840
1023841
1023842
1023843
1023844
1023845
1023846
1023847
1023848
1023849
1023850
1023851
1023852
1023853
1023854
1023855
1023856
1023857
1023859
1023860
1023861
1023862
1023863
1023864
1023865
1023866
1023867
1023869
1023873
1023874
1023875
1023876
1023877
1023878
1023879
1023880
1023882
1023883
1023884
1023885
1023886
1023887
1023888
1023889
1023890
1023891
1023892
1023893
1023894
1023895
1023896
1023897
1023898
1023899
1023900
1023901
1023902
1023903
1023904
1023905
1023906
1023907
1023908
1023909
1023910
1023912
1023913
1023914
1023915
1023916
1023917
1023918
1023919
1023920
1023921
1023922
1023923
1023924
1023925
1023927
1023928
1023929
1023930
1023932
1023933
1023934
1023935
1023936
1023937
1023938
1023939
1023940
1023941
1023942
1023943
1023944
1023945
1023946
1023947
1023948
1023949
1023950
1023951
1023952
1023953
1023955
1023957
1023958
1023959
1023960
1023961
1023962
1023963
1023964
1023965
1023966
1023967
1023968
1023969
1023970
1023971
1023972
1023973
1023974
1023975
1023976
1023977
1023978
1023979
1023980
1023981
1023982
1023983
1023984
1023986
1023987
1023988
1023989
1023990
1023991
1023992
1023993
1023994
1023995
1023996
1023997
1023998
1023999
1024000
1024001
1024002
1024003
1024004
1024006
1024007
1024008
1024009
1024010
1024011
1024012
1024013
1024014
1024015
1024016
1024017
1024018
1024019
1024020
1024021
1024022
1024023
1024024
1024025
1024026
1024027
1024028
1024029
1024030
1024031
1024032
1024033
1024035
1024036
1024038
1024039
1024040
1024041
1024042
1024043
1024045
1024046
1024047
1024048
1024049
1024050
1024051
1024052
1024053
1024055
1024056
1024057
1024058
1024059
1024060
1024061
1024062
1024063
1024064
1024065
1024066
1024067
1024068
1024070
1024071
1024072
1024073
1024074
1024075
1024076
1024077
1024078
1024079
1024080
1024082
1024083
1024084
1024085
1024086
1024087
1024088
1024089
1024090
1024091
1024092
1024093
1024094
1024095
1024096
1024097
1024098
1024099
1024100
1024101
1024102
1024103
1024104
1024105
1024106
1024108
1024109
1024111
1024112
1024113
1024114
1024115
1024116
1024117
1024119
1024121
1024122
1024123
1024124
1024127
1024129
1024131
1024132
1024133
1024134
1024137
1024138
1024139
1024140
1024141
1024142
1024143
1024144
1024145
1024149
1024150
1024152
1024153
1024157
1024158
1024160
1024163
1024165
1024166
1024168
1024169
1024170
1024171
1024172
1024174
1024175
1024176
1024177
1024178
1024179
1024180
1024181
1024182
1024183
1024184
1024185
1024186
1024188
1024189
1024190
1024191
1024192
1024193
1024194
1024195
1024196
1024197
1024198
1024199
1024200
1024201
1024202
1024203
1024204
1024206
1024207
1024208
1024209
1024210
1024212
1024213
1024214
1024215
1024216
1024217
1024218
1024219
1024220
1024221
1024222
1024223
1024224
1024225
1024226
1024227
1024228
1024229
1024230
1024231
1024232
1024233
1024234
1024236
1024237
1024239
1024240
1024241
1024242
1024243
1024244
1024245
1024246
1024247
1024248
1024249
1024250
1024251
1024252
1024253
1024254
1024255
1024256
1024257
1024258
1024259
1024260
1024261
1024262
1024263
1024264
1024265
1024266
1024267
1024268
1024269
1024270
1024271
1024272
1024273
1024274
1024275
1024276
1024279
1024280
1024281
1024282
1024283
1024284
1024285
1024286
1024287
1024289
1024290
1024291
1024292
1024293
1024294
1024295
1024296
1024297
1024298
1024299
1024300
1024301
1024302
1024303
1024304
1024305
1024306
1024307
1024308
1024309
1024310
1024311
1024312
1024314
1024315
1024316
1024317
1024318
1024319
1024320
1024321
1024322
1024323
1024324
1024325
1024326
1024327
1024329
1024330
1024331
1024332
1024333
1024334
1024335
1024336
1024337
1024338
1024339
1024340
1024341
1024342
1024343
1024344
1024345
1024347
1024348
1024349
1024350
1024351
1024352
1024353
1024356
1024358
1024359
1024360
1024361
1024362
1024363
1024364
1024365
1024366
1024367
1024368
1024369
1024370
1024371
1024372
1024373
1024374
1024375
1024376
1024377
1024379
1024380
1024381
1024382
1024383
1024384
1024385
1024386
1024387
1024388
1024389
1024391
1024392
1024393
1024395
1024396
1024397
1024398
1024399
1024400
1024401
1024402
1024403
1024405
1024406
1024407
1024408
1024409
1024410
1024411
1024412
1024413
1024414
1024415
1024416
1024417
1024418
1024420
1024421
1024422
1024423
1024424
1024425
1024426
1024427
1024428
1024429
1024430
1024431
1024432
1024433
1024434
1024435
1024436
1024437
1024438
1024439
1024441
1024443
1024444
1024445
1024446
1024447
1024448
1024449
1024450
1024451
1024452
1024453
1024454
1024455
1024456
1024457
1024458
1024460
1024461
1024462
1024463
1024464
1024465
1024466
1024467
1024468
1024469
1024470
1024471
1024472
1024473
1024474
1024475
1024476
1024477
1024478
1024479
1024480
1024481
1024482
1024483
1024484
1024486
1024487
1024488
1024490
1024491
1024492
1024494
1024496
1024498
1024499
1024500
1024501
1024502
1024503
1024504
1024505
1024506
1024507
1024508
1024509
1024510
1024511
1024512
1024513
1024514
1024515
1024516
1024517
1024518
1024519
1024520
1024521
1024522
1024523
1024524
1024525
1024526
1024527
1024528
1024529
1024530
1024531
1024532
1024534
1024535
1024536
1024537
1024538
1024539
1024540
1024541
1024542
1024543
1024544
1024545
1024546
1024547
1024548
1024549
1024550
1024551
1024552
1024553
1024554
1024555
1024556
1024557
1024558
1024559
1024560
1024561
1024562
1024563
1024564
1024565
1024566
1024567
1024568
1024569
1024570
1024571
1024572
1024573
1024575
1024576
1024577
1024578
1024579
1024580
1024581
1024582
1024583
1024584
1024585
1024587
1024588
1024589
1024590
1024591
1024592
1024594
1024595
1024596
1024597
1024598
1024599
1024600
1024601
1024602
1024603
1024604
1024605
1024606
1024607
1024608
1024610
1024611
1024612
1024613
1024614
1024615
1024616
1024617
1024618
1024619
1024620
1024621
1024622
1024623
1024624
1024625
1024626
1024627
1024629
1024630
1024631
1024632
1024633
1024634
1024635
1024636
1024637
1024638
1024639
1024640
1024641
1024642
1024644
1024647
1024648
1024649
1024650
1024651
1024652
1024654
1024656
1024657
1024658
1024659
1024660
1024661
1024662
1024663
1024664
1024665
1024666
1024667
1024668
1024669
1024670
1024671
1024672
1024673
1024674
1024675
1024676
1024677
1024678
1024679
1024680
1024681
1024682
1024683
1024684
1024685
1024686
1024687
1024688
1024689
1024690
1024691
1024693
1024694
1024695
1024697
1024698
1024700
1024701
1024702
1024703
1024704
1024705
1024706
1024707
1024708
1024709
1024710
1024711
1024712
1024713
1024714
1024715
1024716
1024717
1024718
1024719
1024720
1024721
1024722
1024724
1024725
1024728
1024730
1024731
1024732
1024733
1024734
1024735
1024736
1024737
1024738
1024739
1024740
1024741
1024742
1024743
1024744
1024745
1024747
1024748
1024749
1024750
1024751
1024752
1024753
1024754
1024755
1024756
1024757
1024758
1024759
1024760
1024761
1024762
1024763
1024764
1024765
1024766
1024767
1024768
1024769
1024770
1024771
1024772
1024773
1024774
1024775
1024776
1024777
1024778
1024779
1024780
1024781
1024782
1024783
1024784
1024785
1024786
1024787
1024788
1024789
1024790
1024791
1024792
1024793
1024794
1024796
1024797
1024798
1024799
1024800
1024801
1024802
1024803
1024804
1024805
1024806
1024807
1024808
1024809
1024810
1024811
1024812
1024813
1024814
1024815
1024816
1024817
1024818
1024819
1024820
1024821
1024822
1024823
1024824
1024825
1024826
1024827
1024828
1024829
1024830
1024831
1024832
1024833
1024834
1024835
1024836
1024837
1024838
1024839
1024840
1024841
1024842
1024843
1024844
1024845
1024846
1024847
1024848
1024849
1024850
1024851
1024852
1024853
1024854
1024855
1024856
1024857
1024858
1024859
1024860
1024861
1024862
1024863
1024864
1024865
1024866
1024867
1024868
1024871
1024872
1024873
1024874
1024875
1024876
1024877
1024878
1024879
1024881
1024882
1024883
1024884
1024885
1024886
1024887
1024888
1024889
1024890
1024892
1024893
1024894
1024895
1024896
1024897
1024898
1024899
1024900
1024901
1024902
1024904
1024906
1024907
1024908
1024909
1024911
1024913
1024914
1024916
1024917
1024918
1024919
1024920
1024921
1024922
1024923
1024924
1024925
1024926
1024927
1024928
1024929
1024930
1024932
1024933
1024934
1024935
1024936
1024937
1024938
1024939
1024940
1024941
1024942
1024943
1024944
1024945
1024946
1024947
1024948
1024949
1024950
1024951
1024952
1024953
1024954
1024955
1024956
1024957
1024958
1024959
1024960
1024961
1024962
1024963
1024964
1024965
1024966
1024967
1024968
1024969
1024970
1024972
1024973
1024974
1024975
1024976
1024977
1024978
1024979
1024980
1024981
1024983
1024984
1024985
1024986
1024987
1024988
1024990
1024991
1024992
1024993
1024994
1024997
1024998
1024999
1025000
1025001
1025002
1025003
1025004
1025005
1025006
1025007
1025008
1025009
1025010
1025011
1025012
1025013
1025015
1025016
1025017
1025018
1025019
1025020
1025021
1025022
1025023
1025024
1025025
1025026
1025027
1025028
1025029
1025030
1025032
1025033
1025034
1025035
1025036
1025037
1025038
1025039
1025040
1025041
1025042
1025043
1025044
1025045
1025046
1025047
1025048
1025049
1025050
1025051
1025052
1025053
1025054
1025056
1025057
1025058
1025059
1025060
1025061
1025062
1025063
1025064
1025065
1025066
1025067
1025068
1025069
1025070
1025071
1025072
1025073
1025074
1025075
1025076
1025077
1025078
1025079
1025080
1025081
1025082
1025083
1025084
1025085
1025086
1025088
1025089
1025090
1025091
1025092
1025093
1025094
1025095
1025096
1025097
1025098
1025099
1025100
1025102
1025103
1025104
1025105
1025106
1025107
1025108
1025109
1025110
1025111
1025112
1025113
1025114
1025115
1025116
1025117
1025118
1025120
1025121
1025122
1025123
1025124
1025125
1025126
1025127
1025128
1025129
1025130
1025131
1025132
1025134
1025135
1025136
1025137
1025138
1025139
1025140
1025141
1025142
1025143
1025144
1025146
1025147
1025148
1025149
1025150
1025151
1025152
1025153
1025154
1025155
1025156
1025157
1025158
1025159
1025160
1025161
1025162
1025163
1025164
1025165
1025166
1025167
1025168
1025169
1025170
1025171
1025172
1025173
1025174
1025175
1025176
1025177
1025178
1025179
1025180
1025181
1025182
1025184
1025185
1025186
1025187
1025188
1025189
1025190
1025191
1025192
1025193
1025194
1025195
1025196
1025197
1025198
1025199
1025200
1025201
1025202
1025203
1025204
1025206
1025207
1025208
1025209
1025210
1025211
1025212
1025213
1025214
1025215
1025216
1025217
1025218
1025219
1025220
1025221
1025222
1025224
1025225
1025226
1025227
1025229
1025230
1025231
1025232
1025233
1025234
1025235
1025236
1025237
1025238
1025239
1025240
1025242
1025243
1025244
1025245
1025246
1025247
1025248
1025249
1025250
1025251
1025252
1025253
1025254
1025255
1025257
1025258
1025259
1025260
1025261
1025262
1025263
1025265
1025266
1025267
1025268
1025269
1025270
1025271
1025272
1025273
1025274
1025275
1025276
1025277
1025278
1025279
1025280
1025281
1025282
1025284
1025285
1025286
1025287
1025288
1025290
1025291
1025292
1025293
1025294
1025295
1025296
1025297
1025298
1025299
1025300
1025301
1025302
1025303
1025304
1025305
1025306
1025307
1025308
1025309
1025310
1025311
1025312
1025313
1025314
1025315
1025316
1025317
1025318
1025319
1025320
1025321
1025322
1025323
1025324
1025325
1025326
1025327
1025328
1025329
1025330
1025331
1025332
1025333
1025334
1025335
1025336
1025337
1025338
1025339
1025340
1025341
1025342
1025343
1025344
1025345
1025347
1025348
1025349
1025350
1025351
1025352
1025353
1025354
1025355
1025356
1025357
1025358
1025359
1025360
1025361
1025362
1025363
1025364
1025365
1025366
1025367
1025368
1025369
1025370
1025371
1025372
1025373
1025374
1025375
1025376
1025377
1025378
1025380
1025381
1025382
1025383
1025384
1025385
1025386
1025387
1025388
1025389
1025390
1025391
1025392
1025393
1025394
1025395
1025396
1025397
1025398
1025399
1025400
1025401
1025402
1025403
1025404
1025405
1025407
1025408
1025409
1025410
1025411
1025413
1025414
1025415
1025416
1025417
1025418
1025419
1025420
1025421
1025422
1025423
1025424
1025425
1025426
1025427
1025428
1025429
1025430
1025431
1025432
1025433
1025434
1025435
1025436
1025437
1025438
1025439
1025440
1025441
1025442
1025443
1025444
1025445
1025446
1025448
1025449
1025450
1025451
1025452
1025453
1025454
1025455
1025456
1025457
1025458
1025459
1025460
1025461
1025462
1025463
1025464
1025465
1025466
1025467
1025468
1025469
1025470
1025471
1025472
1025473
1025475
1025476
1025477
1025478
1025479
1025480
1025481
1025482
1025483
1025484
1025485
1025486
1025487
1025488
1025489
1025491
1025492
1025493
1025494
1025495
1025496
1025497
1025498
1025499
1025501
1025502
1025503
1025504
1025505
1025506
1025507
1025508
1025509
1025510
1025511
1025512
1025513
1025514
1025515
1025516
1025517
1025518
1025519
1025520
1025521
1025522
1025523
1025525
1025527
1025528
1025529
1025530
1025533
1025534
1025535
1025537
1025538
1025539
1025540
1025541
1025542
1025543
1025544
1025545
1025546
1025547
1025548
1025549
1025550
1025551
1025552
1025553
1025554
1025555
1025556
1025557
1025558
1025559
1025560
1025561
1025562
1025563
1025565
1025566
1025567
1025568
1025569
1025570
1025571
1025572
1025573
1025575
1025576
1025577
1025578
1025579
1025581
1025583
1025584
1025585
1025586
1025587
1025588
1025589
1025590
1025591
1025593
1025594
1025595
1025596
1025597
1025598
1025599
1025600
1025601
1025602
1025603
1025604
1025605
1025607
1025609
1025610
1025611
1025612
1025613
1025614
1025615
1025616
1025618
1025619
1025620
1025621
1025622
1025623
1025624
1025625
1025627
1025628
1025629
1025630
1025631
1025632
1025633
1025634
1025635
1025636
1025637
1025638
1025639
1025640
1025641
1025642
1025643
1025644
1025645
1025647
1025648
1025651
1025654
1025655
1025656
1025657
1025658
1025659
1025660
1025661
1025662
1025663
1025664
1025665
1025666
1025667
1025668
1025669
1025670
1025671
1025673
1025674
1025675
1025677
1025678
1025679
1025680
1025681
1025682
1025683
1025684
1025685
1025686
1025687
1025688
1025689
1025690
1025692
1025693
1025694
1025695
1025696
1025697
1025698
1025699
1025701
1025702
1025703
1025704
1025705
1025706
1025707
1025708
1025709
1025710
1025711
1025712
1025713
1025715
1025716
1025717
1025718
1025719
1025720
1025721
1025722
1025723
1025724
1025725
1025726
1025727
1025728
1025729
1025731
1025732
1025733
1025734
1025735
1025737
1025738
1025739
1025741
1025744
1025746
1025748
1025749
1025752
1025753
1025754
1025755
1025756
1025757
1025758
1025759
1025760
1025761
1025762
1025763
1025764
1025765
1025766
1025767
1025768
1025769
1025770
1025771
1025772
1025773
1025774
1025775
1025776
1025777
1025779
1025781
1025783
1025784
1025785
1025786
1025787
1025788
1025789
1025790
1025791
1025792
1025793
1025795
1025796
1025797
1025798
1025800
1025801
1025803
1025804
1025805
1025806
1025807
1025808
1025809
1025810
1025811
1025812
1025813
1025814
1025815
1025816
1025817
1025818
1025819
1025820
1025821
1025822
1025823
1025824
1025825
1025826
1025827
1025828
1025829
1025830
1025831
1025832
1025833
1025834
1025835
1025837
1025838
1025840
1025841
1025842
1025843
1025844
1025846
1025847
1025848
1025849
1025850
1025851
1025852
1025853
1025854
1025855
1025856
1025857
1025858
1025859
1025860
1025861
1025862
1025863
1025864
1025865
1025866
1025867
1025869
1025871
1025872
1025873
1025874
1025875
1025876
1025880
1025881
1025882
1025883
1025884
1025886
1025888
1025890
1025891
1025892
1025893
1025894
1025896
1025897
1025898
1025899
1025900
1025901
1025902
1025903
1025904
1025905
1025906
1025907
1025908
1025909
1025910
1025911
1025913
1025914
1025915
1025916
1025917
1025918
1025919
1025920
1025921
1025922
1025923
1025924
1025925
1025926
1025927
1025928
1025930
1025931
1025932
1025933
1025934
1025935
1025936
1025938
1025939
1025940
1025941
1025942
1025943
1025944
1025945
1025946
1025947
1025948
1025949
1025951
1025952
1025953
1025954
1025955
1025956
1025957
1025958
1025959
1025960
1025961
1025962
1025963
1025965
1025966
1025967
1025968
1025969
1025970
1025971
1025972
1025974
1025975
1025976
1025977
1025978
1025979
1025980
1025981
1025982
1025983
1025984
1025985
1025986
1025987
1025989
1025990
1025991
1025992
1025994
1025995
1025996
1025997
1025998
1025999
1026000
1026002
1026003
1026004
1026005
1026006
1026008
1026009
1026010
1026011
1026012
1026013
1026014
1026015
1026016
1026019
1026020
1026021
1026022
1026023
1026024
1026025
1026028
1026029
1026030
1026031
1026032
1026033
1026034
1026035
1026036
1026037
1026038
1026039
1026040
1026041
1026042
1026043
1026044
1026045
1026046
1026047
1026048
1026049
1026050
1026052
1026053
1026054
1026055
1026056
1026057
1026058
1026059
1026060
1026061
1026062
1026063
1026064
1026066
1026067
1026068
1026069
1026070
1026071
1026073
1026074
1026075
1026076
1026077
1026078
1026079
1026080
1026081
1026082
1026083
1026084
1026085
1026086
1026087
1026091
1026092
1026093
1026094
1026095
1026096
1026097
1026099
1026100
1026101
1026102
1026103
1026104
1026105
1026106
1026107
1026108
1026109
1026110
1026111
1026112
1026113
1026114
1026115
1026116
1026118
1026119
1026120
1026121
1026122
1026124
1026125
1026126
1026127
1026128
1026129
1026130
1026131
1026132
1026133
1026134
1026135
1026136
1026137
1026138
1026139
1026140
1026141
1026142
1026143
1026144
1026145
1026146
1026147
1026148
1026149
1026150
1026151
1026152
1026153
1026154
1026155
1026156
1026157
1026158
1026159
1026160
1026161
1026162
1026163
1026164
1026165
1026166
1026167
1026168
1026170
1026171
1026172
1026173
1026174
1026175
1026176
1026177
1026178
1026179
1026180
1026181
1026182
1026183
1026184
1026185
1026186
1026188
1026189
1026190
1026191
1026192
1026194
1026195
1026196
1026198
1026199
1026200
1026201
1026202
1026203
1026204
1026205
1026206
1026207
1026208
1026209
1026210
1026211
1026212
1026213
1026214
1026215
1026216
1026217
1026218
1026219
1026220
1026221
1026222
1026223
1026225
1026227
1026228
1026229
1026230
1026231
1026233
1026234
1026235
1026236
1026237
1026238
1026241
1026242
1026243
1026244
1026245
1026246
1026247
1026248
1026249
1026250
1026251
1026252
1026253
1026254
1026255
1026256
1026257
1026258
1026259
1026260
1026261
1026262
1026263
1026265
1026266
1026267
1026268
1026269
1026271
1026272
1026273
1026274
1026275
1026276
1026277
1026278
1026279
1026280
1026281
1026282
1026283
1026284
1026285
1026286
1026287
1026288
1026289
1026290
1026291
1026292
1026293
1026294
1026295
1026296
1026297
1026298
1026299
1026300
1026301
1026302
1026304
1026305
1026306
1026308
1026309
1026310
1026312
1026313
1026314
1026315
1026316
1026317
1026318
1026319
1026320
1026322
1026323
1026324
1026325
1026328
1026329
1026330
1026333
1026334
1026335
1026336
1026337
1026338
1026339
1026340
1026341
1026342
1026343
1026344
1026345
1026346
1026347
1026348
1026349
1026350
1026351
1026352
1026353
1026354
1026355
1026356
1026357
1026358
1026359
1026360
1026361
1026362
1026363
1026364
1026367
1026368
1026369
1026370
1026371
1026372
1026373
1026374
1026375
1026376
1026377
1026378
1026379
1026380
1026381
1026382
1026383
1026384
1026385
1026386
1026387
1026388
1026389
1026390
1026391
1026392
1026393
1026394
1026395
1026396
1026397
1026398
1026399
1026400
1026401
1026402
1026403
1026404
1026405
1026406
1026407
1026408
1026409
1026410
1026411
1026412
1026413
1026414
1026415
1026416
1026417
1026418
1026419
1026420
1026421
1026422
1026424
1026425
1026426
1026427
1026428
1026429
1026430
1026431
1026432
1026433
1026434
1026435
1026436
1026437
1026438
1026439
1026440
1026441
1026442
1026443
1026444
1026445
1026446
1026447
1026448
1026449
1026450
1026451
1026452
1026453
1026454
1026455
1026456
1026457
1026458
1026459
1026460
1026461
1026462
1026463
1026464
1026465
1026466
1026467
1026468
1026469
1026470
1026471
1026472
1026473
1026474
1026475
1026476
1026477
1026478
1026480
1026481
1026482
1026483
1026484
1026485
1026486
1026487
1026488
1026489
1026490
1026491
1026492
1026493
1026494
1026495
1026496
1026497
1026498
1026499
1026500
1026501
1026502
1026503
1026504
1026505
1026506
1026507
1026508
1026509
1026510
1026511
1026512
1026513
1026514
1026515
1026517
1026518
1026519
1026520
1026521
1026522
1026523
1026524
1026525
1026526
1026527
1026528
1026529
1026530
1026531
1026532
1026533
1026535
1026536
1026537
1026538
1026539
1026540
1026541
1026542
1026543
1026544
1026545
1026546
1026547
1026548
1026549
1026550
1026551
1026552
1026553
1026554
1026555
1026556
1026557
1026558
1026559
1026560
1026561
1026563
1026564
1026566
1026567
1026568
1026569
1026570
1026571
1026572
1026573
1026574
1026575
1026576
1026577
1026578
1026579
1026580
1026581
1026582
1026583
1026584
1026585
1026586
1026587
1026589
1026590
1026591
1026592
1026593
1026594
1026595
1026596
1026597
1026598
1026599
1026600
1026601
1026602
1026603
1026604
1026605
1026606
1026607
1026608
1026609
1026610
1026611
1026612
1026613
1026614
1026615
1026617
1026618
1026619
1026620
1026621
1026622
1026623
1026624
1026625
1026626
1026627
1026628
1026629
1026630
1026631
1026632
1026633
1026634
1026635
1026636
1026637
1026638
1026639
1026641
1026642
1026643
1026644
1026645
1026646
1026647
1026648
1026649
1026650
1026651
1026652
1026653
1026654
1026656
1026658
1026659
1026660
1026661
1026662
1026663
1026664
1026665
1026666
1026667
1026668
1026669
1026670
1026671
1026672
1026673
1026674
1026675
1026676
1026677
1026678
1026679
1026680
1026681
1026682
1026683
1026684
1026685
1026686
1026687
1026688
1026689
1026690
1026691
1026692
1026693
1026694
1026695
1026696
1026698
1026699
1026700
1026702
1026703
1026704
1026705
1026707
1026709
1026710
1026711
1026713
1026714
1026715
1026716
1026718
1026719
1026720
1026721
1026722
1026723
1026724
1026725
1026726
1026727
1026728
1026730
1026731
1026732
1026733
1026734
1026735
1026736
1026737
1026738
1026739
1026740
1026742
1026743
1026744
1026745
1026746
1026747
1026748
1026749
1026750
1026751
1026752
1026753
1026754
1026755
1026756
1026757
1026758
1026759
1026760
1026761
1026762
1026763
1026764
1026765
1026766
1026767
1026768
1026769
1026770
1026771
1026772
1026773
1026774
1026775
1026776
1026777
1026778
1026779
1026780
1026781
1026782
1026783
1026784
1026785
1026786
1026789
1026790
1026791
1026792
1026793
1026794
1026795
1026796
1026798
1026799
1026800
1026801
1026802
1026803
1026804
1026805
1026807
1026808
1026809
1026810
1026811
1026812
1026813
1026814
1026815
1026816
1026817
1026818
1026819
1026821
1026822
1026823
1026824
1026825
1026826
1026827
1026828
1026829
1026830
1026831
1026832
1026833
1026834
1026835
1026836
1026837
1026838
1026839
1026840
1026841
1026842
1026843
1026844
1026845
1026846
1026847
1026849
1026850
1026852
1026853
1026854
1026855
1026856
1026857
1026858
1026859
1026860
1026861
1026862
1026863
1026864
1026865
1026866
1026868
1026870
1026871
1026872
1026874
1026876
1026877
1026878
1026879
1026880
1026881
1026883
1026884
1026886
1026887
1026888
1026890
1026891
1026892
1026893
1026894
1026896
1026897
1026898
1026899
1026900
1026901
1026902
1026903
1026904
1026905
1026906
1026907
1026908
1026909
1026910
1026911
1026912
1026913
1026914
1026915
1026916
1026918
1026919
1026920
1026921
1026922
1026923
1026924
1026926
1026928
1026929
1026930
1026932
1026933
1026935
1026937
1026938
1026939
1026940
1026941
1026942
1026943
1026944
1026945
1026946
1026947
1026949
1026950
1026951
1026952
1026953
1026954
1026955
1026956
1026957
1026958
1026959
1026960
1026961
1026962
1026963
1026964
1026965
1026966
1026967
1026969
1026970
1026971
1026972
1026973
1026974
1026975
1026976
1026977
1026978
1026979
1026980
1026981
1026982
1026983
1026984
1026985
1026986
1026987
1026988
1026989
1026990
1026991
1026992
1026993
1026994
1026995
1026996
1026997
1026998
1026999
1027000
1027001
1027002
1027003
1027004
1027005
1027006
1027007
1027008
1027009
1027010
1027011
1027012
1027013
1027014
1027015
1027016
1027017
1027018
1027019
1027020
1027021
1027022
1027023
1027024
1027026
1027027
1027028
1027029
1027030
1027031
1027032
1027033
1027034
1027035
1027036
1027037
1027038
1027039
1027040
1027041
1027042
1027043
1027044
1027045
1027046
1027047
1027048
1027049
1027050
1027051
1027052
1027053
1027054
1027055
1027056
1027057
1027058
1027059
1027060
1027061
1027062
1027063
1027065
1027066
1027067
1027068
1027069
1027070
1027071
1027072
1027073
1027074
1027075
1027076
1027077
1027078
1027079
1027080
1027081
1027082
1027083
1027084
1027086
1027087
1027088
1027089
1027090
1027091
1027092
1027093
1027094
1027095
1027096
1027097
1027098
1027099
1027100
1027101
1027102
1027103
1027104
1027105
1027106
1027107
1027108
1027109
1027110
1027111
1027113
1027114
1027115
1027116
1027117
1027119
1027120
1027121
1027123
1027124
1027125
1027126
1027127
1027128
1027129
1027130
1027131
1027132
1027133
1027134
1027135
1027136
1027137
1027138
1027139
1027140
1027141
1027142
1027143
1027144
1027145
1027146
1027147
1027149
1027150
1027151
1027152
1027154
1027155
1027156
1027157
1027158
1027159
1027160
1027161
1027162
1027163
1027164
1027166
1027167
1027168
1027169
1027170
1027171
1027172
1027173
1027174
1027175
1027176
1027177
1027178
1027179
1027180
1027181
1027182
1027183
1027184
1027185
1027186
1027187
1027188
1027189
1027190
1027191
1027192
1027193
1027194
1027195
1027196
1027197
1027198
1027199
1027200
1027201
1027202
1027203
1027204
1027205
1027206
1027207
1027208
1027209
1027210
1027211
1027212
1027213
1027215
1027216
1027217
1027218
1027219
1027220
1027221
1027222
1027223
1027224
1027225
1027226
1027227
1027228
1027229
1027230
1027231
1027232
1027233
1027234
1027235
1027236
1027237
1027238
1027239
1027240
1027241
1027242
1027243
1027244
1027245
1027246
1027247
1027248
1027249
1027250
1027251
1027252
1027253
1027254
1027255
1027256
1027257
1027258
1027259
1027260
1027261
1027262
1027263
1027264
1027265
1027266
1027267
1027268
1027269
1027270
1027271
1027272
1027273
1027274
1027275
1027276
1027277
1027278
1027279
1027280
1027281
1027282
1027283
1027284
1027286
1027287
1027288
1027289
1027292
1027294
1027295
1027296
1027297
1027298
1027299
1027300
1027301
1027302
1027303
1027304
1027305
1027306
1027307
1027308
1027309
1027310
1027311
1027312
1027314
1027315
1027316
1027317
1027318
1027319
1027320
1027321
1027322
1027323
1027324
1027325
1027326
1027327
1027328
1027329
1027330
1027331
1027332
1027333
1027334
1027335
1027336
1027337
1027338
1027339
1027340
1027341
1027342
1027343
1027344
1027345
1027346
1027347
1027348
1027349
1027350
1027351
1027352
1027353
1027354
1027355
1027356
1027357
1027358
1027359
1027360
1027361
1027362
1027363
1027364
1027365
1027366
1027367
1027368
1027369
1027370
1027371
1027372
1027373
1027374
1027375
1027376
1027377
1027378
1027379
1027380
1027381
1027382
1027383
1027384
1027385
1027386
1027387
1027388
1027389
1027390
1027391
1027392
1027393
1027394
1027395
1027396
1027398
1027399
1027400
1027401
1027402
1027403
1027404
1027405
1027407
1027408
1027410
1027411
1027412
1027413
1027414
1027415
1027417
1027418
1027419
1027420
1027421
1027422
1027423
1027424
1027425
1027426
1027427
1027428
1027429
1027430
1027431
1027432
1027433
1027435
1027436
1027437
1027438
1027439
1027440
1027441
1027442
1027443
1027444
1027445
1027446
1027447
1027448
1027449
1027450
1027451
1027452
1027453
1027454
1027455
1027456
1027457
1027458
1027459
1027460
1027462
1027463
1027464
1027465
1027466
1027467
1027468
1027469
1027470
1027471
1027472
1027473
1027474
1027475
1027476
1027481
1027482
1027483
1027484
1027485
1027486
1027487
1027488
1027489
1027490
1027491
1027492
1027493
1027494
1027496
1027497
1027498
1027499
1027500
1027501
1027502
1027503
1027504
1027505
1027506
1027508
1027509
1027510
1027511
1027512
1027513
1027514
1027515
1027516
1027517
1027518
1027519
1027520
1027521
1027522
1027523
1027524
1027525
1027526
1027527
1027528
1027529
1027530
1027531
1027532
1027533
1027534
1027535
1027536
1027537
1027538
1027539
1027540
1027541
1027542
1027543
1027544
1027545
1027546
1027547
1027548
1027549
1027550
1027551
1027552
1027553
1027554
1027555
1027556
1027557
1027558
1027559
1027560
1027561
1027562
1027563
1027564
1027565
1027566
1027567
1027569
1027570
1027571
1027572
1027574
1027575
1027576
1027577
1027578
1027579
1027580
1027581
1027582
1027583
1027584
1027585
1027586
1027587
1027588
1027591
1027592
1027593
1027594
1027595
1027596
1027597
1027598
1027599
1027600
1027601
1027602
1027603
1027605
1027607
1027608
1027610
1027611
1027612
1027613
1027614
1027615
1027616
1027617
1027618
1027619
1027620
1027621
1027623
1027624
1027625
1027626
1027627
1027628
1027629
1027630
1027631
1027632
1027633
1027634
1027635
1027636
1027637
1027638
1027639
1027640
1027641
1027642
1027643
1027644
1027645
1027646
1027647
1027648
1027649
1027650
1027651
1027652
1027653
1027654
1027655
1027656
1027657
1027658
1027659
1027661
1027662
1027663
1027664
1027665
1027666
1027667
1027668
1027669
1027670
1027671
1027672
1027673
1027674
1027675
1027676
1027677
1027678
1027679
1027680
1027681
1027682
1027683
1027684
1027685
1027686
1027687
1027688
1027689
1027690
1027691
1027692
1027693
1027697
1027698
1027700
1027701
1027704
1027706
1027707
1027708
1027709
1027710
1027711
1027713
1027716
1027717
1027719
1027720
1027721
1027723
1027724
1027725
1027726
1027727
1027728
1027729
1027730
1027731
1027732
1027733
1027734
1027735
1027736
1027737
1027740
1027742
1027743
1027745
1027749
1027751
1027752
1027754
1027755
1027757
1027758
1027759
1027760
1027761
1027762
1027763
1027765
1027766
1027769
1027771
1027773
1027775
1027779
1027781
1027783
1027785
1027786
1027787
1027789
1027790
1027791
1027792
1027794
1027795
1027796
1027797
1027798
1027799
1027800
1027801
1027803
1027804
1027805
1027806
1027807
1027808
1027809
1027810
1027812
1027813
1027814
1027815
1027816
1027818
1027819
1027821
1027822
1027823
1027824
1027825
1027826
1027827
1027828
1027829
1027830
1027831
1027832
1027833
1027834
1027835
1027836
1027837
1027838
1027840
1027841
1027842
1027843
1027844
1027846
1027847
1027848
1027849
1027850
1027851
1027852
1027853
1027854
1027855
1027856
1027857
1027858
1027859
1027860
1027861
1027862
1027863
1027864
1027865
1027866
1027867
1027868
1027869
1027870
1027871
1027872
1027873
1027874
1027875
1027876
1027877
1027879
1027880
1027882
1027883
1027884
1027885
1027886
1027887
1027889
1027890
1027891
1027892
1027893
1027894
1027895
1027896
1027897
1027898
1027899
1027900
1027901
1027902
1027903
1027904
1027905
1027907
1027908
1027909
1027910
1027911
1027912
1027913
1027914
1027915
1027916
1027917
1027918
1027919
1027920
1027921
1027922
1027923
1027924
1027925
1027926
1027927
1027928
1027929
1027930
1027931
1027933
1027934
1027935
1027936
1027937
1027938
1027939
1027941
1027943
1027944
1027945
1027946
1027947
1027948
1027949
1027950
1027951
1027952
1027953
1027954
1027955
1027956
1027957
1027958
1027959
1027960
1027961
1027962
1027963
1027964
1027965
1027966
1027967
1027968
1027969
1027970
1027971
1027972
1027973
1027974
1027975
1027976
1027977
1027978
1027979
1027980
1027981
1027982
1027983
1027984
1027985
1027986
1027987
1027988
1027989
1027990
1027991
1027992
1027993
1027994
1027995
1027997
1027998
1027999
1028000
1028001
1028002
1028003
1028004
1028005
1028006
1028007
1028008
1028009
1028010
1028011
1028012
1028013
1028014
1028015
1028016
1028017
1028018
1028021
1028022
1028023
1028024
1028025
1028026
1028027
1028029
1028030
1028031
1028032
1028033
1028034
1028035
1028036
1028037
1028038
1028040
1028041
1028042
1028043
1028044
1028045
1028046
1028047
1028048
1028049
1028050
1028051
1028052
1028053
1028054
1028055
1028057
1028058
1028059
1028060
1028061
1028062
1028063
1028065
1028066
1028067
1028068
1028069
1028070
1028071
1028072
1028073
1028074
1028075
1028076
1028077
1028078
1028079
1028080
1028081
1028082
1028083
1028084
1028085
1028086
1028087
1028088
1028089
1028091
1028092
1028093
1028094
1028095
1028096
1028097
1028098
1028099
1028100
1028101
1028102
1028103
1028104
1028105
1028106
1028107
1028108
1028109
1028110
1028111
1028112
1028113
1028114
1028115
1028116
1028118
1028119
1028120
1028121
1028123
1028124
1028125
1028127
1028128
1028130
1028131
1028132
1028133
1028134
1028135
1028136
1028138
1028139
1028140
1028141
1028142
1028143
1028144
1028145
1028146
1028147
1028148
1028149
1028150
1028151
1028152
1028153
1028154
1028155
1028156
1028157
1028158
1028159
1028160
1028161
1028162
1028163
1028164
1028165
1028166
1028167
1028168
1028169
1028170
1028171
1028172
1028173
1028174
1028175
1028176
1028177
1028178
1028179
1028180
1028182
1028183
1028184
1028185
1028186
1028187
1028188
1028190
1028191
1028192
1028193
1028194
1028195
1028196
1028197
1028198
1028199
1028200
1028201
1028202
1028203
1028204
1028205
1028206
1028207
1028208
1028209
1028210
1028211
1028212
1028213
1028214
1028215
1028216
1028217
1028218
1028219
1028220
1028221
1028222
1028223
1028224
1028225
1028226
1028227
1028228
1028229
1028230
1028231
1028232
1028233
1028234
1028237
1028238
1028239
1028241
1028242
1028243
1028244
1028245
1028246
1028247
1028248
1028249
1028250
1028251
1028252
1028253
1028254
1028255
1028256
1028257
1028258
1028259
1028260
1028261
1028262
1028263
1028264
1028265
1028266
1028267
1028268
1028269
1028270
1028271
1028272
1028273
1028274
1028275
1028276
1028277
1028278
1028279
1028280
1028282
1028283
1028284
1028285
1028286
1028287
1028288
1028289
1028290
1028291
1028292
1028293
1028294
1028295
1028296
1028297
1028298
1028299
1028300
1028301
1028302
1028303
1028304
1028305
1028306
1028307
1028308
1028309
1028310
1028311
1028312
1028313
1028314
1028316
1028317
1028318
1028319
1028320
1028321
1028322
1028323
1028324
1028325
1028326
1028327
1028328
1028329
1028330
1028332
1028333
1028334
1028335
1028336
1028337
1028338
1028339
1028340
1028341
1028342
1028343
1028344
1028345
1028346
1028347
1028348
1028349
1028350
1028351
1028352
1028353
1028354
1028355
1028356
1028357
1028358
1028359
1028360
1028361
1028362
1028363
1028364
1028365
1028367
1028368
1028369
1028370
1028371
1028372
1028373
1028374
1028375
1028376
1028377
1028378
1028379
1028380
1028381
1028382
1028383
1028384
1028385
1028387
1028388
1028389
1028390
1028391
1028392
1028394
1028395
1028396
1028397
1028398
1028399
1028400
1028401
1028402
1028403
1028404
1028405
1028406
1028407
1028408
1028409
1028410
1028411
1028412
1028413
1028414
1028415
1028416
1028417
1028418
1028419
1028420
1028421
1028422
1028423
1028424
1028425
1028426
1028428
1028429
1028430
1028431
1028432
1028433
1028434
1028435
1028436
1028437
1028438
1028439
1028440
1028441
1028442
1028443
1028444
1028445
1028446
1028447
1028449
1028450
1028451
1028452
1028453
1028454
1028455
1028456
1028458
1028459
1028460
1028461
1028462
1028463
1028464
1028465
1028466
1028467
1028468
1028470
1028471
1028472
1028473
1028474
1028475
1028476
1028477
1028478
1028479
1028480
1028481
1028482
1028483
1028484
1028485
1028486
1028487
1028488
1028489
1028490
1028491
1028492
1028493
1028494
1028496
1028498
1028499
1028500
1028501
1028502
1028503
1028504
1028505
1028506
1028507
1028508
1028509
1028510
1028511
1028512
1028513
1028514
1028515
1028516
1028517
1028518
1028519
1028520
1028521
1028522
1028523
1028524
1028526
1028529
1028530
1028531
1028533
1028534
1028535
1028536
1028537
1028538
1028539
1028540
1028541
1028542
1028543
1028544
1028545
1028546
1028547
1028548
1028549
1028550
1028551
1028552
1028553
1028554
1028555
1028556
1028557
