1028558
1028559
1028560
1028561
1028562
1028563
1028564
1028565
1028566
1028567
1028568
1028569
1028570
1028571
1028572
1028573
1028574
1028575
1028576
1028577
1028578
1028579
1028580
1028582
1028583
1028584
1028585
1028586
1028587
1028588
1028589
1028591
1028595
1028597
1028598
1028599
1028600
1028601
1028602
1028603
1028604
1028605
1028606
1028607
1028608
1028609
1028610
1028611
1028613
1028614
1028616
1028617
1028618
1028619
1028620
1028621
1028622
1028623
1028624
1028625
1028626
1028627
1028628
1028630
1028631
1028633
1028634
1028635
1028636
1028637
1028638
1028639
1028640
1028641
1028642
1028644
1028645
1028647
1028648
1028649
1028650
1028652
1028653
1028654
1028655
1028656
1028657
1028658
1028659
1028660
1028661
1028662
1028663
1028665
1028666
1028667
1028668
1028669
1028670
1028671
1028672
1028673
1028674
1028675
1028676
1028677
1028678
1028679
1028680
1028681
1028682
1028683
1028684
1028685
1028686
1028687
1028688
1028689
1028690
1028691
1028692
1028693
1028694
1028696
1028697
1028699
1028700
1028702
1028703
1028704
1028705
1028706
1028707
1028708
1028709
1028710
1028711
1028712
1028713
1028714
1028715
1028716
1028717
1028718
1028720
1028721
1028722
1028723
1028724
1028725
1028726
1028728
1028730
1028731
1028732
1028733
1028734
1028735
1028736
1028737
1028738
1028739
1028740
1028741
1028742
1028743
1028744
1028746
1028747
1028748
1028749
1028750
1028751
1028752
1028753
1028754
1028755
1028756
1028757
1028758
1028759
1028760
1028762
1028766
1028767
1028769
1028770
1028771
1028772
1028773
1028774
1028775
1028776
1028777
1028778
1028779
1028780
1028781
1028783
1028784
1028785
1028786
1028787
1028788
1028789
1028790
1028791
1028792
1028793
1028794
1028795
1028796
1028797
1028798
1028799
1028800
1028801
1028802
1028803
1028804
1028805
1028806
1028807
1028808
1028809
1028810
1028811
1028812
1028813
1028814
1028815
1028816
1028817
1028818
1028819
1028822
1028823
1028824
1028825
1028826
1028827
1028828
1028829
1028831
1028832
1028833
1028834
1028835
1028836
1028837
1028838
1028839
1028840
1028841
1028842
1028843
1028844
1028845
1028846
1028847
1028848
1028849
1028850
1028851
1028852
1028853
1028854
1028855
1028856
1028857
1028858
1028859
1028860
1028861
1028862
1028863
1028864
1028865
1028866
1028867
1028868
1028869
1028870
1028871
1028872
1028873
1028874
1028875
1028876
1028877
1028878
1028879
1028880
1028881
1028882
1028883
1028884
1028885
1028886
1028887
1028888
1028889
1028890
1028891
1028892
1028893
1028894
1028896
1028899
1028901
1028902
1028903
1028904
1028905
1028906
1028907
1028908
1028909
1028910
1028911
1028912
1028913
1028914
1028915
1028916
1028918
1028919
1028921
1028922
1028923
1028924
1028925
1028926
1028927
1028930
1028931
1028932
1028933
1028934
1028935
1028936
1028937
1028938
1028939
1028940
1028941
1028942
1028944
1028945
1028946
1028947
1028948
1028949
1028952
1028953
1028954
1028955
1028956
1028957
1028958
1028959
1028960
1028962
1028963
1028964
1028965
1028966
1028967
1028968
1028969
1028970
1028971
1028972
1028973
1028974
1028975
1028977
1028978
1028979
1028980
1028981
1028982
1028985
1028987
1028988
1028989
1028990
1028991
1028992
1028993
1028994
1028995
1028996
1028997
1028998
1028999
1029000
1029002
1029003
1029004
1029005
1029006
1029007
1029008
1029010
1029011
1029012
1029013
1029015
1029016
1029017
1029018
1029019
1029020
1029021
1029022
1029023
1029024
1029025
1029026
1029027
1029028
1029029
1029030
1029032
1029033
1029034
1029035
1029036
1029037
1029038
1029039
1029040
1029041
1029042
1029043
1029045
1029046
1029047
1029048
1029049
1029050
1029051
1029052
1029053
1029054
1029055
1029056
1029057
1029058
1029059
1029060
1029061
1029062
1029063
1029064
1029065
1029066
1029067
1029068
1029069
1029070
1029071
1029072
1029073
1029074
1029075
1029076
1029077
1029078
1029079
1029080
1029081
1029083
1029084
1029085
1029086
1029088
1029089
1029090
1029091
1029092
1029093
1029094
1029096
1029097
1029098
1029099
1029100
1029102
1029103
1029104
1029106
1029107
1029108
1029109
1029110
1029111
1029113
1029114
1029115
1029116
1029118
1029119
1029120
1029121
1029123
1029124
1029125
1029127
1029128
1029129
1029130
1029131
1029132
1029134
1029135
1029136
1029137
1029138
1029139
1029140
1029141
1029142
1029143
1029144
1029146
1029147
1029149
1029150
1029151
1029152
1029153
1029154
1029155
1029156
1029157
1029158
1029159
1029160
1029161
1029162
1029163
1029164
1029165
1029166
1029167
1029168
1029169
1029170
1029171
1029172
1029173
1029174
1029175
1029176
1029177
1029178
1029179
1029180
1029181
1029182
1029183
1029184
1029185
1029186
1029187
1029188
1029189
1029190
1029191
1029192
1029193
1029194
1029195
1029197
1029198
1029199
1029200
1029201
1029202
1029203
1029204
1029205
1029207
1029208
1029209
1029210
1029211
1029212
1029213
1029214
1029215
1029216
1029217
1029218
1029219
1029220
1029221
1029222
1029223
1029224
1029226
1029227
1029228
1029229
1029230
1029232
1029233
1029234
1029235
1029236
1029237
1029238
1029240
1029241
1029242
1029243
1029244
1029245
1029246
1029247
1029248
1029249
1029250
1029251
1029252
1029253
1029254
1029255
1029256
1029257
1029258
1029259
1029260
1029261
1029262
1029264
1029265
1029266
1029268
1029269
1029270
1029271
1029272
1029273
1029274
1029275
1029276
1029277
1029278
1029279
1029280
1029281
1029282
1029283
1029284
1029285
1029286
1029287
1029288
1029290
1029291
1029293
1029294
1029295
1029296
1029298
1029300
1029301
1029302
1029303
1029304
1029305
1029306
1029307
1029308
1029309
1029310
1029311
1029312
1029313
1029314
1029315
1029316
1029317
1029318
1029319
1029321
1029322
1029323
1029324
1029325
1029326
1029327
1029328
1029329
1029330
1029332
1029333
1029334
1029335
1029336
1029337
1029338
1029339
1029340
1029341
1029342
1029343
1029345
1029346
1029347
1029348
1029349
1029350
1029351
1029352
1029353
1029354
1029355
1029356
1029357
1029358
1029359
1029360
1029361
1029362
1029363
1029364
1029365
1029366
1029367
1029369
1029370
1029371
1029372
1029373
1029374
1029375
1029376
1029377
1029378
1029380
1029383
1029387
1029389
1029390
1029397
1029398
1029400
1029401
1029402
1029405
1029406
1029408
1029409
1029412
1029413
1029414
1029419
1029420
1029421
1029422
1029423
1029424
1029425
1029426
1029427
1029428
1029429
1029430
1029431
1029432
1029433
1029434
1029435
1029436
1029437
1029438
1029439
1029440
1029441
1029443
1029444
1029445
1029446
1029447
1029448
1029449
1029450
1029451
1029452
1029453
1029454
1029455
1029456
1029457
1029458
1029459
1029460
1029461
1029462
1029463
1029464
1029465
1029466
1029467
1029468
1029469
1029471
1029472
1029473
1029474
1029475
1029476
1029477
1029478
1029479
1029480
1029481
1029482
1029483
1029484
1029485
1029486
1029487
1029488
1029489
1029490
1029492
1029493
1029494
1029495
1029496
1029497
1029500
1029501
1029503
1029504
1029505
1029506
1029507
1029508
1029509
1029510
1029511
1029512
1029513
1029515
1029516
1029517
1029518
1029519
1029520
1029521
1029522
1029523
1029524
1029525
1029526
1029527
1029528
1029529
1029530
1029531
1029532
1029533
1029534
1029535
1029536
1029537
1029538
1029539
1029540
1029541
1029542
1029543
1029544
1029545
1029546
1029547
1029549
1029550
1029551
1029552
1029553
1029554
1029555
1029556
1029557
1029558
1029559
1029560
1029561
1029562
1029563
1029564
1029565
1029566
1029567
1029568
1029569
1029570
1029571
1029572
1029573
1029574
1029575
1029576
1029578
1029579
1029580
1029582
1029583
1029584
1029585
1029586
1029587
1029588
1029589
1029590
1029591
1029592
1029594
1029595
1029596
1029597
1029598
1029599
1029600
1029601
1029602
1029603
1029605
1029606
1029607
1029608
1029609
1029611
1029612
1029613
1029614
1029615
1029616
1029617
1029618
1029619
1029620
1029621
1029622
1029623
1029624
1029625
1029626
1029627
1029628
1029629
1029630
1029631
1029632
1029633
1029634
1029635
1029636
1029637
1029638
1029639
1029640
1029642
1029643
1029644
1029645
1029646
1029648
1029649
1029650
1029651
1029653
1029654
1029655
1029656
1029657
1029658
1029659
1029660
1029661
1029662
1029663
1029664
1029665
1029666
1029667
1029668
1029669
1029670
1029671
1029672
1029673
1029674
1029675
1029676
1029677
1029678
1029679
1029680
1029681
1029682
1029683
1029684
1029685
1029686
1029688
1029689
1029690
1029691
1029692
1029694
1029695
1029696
1029697
1029699
1029700
1029701
1029702
1029703
1029704
1029705
1029706
1029707
1029708
1029709
1029710
1029711
1029712
1029713
1029715
1029716
1029717
1029718
1029719
1029720
1029721
1029722
1029723
1029724
1029725
1029726
1029727
1029728
1029729
1029730
1029731
1029732
1029733
1029734
1029735
1029736
1029737
1029738
1029739
1029740
1029741
1029742
1029743
1029744
1029745
1029746
1029748
1029750
1029751
1029752
1029753
1029755
1029756
1029757
1029758
1029759
1029760
1029765
1029767
1029769
1029770
1029771
1029772
1029773
1029774
1029775
1029776
1029777
1029778
1029779
1029780
1029781
1029782
1029783
1029784
1029785
1029786
1029787
1029788
1029789
1029790
1029791
1029792
1029793
1029794
1029797
1029798
1029799
1029800
1029801
1029802
1029804
1029805
1029806
1029807
1029808
1029809
1029810
1029811
1029812
1029813
1029814
1029815
1029816
1029817
1029818
1029819
1029820
1029821
1029822
1029823
1029824
1029825
1029826
1029827
1029828
1029829
1029833
1029835
1029836
1029837
1029838
1029839
1029840
1029841
1029842
1029843
1029844
1029845
1029847
1029848
1029849
1029850
1029851
1029852
1029853
1029854
1029855
1029856
1029857
1029859
1029860
1029861
1029862
1029863
1029865
1029866
1029867
1029868
1029869
1029870
1029871
1029872
1029873
1029874
1029875
1029877
1029878
1029879
1029880
1029881
1029882
1029883
1029884
1029885
1029887
1029888
1029889
1029890
1029891
1029892
1029893
1029894
1029896
1029897
1029898
1029899
1029900
1029901
1029902
1029904
1029905
1029906
1029907
1029908
1029909
1029910
1029911
1029913
1029914
1029916
1029917
1029918
1029919
1029920
1029921
1029922
1029924
1029925
1029926
1029927
1029928
1029929
1029930
1029931
1029932
1029933
1029934
1029935
1029936
1029937
1029938
1029939
1029940
1029941
1029942
1029943
1029944
1029945
1029946
1029947
1029948
1029949
1029950
1029951
1029952
1029953
1029954
1029955
1029956
1029958
1029959
1029960
1029961
1029962
1029963
1029964
1029965
1029966
1029967
1029968
1029970
1029972
1029973
1029974
1029975
1029976
1029977
1029978
1029979
1029980
1029981
1029982
1029983
1029984
1029985
1029986
1029987
1029988
1029989
1029990
1029991
1029993
1029994
1029995
1029996
1029997
1029998
1029999
1030000
1030001
1030004
1030006
1030009
1030010
1030011
1030014
1030015
1030016
1030017
1030018
1030019
1030020
1030022
1030023
1030024
1030025
1030026
1030027
1030028
1030029
1030030
1030031
1030032
1030033
1030034
1030035
1030036
1030037
1030038
1030039
1030040
1030041
1030043
1030044
1030045
1030046
1030047
1030048
1030049
1030050
1030051
1030052
1030053
1030054
1030055
1030056
1030057
1030058
1030059
1030060
1030061
1030062
1030063
1030064
1030065
1030070
1030071
1030073
1030074
1030075
1030076
1030078
1030079
1030080
1030082
1030083
1030084
1030085
1030086
1030087
1030089
1030090
1030091
1030092
1030093
1030094
1030095
1030096
1030097
1030099
1030100
1030101
1030102
1030103
1030104
1030105
1030106
1030107
1030108
1030109
1030110
1030111
1030112
1030113
1030114
1030115
1030116
1030117
1030118
1030119
1030120
1030121
1030122
1030123
1030124
1030125
1030126
1030127
1030128
1030129
1030130
1030131
1030132
1030133
1030134
1030136
1030137
1030138
1030139
1030140
1030141
1030142
1030143
1030144
1030145
1030146
1030147
1030148
1030149
1030150
1030151
1030152
1030153
1030154
1030156
1030157
1030158
1030159
1030160
1030161
1030162
1030163
1030164
1030165
1030166
1030167
1030168
1030169
1030170
1030171
1030172
1030173
1030174
1030175
1030176
1030177
1030178
1030180
1030181
1030182
1030183
1030184
1030185
1030186
1030187
1030188
1030189
1030192
1030193
1030194
1030196
1030197
1030198
1030199
1030200
1030201
1030202
1030203
1030204
1030205
1030206
1030207
1030208
1030209
1030210
1030212
1030213
1030214
1030215
1030216
1030217
1030218
1030219
1030220
1030221
1030223
1030224
1030225
1030226
1030227
1030228
1030230
1030231
1030233
1030235
1030236
1030237
1030238
1030239
1030240
1030241
1030242
1030243
1030244
1030245
1030246
1030247
1030248
1030249
1030250
1030251
1030252
1030253
1030254
1030255
1030256
1030257
1030258
1030259
1030260
1030261
1030262
1030263
1030264
1030265
1030266
1030267
1030268
1030269
1030270
1030271
1030272
1030273
1030274
1030276
1030277
1030278
1030279
1030281
1030282
1030283
1030284
1030285
1030286
1030287
1030288
1030289
1030290
1030291
1030292
1030293
1030294
1030295
1030296
1030297
1030298
1030299
1030300
1030301
1030302
1030303
1030304
1030305
1030306
1030307
1030308
1030309
1030310
1030311
1030313
1030314
1030315
1030316
1030317
1030318
1030319
1030320
1030321
1030322
1030323
1030324
1030325
1030326
1030327
1030328
1030329
1030330
1030331
1030332
1030333
1030334
1030335
1030336
1030337
1030338
1030339
1030341
1030342
1030343
1030344
1030345
1030346
1030347
1030348
1030349
1030350
1030351
1030352
1030353
1030354
1030355
1030356
1030357
1030358
1030359
1030360
1030361
1030362
1030363
1030364
1030365
1030366
1030367
1030368
1030369
1030370
1030371
1030372
1030373
1030374
1030375
1030376
1030377
1030379
1030380
1030381
1030382
1030383
1030384
1030385
1030386
1030387
1030388
1030389
1030390
1030391
1030392
1030393
1030394
1030395
1030396
1030397
1030398
1030399
1030400
1030401
1030402
1030403
1030404
1030405
1030406
1030407
1030409
1030410
1030411
1030412
1030413
1030414
1030415
1030416
1030417
1030419
1030420
1030422
1030423
1030424
1030426
1030428
1030429
1030430
1030431
1030432
1030433
1030434
1030435
1030436
1030437
1030438
1030439
1030440
1030441
1030442
1030443
1030444
1030445
1030446
1030447
1030448
1030449
1030450
1030451
1030452
1030453
1030454
1030455
1030456
1030457
1030458
1030459
1030460
1030461
1030462
1030463
1030464
1030465
1030466
1030467
1030468
1030469
1030471
1030472
1030473
1030474
1030475
1030476
1030477
1030478
1030480
1030481
1030482
1030483
1030485
1030486
1030487
1030488
1030490
1030491
1030492
1030493
1030495
1030500
1030502
1030503
1030504
1030505
1030506
1030507
1030508
1030509
1030510
1030511
1030512
1030513
1030514
1030515
1030516
1030517
1030518
1030519
1030520
1030521
1030522
1030524
1030525
1030526
1030527
1030528
1030529
1030530
1030531
1030532
1030533
1030534
1030535
1030536
1030537
1030538
1030539
1030540
1030541
1030542
1030543
1030544
1030545
1030546
1030547
1030548
1030549
1030550
1030551
1030552
1030553
1030554
1030555
1030556
1030557
1030558
1030559
1030560
1030561
1030562
1030563
1030564
1030565
1030566
1030567
1030568
1030569
1030570
1030571
1030572
1030573
1030574
1030575
1030576
1030577
1030578
1030579
1030580
1030582
1030583
1030585
1030586
1030587
1030588
1030589
1030591
1030592
1030593
1030594
1030595
1030596
1030597
1030598
1030599
1030600
1030601
1030603
1030604
1030605
1030606
1030607
1030608
1030609
1030610
1030611
1030612
1030613
1030614
1030615
1030616
1030618
1030619
1030620
1030621
1030622
1030623
1030625
1030626
1030627
1030628
1030629
1030630
1030631
1030632
1030633
1030634
1030635
1030636
1030637
1030638
1030639
1030640
1030641
1030642
1030643
1030645
1030646
1030647
1030648
1030649
1030650
1030651
1030652
1030653
1030654
1030655
1030656
1030657
1030658
1030659
1030660
1030661
1030662
1030663
1030664
1030665
1030666
1030667
1030668
1030670
1030671
1030672
1030673
1030674
1030675
1030677
1030678
1030679
1030681
1030682
1030683
1030684
1030685
1030686
1030688
1030689
1030691
1030692
1030693
1030694
1030696
1030697
1030698
1030699
1030700
1030702
1030704
1030706
1030707
1030708
1030709
1030710
1030711
1030712
1030715
1030716
1030717
1030718
1030719
1030720
1030721
1030723
1030724
1030725
1030727
1030728
1030729
1030730
1030734
1030735
1030736
1030737
1030739
1030741
1030742
1030743
1030744
1030745
1030747
1030748
1030749
1030751
1030752
1030753
1030754
1030755
1030756
1030758
1030759
1030761
1030762
1030765
1030766
1030767
1030768
1030769
1030770
1030771
1030772
1030773
1030774
1030775
1030776
1030777
1030778
1030779
1030780
1030781
1030782
1030783
1030784
1030785
1030786
1030787
1030788
1030789
1030790
1030791
1030792
1030793
1030794
1030795
1030796
1030797
1030799
1030800
1030801
1030802
1030803
1030804
1030805
1030806
1030807
1030809
1030811
1030812
1030813
1030814
1030815
1030816
1030817
1030818
1030819
1030820
1030821
1030822
1030823
1030824
1030825
1030826
1030827
1030828
1030829
1030830
1030831
1030832
1030833
1030834
1030835
1030836
1030837
1030838
1030839
1030840
1030841
1030842
1030843
1030845
1030846
1030847
1030848
1030849
1030850
1030851
1030852
1030853
1030854
1030855
1030856
1030857
1030859
1030860
1030861
1030862
1030863
1030864
1030865
1030866
1030867
1030868
1030869
1030870
1030871
1030873
1030874
1030875
1030876
1030878
1030880
1030881
1030882
1030883
1030884
1030885
1030886
1030887
1030888
1030889
1030890
1030891
1030892
1030893
1030894
1030895
1030896
1030898
1030900
1030901
1030902
1030903
1030904
1030905
1030906
1030907
1030908
1030909
1030910
1030911
1030912
1030913
1030914
1030916
1030917
1030918
1030919
1030920
1030921
1030922
1030923
1030924
1030925
1030926
1030929
1030930
1030932
1030933
1030934
1030935
1030936
1030937
1030940
1030941
1030942
1030943
1030944
1030945
1030946
1030947
1030948
1030949
1030950
1030951
1030952
1030953
1030954
1030955
1030956
1030957
1030958
1030959
1030960
1030962
1030963
1030964
1030965
1030966
1030967
1030968
1030969
1030970
1030971
1030972
1030973
1030974
1030975
1030976
1030977
1030978
1030979
1030980
1030981
1030982
1030983
1030984
1030985
1030986
1030987
1030988
1030989
1030990
1030991
1030992
1030993
1030994
1030995
1030996
1030997
1030999
1031000
1031001
1031002
1031003
1031004
1031005
1031006
1031007
1031008
1031009
1031010
1031011
1031012
1031013
1031014
1031015
1031016
1031017
1031018
1031019
1031020
1031021
1031022
1031023
1031024
1031025
1031026
1031027
1031028
1031029
1031030
1031031
1031032
1031033
1031034
1031035
1031036
1031037
1031038
1031039
1031040
1031041
1031042
1031043
1031044
1031045
1031046
1031047
1031048
1031049
1031050
1031051
1031052
1031053
1031054
1031055
1031056
1031057
1031058
1031059
1031060
1031061
1031062
1031063
1031064
1031065
1031066
1031067
1031068
1031069
1031070
1031071
1031072
1031073
1031074
1031075
1031076
1031077
1031078
1031079
1031080
1031081
1031082
1031083
1031084
1031085
1031086
1031087
1031088
1031089
1031091
1031092
1031093
1031094
1031095
1031096
1031097
1031098
1031099
1031100
1031101
1031102
1031103
1031104
1031105
1031106
1031108
1031110
1031111
1031112
1031114
1031115
1031116
1031117
1031118
1031119
1031120
1031121
1031122
1031123
1031124
1031125
1031126
1031127
1031128
1031129
1031130
1031131
1031132
1031133
1031134
1031135
1031136
1031137
1031138
1031139
1031140
1031141
1031142
1031143
1031144
1031145
1031146
1031147
1031148
1031149
1031151
1031152
1031153
1031155
1031156
1031157
1031158
1031159
1031160
1031161
1031162
1031163
1031164
1031165
1031166
1031167
1031168
1031169
1031170
1031171
1031172
1031173
1031174
1031177
1031178
1031179
1031180
1031181
1031182
1031184
1031185
1031186
1031187
1031188
1031189
1031191
1031192
1031194
1031195
1031196
1031197
1031198
1031199
1031200
1031201
1031202
1031203
1031204
1031205
1031206
1031207
1031208
1031209
1031211
1031213
1031214
1031215
1031216
1031217
1031218
1031219
1031220
1031222
1031223
1031224
1031225
1031226
1031227
1031228
1031229
1031230
1031231
1031232
1031233
1031234
1031235
1031236
1031237
1031238
1031239
1031240
1031241
1031242
1031243
1031244
1031245
1031246
1031247
1031248
1031249
1031250
1031251
1031252
1031253
1031254
1031255
1031257
1031258
1031259
1031260
1031261
1031262
1031263
1031264
1031265
1031266
1031267
1031268
1031269
1031270
1031271
1031272
1031273
1031274
1031275
1031277
1031278
1031279
1031280
1031281
1031282
1031283
1031284
1031285
1031286
1031287
1031288
1031289
1031290
1031291
1031292
1031294
1031298
1031300
1031301
1031302
1031303
1031304
1031305
1031306
1031307
1031308
1031309
1031310
1031311
1031312
1031313
1031314
1031315
1031316
1031317
1031318
1031319
1031320
1031321
1031322
1031323
1031324
1031325
1031327
1031328
1031329
1031330
1031332
1031333
1031334
1031335
1031336
1031337
1031338
1031339
1031341
1031342
1031343
1031345
1031346
1031347
1031348
1031349
1031350
1031351
1031352
1031353
1031354
1031355
1031356
1031357
1031358
1031359
1031360
1031361
1031362
1031363
1031364
1031365
1031366
1031368
1031369
1031370
1031371
1031372
1031373
1031374
1031375
1031376
1031377
1031378
1031379
1031381
1031382
1031383
1031384
1031385
1031386
1031387
1031388
1031390
1031391
1031393
1031394
1031395
1031396
1031397
1031398
1031399
1031400
1031401
1031402
1031403
1031404
1031405
1031406
1031407
1031408
1031409
1031410
1031411
1031412
1031413
1031414
1031415
1031416
1031417
1031418
1031419
1031421
1031422
1031425
1031426
1031427
1031428
1031429
1031430
1031431
1031432
1031433
1031434
1031435
1031436
1031437
1031438
1031439
1031440
1031441
1031442
1031443
1031444
1031445
1031446
1031447
1031448
1031449
1031451
1031453
1031454
1031455
1031456
1031457
1031458
1031459
1031460
1031461
1031462
1031463
1031464
1031465
1031466
1031467
1031468
1031469
1031470
1031471
1031472
1031473
1031474
1031475
1031476
1031478
1031479
1031480
1031481
1031482
1031483
1031484
1031485
1031486
1031487
1031488
1031489
1031490
1031491
1031492
1031495
1031496
1031497
1031499
1031500
1031501
1031502
1031503
1031504
1031506
1031507
1031508
1031509
1031510
1031511
1031513
1031515
1031516
1031517
1031518
1031519
1031520
1031521
1031522
1031523
1031524
1031525
1031526
1031527
1031528
1031530
1031531
1031532
1031533
1031534
1031535
1031536
1031537
1031538
1031539
1031540
1031541
1031542
1031543
1031544
1031545
1031546
1031547
1031548
1031549
1031551
1031552
1031553
1031554
1031555
1031556
1031557
1031558
1031559
1031560
1031561
1031562
1031563
1031564
1031565
1031566
1031567
1031568
1031569
1031570
1031571
1031572
1031573
1031574
1031575
1031576
1031577
1031578
1031579
1031580
1031581
1031582
1031583
1031584
1031585
1031586
1031587
1031588
1031589
1031590
1031591
1031592
1031594
1031595
1031596
1031597
1031598
1031599
1031600
1031601
1031602
1031603
1031604
1031605
1031606
1031607
1031608
1031609
1031610
1031611
1031612
1031613
1031614
1031615
1031616
1031617
1031618
1031619
1031620
1031621
1031622
1031623
1031624
1031625
1031626
1031627
1031628
1031629
1031630
1031631
1031633
1031634
1031635
1031636
1031637
1031638
1031639
1031640
1031641
1031642
1031643
1031644
1031645
1031646
1031647
1031648
1031649
1031650
1031651
1031652
1031653
1031654
1031655
1031656
1031658
1031659
1031660
1031661
1031664
1031665
1031666
1031667
1031668
1031669
1031670
1031671
1031672
1031673
1031674
1031675
1031676
1031677
1031678
1031679
1031680
1031681
1031682
1031683
1031684
1031685
1031686
1031687
1031688
1031690
1031691
1031692
1031693
1031694
1031695
1031696
1031697
1031698
1031699
1031700
1031701
1031702
1031703
1031704
1031705
1031706
1031707
1031708
1031709
1031710
1031711
1031712
1031713
1031714
1031715
1031716
1031717
1031718
1031719
1031720
1031721
1031722
1031724
1031725
1031726
1031727
1031728
1031729
1031730
1031731
1031732
1031733
1031734
1031735
1031736
1031738
1031739
1031740
1031741
1031742
1031743
1031744
1031745
1031746
1031747
1031748
1031749
1031750
1031751
1031752
1031754
1031755
1031756
1031757
1031758
1031759
1031760
1031761
1031762
1031763
1031764
1031765
1031766
1031767
1031768
1031769
1031770
1031771
1031772
1031773
1031774
1031775
1031776
1031777
1031778
1031779
1031780
1031781
1031782
1031783
1031784
1031785
1031786
1031787
1031789
1031790
1031792
1031793
1031794
1031795
1031796
1031797
1031798
1031799
1031800
1031801
1031803
1031804
1031805
1031806
1031807
1031808
1031809
1031810
1031811
1031812
1031813
1031814
1031815
1031816
1031817
1031818
1031819
1031820
1031821
1031822
1031823
1031824
1031825
1031827
1031828
1031829
1031830
1031831
1031832
1031833
1031834
1031835
1031837
1031838
1031839
1031840
1031841
1031842
1031843
1031844
1031845
1031846
1031847
1031848
1031849
1031850
1031851
1031852
1031853
1031854
1031855
1031856
1031857
1031858
1031859
1031860
1031861
1031862
1031863
1031864
1031865
1031866
1031867
1031868
1031869
1031870
1031871
1031873
1031874
1031875
1031876
1031877
1031878
1031879
1031880
1031881
1031882
1031883
1031884
1031885
1031886
1031887
1031889
1031890
1031891
1031893
1031894
1031895
1031896
1031897
1031898
1031899
1031900
1031901
1031902
1031903
1031904
1031905
1031906
1031907
1031908
1031909
1031910
1031911
1031912
1031913
1031914
1031915
1031916
1031917
1031918
1031919
1031920
1031921
1031922
1031924
1031925
1031926
1031927
1031928
1031929
1031930
1031932
1031933
1031934
1031935
1031936
1031937
1031938
1031939
1031940
1031941
1031942
1031943
1031944
1031945
1031946
1031947
1031948
1031949
1031950
1031951
1031952
1031953
1031954
1031955
1031956
1031957
1031958
1031959
1031960
1031961
1031962
1031963
1031964
1031965
1031966
1031967
1031968
1031969
1031970
1031971
1031972
1031973
1031974
1031975
1031976
1031978
1031979
1031980
1031981
1031982
1031983
1031985
1031986
1031987
1031988
1031989
1031990
1031991
1031992
1031993
1031994
1031995
1031996
1031997
1031998
1032000
1032002
1032003
1032004
1032005
1032006
1032007
1032008
1032009
1032010
1032011
1032012
1032013
1032014
1032015
1032016
1032017
1032018
1032019
1032020
1032021
1032022
1032023
1032024
1032025
1032026
1032027
1032028
1032029
1032030
1032031
1032032
1032033
1032034
1032035
1032037
1032038
1032039
1032040
1032041
1032042
1032043
1032044
1032045
1032046
1032047
1032048
1032049
1032051
1032052
1032053
1032054
1032055
1032056
1032057
1032059
1032060
1032061
1032062
1032063
1032064
1032065
1032066
1032067
1032068
1032069
1032071
1032072
1032073
1032074
1032075
1032076
1032077
1032078
1032079
1032080
1032081
1032083
1032084
1032086
1032087
1032088
1032089
1032090
1032091
1032092
1032093
1032094
1032095
1032096
1032097
1032098
1032099
1032100
1032101
1032102
1032103
1032107
1032108
1032109
1032110
1032111
1032112
1032113
1032114
1032115
1032116
1032117
1032119
1032120
1032121
1032122
1032123
1032124
1032125
1032126
1032127
1032128
1032129
1032130
1032131
1032132
1032133
1032134
1032135
1032136
1032137
1032138
1032139
1032140
1032141
1032142
1032143
1032144
1032147
1032148
1032149
1032150
1032151
1032152
1032153
1032154
1032155
1032156
1032157
1032158
1032159
1032160
1032161
1032163
1032164
1032166
1032167
1032169
1032170
1032171
1032172
1032173
1032174
1032175
1032176
1032177
1032178
1032179
1032180
1032181
1032182
1032183
1032184
1032186
1032187
1032188
1032189
1032190
1032192
1032193
1032194
1032195
1032196
1032197
1032198
1032200
1032201
1032203
1032204
1032206
1032207
1032209
1032210
1032211
1032212
1032213
1032214
1032215
1032216
1032217
1032218
1032221
1032222
1032223
1032224
1032225
1032226
1032227
1032228
1032229
1032230
1032231
1032232
1032233
1032234
1032235
1032236
1032237
1032238
1032239
1032240
1032241
1032242
1032243
1032244
1032246
1032247
1032248
1032249
1032250
1032251
1032252
1032253
1032254
1032255
1032256
1032257
1032258
1032259
1032260
1032261
1032262
1032263
1032265
1032266
1032267
1032268
1032269
1032270
1032271
1032272
1032273
1032274
1032275
1032276
1032277
1032278
1032279
1032280
1032281
1032282
1032283
1032284
1032285
1032286
1032287
1032288
1032291
1032292
1032293
1032294
1032295
1032297
1032298
1032299
1032301
1032302
1032303
1032304
1032305
1032306
1032307
1032308
1032309
1032310
1032311
1032313
1032314
1032315
1032316
1032317
1032318
1032320
1032321
1032322
1032323
1032325
1032326
1032327
1032328
1032329
1032330
1032331
1032332
1032333
1032334
1032335
1032336
1032337
1032338
1032339
1032340
1032341
1032342
1032343
1032344
1032345
1032346
1032348
1032349
1032350
1032351
1032352
1032353
1032354
1032355
1032356
1032357
1032359
1032360
1032361
1032362
1032363
1032364
1032365
1032366
1032367
1032368
1032369
1032370
1032371
1032372
1032373
1032374
1032375
1032376
1032377
1032378
1032379
1032380
1032381
1032382
1032383
1032384
1032385
1032386
1032387
1032388
1032389
1032390
1032391
1032392
1032393
1032395
1032396
1032397
1032398
1032399
1032400
1032401
1032402
1032403
1032404
1032405
1032406
1032407
1032408
1032409
1032410
1032411
1032412
1032413
1032414
1032415
1032416
1032417
1032419
1032420
1032421
1032422
1032423
1032424
1032425
1032426
1032427
1032428
1032429
1032430
1032431
1032432
1032433
1032434
1032435
1032436
1032437
1032438
1032439
1032440
1032441
1032442
1032443
1032444
1032445
1032446
1032447
1032448
1032449
1032450
1032451
1032452
1032453
1032454
1032455
1032456
1032457
1032458
1032459
1032460
1032461
1032462
1032463
1032464
1032465
1032466
1032467
1032468
1032469
1032470
1032471
1032472
1032473
1032474
1032475
1032476
1032477
1032478
1032479
1032480
1032482
1032483
1032484
1032485
1032486
1032487
1032488
1032489
1032490
1032491
1032492
1032493
1032496
1032498
1032499
1032500
1032502
1032503
1032504
1032505
1032506
1032507
1032508
1032509
1032510
1032511
1032512
1032513
1032514
1032515
1032516
1032517
1032518
1032519
1032520
1032524
1032525
1032526
1032527
1032528
1032529
1032530
1032531
1032532
1032533
1032534
1032535
1032537
1032538
1032539
1032540
1032541
1032542
1032543
1032544
1032545
1032546
1032547
1032548
1032549
1032550
1032551
1032552
1032553
1032554
1032556
1032557
1032558
1032559
1032560
1032561
1032562
1032563
1032564
1032565
1032566
1032567
1032569
1032570
1032571
1032572
1032573
1032574
1032575
1032576
1032577
1032578
1032579
1032580
1032581
1032582
1032583
1032584
1032585
1032586
1032587
1032588
1032589
1032590
1032591
1032592
1032593
1032594
1032595
1032596
1032597
1032599
1032600
1032601
1032602
1032603
1032604
1032606
1032607
1032609
1032610
1032611
1032612
1032613
1032614
1032615
1032616
1032617
1032619
1032620
1032621
1032622
1032623
1032624
1032625
1032626
1032627
1032628
1032629
1032630
1032631
1032632
1032633
1032634
1032635
1032636
1032637
1032638
1032639
1032640
1032641
1032642
1032644
1032645
1032646
1032647
1032648
1032649
1032650
1032651
1032652
1032655
1032656
1032657
1032659
1032660
1032662
1032663
1032664
1032665
1032666
1032667
1032668
1032669
1032670
1032671
1032672
1032673
1032674
1032675
1032676
1032677
1032678
1032679
1032680
1032681
1032682
1032683
1032684
1032685
1032686
1032687
1032688
1032690
1032691
1032692
1032693
1032694
1032695
1032696
1032697
1032699
1032701
1032702
1032703
1032704
1032705
1032706
1032707
1032708
1032709
1032710
1032711
1032712
1032713
1032714
1032716
1032717
1032718
1032719
1032720
1032721
1032722
1032723
1032724
1032725
1032726
1032727
1032728
1032729
1032730
1032731
1032732
1032733
1032734
1032735
1032736
1032737
1032738
1032739
1032740
1032741
1032742
1032743
1032744
1032745
1032746
1032747
1032748
1032749
1032750
1032751
1032752
1032753
1032754
1032755
1032756
1032757
1032758
1032759
1032760
1032761
1032762
1032763
1032764
1032765
1032766
1032767
1032768
1032769
1032770
1032772
1032773
1032774
1032775
1032776
1032777
1032778
1032779
1032780
1032782
1032783
1032784
1032785
1032786
1032789
1032791
1032792
1032793
1032794
1032795
1032796
1032797
1032798
1032800
1032802
1032803
1032804
1032805
1032806
1032807
1032808
1032809
1032811
1032812
1032813
1032814
1032815
1032816
1032818
1032819
1032820
1032821
1032823
1032824
1032825
1032826
1032827
1032828
1032829
1032830
1032831
1032833
1032834
1032835
1032836
1032837
1032838
1032839
1032841
1032842
1032843
1032844
1032845
1032846
1032847
1032848
1032849
1032850
1032851
1032852
1032853
1032854
1032855
1032856
1032857
1032858
1032859
1032860
1032861
1032862
1032863
1032864
1032865
1032866
1032867
1032868
1032869
1032870
1032871
1032872
1032874
1032875
1032876
1032877
1032878
1032879
1032881
1032882
1032883
1032884
1032885
1032886
1032887
1032888
1032889
1032890
1032891
1032892
1032893
1032894
1032895
1032896
1032897
1032898
1032900
1032902
1032903
1032904
1032905
1032906
1032907
1032908
1032910
1032911
1032912
1032913
1032914
1032915
1032916
1032917
1032918
1032919
1032920
1032921
1032922
1032923
1032924
1032925
1032926
1032927
1032928
1032929
1032930
1032931
1032932
1032933
1032934
1032935
1032936
1032937
1032938
1032939
1032940
1032941
1032942
1032943
1032944
1032945
1032946
1032947
1032948
1032949
1032950
1032951
1032952
1032953
1032954
1032955
1032956
1032957
1032958
1032959
1032960
1032962
1032963
1032964
1032965
1032966
1032967
1032968
1032969
1032970
1032972
1032973
1032974
1032975
1032976
1032977
1032978
1032980
1032981
1032982
1032983
1032984
1032985
1032986
1032987
1032988
1032991
1032992
1032993
1032994
1032995
1032996
1032997
1032998
1032999
1033001
1033002
1033004
1033005
1033006
1033007
1033008
1033009
1033015
1033018
1033019
1033020
1033021
1033022
1033023
1033024
1033025
1033026
1033027
1033028
1033029
1033030
1033031
1033033
1033034
1033035
1033036
1033037
1033038
1033039
1033040
1033041
1033042
1033043
1033044
1033045
1033046
1033047
1033048
1033049
1033050
1033051
1033052
1033053
1033054
1033055
1033056
1033057
1033058
1033059
1033060
1033061
1033062
1033063
1033064
1033065
1033066
1033067
1033068
1033069
1033070
1033071
1033072
1033073
1033074
1033075
1033076
1033077
1033078
1033079
1033080
1033082
1033083
1033084
1033085
1033086
1033087
1033088
1033089
1033090
1033091
1033092
1033093
1033094
1033096
1033097
1033098
1033099
1033100
1033101
1033102
1033103
1033104
1033105
1033107
1033108
1033109
1033110
1033111
1033112
1033113
1033114
1033115
1033116
1033117
1033118
1033119
1033120
1033121
1033122
1033123
1033124
1033125
1033126
1033127
1033128
1033129
1033130
1033131
1033132
1033133
1033134
1033135
1033136
1033137
1033138
1033139
1033140
1033141
1033142
1033143
1033144
1033145
1033146
1033147
1033148
1033149
1033150
1033151
1033152
1033153
1033154
1033155
1033156
1033157
1033158
1033159
1033160
1033161
1033162
1033163
1033164
1033165
1033166
1033167
1033168
1033169
1033170
1033171
1033172
1033173
1033174
1033175
1033176
1033177
1033178
1033179
1033180
1033181
1033182
1033183
1033184
1033185
1033186
1033188
1033189
1033190
1033191
1033192
1033195
1033197
1033198
1033199
1033202
1033203
1033204
1033205
1033206
1033208
1033209
1033211
1033212
1033213
1033214
1033215
1033216
1033217
1033219
1033220
1033221
1033222
1033223
1033224
1033225
1033226
1033227
1033228
1033229
1033230
1033232
1033233
1033234
1033236
1033237
1033238
1033239
1033240
1033241
1033242
1033243
1033244
1033245
1033246
1033247
1033248
1033249
1033250
1033251
1033253
1033254
1033255
1033257
1033258
1033259
1033260
1033261
1033262
1033263
1033265
1033268
1033271
1033275
1033277
1033279
1033280
1033281
1033282
1033283
1033284
1033285
1033286
1033287
1033288
1033289
1033290
1033291
1033292
1033293
1033294
1033295
1033296
1033297
1033298
1033299
1033300
1033301
1033302
1033303
1033304
1033305
1033306
1033307
1033308
1033309
1033310
1033311
1033312
1033313
1033314
1033315
1033317
1033318
1033319
1033320
1033321
1033322
1033324
1033325
1033326
1033327
1033328
1033329
1033330
1033331
1033332
1033333
1033334
1033335
1033336
1033337
1033338
1033339
1033341
1033342
1033343
1033344
1033345
1033346
1033347
1033348
1033349
1033350
1033352
1033353
1033354
1033355
1033356
1033357
1033358
1033359
1033360
1033361
1033362
1033363
1033364
1033365
1033366
1033367
1033368
1033370
1033371
1033372
1033373
1033374
1033375
1033377
1033378
1033379
1033380
1033381
1033382
1033383
1033384
1033385
1033386
1033387
1033388
1033389
1033390
1033391
1033393
1033394
1033395
1033396
1033397
1033398
1033399
1033400
1033401
1033402
1033403
1033404
1033405
1033406
1033407
1033408
1033409
1033410
1033411
1033412
1033413
1033414
1033415
1033416
1033418
1033419
1033420
1033421
1033422
1033423
1033424
1033425
1033427
1033428
1033429
1033430
1033431
1033433
1033434
1033435
1033436
1033437
1033439
1033441
1033442
1033443
1033445
1033446
1033447
1033448
1033449
1033450
1033451
1033452
1033453
1033454
1033455
1033456
1033457
1033458
1033459
1033460
1033461
1033462
1033463
1033464
1033465
1033466
1033467
1033468
1033469
1033470
1033471
1033472
1033473
1033474
1033475
1033476
1033477
1033478
1033479
1033480
1033482
1033483
1033484
1033485
1033487
1033488
1033489
1033490
1033491
1033492
1033493
1033494
1033495
1033496
1033497
1033498
1033499
1033500
1033502
1033503
1033504
1033505
1033507
1033508
1033509
1033510
1033511
1033512
1033513
1033515
1033518
1033519
1033520
1033523
1033525
1033527
1033528
1033530
1033532
1033534
1033535
1033536
1033537
1033538
1033540
1033542
1033544
1033548
1033549
1033550
1033551
1033552
1033553
1033554
1033555
1033556
1033557
1033558
1033559
1033560
1033561
1033562
1033563
1033564
1033565
1033566
1033567
1033568
1033569
1033570
1033571
1033572
1033573
1033574
1033575
1033576
1033577
1033578
1033580
1033581
1033582
1033583
1033584
1033585
1033586
1033587
1033588
1033589
1033590
1033591
1033592
1033593
1033594
1033595
1033596
1033597
1033598
1033599
1033600
1033601
1033602
1033603
1033604
1033605
1033606
1033607
1033608
1033609
1033610
1033611
1033612
1033613
1033614
1033615
1033616
1033617
1033618
1033619
1033620
1033621
1033622
1033623
1033624
1033625
1033626
1033627
1033628
1033629
1033631
1033632
1033633
1033635
1033636
1033637
1033638
1033639
1033641
1033642
1033643
1033644
1033645
1033646
1033647
1033648
1033649
1033650
1033651
1033652
1033653
1033654
1033655
1033656
1033657
1033658
1033659
1033660
1033661
1033662
1033663
1033664
1033665
1033666
1033667
1033668
1033669
1033670
1033671
1033672
1033673
1033674
1033675
1033676
1033677
1033678
1033679
1033681
1033682
1033683
1033684
1033685
1033686
1033687
1033688
1033689
1033690
1033691
1033692
1033693
1033694
1033695
1033696
1033697
1033698
1033699
1033700
1033701
1033702
1033703
1033704
1033705
1033706
1033708
1033709
1033710
1033711
1033712
1033713
1033714
1033715
1033716
1033717
1033718
1033719
1033720
1033721
1033722
1033723
1033724
1033725
1033726
1033727
1033728
1033729
1033730
1033731
1033732
1033734
1033735
1033736
1033737
1033738
1033739
1033740
1033741
1033742
1033743
1033744
1033745
1033746
1033747
1033748
1033749
1033750
1033751
1033752
1033753
1033754
1033755
1033756
1033757
1033758
1033759
1033760
1033761
1033762
1033763
1033764
1033765
1033766
1033767
1033768
1033769
1033770
1033771
1033772
1033773
1033774
1033775
1033776
1033777
1033778
1033779
1033780
1033781
1033783
1033784
1033785
1033786
1033787
1033788
1033789
1033790
1033791
1033792
1033793
1033794
1033798
1033799
1033800
1033801
1033802
1033803
1033804
1033805
1033807
1033808
1033809
1033810
1033811
1033812
1033813
1033814
1033815
1033816
1033817
1033818
1033819
1033820
1033821
1033822
1033823
1033824
1033825
1033826
1033827
1033828
1033829
1033830
1033831
1033832
1033834
1033835
1033836
1033837
1033839
1033840
1033841
1033842
1033843
1033844
1033845
1033846
1033847
1033848
1033849
1033850
1033851
1033852
1033854
1033855
1033856
1033857
1033858
1033859
1033860
1033862
1033863
1033864
1033865
1033866
1033867
1033868
1033870
1033871
1033872
1033873
1033874
1033875
1033876
1033877
1033878
1033879
1033880
1033882
1033883
1033884
1033885
1033886
1033887
1033888
1033889
1033890
1033891
1033892
1033893
1033894
1033895
1033896
1033897
1033898
1033899
1033900
1033901
1033902
1033903
1033904
1033905
1033906
1033907
1033908
1033909
1033910
1033911
1033912
1033913
1033914
1033915
1033916
1033917
1033918
1033919
1033920
1033921
1033922
1033923
1033924
1033925
1033926
1033927
1033928
1033929
1033931
1033933
1033934
1033935
1033936
1033937
1033938
1033939
1033940
1033941
1033942
1033943
1033944
1033945
1033946
1033947
1033948
1033949
1033950
1033951
1033952
1033953
1033954
1033955
1033956
1033957
1033958
1033959
1033961
1033962
1033963
1033964
1033965
1033966
1033967
1033968
1033970
1033971
1033972
1033973
1033974
1033975
1033976
1033977
1033978
1033979
1033980
1033981
1033982
1033983
1033984
1033985
1033986
1033987
1033989
1033990
1033991
1033992
1033993
1033994
1033995
1033996
1033997
1033998
1033999
1034000
1034001
1034002
1034003
1034004
1034005
1034006
1034007
1034010
1034011
1034012
1034013
1034014
1034015
1034016
1034017
1034019
1034020
1034021
1034022
1034023
1034024
1034025
1034026
1034027
1034028
1034029
1034031
1034032
1034034
1034035
1034036
1034037
1034038
1034039
1034040
1034041
1034042
1034043
1034044
1034045
1034046
1034047
1034048
1034049
1034050
1034051
1034052
