910184
910187
910188
91019
910193
910194
9102
91020
910200
910201
910203
910204
910207
91021
910213
910214
910219
91022
910221
910224
910225
910229
91023
910230
910233
910234
910241
910242
910243
910244
910246
910248
910249
91025
910252
910253
910255
910258
91026
910260
910272
910273
910275
910278
910280
910282
910284
910287
910289
910290
910293
910297
9103
91030
910301
910302
910303
910312
910313
910319
910320
910321
910322
910323
910324
910325
910326
910327
910328
910329
910330
910331
910332
910333
910334
910335
910336
910337
910338
91034
910340
910341
910342
910343
910345
910347
910349
91035
910351
910352
910353
910354
910355
910356
910357
910358
910359
91036
910360
910361
910362
910363
910364
910365
910366
910367
910368
910369
91037
910370
910371
910372
910373
910374
910375
910376
910377
910378
91038
910380
910381
910382
910383
910384
910385
910386
910388
910389
91039
910390
910391
910392
910393
910394
910395
910396
910397
910398
910399
9104
910400
910402
910403
910404
910405
910406
910407
910408
910409
91041
910410
910411
910412
910413
910414
910415
910416
910417
910418
910419
91042
910420
910421
910422
910423
910424
910425
910426
910427
910428
910429
91043
910432
910435
910436
910438
910439
91044
910440
910441
910442
910443
910444
910445
910446
910447
910448
910449
91045
910450
910451
910453
910454
910459
910460
910461
910462
910463
910464
910465
910466
910467
910468
910469
91047
910470
910471
910472
910473
910474
910476
910477
910478
91048
910480
910482
910483
910484
910485
910486
910487
910488
910489
91049
910490
910491
910492
910493
910494
910495
910496
910497
910498
910499
91050
910500
910501
910502
910503
910504
910505
910506
910507
910508
910509
91051
910510
910511
910512
910513
910516
910517
910518
910519
91052
910520
910521
910522
910523
910524
910525
910526
910527
910528
910529
91053
910530
910531
910532
910533
910534
910535
910536
910537
910538
910539
91054
910540
910541
910542
910543
910544
910546
910547
910548
910549
91055
910550
910551
910552
910553
910554
91056
910562
910565
910566
910567
910569
91057
910570
910571
910572
910573
910575
910576
910577
910578
910579
910580
910581
910583
910584
910585
910586
910587
910588
910589
910590
910591
910592
910593
910594
910595
910596
910597
910598
910599
91060
910600
910601
910602
910603
910605
910606
910607
910608
910609
91061
910610
910612
910613
910614
910615
910616
910617
910618
910619
910620
910621
910622
910623
910624
910625
910626
910627
910628
910629
91063
910630
910631
910632
910633
910634
910635
910636
910637
910638
910639
91064
910640
910641
910642
910643
910645
910646
910647
910648
910649
91065
910650
910651
910652
910653
910654
910655
910657
910658
910659
91066
910661
910663
910664
910665
910666
910667
910669
91067
910670
910671
910672
910673
910674
910675
910676
910677
910678
910679
91068
910680
910681
910682
910683
910684
910685
910687
910688
910689
91069
910690
910691
910692
910693
910694
910695
910697
910698
910699
91070
910700
910701
910703
910704
910705
910706
910708
910709
910710
910711
910712
910713
910714
910715
910716
910717
910718
910719
91072
910720
910721
910722
910723
910726
910728
91073
910730
910731
910732
910733
910734
910735
910736
910737
910738
910739
91074
910740
910741
910742
910743
910744
910745
910746
910747
910748
910749
910750
910751
910756
910757
910758
910759
91076
910760
910762
910763
910764
910765
910766
910768
910769
910770
910771
910772
910773
910775
910776
910777
910778
910779
91078
910780
910781
910782
910783
910784
910785
910786
910787
910788
910789
910790
910791
910792
910793
910794
910795
910796
910797
910798
910799
91080
910800
910801
910802
910803
910804
910805
910806
910807
910808
910809
91081
910810
910811
910812
910813
910814
910815
910816
910817
910818
910819
910820
910821
910822
910823
910824
910825
910826
910827
910828
910829
91083
910830
910831
910832
910834
910835
910837
910838
910840
910845
910846
910848
910849
91085
910850
910851
910852
910853
910854
910855
910856
910857
910858
910859
91086
910860
910861
910862
910863
910864
910865
910866
910867
910868
910869
91087
910870
910871
910872
910873
910874
910875
910876
910877
910878
910879
91088
910880
910881
910882
910883
910884
910885
910886
910887
910888
910889
91089
910891
910892
910893
910894
910895
910896
910897
910898
910900
910901
910902
910904
910905
910906
910907
910908
910909
91091
910910
910911
910912
910913
910914
910915
910916
910917
910918
910919
910920
910921
910922
910923
910924
910925
910926
910927
910928
910929
910930
910931
910932
910933
910934
910935
910936
910937
910938
910939
91094
910940
910941
910942
910943
910944
910945
910946
910947
910948
910949
91095
910950
910951
910952
910953
910954
910955
910956
910957
910958
910959
910960
910961
910962
910963
910964
910965
910966
910967
910968
910969
91097
910970
910971
910972
910974
910975
910976
910977
910978
910979
910980
910981
910982
910983
910984
910985
910986
910987
910988
910989
91099
910990
910991
910992
910993
910994
910995
910996
910997
910998
911
91100
911000
911001
911002
911003
911004
911005
911006
911007
911008
911009
91101
911010
911011
911012
911013
911014
911015
911016
911017
911018
911019
911021
911022
911023
911024
911025
911026
911027
911028
911029
91103
911030
911031
911033
911034
911035
911036
911037
911038
911039
911040
911041
911043
911044
911045
911046
911047
911048
911049
91105
911050
911051
911052
911053
911054
911055
911056
911057
911058
911059
91106
911060
911061
911063
911064
911065
911066
911067
911068
911069
911070
911071
911072
911073
911074
911075
911076
911077
911078
911079
91108
911080
911081
911082
911083
911084
911085
911086
911087
911088
911089
91109
911090
911095
911097
911098
911099
91110
911100
911102
911103
911104
911105
911106
911107
911108
911109
91111
911110
911111
911112
911113
911114
911115
911117
911118
911119
91112
911120
911121
911123
911124
911125
911126
911128
911129
911130
911131
911132
911133
911134
911135
911136
911137
911138
911139
91114
911140
911141
911142
911144
911145
911146
911148
911149
91115
911150
911151
911152
911153
911154
911155
911156
911157
911158
911159
911160
911161
911162
911163
911164
911165
911167
911169
91117
911170
911171
911172
911173
911174
911175
911176
911177
911178
911179
91118
911180
911181
911182
911183
911184
911185
911186
911187
911188
911189
91119
911190
911191
911192
911193
911194
911195
911196
911197
911198
911199
911200
911201
911202
911203
911204
911205
911206
911207
911208
911209
91121
911210
911211
911212
911213
911214
911216
911217
911218
911219
91122
911220
911221
911224
911226
911227
911228
911229
911230
911231
911232
911233
911234
911236
911237
911238
911239
91124
911240
911241
911242
911243
911244
911245
911246
911247
911248
911249
91125
911250
911251
911252
911254
911255
911256
911257
911258
911259
91126
911261
911262
911263
911264
911265
911266
911267
911268
911269
911270
911271
911272
911274
911275
911276
911277
911278
911279
91128
911280
911281
911282
911283
911284
911285
911286
911287
911288
911289
91129
911290
911291
911292
911293
911294
911296
911297
911298
911299
91130
911300
911301
911302
911303
911304
911305
911306
911307
911308
911309
91131
911310
911311
911312
911313
911314
911315
911316
911317
911318
91132
911320
911321
911322
911323
911324
911325
911326
911327
911328
911329
91133
911330
911331
911332
911333
911334
911335
911336
911337
911338
911339
91134
911340
911341
911342
911344
911345
911346
911347
911348
911349
91135
911350
911351
911353
911354
911355
911356
911357
911358
911359
91136
911360
911361
911362
911363
911364
911365
911366
911367
911368
91137
911370
911371
911372
911374
911375
911376
911377
911378
911379
91138
911380
911381
911382
911383
911384
911385
911386
911387
911388
911389
911390
911391
911393
911394
911396
911397
911398
91140
911400
911401
911402
911403
911404
911405
911406
911407
911408
911409
91141
911410
911411
911412
911413
911414
911415
911416
911417
911418
911419
91142
911420
911421
911423
911424
911425
911426
911427
911428
911429
91143
911430
911432
911433
911434
911435
911436
911437
911438
911439
91144
911441
911442
911444
911445
911447
911448
911449
91145
911450
911452
911453
911455
911456
911457
911458
911459
911460
911461
911462
911463
911465
911466
911467
911468
911469
91147
911470
911475
911476
911477
911478
911479
91148
911480
911481
911483
911484
911485
911487
911488
91149
911490
911491
911492
911493
911494
911495
911497
911498
911499
91150
911500
911501
911502
911503
911504
911505
911506
911507
911508
911510
911511
911512
911513
911514
911515
911516
911517
911518
911519
91152
911520
911521
911522
911523
911524
911525
911526
911527
911528
911529
91153
911531
911532
911533
911534
911535
911536
911537
911538
911539
911541
911542
911543
911544
911545
911546
911547
911548
911549
91155
911551
911552
911553
911554
911555
911556
911557
911558
911559
91156
911560
911561
911562
911563
911565
911566
911567
911568
911571
911572
911573
911574
911575
911576
911577
911578
911579
91158
911580
911581
911582
911583
911584
911585
911586
911587
911588
911589
91159
911590
911591
911592
911593
911594
911595
911596
911597
911598
911599
91160
911600
911601
911602
911603
911604
911605
911607
911608
91161
911611
911618
911619
91162
911622
911623
911624
911625
911626
911627
911628
911629
91163
911630
911631
911632
911633
911634
911635
911636
911638
91164
911640
911641
911642
911643
911644
911645
911646
911647
911648
91165
911650
911651
911652
911654
911655
911656
911658
911659
91166
911660
911661
911662
911663
911664
911665
911666
911667
911668
911669
911670
911671
911672
911673
911674
911675
911678
91168
911681
911682
911683
911684
911685
911686
911687
911688
911689
91169
911690
911691
911692
911693
911694
911695
911696
911697
911698
911699
91170
911700
911701
911702
911703
911704
911705
911707
911708
911709
911710
911711
911712
911713
911714
911715
911716
911717
911718
911719
91172
911720
911722
911723
911724
911725
911726
911727
911728
911729
911730
911731
911732
911733
911734
911735
911736
911737
911738
911739
91174
911740
911741
911742
911743
911744
911745
911746
911747
911749
91175
911750
911751
911752
911753
911754
911755
911756
911757
911758
911759
91176
911760
911761
911762
911763
911764
911765
911766
911767
911768
911769
911770
911771
911773
911774
911775
911776
911777
911778
911779
911780
911781
911782
911784
911785
911786
911787
911788
911789
91179
911790
911791
911792
911793
911794
911796
911797
911798
911799
91180
911801
911802
911803
911804
911805
911806
911807
911808
911809
91181
911810
911811
911812
911813
911814
911815
911816
911817
911818
911819
911820
911821
911822
911823
911824
911825
911826
911827
911828
911829
91183
911830
911831
911832
911833
911834
911835
911836
911837
911838
911839
911840
911841
911842
911843
911844
911845
911846
911847
911848
911849
911850
911851
911853
911855
911856
911857
911858
911859
91186
911860
911861
911862
911863
911864
911865
911866
911867
911868
911869
911870
911871
911872
911873
911874
911875
911876
911877
911878
911879
911880
911881
911882
911883
911884
911886
911887
911888
911890
911891
911892
911893
911895
911896
911897
911898
911899
911900
911901
911902
911903
911904
911905
911906
911907
911908
911909
91191
911910
911911
911913
911915
911916
911917
911918
911919
911920
911921
911922
911923
911924
911925
911926
911927
911928
911929
911930
911931
911932
911933
911934
911935
911936
911937
911938
911939
911940
911941
911942
911943
911944
911945
911946
911948
911949
911950
911951
911952
911953
911954
911955
911957
911959
91196
911960
911961
911962
911963
911964
911965
911966
911967
911968
911969
911970
911971
911972
911973
911974
911975
911976
911977
911978
911979
91198
911980
911981
911982
911983
911984
911985
911986
911987
911988
911990
911991
911992
911993
911994
911995
911996
911997
911998
911999
912
912000
912001
912002
912003
912004
912005
912006
912007
912008
912009
912010
912011
912012
912013
912014
912015
912016
912017
912018
912019
91202
912020
912021
912022
912023
912024
912025
912026
912029
912031
912032
912033
912034
912035
912036
912037
912038
912039
91204
912040
912041
912042
912043
912044
912045
912046
912047
912048
912049
91205
912050
912051
912052
912053
912054
912055
912056
912057
912058
912059
91206
912060
912061
912063
912064
912065
912066
912067
912069
91207
912070
912071
912072
912073
912074
912075
912076
912077
912078
912079
91208
912082
912084
912085
912086
912087
912088
912089
912090
912091
912092
912093
912095
912096
912097
912098
912099
91210
912100
912101
912102
912103
912104
912105
912106
912107
912108
912109
912110
912111
912112
912113
912114
912115
912116
912117
912118
912119
91212
912120
912121
912122
912123
912125
912126
912127
912128
912129
912130
912131
912132
912133
912134
912135
912136
912137
912138
912139
912140
912141
912142
912143
912144
912145
912146
912147
912148
912149
912150
912151
912152
912153
912154
912156
912158
912159
912160
912161
912162
912163
912164
912165
912166
912167
912168
91217
912170
912171
912172
912173
912174
912175
912176
912177
912178
912179
912180
912181
912182
912183
912184
912185
912186
912188
912189
91219
912190
912191
912193
912194
912195
912196
912197
912198
912199
91220
912201
912202
912203
912204
912205
912206
912207
912209
91221
912211
912212
912213
912214
912216
912217
912218
912219
91222
912220
912221
912223
912224
912225
912226
912227
912229
91223
912230
912231
912233
912235
912236
912237
912239
91224
912240
912241
912242
912243
912245
912246
912247
912249
91225
912250
912251
91226
912260
912261
912262
912263
912264
912265
912266
912267
912268
912269
91227
912270
912271
912272
912274
912276
912277
912278
912279
91228
912280
912281
912282
912283
912284
912285
912286
912287
912288
912289
91229
912290
912291
912292
912293
912294
912295
912296
912297
912298
912299
912300
912301
912302
912303
912304
912305
912306
912307
912308
912309
91231
912310
912311
912312
912313
912314
912315
912316
912317
912318
912319
91232
912320
912321
912322
912323
912324
912325
912326
912327
912328
912329
912330
912333
912334
912335
912338
912339
91234
912340
912341
912343
912345
912346
912347
912348
912349
91235
912350
912351
912352
912353
912354
912355
912356
912357
912358
912359
91236
912360
912361
912362
912363
912364
912365
912366
912367
912368
912369
91237
912370
912371
912372
912373
912374
912375
912376
912377
912378
912380
912381
912382
912383
912384
912386
912387
912388
912389
91239
912390
912391
912392
912393
912394
912395
912396
912397
912398
912399
912400
912401
912402
912403
912404
912405
912406
912407
912408
912409
912410
912411
912412
912413
912414
912415
912416
912417
912418
912419
912420
912423
912425
912426
912427
912428
912429
91243
912430
912431
912432
912433
912434
912435
912436
912437
912438
912439
91244
912440
912441
912442
912443
912444
912445
912446
912447
912448
912449
91245
912450
912451
912452
912453
912454
912455
912456
912457
912459
91246
912460
912461
912462
912463
912464
912465
912466
912467
912468
912469
912470
912471
912472
912473
912474
912475
912476
912477
912478
912479
91248
912480
912481
912482
912483
912484
912485
912486
912487
912488
912489
912490
912491
912492
912493
912494
912495
912496
912497
912499
91250
912500
912501
912502
912504
912505
912506
912507
912508
912509
91251
912510
912511
912512
912513
912514
912516
912517
912518
912520
912521
912522
912524
912525
912526
912527
912528
91253
912530
912531
912532
912533
912534
912535
912536
912537
912538
912539
91254
912540
912541
912542
912543
912544
912545
912546
912547
912548
912549
91255
912550
912551
912552
912554
912555
912556
912557
912558
912559
91256
912560
912561
912563
912564
912565
912566
912567
912568
91257
912570
912571
912572
912574
912575
912576
912578
912579
91258
912580
912581
912583
912585
912587
912588
91259
912591
912592
912594
912595
912596
912597
912598
912599
91260
912600
912601
912602
912604
912605
912606
912607
912609
91261
912610
912611
912612
912613
912614
912615
912616
912617
912619
91262
912620
912621
912623
912624
912626
912627
912628
912629
912630
912632
912634
912635
912636
912637
912638
912639
91264
912640
912641
912642
912643
912644
912645
912646
912647
912648
912649
91265
912650
912651
912659
91266
912661
912662
912664
912665
912666
912667
912668
912669
91267
912670
912671
912672
912673
912674
912675
912676
912679
91268
912680
912681
912682
912683
912684
912685
912686
912687
912688
912689
91269
912690
912691
912692
912693
912694
912695
912699
91270
912701
912704
912705
912706
912707
912708
912709
912710
912711
912712
912713
912714
912715
912716
912717
912718
912719
91272
912720
912721
912724
912725
912726
912727
912728
91273
912730
912731
912732
912733
912734
912735
912736
912737
912738
912739
91274
912741
912742
912743
912744
912745
912748
912749
912750
912751
912752
912753
912754
912755
912756
912757
912758
912759
91276
912760
912761
912762
912764
912765
912766
912767
912768
912769
912770
912771
912772
912773
912774
912776
912778
912779
912780
912781
912782
912784
912785
912786
912789
912790
912791
912792
912794
912795
912796
912797
912798
912799
912801
912802
912803
912804
912806
912807
912808
912809
91281
912810
912811
912812
912813
912814
912815
912816
912818
91282
912821
912822
912825
912826
912827
912828
912829
91283
912830
912832
912833
912834
912836
912837
912838
912839
91284
912840
912841
912842
912843
912844
912845
912846
912847
912848
912849
912850
912851
912852
912853
912854
912855
912856
912857
912858
912859
91286
912860
912861
912862
912863
912864
912865
912866
912867
912868
912869
912870
912871
912872
912874
912875
912876
912877
912878
91288
912880
912881
912882
912884
912885
912886
912887
912889
912890
912891
912892
912893
912894
912895
912896
912897
912898
912899
91290
912900
912901
912902
912903
912904
912905
912906
912907
912908
912909
912910
912911
912912
912914
912915
912916
912918
912919
91292
912920
912922
912923
912924
912925
912926
912927
912928
912929
91293
912931
912932
912933
912934
912937
912938
912939
912940
912941
912942
912944
912946
912948
912949
912950
912951
912952
912953
912954
912955
912956
912957
912958
912959
91296
912960
912961
912962
912963
912965
912966
912967
912968
912969
91297
912970
912971
912972
912973
912974
912975
912976
912977
912978
912979
912980
912981
912982
912983
912984
912985
912986
912987
912988
912989
91299
912990
912991
912992
912993
912994
912995
912996
912997
912998
912999
913
913000
913001
913002
913003
913004
913005
913007
913008
913009
913010
913011
913012
913013
913014
913015
913016
913017
913018
913019
91302
913020
913021
913022
913023
913024
913025
913026
913027
913028
913029
913030
913031
913032
913033
913034
913035
913036
913037
913038
913039
91304
913040
913041
913042
913043
913045
913046
913047
913048
913049
91305
913050
913051
913052
913053
913054
913055
913056
913057
913058
913059
91306
913060
913062
913063
913064
913065
913066
913067
913068
913069
913070
913071
913072
913074
913075
913076
913077
913078
913079
913080
913081
913082
913083
913084
913085
913086
913087
913093
913094
913095
913096
913097
913098
91310
913100
913101
913102
913104
913105
913106
913107
913108
913109
91311
913110
913111
913112
913113
913114
913115
913116
913117
913118
913119
91312
913120
913121
913122
913123
913124
913125
913126
913127
913128
913129
91313
913132
913134
913135
913137
913138
91314
913140
913141
913142
913143
913144
913145
913146
913147
913148
913149
913150
913151
913152
913153
913154
913155
913156
913157
913158
913159
91316
913160
913161
913162
913163
913164
913165
913166
913167
913168
913169
913170
913171
913172
913173
913174
913175
913176
913177
913178
913179
91318
913180
913181
913182
913183
913184
913185
913186
913187
913188
91319
913190
913191
913192
913193
913194
913195
913196
913197
913198
913199
913200
913201
913202
913203
913204
913205
913206
913207
913209
913210
913211
913212
913213
913214
913215
913216
913217
913218
913219
91322
913220
913221
913222
913223
913224
913225
913226
913227
913228
913229
913230
913231
913232
913233
913234
913235
913236
913237
913238
913239
91324
913240
913241
913242
913243
913244
913246
913247
913249
91325
913250
913251
913252
913254
913255
913256
913257
913258
913259
913260
913261
913262
913263
913264
913265
913267
913268
913269
91327
913270
913271
913272
913273
913274
913275
913276
913277
913278
913279
91328
913280
913281
913282
913284
913288
913289
913290
913291
913292
913294
913295
913296
913298
913299
91330
913300
913301
913302
913303
913304
913305
913306
913307
913308
913309
913310
913311
913312
913313
913314
913315
913316
913317
913318
913319
913320
913321
913322
913323
913324
913325
913326
913327
913328
913329
91333
913330
913331
913332
913333
913334
913336
913337
913338
913339
91334
913341
913342
913343
913345
913346
913347
913348
913349
913350
913351
913352
913353
913354
913355
913356
913357
913358
913359
91336
913360
913361
913362
913363
913364
913365
913367
913368
913369
91337
913370
913371
913372
913373
913375
913376
913378
913379
913381
913383
913384
913385
913386
913387
913388
913389
91339
913390
913392
913393
913394
913397
913398
913399
91340
913400
913401
913403
913404
913405
913406
913407
913408
913409
913410
913411
913412
913413
913414
913415
913416
913417
913418
913419
91342
913420
913422
913423
913424
913425
913426
913427
913428
913429
91343
913430
913431
913432
913433
913434
913435
913437
913438
913439
913440
913441
913446
913447
913448
913449
91345
913450
913453
913454
913455
913456
913457
913458
913459
913460
913461
913462
913464
913465
913467
913468
913469
913470
913471
913472
913473
913474
913475
913476
913477
913478
913479
91348
913480
913481
913482
913483
913484
913485
913486
913487
913488
913489
91349
913490
913491
913492
913493
913494
913496
913497
913498
91350
913500
913501
913502
913503
913504
913505
913506
913507
913508
913509
913510
913512
913513
913514
913515
913516
913517
913518
913519
91352
913520
913521
913522
913523
913524
913525
913526
913527
913528
913529
91353
913530
913531
913532
913533
913534
913535
913536
913537
913538
913539
91354
913540
913541
913543
913544
913546
913547
913548
91355
913550
913551
913552
913553
913554
913555
913557
913558
91356
913561
913562
913563
913565
913566
913567
913568
913569
913570
913571
913572
913573
913574
913575
913576
913577
913578
913579
913580
913581
913582
913584
913585
913586
913587
913590
913591
913592
913593
913594
913595
913596
913597
913598
913599
913600
913601
913602
913603
913604
913605
913606
913607
913608
913609
913610
913611
913612
913613
913614
913615
913616
913617
913618
913620
913622
913623
913624
913625
913626
913627
913628
913629
913630
913631
913632
913633
913634
913636
913637
913641
913643
913645
913646
913647
913648
913649
91365
913650
913651
913652
913653
913654
913655
913656
913657
913658
913659
91366
913660
913661
913662
913663
913664
913665
913667
913668
913669
91367
913670
913671
913672
913673
913674
913675
913676
913677
913679
913680
913681
913682
913683
913684
913685
913686
913687
913688
913689
91369
913690
913691
913692
913693
913694
913695
913696
913697
913698
913699
91370
913700
913701
913702
913703
913704
913705
913706
913708
913709
91371
913710
913711
913712
913713
913714
913715
913716
913717
913719
913720
913721
913726
913727
913728
913731
913735
913736
913738
91374
913740
913741
913742
913743
913744
913745
913749
913752
913754
913755
913756
913757
913758
913759
91376
913760
913761
913762
913763
913764
913765
913766
913767
913768
913769
91377
913770
913771
913772
913773
913774
913775
913776
913778
91378
913780
913781
913782
913783
913784
913786
913787
913788
913789
91379
913791
913792
913793
913794
913795
913796
913797
913798
913799
91380
913800
913801
913802
913803
913804
913805
913806
913807
913808
913809
913810
913811
913812
913813
913814
913815
913816
913817
913818
913819
91382
913820
913821
913822
913823
913824
913825
913826
913827
913828
913829
913830
913831
913832
913833
913834
913835
913836
913837
913838
913839
91384
913840
913841
913842
913843
913844
913845
913846
913847
913848
913849
913850
913851
913852
913853
913854
913855
913856
913857
913858
913859
91386
913860
913861
913862
913863
913864
913865
913866
913867
913868
913869
91387
913870
913872
913873
913874
913875
913877
913878
913879
913880
913881
913882
913883
913884
913885
913886
913887
913889
913890
913891
913892
913893
913894
913895
913896
913897
913898
913899
91390
913900
913901
913902
913903
913904
913905
913906
913907
913908
913909
91391
913910
913911
913912
913913
913914
913915
913916
913917
913918
913919
913920
913921
913922
913923
913924
913925
913926
913927
913928
913929
91393
913930
913932
913933
913934
913935
913937
913938
913939
91394
913940
913941
913942
913943
913944
913945
913946
913947
913948
913949
91395
913950
913951
913952
913953
913954
913955
913956
913957
913958
913959
91396
913960
913961
913962
913963
913964
913965
913966
913967
913968
913969
91397
913970
913971
913972
913973
913974
913975
913976
913977
913978
913979
91398
913980
913981
913982
913983
913984
913985
913986
913987
913988
913989
913990
913991
913992
913993
913994
913995
913996
913997
913998
913999
914
914000
914001
914002
914003
914004
914005
914006
914007
914008
914009
914010
914012
914013
914014
914015
914016
914017
914018
914019
91402
914020
914021
914022
914023
914024
914025
914026
914027
914028
914029
91403
914030
914031
914032
914033
914034
914035
914036
914037
914038
914040
914041
914042
914043
914044
914045
914046
914047
91405
914050
914051
914052
914053
914054
914055
914056
914057
914058
914059
91406
914060
914061
914062
914064
914065
914066
914067
914068
91407
914071
914072
914073
914074
914075
914076
914078
914079
91408
914080
914081
914082
914083
914085
914086
914087
914088
914089
91409
914090
914091
914092
914093
914096
914097
914099
91410
914100
914101
914102
914103
914104
914105
914106
914107
914108
914109
91411
914110
914111
914112
914114
914115
914116
914117
914118
914119
91412
914120
914121
914122
914123
914124
914125
914126
914127
914128
914129
914130
914131
914133
914134
914135
914136
914137
914138
914139
914141
914142
914143
914144
914145
914146
914147
914148
914149
914150
914151
914152
914153
914154
914155
914156
914157
914158
914159
914161
914162
914163
914164
914165
914166
914167
914168
914169
91417
914170
914172
914173
914174
914175
914176
914177
914178
914179
91418
914180
914181
914183
914185
914187
914189
91419
914190
914191
914192
914193
914195
914196
914197
914198
914199
914200
914201
914202
914203
914204
914205
914206
914208
914209
91421
914212
914213
914214
914215
914216
914217
914218
914219
91422
914220
914221
914222
914223
914224
914225
914226
914227
914228
914229
91423
914230
914231
914232
914233
914235
914236
914237
914238
914239
91424
914240
914241
914242
914243
914244
914245
914246
914247
914248
914249
91425
914250
914251
914252
914253
914254
914255
914257
914258
914259
91426
914260
914262
914263
914264
914265
914266
914267
914268
914269
91427
914270
914271
914272
914273
914274
914275
914276
914277
914278
914279
914280
914281
914282
914283
914284
914285
914286
914287
914288
914289
91429
914290
914291
914292
914293
914294
914295
914296
914297
914298
914299
91430
914300
914301
914302
914303
914304
914305
914306
914307
914308
914309
91431
914310
914311
914312
914313
914314
914315
914316
914317
914318
914319
914320
914321
914322
914323
914324
914325
914326
914327
914328
914329
91433
914330
914331
914332
914333
914334
914335
914336
914337
914338
914339
914340
914341
914342
914343
914344
914345
914346
914347
914348
914349
91435
914350
914351
914352
914353
914354
914355
914356
914357
914358
914359
914360
914361
914362
914363
914364
914366
914367
914368
914369
914370
914371
914372
914373
914374
914375
914376
914377
914378
914379
91438
914380
914381
914382
914383
914384
914385
914387
914388
914389
914390
914391
914392
914393
914394
914395
914396
914397
914399
91440
914400
914401
914402
914403
914404
914405
914406
914407
914408
914409
914410
914411
914412
914414
914415
914416
914417
914418
914419
91442
914420
914421
914422
914423
914424
914429
91443
914430
914431
914432
914434
914435
914436
914437
914438
914439
914440
914442
914443
914444
914445
914446
914447
914448
91445
914450
914451
914453
914454
914455
914456
914457
914458
914459
914460
914461
914462
914463
914464
914465
914466
914467
914468
914469
914470
914471
914472
914473
914474
914475
914476
914477
914478
914479
914480
914482
914483
914484
914486
914487
914488
914490
914491
914492
914493
914494
914495
914496
914497
914498
914499
914500
914501
914502
914503
914504
914505
914507
914508
91451
914510
914511
914512
914513
914514
914516
914517
914519
914520
914521
914522
914523
914524
914525
914526
914527
914528
914529
914530
914532
914533
914535
914536
914537
914538
914539
91454
914540
914541
914542
914543
914544
914545
914546
914547
914548
914549
91455
914550
914551
914553
914554
914555
914556
914557
914558
914559
91456
914561
914562
914563
914564
914565
914566
914567
914568
914569
91457
914570
914571
914572
914574
914575
914576
914578
914579
91458
914580
914581
914583
914584
914585
914586
914587
914588
914589
91459
914590
914591
914592
914593
914594
914595
914596
914597
914599
91460
914600
914601
914602
914604
914605
914606
914607
914609
91461
914610
914611
914614
914615
914616
914617
914618
914619
914620
914621
914622
914623
914624
914626
914627
914628
914629
91463
914630
914631
914632
914633
914634
914635
914636
914637
914639
91464
914640
914641
914642
914643
914644
914645
914646
914647
914648
914649
91465
914650
914651
914652
914653
914654
914655
914656
914657
914658
914659
91466
914660
914661
914663
914664
914665
914667
914668
914669
91467
914670
914671
914673
914674
914676
914677
914679
91468
914680
914681
914682
914683
914684
914685
914686
914687
914688
914689
914690
914691
914692
914693
914694
914695
914696
914697
914698
914699
91470
914700
914701
914702
914703
914704
914705
914706
914707
914708
914709
91471
914710
914711
914712
914713
914714
914715
914716
914717
914718
914719
91472
914720
914721
914722
914723
914724
914725
914726
914727
914728
914729
914730
914731
914732
914733
914734
914735
914736
914737
914738
914739
91474
914740
914741
914742
914744
914745
914746
914747
914748
914749
91475
914750
914752
914753
914754
914755
914756
914757
914758
914759
91476
914760
914761
914762
914763
914764
914765
914766
914767
914768
914769
91477
914770
914772
914773
914774
914775
914776
914777
914778
914779
91478
914780
914781
914782
914783
914784
914785
914786
914787
914788
914789
91479
914790
914792
914793
914795
914796
914797
914798
914799
91480
914800
914801
914802
914803
914804
914808
91481
914810
914811
914812
914814
914816
914817
914818
914819
91482
914820
914821
914822
914824
914825
914826
914827
914828
914829
914830
914831
914832
914833
914834
914836
914837
914838
914839
914840
914841
914842
914843
914844
914845
914846
914847
914849
91485
914850
914851
914852
914853
914854
914855
914857
914858
914859
914860
914861
914862
914863
914864
914865
914866
914867
914868
914869
91487
914870
914871
914872
914873
914874
914875
914876
914877
914878
914879
914880
914883
914884
914885
914886
914887
91489
914890
914891
914892
914893
914894
914895
914896
914897
914899
91490
914900
914901
914902
914903
914904
914905
914906
914907
914908
914909
914910
914911
914912
914913
914914
914915
914916
914917
914918
914919
914920
914921
914922
914923
914924
914925
914927
914928
914929
91493
914930
914931
914932
914933
914934
914935
914936
914937
914939
91494
914940
914941
914942
914943
914944
914945
914946
914947
914948
914949
91495
914950
914951
914952
914953
914954
914956
914957
914958
914959
91496
914960
914961
914962
914963
914964
914965
914966
914967
914969
91497
914970
914971
914972
914973
914974
914975
914976
914977
914978
914979
91498
914980
914981
914982
914983
914984
914985
914986
914987
914988
914989
914990
914991
914992
914993
914995
914996
914997
914998
914999
91500
915000
915001
915002
915004
915005
915007
915008
915009
91501
915010
915011
915012
915013
915014
915015
915016
915017
915018
915019
91502
915020
915021
915022
915023
915024
915025
915026
915027
915028
915029
91503
915030
915031
915032
915034
915035
915037
915038
915039
91504
915040
915041
915042
915043
915044
915045
915046
915048
915049
915050
915053
915054
915055
915056
915057
915058
915059
915060
915061
915062
915063
915064
915065
915066
915067
915068
915069
91507
915070
915071
915072
915073
915074
915075
915076
915077
915078
915079
91508
915080
915081
915082
915083
915084
915085
915086
915087
915088
915089
91509
915090
915091
915092
915093
915094
915096
915098
915099
91510
915100
915101
915102
915103
915105
915107
915108
915109
915112
915113
915114
915115
915116
915117
915118
915119
91512
915120
915121
915122
915123
915124
915125
915126
915127
915128
915129
91513
915130
915131
915132
915133
915134
915135
915136
915137
915138
915139
915140
915141
915142
915143
915144
915145
915146
915147
915148
915149
915150
915151
915152
915153
915154
915155
915156
915157
915158
915159
91516
915160
915161
915162
915163
915165
915166
915167
915168
915169
915170
915171
915172
915173
915174
915175
915176
915177
915178
915179
915180
915181
915182
915183
915184
915185
915187
915188
915189
915190
915191
915192
915193
915194
915196
915197
915198
915199
91520
915200
915201
915202
915203
915204
915205
915206
915207
915208
915209
91521
915211
915212
915213
915214
915215
915216
915217
915218
915219
91522
915220
915221
915222
915223
915224
915225
915226
915227
915228
915229
91523
915230
915231
915233
915234
915235
915236
915237
915238
915239
915240
915242
915243
915244
915245
915246
915247
915248
915249
91525
915250
915251
915252
915254
915255
915256
915257
915258
915259
915260
915261
915262
915263
915264
915265
915266
915267
915268
915269
91527
915270
915271
915272
915274
915276
915277
915278
915279
91528
915281
915282
915283
915284
915285
915286
915287
915288
915289
915291
915292
915293
915294
915295
915296
915297
915298
915299
91530
915300
915301
915302
915303
915304
915305
915306
915307
915308
915309
915310
915311
915312
915313
915314
915315
915316
915317
915318
915319
91532
915320
915321
915322
915323
915324
915325
915326
915327
915328
915329
915330
915331
915332
915333
915334
915335
915336
915337
915339
91534
915340
915341
915342
915343
915345
915346
915348
915349
91535
915350
915351
915352
915353
915354
915356
915359
91536
915360
915361
915362
915363
915364
915365
915366
915367
915368
915369
915370
915371
915372
915373
915374
915375
915376
915377
915378
915379
91538
915380
915381
915382
915383
915384
915385
915386
915387
915388
915389
915390
915391
915392
915393
915394
915395
915396
915397
915398
915399
915400
915401
915402
915403
915404
915405
915406
915407
915408
915409
91541
915410
915411
915412
915413
915414
915416
915417
915418
915419
91542
915420
915421
915422
915423
915424
915425
915426
915427
915429
915430
