1045146
1045147
1045148
1045149
1045150
1045151
1045152
1045154
1045155
1045156
1045157
1045158
1045159
1045160
1045162
1045163
1045164
1045166
1045167
1045168
1045170
1045171
1045174
1045175
1045176
1045177
1045178
1045180
1045181
1045182
1045183
1045184
1045185
1045186
1045187
1045188
1045189
1045190
1045191
1045192
1045193
1045194
1045195
1045196
1045197
1045198
1045199
1045200
1045201
1045202
1045203
1045205
1045206
1045207
1045208
1045209
1045210
1045211
1045212
1045213
1045214
1045215
1045216
1045217
1045218
1045219
1045220
1045221
1045222
1045225
1045227
1045231
1045235
1045236
1045237
1045238
1045239
1045241
1045243
1045244
1045247
1045248
1045249
1045250
1045251
1045252
1045253
1045254
1045255
1045256
1045258
1045259
1045260
1045261
1045263
1045264
1045266
1045268
1045271
1045273
1045274
1045275
1045276
1045277
1045278
1045279
1045280
1045281
1045282
1045283
1045286
1045287
1045288
1045289
1045291
1045292
1045293
1045295
1045296
1045297
1045298
1045299
1045300
1045301
1045302
1045303
1045304
1045305
1045306
1045307
1045310
1045311
1045314
1045315
1045317
1045318
1045319
1045320
1045321
1045322
1045323
1045324
1045326
1045327
1045328
1045330
1045331
1045332
1045333
1045334
1045335
1045336
1045337
1045338
1045339
1045340
1045341
1045342
1045343
1045344
1045345
1045346
1045347
1045348
1045349
1045350
1045351
1045352
1045353
1045354
1045355
1045356
1045357
1045358
1045359
1045360
1045361
1045362
1045364
1045365
1045366
1045367
1045368
1045369
1045370
1045371
1045372
1045374
1045375
1045377
1045379
1045380
1045381
1045382
1045383
1045384
1045385
1045386
1045388
1045389
1045390
1045391
1045392
1045394
1045396
1045397
1045400
1045401
1045402
1045403
1045404
1045405
1045406
1045408
1045409
1045411
1045412
1045413
1045414
1045416
1045417
1045418
1045419
1045420
1045421
1045422
1045423
1045424
1045425
1045427
1045428
1045429
1045430
1045431
1045432
1045433
1045434
1045438
1045441
1045442
1045443
1045444
1045446
1045447
1045449
1045450
1045451
1045452
1045453
1045454
1045455
1045457
1045458
1045459
1045462
1045463
1045464
1045465
1045466
1045467
1045468
1045469
1045470
1045471
1045472
1045473
1045474
1045475
1045476
1045477
1045478
1045480
1045481
1045483
1045484
1045487
1045488
1045489
1045491
1045492
1045494
1045496
1045497
1045498
1045499
1045500
1045501
1045502
1045503
1045507
1045508
1045510
1045511
1045513
1045516
1045519
1045520
1045522
1045523
1045526
1045528
1045530
1045532
1045533
1045534
1045535
1045536
1045537
1045538
1045539
1045543
1045546
1045548
1045549
1045550
1045552
1045553
1045554
1045555
1045556
1045557
1045559
1045560
1045561
1045562
1045563
1045564
1045565
1045566
1045567
1045568
1045569
1045570
1045571
1045572
1045573
1045574
1045575
1045576
1045578
1045579
1045580
1045582
1045584
1045586
1045587
1045590
1045591
1045592
1045593
1045594
1045595
1045596
1045597
1045598
1045599
1045600
1045601
1045602
1045603
1045604
1045605
1045606
1045607
1045608
1045609
1045610
1045611
1045612
1045614
1045615
1045616
1045617
1045618
1045619
1045620
1045621
1045622
1045623
1045627
1045631
1045634
1045636
1045637
1045638
1045639
1045642
1045643
1045644
1045645
1045646
1045647
1045649
1045650
1045651
1045652
1045653
1045654
1045655
1045656
1045657
1045658
1045659
1045660
1045661
1045662
1045663
1045664
1045665
1045666
1045667
1045668
1045669
1045670
1045671
1045673
1045674
1045675
1045676
1045677
1045678
1045679
1045680
1045681
1045682
1045683
1045684
1045685
1045686
1045687
1045688
1045689
1045690
1045691
1045692
1045693
1045694
1045695
1045696
1045697
1045698
1045699
1045700
1045701
1045702
1045703
1045704
1045705
1045706
1045707
1045708
1045709
1045710
1045711
1045712
1045713
1045715
1045716
1045717
1045719
1045720
1045721
1045722
1045723
1045724
1045725
1045726
1045727
1045728
1045729
1045730
1045732
1045733
1045734
1045735
1045736
1045737
1045739
1045741
1045742
1045745
1045746
1045747
1045748
1045749
1045750
1045751
1045752
1045753
1045754
1045755
1045756
1045757
1045758
1045759
1045760
1045761
1045762
1045763
1045764
1045765
1045766
1045767
1045768
1045769
1045770
1045771
1045772
1045773
1045774
1045775
1045776
1045777
1045778
1045779
1045780
1045781
1045782
1045784
1045785
1045786
1045787
1045788
1045789
1045790
1045791
1045792
1045793
1045794
1045795
1045797
1045798
1045799
1045800
1045801
1045802
1045803
1045804
1045805
1045806
1045807
1045808
1045809
1045810
1045811
1045812
1045813
1045814
1045815
1045816
1045817
1045818
1045819
1045820
1045821
1045822
1045823
1045824
1045825
1045826
1045827
1045828
1045829
1045830
1045831
1045832
1045833
1045835
1045836
1045837
1045838
1045839
1045840
1045841
1045842
1045843
1045844
1045845
1045846
1045848
1045849
1045850
1045852
1045853
1045854
1045855
1045856
1045857
1045858
1045859
1045861
1045862
1045863
1045864
1045865
1045866
1045867
1045869
1045872
1045873
1045874
1045875
1045876
1045877
1045878
1045879
1045880
1045881
1045882
1045883
1045884
1045886
1045887
1045889
1045890
1045891
1045892
1045895
1045897
1045899
1045900
1045901
1045902
1045903
1045904
1045905
1045906
1045907
1045908
1045909
1045910
1045911
1045912
1045913
1045914
1045915
1045916
1045917
1045918
1045919
1045920
1045921
1045922
1045923
1045924
1045925
1045926
1045927
1045928
1045929
1045930
1045931
1045932
1045933
1045934
1045935
1045936
1045937
1045938
1045939
1045940
1045941
1045942
1045943
1045944
1045945
1045946
1045947
1045948
1045949
1045950
1045951
1045952
1045954
1045955
1045956
1045957
1045958
1045959
1045960
1045961
1045962
1045963
1045964
1045965
1045966
1045967
1045968
1045969
1045970
1045971
1045972
1045973
1045974
1045976
1045977
1045978
1045979
1045980
1045981
1045982
1045983
1045984
1045985
1045986
1045987
1045988
1045989
1045990
1045991
1045992
1045993
1045994
1045995
1045996
1045997
1045998
1045999
1046000
1046001
1046002
1046003
1046004
1046005
1046006
1046007
1046008
1046009
1046010
1046011
1046012
1046013
1046014
1046015
1046016
1046017
1046019
1046020
1046021
1046022
1046023
1046024
1046025
1046026
1046027
1046028
1046029
1046030
1046031
1046032
1046033
1046034
1046035
1046036
1046037
1046038
1046039
1046040
1046041
1046042
1046043
1046044
1046045
1046046
1046047
1046048
1046049
1046050
1046052
1046053
1046054
1046055
1046056
1046057
1046058
1046059
1046060
1046061
1046062
1046063
1046064
1046065
1046067
1046068
1046069
1046070
1046071
1046072
1046073
1046074
1046075
1046076
1046077
1046078
1046079
1046080
1046081
1046082
1046083
1046084
1046085
1046086
1046088
1046089
1046090
1046091
1046092
1046093
1046094
1046095
1046096
1046097
1046098
1046099
1046100
1046101
1046102
1046104
1046105
1046106
1046107
1046108
1046109
1046110
1046111
1046112
1046113
1046114
1046115
1046116
1046117
1046118
1046119
1046120
1046121
1046122
1046123
1046124
1046125
1046126
1046127
1046128
1046129
1046130
1046131
1046132
1046133
1046134
1046135
1046136
1046138
1046139
1046140
1046141
1046142
1046143
1046144
1046145
1046146
1046147
1046148
1046149
1046151
1046152
1046153
1046154
1046155
1046156
1046157
1046158
1046159
1046160
1046161
1046162
1046163
1046164
1046165
1046166
1046167
1046168
1046169
1046170
1046171
1046172
1046173
1046174
1046175
1046176
1046177
1046179
1046180
1046181
1046182
1046183
1046184
1046185
1046187
1046188
1046189
1046190
1046191
1046192
1046193
1046194
1046195
1046196
1046197
1046198
1046199
1046200
1046201
1046202
1046203
1046204
1046205
1046206
1046207
1046208
1046209
1046210
1046211
1046212
1046213
1046214
1046215
1046216
1046217
1046218
1046219
1046221
1046222
1046223
1046224
1046225
1046226
1046227
1046228
1046229
1046230
1046231
1046232
1046233
1046234
1046235
1046236
1046237
1046238
1046239
1046240
1046241
1046242
1046243
1046244
1046246
1046247
1046248
1046249
1046250
1046251
1046252
1046253
1046254
1046255
1046256
1046258
1046259
1046260
1046261
1046262
1046263
1046264
1046265
1046266
1046267
1046268
1046269
1046270
1046271
1046272
1046273
1046274
1046275
1046276
1046277
1046278
1046279
1046280
1046281
1046282
1046283
1046284
1046285
1046286
1046287
1046288
1046290
1046291
1046293
1046294
1046295
1046296
1046297
1046298
1046299
1046300
1046301
1046302
1046303
1046304
1046305
1046307
1046308
1046309
1046310
1046311
1046312
1046313
1046314
1046315
1046316
1046317
1046318
1046319
1046320
1046321
1046322
1046323
1046324
1046325
1046326
1046327
1046328
1046329
1046330
1046331
1046332
1046333
1046334
1046335
1046336
1046337
1046339
1046340
1046341
1046342
1046343
1046344
1046345
1046348
1046349
1046350
1046351
1046352
1046353
1046354
1046355
1046356
1046357
1046358
1046359
1046360
1046362
1046363
1046365
1046366
1046367
1046368
1046369
1046370
1046371
1046372
1046373
1046374
1046375
1046376
1046377
1046378
1046379
1046380
1046381
1046382
1046383
1046384
1046385
1046386
1046387
1046388
1046389
1046390
1046391
1046392
1046393
1046394
1046395
1046396
1046397
1046398
1046399
1046400
1046401
1046402
1046403
1046404
1046405
1046406
1046407
1046408
1046409
1046410
1046411
1046412
1046413
1046414
1046415
1046416
1046417
1046418
1046419
1046421
1046422
1046423
1046424
1046425
1046426
1046427
1046428
1046429
1046430
1046431
1046432
1046433
1046434
1046435
1046436
1046437
1046438
1046439
1046440
1046441
1046443
1046444
1046445
1046446
1046447
1046448
1046449
1046450
1046451
1046452
1046453
1046454
1046455
1046456
1046457
1046458
1046459
1046460
1046461
1046462
1046463
1046464
1046465
1046466
1046467
1046468
1046469
1046470
1046471
1046472
1046473
1046474
1046475
1046476
1046477
1046478
1046479
1046480
1046481
1046482
1046483
1046484
1046485
1046486
1046487
1046488
1046489
1046490
1046491
1046492
1046493
1046494
1046495
1046496
1046497
1046498
1046499
1046500
1046501
1046502
1046503
1046504
1046505
1046506
1046507
1046508
1046509
1046510
1046511
1046512
1046513
1046514
1046515
1046517
1046518
1046519
1046520
1046521
1046522
1046523
1046524
1046525
1046526
1046527
1046528
1046529
1046531
1046532
1046533
1046534
1046535
1046536
1046537
1046538
1046539
1046540
1046541
1046542
1046543
1046545
1046546
1046547
1046548
1046549
1046550
1046551
1046552
1046553
1046554
1046555
1046556
1046557
1046558
1046559
1046560
1046561
1046562
1046563
1046564
1046566
1046568
1046569
1046570
1046571
1046572
1046573
1046574
1046575
1046576
1046577
1046578
1046579
1046580
1046581
1046582
1046583
1046584
1046585
1046586
1046587
1046588
1046589
1046591
1046592
1046593
1046594
1046596
1046597
1046598
1046599
1046600
1046601
1046602
1046603
1046605
1046606
1046607
1046608
1046610
1046611
1046612
1046613
1046614
1046615
1046617
1046618
1046619
1046620
1046621
1046622
1046624
1046625
1046626
1046627
1046628
1046629
1046630
1046631
1046632
1046633
1046634
1046635
1046636
1046637
1046638
1046639
1046640
1046642
1046643
1046644
1046645
1046646
1046647
1046648
1046649
1046650
1046651
1046652
1046653
1046654
1046655
1046656
1046657
1046658
1046659
1046660
1046661
1046662
1046663
1046664
1046665
1046666
1046667
1046668
1046669
1046670
1046671
1046673
1046674
1046675
1046676
1046677
1046678
1046679
1046680
1046681
1046682
1046683
1046684
1046686
1046687
1046688
1046689
1046690
1046691
1046692
1046693
1046694
1046695
1046696
1046697
1046698
1046699
1046700
1046701
1046702
1046703
1046704
1046705
1046706
1046707
1046708
1046709
1046710
1046711
1046712
1046713
1046714
1046715
1046716
1046717
1046718
1046719
1046720
1046721
1046722
1046723
1046724
1046725
1046726
1046727
1046728
1046729
1046730
1046731
1046732
1046733
1046734
1046735
1046736
1046737
1046738
1046741
1046742
1046743
1046744
1046745
1046746
1046747
1046748
1046749
1046750
1046751
1046753
1046754
1046755
1046756
1046757
1046758
1046759
1046760
1046761
1046762
1046763
1046764
1046765
1046766
1046767
1046768
1046769
1046770
1046771
1046772
1046773
1046774
1046775
1046776
1046777
1046778
1046779
1046781
1046783
1046784
1046785
1046786
1046787
1046788
1046789
1046790
1046791
1046792
1046793
1046794
1046796
1046797
1046798
1046799
1046802
1046803
1046804
1046805
1046806
1046807
1046808
1046809
1046810
1046811
1046812
1046813
1046814
1046815
1046816
1046817
1046818
1046819
1046820
1046822
1046823
1046824
1046825
1046826
1046827
1046828
1046829
1046830
1046833
1046834
1046835
1046836
1046837
1046839
1046840
1046843
1046844
1046845
1046846
1046847
1046848
1046849
1046850
1046851
1046852
1046853
1046854
1046855
1046856
1046857
1046859
1046860
1046861
1046862
1046863
1046864
1046865
1046866
1046867
1046868
1046870
1046871
1046872
1046873
1046874
1046875
1046876
1046877
1046878
1046879
1046880
1046881
1046882
1046883
1046884
1046885
1046887
1046888
1046889
1046890
1046891
1046892
1046893
1046894
1046895
1046896
1046897
1046898
1046899
1046900
1046901
1046902
1046903
1046904
1046905
1046907
1046908
1046909
1046910
1046911
1046912
1046914
1046915
1046916
1046917
1046918
1046919
1046920
1046921
1046922
1046923
1046924
1046925
1046926
1046927
1046928
1046929
1046930
1046931
1046932
1046933
1046934
1046935
1046936
1046937
1046938
1046940
1046941
1046942
1046943
1046944
1046945
1046946
1046947
1046948
1046949
1046950
1046951
1046952
1046953
1046954
1046955
1046956
1046957
1046958
1046959
1046960
1046961
1046962
1046963
1046964
1046965
1046966
1046967
1046968
1046969
1046970
1046971
1046972
1046973
1046974
1046975
1046976
1046977
1046978
1046979
1046980
1046981
1046982
1046983
1046984
1046985
1046986
1046987
1046988
1046989
1046990
1046991
1046992
1046993
1046994
1046995
1046996
1046997
1046998
1046999
1047000
1047001
1047003
1047004
1047005
1047006
1047007
1047008
1047009
1047010
1047011
1047012
1047013
1047014
1047015
1047016
1047017
1047018
1047019
1047020
1047021
1047022
1047023
1047024
1047025
1047026
1047027
1047028
1047029
1047030
1047031
1047032
1047034
1047035
1047036
1047037
1047038
1047039
1047040
1047041
1047042
1047043
1047045
1047046
1047047
1047048
1047049
1047050
1047051
1047052
1047053
1047054
1047055
1047056
1047057
1047059
1047060
1047061
1047062
1047063
1047064
1047065
1047066
1047067
1047068
1047069
1047070
1047071
1047072
1047073
1047074
1047075
1047076
1047077
1047078
1047079
1047080
1047081
1047082
1047083
1047084
1047085
1047086
1047087
1047088
1047089
1047090
1047091
1047092
1047093
1047094
1047095
1047096
1047097
1047098
1047099
1047100
1047101
1047102
1047103
1047104
1047105
1047106
1047107
1047108
1047109
1047110
1047111
1047112
1047113
1047114
1047115
1047116
1047117
1047118
1047119
1047120
1047121
1047122
1047123
1047124
1047125
1047126
1047128
1047129
1047130
1047131
1047132
1047133
1047134
1047135
1047136
1047138
1047139
1047140
1047141
1047142
1047143
1047144
1047145
1047146
1047147
1047148
1047150
1047151
1047152
1047153
1047154
1047155
1047156
1047157
1047158
1047159
1047160
1047161
1047162
1047163
1047165
1047166
1047167
1047168
1047169
1047170
1047171
1047176
1047177
1047180
1047181
1047182
1047184
1047185
1047186
1047187
1047188
1047189
1047190
1047191
1047192
1047193
1047194
1047195
1047196
1047197
1047198
1047199
1047200
1047201
1047202
1047203
1047204
1047205
1047206
1047207
1047208
1047210
1047211
1047212
1047213
1047214
1047215
1047216
1047217
1047218
1047219
1047220
1047221
1047222
1047223
1047224
1047225
1047226
1047227
1047228
1047229
1047230
1047232
1047233
1047234
1047235
1047236
1047237
1047238
1047239
1047240
1047241
1047242
1047243
1047244
1047245
1047246
1047247
1047248
1047249
1047250
1047251
1047252
1047253
1047255
1047256
1047257
1047258
1047259
1047260
1047261
1047262
1047263
1047264
1047265
1047266
1047267
1047268
1047269
1047270
1047271
1047272
1047273
1047274
1047275
1047276
1047277
1047278
1047279
1047280
1047281
1047282
1047283
1047284
1047285
1047286
1047287
1047288
1047289
1047290
1047291
1047292
1047293
1047294
1047295
1047296
1047297
1047298
1047299
1047300
1047301
1047302
1047303
1047305
1047306
1047307
1047308
1047310
1047311
1047312
1047314
1047315
1047316
1047317
1047318
1047319
1047320
1047322
1047323
1047324
1047325
1047327
1047328
1047329
1047331
1047332
1047333
1047335
1047336
1047337
1047338
1047339
1047340
1047341
1047342
1047343
1047344
1047345
1047346
1047347
1047348
1047349
1047350
1047351
1047352
1047353
1047354
1047355
1047356
1047357
1047358
1047359
1047360
1047361
1047362
1047363
1047364
1047365
1047366
1047367
1047368
1047369
1047370
1047371
1047372
1047373
1047374
1047375
1047376
1047377
1047378
1047379
1047380
1047381
1047382
1047383
1047384
1047385
1047386
1047387
1047388
1047389
1047390
1047391
1047392
1047393
1047394
1047395
1047396
1047397
1047398
1047399
1047400
1047401
1047402
1047403
1047404
1047405
1047406
1047407
1047408
1047409
1047410
1047411
1047412
1047413
1047414
1047415
1047416
1047417
1047418
1047419
1047420
1047421
1047422
1047423
1047425
1047426
1047427
1047428
1047429
1047430
1047431
1047432
1047433
1047434
1047435
1047436
1047437
1047438
1047439
1047440
1047441
1047442
1047443
1047444
1047445
1047446
1047447
1047448
1047449
1047450
1047451
1047452
1047453
1047454
1047455
1047456
1047457
1047458
1047459
1047460
1047461
1047462
1047463
1047464
1047465
1047466
1047467
1047468
1047469
1047470
1047471
1047472
1047473
1047474
1047477
1047478
1047481
1047482
1047484
1047485
1047486
1047487
1047488
1047489
1047492
1047493
1047494
1047495
1047496
1047497
1047499
1047500
1047501
1047503
1047504
1047505
1047506
1047507
1047508
1047509
1047510
1047511
1047512
1047513
1047514
1047515
1047516
1047519
1047520
1047521
1047522
1047523
1047524
1047525
1047526
1047528
1047529
1047530
1047531
1047535
1047536
1047537
1047538
1047539
1047540
1047541
1047542
1047543
1047544
1047545
1047546
1047547
1047548
1047549
1047550
1047551
1047552
1047553
1047555
1047556
1047557
1047558
1047559
1047560
1047561
1047562
1047563
1047564
1047565
1047566
1047567
1047568
1047569
1047570
1047571
1047572
1047573
1047574
1047575
1047576
1047577
1047578
1047579
1047580
1047581
1047582
1047583
1047584
1047585
1047586
1047587
1047588
1047589
1047590
1047591
1047592
1047593
1047594
1047595
1047596
1047597
1047598
1047599
1047600
1047601
1047602
1047604
1047605
1047606
1047608
1047609
1047610
1047611
1047612
1047613
1047614
1047615
1047616
1047617
1047618
1047619
1047620
1047621
1047622
1047623
1047624
1047625
1047626
1047627
1047629
1047630
1047632
1047634
1047635
1047636
1047637
1047638
1047639
1047640
1047641
1047642
1047643
1047644
1047645
1047646
1047647
1047648
1047649
1047651
1047652
1047653
1047654
1047655
1047657
1047658
1047659
1047660
1047661
1047662
1047663
1047664
1047665
1047666
1047667
1047668
1047669
1047670
1047671
1047672
1047673
1047674
1047675
1047676
1047677
1047678
1047679
1047680
1047681
1047682
1047683
1047684
1047685
1047686
1047687
1047688
1047689
1047690
1047691
1047692
1047693
1047694
1047696
1047697
1047698
1047699
1047700
1047701
1047702
1047703
1047704
1047705
1047706
1047707
1047708
1047709
1047710
1047711
1047712
1047713
1047714
1047715
1047716
1047717
1047718
1047719
1047720
1047721
1047722
1047724
1047726
1047727
1047728
1047729
1047730
1047731
1047732
1047733
1047734
1047735
1047736
1047737
1047738
1047739
1047740
1047741
1047742
1047743
1047744
1047745
1047746
1047747
1047750
1047751
1047752
1047753
1047754
1047755
1047757
1047758
1047761
1047762
1047763
1047764
1047765
1047766
1047767
1047768
1047769
1047770
1047771
1047773
1047774
1047775
1047776
1047777
1047778
1047779
1047780
1047781
1047782
1047783
1047784
1047785
1047786
1047787
1047788
1047789
1047790
1047791
1047792
1047793
1047794
1047795
1047796
1047798
1047800
1047801
1047802
1047803
1047804
1047805
1047806
1047807
1047809
1047810
1047811
1047812
1047813
1047814
1047815
1047816
1047817
1047818
1047819
1047820
1047821
1047822
1047823
1047824
1047825
1047826
1047827
1047830
1047831
1047833
1047834
1047836
1047837
1047839
1047840
1047841
1047842
1047843
1047844
1047845
1047846
1047847
1047848
1047849
1047850
1047851
1047852
1047853
1047854
1047855
1047856
1047857
1047858
1047859
1047860
1047861
1047862
1047863
1047864
1047865
1047866
1047868
1047869
1047870
1047871
1047872
1047873
1047874
1047876
1047877
1047878
1047879
1047880
1047881
1047882
1047883
1047884
1047885
1047886
1047887
1047888
1047889
1047890
1047891
1047892
1047893
1047894
1047895
1047896
1047897
1047898
1047900
1047901
1047902
1047903
1047904
1047905
1047906
1047907
1047908
1047909
1047910
1047911
1047912
1047913
1047914
1047915
1047916
1047917
1047918
1047919
1047920
1047921
1047922
1047923
1047924
1047925
1047926
1047927
1047930
1047931
1047932
1047933
1047934
1047936
1047937
1047938
1047939
1047940
1047941
1047942
1047943
1047944
1047945
1047946
1047947
1047948
1047949
1047950
1047951
1047952
1047953
1047954
1047955
1047956
1047957
1047958
1047959
1047960
1047961
1047962
1047963
1047964
1047965
1047966
1047967
1047968
1047969
1047970
1047971
1047972
1047973
1047974
1047975
1047976
1047977
1047978
1047979
1047980
1047981
1047982
1047983
1047984
1047985
1047986
1047987
1047988
1047989
1047990
1047991
1047992
1047993
1047994
1047995
1047996
1047997
1047998
1047999
1048000
1048001
1048002
1048003
1048004
1048005
1048006
1048007
1048008
1048009
1048010
1048011
1048012
1048013
1048014
1048015
1048016
1048017
1048018
1048019
1048020
1048021
1048022
1048024
1048025
1048026
1048027
1048029
1048030
1048031
1048032
1048034
1048035
1048036
1048037
1048038
1048039
1048040
1048041
1048042
1048043
1048044
1048046
1048047
1048048
1048049
1048052
1048053
1048054
1048055
1048056
1048057
1048058
1048059
1048060
1048061
1048062
1048063
1048064
1048065
1048066
1048067
1048068
1048069
1048070
1048071
1048072
1048073
1048074
1048075
1048076
1048077
1048078
1048080
1048081
1048082
1048083
1048084
1048085
1048086
1048087
1048088
1048089
1048090
1048091
1048092
1048093
1048094
1048095
1048096
1048097
1048098
1048099
1048100
1048102
1048105
1048106
1048107
1048108
1048109
1048110
1048111
1048112
1048113
1048114
1048115
1048116
1048117
1048118
1048119
1048120
1048121
1048122
1048123
1048125
1048126
1048128
1048129
1048130
1048131
1048133
1048134
1048135
1048136
1048137
1048138
1048139
1048140
1048141
1048142
1048143
1048144
1048145
1048146
1048147
1048148
1048149
1048150
1048151
1048153
1048154
1048156
1048157
1048158
1048159
1048161
1048162
1048163
1048164
1048165
1048166
1048168
1048169
1048170
1048171
1048172
1048173
1048174
1048175
1048176
1048177
1048178
1048179
1048180
1048181
1048182
1048183
1048184
1048185
1048186
1048187
1048188
1048189
1048190
1048191
1048192
1048193
1048194
1048195
1048196
1048198
1048199
1048200
1048201
1048202
1048203
1048204
1048205
1048206
1048208
1048209
1048210
1048211
1048212
1048213
1048214
1048215
1048216
1048217
1048218
1048219
1048220
1048221
1048222
1048223
1048224
1048225
1048227
1048228
1048229
1048230
1048231
1048232
1048233
1048234
1048235
1048237
1048238
1048239
1048241
1048242
1048243
1048244
1048245
1048246
1048248
1048249
1048250
1048251
1048252
1048253
1048254
1048255
1048256
1048257
1048258
1048259
1048260
1048261
1048262
1048263
1048264
1048265
1048266
1048267
1048268
1048269
1048270
1048271
1048272
1048273
1048274
1048275
1048276
1048277
1048278
1048279
1048280
1048281
1048283
1048284
1048285
1048286
1048287
1048288
1048289
1048290
1048291
1048292
1048293
1048294
1048295
1048296
1048297
1048298
1048299
1048300
1048301
1048302
1048303
1048304
1048305
1048307
1048308
1048309
1048310
1048311
1048313
1048314
1048315
1048316
1048318
1048319
1048320
1048321
1048322
1048323
1048324
1048326
1048327
1048328
1048330
1048331
1048332
1048333
1048334
1048335
1048336
1048337
1048338
1048339
1048340
1048342
1048343
1048344
1048345
1048347
1048349
1048350
1048351
1048352
1048353
1048354
1048355
1048356
1048357
1048358
1048359
1048360
1048361
1048362
1048363
1048364
1048365
1048366
1048367
1048368
1048369
1048370
1048371
1048372
1048373
1048374
1048375
1048376
1048377
1048378
1048379
1048380
1048381
1048382
1048383
1048384
1048385
1048386
1048387
1048388
1048389
1048390
1048391
1048392
1048393
1048394
1048395
1048396
1048397
1048398
1048399
1048400
1048401
1048402
1048403
1048404
1048405
1048406
1048407
1048408
1048409
1048410
1048411
1048412
1048413
1048414
1048415
1048416
1048417
1048418
1048419
1048420
1048421
1048422
1048424
1048425
1048426
1048427
1048428
1048429
1048430
1048431
1048432
1048433
1048434
1048435
1048436
1048437
1048438
1048439
1048440
1048441
1048442
1048443
1048444
1048445
1048446
1048447
1048448
1048449
1048450
1048451
1048452
1048453
1048454
1048455
1048456
1048457
1048458
1048459
1048460
1048461
1048462
1048463
1048464
1048465
1048466
1048467
1048468
1048469
1048470
1048471
1048472
1048473
1048474
1048475
1048476
1048477
1048478
1048479
1048480
1048481
1048482
1048483
1048484
1048485
1048486
1048487
1048488
1048489
1048490
1048491
1048492
1048493
1048494
1048495
1048496
1048497
1048498
1048499
1048500
1048501
1048502
1048503
1048504
1048505
1048506
1048507
1048508
1048509
1048510
1048511
1048512
1048513
1048514
1048515
1048516
1048517
1048519
1048520
1048521
1048522
1048523
1048524
1048525
1048526
1048527
1048528
1048529
1048530
1048531
1048532
1048533
1048534
1048535
1048536
1048537
1048538
1048539
1048540
1048541
1048542
1048543
1048544
1048545
1048546
1048547
1048548
1048549
1048550
1048551
1048552
1048553
1048554
1048556
1048557
1048558
1048559
1048560
1048562
1048563
1048564
1048565
1048566
1048567
1048568
1048569
1048570
1048571
1048572
1048573
1048574
1048575
1048576
1048578
1048579
1048580
1048581
1048582
1048583
1048584
1048586
1048587
1048588
1048589
1048591
1048592
1048593
1048594
1048595
1048596
1048597
1048598
1048599
1048600
1048601
1048602
1048603
1048605
1048606
1048607
1048608
1048609
1048610
1048611
1048612
1048613
1048614
1048615
1048617
1048618
1048619
1048620
1048621
1048622
1048623
1048625
1048626
1048627
1048628
1048629
1048630
1048631
1048632
1048635
1048636
1048638
1048639
1048640
1048641
1048642
1048643
1048644
1048645
1048646
1048647
1048648
1048649
1048650
1048651
1048652
1048653
1048654
1048655
1048656
1048657
1048658
1048659
1048660
1048661
1048662
1048663
1048664
1048665
1048666
1048667
1048668
1048669
1048670
1048671
1048672
1048674
1048675
1048676
1048678
1048679
1048680
1048681
1048682
1048683
1048684
1048685
1048686
1048687
1048688
1048689
1048691
1048692
1048693
1048694
1048695
1048696
1048697
1048698
1048699
1048700
1048701
1048702
1048703
1048704
1048705
1048706
1048708
1048709
1048710
1048711
1048712
1048713
1048714
1048715
1048716
1048718
1048719
1048721
1048722
1048723
1048724
1048725
1048726
1048727
1048728
1048729
1048730
1048731
1048732
1048733
1048734
1048735
1048736
1048737
1048738
1048739
1048740
1048741
1048742
1048743
1048744
1048745
1048746
1048747
1048748
1048749
1048750
1048751
1048752
1048753
1048754
1048755
1048756
1048757
1048758
1048759
1048760
1048761
1048762
1048763
1048764
1048765
1048766
1048767
1048768
1048769
1048770
1048771
1048772
1048773
1048774
1048775
1048776
1048777
1048778
1048779
1048780
1048781
1048782
1048783
1048784
1048785
1048786
1048787
1048788
1048789
1048790
1048791
1048792
1048793
1048794
1048795
1048796
1048797
1048798
1048799
1048800
1048801
1048802
1048803
1048804
1048805
1048806
1048808
1048809
1048810
1048813
1048814
1048815
1048816
1048817
1048818
1048819
1048820
1048821
1048822
1048823
1048824
1048825
1048826
1048827
1048828
1048829
1048830
1048831
1048832
1048833
1048834
1048835
1048836
1048837
1048838
1048839
1048840
1048841
1048842
1048843
1048845
1048846
1048847
1048850
1048851
1048852
1048853
1048854
1048855
1048856
1048857
1048858
1048859
1048860
1048861
1048862
1048863
1048864
1048865
1048866
1048867
1048868
1048870
1048871
1048872
1048873
1048874
1048875
1048876
1048877
1048878
1048879
1048880
1048881
1048882
1048883
1048884
1048885
1048886
1048887
1048888
1048889
1048890
1048891
1048892
1048893
1048894
1048895
1048896
1048897
1048898
1048899
1048900
1048901
1048902
1048903
1048904
1048905
1048906
1048907
1048908
1048909
1048911
1048912
1048913
1048914
1048915
1048916
1048917
1048918
1048919
1048920
1048922
1048923
1048924
1048925
1048926
1048927
1048928
1048929
1048930
1048931
1048932
1048933
1048934
1048935
1048936
1048937
1048938
1048939
1048940
1048941
1048943
1048944
1048945
1048946
1048947
1048948
1048949
1048951
1048952
1048953
1048954
1048955
1048956
1048957
1048958
1048959
1048960
1048961
1048964
1048965
1048966
1048967
1048968
1048969
1048970
1048971
1048972
1048973
1048974
1048975
1048976
1048977
1048978
1048979
1048980
1048982
1048983
1048984
1048985
1048986
1048987
1048988
1048989
1048990
1048991
1048994
1048995
1048996
1048997
1048998
1048999
1049000
1049001
1049002
1049003
1049004
1049005
1049006
1049007
1049008
1049009
1049011
1049012
1049013
1049014
1049015
1049016
1049017
1049018
1049019
1049020
1049021
1049022
1049023
1049024
1049025
1049026
1049027
1049028
1049029
1049030
1049031
1049032
1049033
1049034
1049035
1049036
1049037
1049038
1049039
1049041
1049042
1049043
1049044
1049045
1049046
1049047
1049048
1049049
1049050
1049051
1049052
1049053
1049054
1049056
1049057
1049058
1049059
1049060
1049061
1049062
1049063
1049064
1049065
1049066
1049067
1049068
1049069
1049070
1049072
1049073
1049074
1049075
1049076
1049077
1049078
1049079
1049080
1049081
1049082
1049083
1049084
1049085
1049086
1049087
1049088
1049089
1049090
1049091
1049092
1049093
1049094
1049095
1049096
1049098
1049099
1049100
1049101
1049102
1049103
1049104
1049106
1049107
1049110
1049111
1049112
1049113
1049114
1049116
1049117
1049118
1049119
1049120
1049121
1049122
1049123
1049124
1049125
1049126
1049127
1049128
1049129
1049130
1049131
1049132
1049133
1049134
1049135
1049136
1049137
1049139
1049140
1049141
1049142
1049143
1049144
1049145
1049147
1049148
1049149
1049150
1049151
1049152
1049153
1049154
1049155
1049156
1049157
1049158
1049159
1049160
1049161
1049162
1049163
1049164
1049165
1049166
1049167
1049168
1049170
1049171
1049172
1049173
1049174
1049175
1049176
1049177
1049178
1049179
1049180
1049181
1049182
1049183
1049184
1049185
1049186
1049187
1049188
1049189
1049190
1049191
1049192
1049193
1049194
1049195
1049196
1049197
1049198
1049199
1049200
1049202
1049203
1049204
1049206
1049207
1049208
1049210
1049211
1049212
1049213
1049214
1049215
1049216
1049217
1049218
1049219
1049220
1049221
1049222
1049223
1049224
1049225
1049226
1049227
1049228
1049229
1049230
1049231
1049232
1049233
1049234
1049235
1049236
1049237
1049239
1049240
1049241
1049242
1049243
1049244
1049246
1049249
1049250
1049251
1049252
1049253
1049256
1049257
1049258
1049259
1049260
1049261
1049262
1049263
1049264
1049265
1049266
1049267
1049268
1049269
1049270
1049271
1049272
1049273
1049274
1049275
1049276
1049277
1049278
1049279
1049280
1049281
1049282
1049283
1049284
1049285
1049286
1049287
1049288
1049289
1049290
1049291
1049292
1049293
1049294
1049295
1049296
1049300
1049301
1049302
1049303
1049304
1049306
1049307
1049309
1049310
1049311
1049312
1049313
1049315
1049316
1049317
1049318
1049319
1049321
1049322
1049323
1049324
1049325
1049326
1049327
1049328
1049329
1049330
1049331
1049332
1049333
1049334
1049335
1049336
1049337
1049338
1049339
1049340
1049341
1049342
1049343
1049344
1049345
1049346
1049347
1049348
1049349
1049350
1049351
1049352
1049353
1049356
1049357
1049358
1049359
1049360
1049361
1049362
1049363
1049364
1049365
1049366
1049367
1049368
1049369
1049370
1049371
1049372
1049373
1049374
1049375
1049376
1049378
1049380
1049381
1049382
1049383
1049384
1049385
1049386
1049387
1049388
1049389
1049390
1049391
1049392
1049394
1049395
1049396
1049397
1049398
1049400
1049401
1049403
1049404
1049405
1049406
1049407
1049408
1049409
1049410
1049411
1049413
1049414
1049415
1049416
1049417
1049418
1049419
1049421
1049422
1049423
1049424
1049425
1049426
1049427
1049428
1049429
1049430
1049431
1049432
1049433
1049434
1049435
1049436
1049437
1049438
1049439
1049440
1049441
1049442
1049443
1049444
1049445
1049446
1049447
1049448
1049449
1049450
1049451
1049454
1049455
1049457
1049459
1049460
1049461
1049462
1049463
1049464
1049465
1049466
1049467
1049468
1049469
1049470
1049471
1049473
1049475
1049476
1049477
1049478
1049479
1049480
1049481
1049482
1049483
1049485
1049486
1049487
1049488
1049489
1049490
1049491
1049493
1049495
1049496
1049497
1049498
1049499
1049500
1049501
1049502
1049503
1049504
1049505
1049506
1049507
1049508
1049509
1049511
1049512
1049513
1049514
1049515
1049516
1049517
1049518
1049519
1049520
1049521
1049522
1049523
1049524
1049525
1049527
1049528
1049529
1049531
1049532
1049534
1049535
1049536
1049537
1049538
1049539
1049540
1049541
1049542
1049543
1049544
1049545
1049546
1049547
1049548
1049549
1049550
1049551
1049552
1049553
1049554
1049555
1049556
1049557
1049558
1049560
1049561
1049562
1049563
1049564
1049565
1049566
1049567
1049568
1049569
1049570
1049571
1049572
1049573
1049574
1049575
1049576
1049577
1049578
1049579
1049580
1049581
1049582
1049583
1049584
1049585
1049586
1049587
1049588
1049589
1049590
1049591
1049592
1049593
1049594
1049595
1049596
1049597
1049598
1049599
1049600
1049601
1049602
1049603
1049604
1049605
1049606
1049608
1049609
1049610
1049611
1049612
1049613
1049614
1049615
1049616
1049618
1049619
1049621
1049622
1049623
1049624
1049625
1049626
1049627
1049628
1049629
1049630
1049631
1049632
1049633
1049634
1049635
1049637
1049638
1049639
1049640
1049641
1049642
1049643
1049644
1049645
1049646
1049647
1049648
1049649
1049650
1049651
1049652
1049653
1049654
1049655
1049656
1049658
1049659
1049660
1049661
1049662
1049663
1049664
1049665
1049666
1049668
1049669
1049670
1049671
1049672
1049673
1049674
1049676
1049677
1049678
1049679
1049680
1049681
1049682
1049683
1049684
1049685
1049686
1049687
1049688
1049689
1049690
1049691
1049692
1049694
1049695
1049696
1049697
1049698
1049699
1049700
1049701
1049702
1049703
1049704
1049706
1049707
1049708
1049709
1049710
1049711
1049712
1049713
1049714
1049715
1049716
1049717
1049718
1049719
1049720
1049721
1049722
1049723
1049724
1049725
1049726
1049727
1049728
1049729
1049730
1049731
1049732
1049733
1049734
1049735
1049736
1049737
1049738
1049739
1049740
1049741
1049742
1049743
1049744
1049745
1049746
1049747
1049748
1049749
1049750
1049751
1049752
1049753
1049754
1049755
1049756
1049758
1049759
1049760
1049761
1049762
1049763
1049764
1049765
1049766
1049767
1049768
1049769
1049770
1049771
1049772
1049773
1049774
1049775
1049776
1049777
1049778
1049779
1049780
1049781
1049782
1049783
1049784
1049785
1049786
1049787
1049788
1049789
1049790
1049791
1049792
1049793
1049795
1049796
1049797
1049798
1049799
1049801
1049802
1049803
1049805
1049806
1049807
1049808
1049809
1049810
1049811
1049812
1049813
1049814
1049815
1049816
1049817
1049818
1049819
1049820
1049821
1049822
1049823
1049824
1049825
1049826
1049827
1049828
1049829
1049830
1049831
1049832
1049833
1049834
1049835
1049836
1049837
1049838
1049839
1049840
1049841
1049842
1049843
1049844
1049845
1049846
1049847
1049848
1049849
1049850
1049851
1049852
1049853
1049854
1049855
1049856
1049857
1049858
1049859
1049860
1049861
1049862
1049863
1049864
1049865
1049866
1049867
1049868
1049869
1049870
1049871
1049872
1049873
1049874
1049875
1049876
1049877
1049878
1049879
1049880
1049881
1049882
1049883
1049884
1049885
1049886
1049887
1049888
1049889
1049890
1049891
1049892
1049893
1049894
1049895
1049899
1049900
1049901
1049902
1049903
1049904
1049905
1049906
1049908
1049910
1049911
1049912
1049913
1049914
1049916
1049917
1049918
1049919
1049920
1049921
1049922
1049923
1049924
1049925
1049926
1049927
1049928
1049929
1049930
1049931
1049932
1049933
1049934
1049935
1049936
1049937
1049938
1049939
1049940
1049941
1049942
1049943
1049944
1049945
1049946
1049947
1049948
1049949
1049950
1049951
1049952
1049953
1049954
1049955
1049956
1049957
1049958
1049959
1049960
1049961
1049962
1049963
1049964
1049965
1049966
1049967
1049968
1049969
1049970
1049971
1049972
1049973
1049974
1049975
1049976
1049977
1049978
1049979
1049980
1049981
1049982
1049983
1049984
1049985
1049986
1049987
1049988
1049989
1049990
1049991
1049992
1049993
1049994
1049996
1049997
1049998
1049999
1050000
1050001
1050003
1050004
1050005
1050006
1050007
1050008
1050009
1050010
1050011
1050012
1050013
1050014
1050015
1050016
1050017
1050018
1050019
1050020
1050021
1050022
1050023
1050024
1050025
1050026
1050027
1050028
1050029
1050030
1050031
1050032
1050033
1050034
1050035
1050036
1050037
1050038
1050039
1050040
1050041
1050042
1050043
1050044
1050045
1050046
1050047
1050048
1050049
1050050
1050051
1050052
1050053
1050054
1050055
1050056
1050057
1050058
1050059
1050060
1050061
1050062
1050063
1050064
1050065
1050066
1050067
1050068
1050069
1050070
1050071
1050072
1050073
1050074
1050075
1050076
1050077
1050078
1050079
1050080
1050081
1050083
1050084
1050085
1050087
1050088
1050089
1050090
1050092
1050093
1050094
1050095
1050096
1050097
1050099
1050100
1050101
1050102
1050103
1050104
1050105
1050108
1050110
1050111
1050112
1050115
1050116
1050117
1050118
1050119
1050120
1050121
1050122
1050123
1050124
1050125
1050126
1050127
1050128
1050129
1050130
1050131
1050132
1050133
1050134
1050135
1050136
1050137
1050138
1050139
1050140
1050141
1050142
1050144
1050145
1050146
1050147
1050148
1050149
1050150
1050151
1050152
1050153
1050154
1050155
1050156
1050158
1050159
1050160
1050161
1050162
1050163
1050164
1050165
1050166
1050167
1050168
1050169
1050170
1050171
1050172
1050173
1050174
1050175
1050176
1050177
1050178
1050179
1050180
1050181
1050182
1050183
1050184
1050185
1050186
1050187
1050188
1050190
1050191
1050192
1050193
1050194
1050195
1050196
1050197
1050198
1050199
1050200
1050201
1050202
1050203
1050204
1050205
1050206
1050207
1050208
1050209
1050210
1050211
1050213
1050214
1050217
1050218
1050219
1050220
1050221
1050222
1050223
1050224
1050225
1050226
1050227
1050228
1050229
1050230
1050231
1050232
1050233
1050234
1050235
1050236
1050237
1050238
1050239
1050241
1050242
1050243
1050244
1050246
1050247
1050248
1050249
1050250
1050251
1050252
1050253
1050254
1050255
1050256
1050257
1050258
1050259
1050261
1050263
1050264
1050265
1050266
1050267
1050268
1050269
1050270
1050271
1050272
1050273
1050275
1050276
1050277
1050278
1050279
1050280
1050281
1050282
1050285
1050286
1050287
1050288
1050289
1050290
1050292
1050293
1050295
1050296
1050298
1050301
1050302
1050303
1050304
1050305
1050306
1050307
1050308
1050309
1050310
1050311
1050312
1050314
1050315
1050316
1050317
1050318
1050319
1050320
1050321
1050322
1050323
1050324
1050325
1050326
1050327
1050328
1050329
1050330
1050331
1050332
1050333
1050334
1050335
1050336
1050337
1050338
1050339
1050340
1050341
1050342
1050343
1050344
1050345
1050347
1050348
1050349
1050350
1050351
1050352
1050353
1050354
1050355
1050356
1050357
1050358
1050359
1050360
1050361
1050362
1050363
1050364
1050365
1050366
1050367
1050368
1050369
1050370
1050371
1050372
1050373
1050374
1050375
1050376
1050377
1050378
1050379
1050380
1050381
1050382
1050383
1050384
1050385
1050386
1050387
1050388
1050389
1050390
1050391
1050393
1050394
1050395
1050396
1050397
1050398
1050399
1050400
1050401
1050402
1050403
1050404
1050405
1050407
1050408
1050409
1050410
1050411
1050413
1050414
1050417
1050423
1050424
1050425
1050427
1050428
1050429
1050430
1050431
1050432
1050433
1050434
1050435
1050436
1050437
1050438
1050439
1050440
1050441
1050442
1050443
1050444
1050445
1050446
1050447
1050448
1050449
1050450
1050451
1050452
1050453
1050454
1050455
1050456
1050457
1050458
1050459
1050460
1050461
1050462
1050463
1050464
1050465
1050466
1050469
1050470
1050472
1050473
1050474
1050475
1050477
1050478
1050479
1050480
1050481
1050482
1050484
1050485
1050486
1050487
1050488
1050489
1050490
1050491
1050492
1050493
1050494
1050495
1050496
1050497
1050498
1050499
1050500
1050501
1050503
1050504
1050505
1050506
1050507
1050508
1050509
1050510
1050511
1050512
1050513
1050514
1050515
1050516
1050517
1050518
1050519
1050520
1050522
1050523
1050524
1050525
1050526
1050527
1050528
1050529
1050530
1050531
1050532
1050533
1050535
1050536
1050537
1050538
1050539
1050540
1050541
1050542
1050543
1050544
1050545
1050546
1050547
1050548
1050549
1050550
1050551
1050552
1050553
1050554
1050555
1050556
1050557
1050558
1050559
1050560
1050561
1050562
1050563
1050564
1050565
1050566
1050567
1050568
1050569
1050570
1050571
1050572
1050573
1050574
1050575
1050576
1050577
1050578
1050579
1050580
1050581
1050582
1050583
1050584
1050585
1050586
1050587
1050588
1050589
1050590
1050591
1050592
1050593
1050594
1050595
1050596
