1056154
1056155
1056156
1056158
1056159
1056160
1056161
1056162
1056163
1056164
1056165
1056166
1056168
1056169
1056170
1056171
1056172
1056173
1056174
1056175
1056176
1056177
1056178
1056179
1056180
1056181
1056182
1056183
1056184
1056185
1056186
1056187
1056188
1056189
1056190
1056191
1056192
1056193
1056194
1056195
1056196
1056197
1056198
1056199
1056200
1056201
1056202
1056203
1056205
1056206
1056207
1056208
1056209
1056210
1056211
1056212
1056213
1056215
1056216
1056217
1056218
1056219
1056220
1056221
1056222
1056223
1056224
1056225
1056226
1056227
1056228
1056229
1056230
1056231
1056232
1056233
1056234
1056235
1056236
1056237
1056238
1056239
1056240
1056242
1056243
1056244
1056245
1056247
1056248
1056249
1056250
1056251
1056252
1056254
1056255
1056256
1056257
1056258
1056259
1056260
1056261
1056262
1056263
1056264
1056265
1056267
1056268
1056269
1056270
1056271
1056272
1056273
1056274
1056275
1056276
1056277
1056278
1056279
1056280
1056281
1056282
1056283
1056284
1056285
1056286
1056287
1056288
1056289
1056290
1056291
1056292
1056293
1056294
1056295
1056296
1056297
1056298
1056299
1056300
1056301
1056302
1056303
1056304
1056305
1056306
1056307
1056308
1056309
1056310
1056311
1056312
1056313
1056314
1056315
1056316
1056317
1056318
1056319
1056320
1056321
1056322
1056323
1056324
1056325
1056326
1056327
1056328
1056329
1056330
1056331
1056332
1056333
1056334
1056335
1056336
1056337
1056338
1056339
1056340
1056341
1056342
1056343
1056344
1056345
1056347
1056348
1056349
1056350
1056351
1056352
1056353
1056354
1056356
1056357
1056358
1056359
1056360
1056362
1056363
1056364
1056366
1056367
1056368
1056369
1056370
1056371
1056372
1056373
1056374
1056375
1056376
1056377
1056378
1056379
1056380
1056381
1056382
1056384
1056385
1056386
1056387
1056388
1056389
1056390
1056391
1056392
1056393
1056394
1056395
1056396
1056397
1056398
1056399
1056400
1056401
1056402
1056403
1056404
1056405
1056406
1056407
1056408
1056409
1056410
1056411
1056412
1056413
1056414
1056415
1056416
1056417
1056418
1056420
1056421
1056422
1056423
1056424
1056425
1056426
1056427
1056428
1056429
1056430
1056431
1056432
1056433
1056434
1056435
1056436
1056437
1056438
1056439
1056440
1056441
1056442
1056443
1056444
1056445
1056446
1056447
1056448
1056449
1056450
1056451
1056452
1056453
1056454
1056455
1056456
1056457
1056458
1056459
1056461
1056462
1056463
1056465
1056466
1056467
1056468
1056469
1056470
1056471
1056472
1056473
1056474
1056475
1056476
1056477
1056478
1056479
1056480
1056482
1056483
1056484
1056485
1056486
1056487
1056488
1056489
1056490
1056491
1056492
1056493
1056494
1056495
1056496
1056497
1056498
1056499
1056500
1056501
1056502
1056503
1056504
1056505
1056506
1056507
1056508
1056509
1056510
1056511
1056512
1056513
1056514
1056515
1056516
1056517
1056518
1056519
1056520
1056521
1056522
1056523
1056524
1056525
1056526
1056528
1056531
1056533
1056534
1056535
1056539
1056540
1056541
1056542
1056543
1056544
1056545
1056546
1056547
1056548
1056550
1056551
1056552
1056553
1056554
1056555
1056556
1056557
1056558
1056559
1056560
1056561
1056562
1056563
1056564
1056566
1056567
1056569
1056571
1056572
1056573
1056574
1056575
1056576
1056577
1056579
1056581
1056582
1056583
1056585
1056586
1056587
1056588
1056589
1056590
1056591
1056593
1056594
1056595
1056596
1056597
1056598
1056599
1056600
1056601
1056602
1056603
1056604
1056605
1056606
1056607
1056608
1056609
1056610
1056611
1056612
1056613
1056614
1056615
1056616
1056617
1056618
1056619
1056620
1056621
1056622
1056623
1056624
1056625
1056626
1056627
1056628
1056629
1056630
1056631
1056632
1056633
1056634
1056635
1056636
1056637
1056638
1056639
1056640
1056641
1056642
1056643
1056644
1056645
1056646
1056647
1056648
1056649
1056650
1056651
1056652
1056653
1056654
1056655
1056656
1056657
1056658
1056659
1056660
1056661
1056663
1056664
1056665
1056667
1056668
1056669
1056670
1056671
1056673
1056674
1056675
1056676
1056677
1056678
1056679
1056680
1056681
1056682
1056683
1056684
1056685
1056686
1056687
1056689
1056690
1056691
1056692
1056694
1056695
1056696
1056697
1056698
1056699
1056700
1056701
1056702
1056703
1056704
1056705
1056706
1056707
1056708
1056709
1056710
1056711
1056712
1056713
1056714
1056715
1056716
1056717
1056718
1056719
1056720
1056721
1056722
1056723
1056725
1056726
1056727
1056728
1056729
1056730
1056731
1056732
1056733
1056734
1056735
1056736
1056737
1056738
1056740
1056741
1056742
1056743
1056744
1056745
1056746
1056747
1056748
1056749
1056750
1056751
1056752
1056753
1056754
1056755
1056756
1056757
1056758
1056759
1056760
1056762
1056763
1056764
1056766
1056767
1056769
1056770
1056771
1056772
1056773
1056774
1056775
1056776
1056777
1056778
1056779
1056780
1056781
1056782
1056783
1056784
1056785
1056786
1056787
1056788
1056789
1056790
1056791
1056792
1056793
1056794
1056795
1056796
1056797
1056798
1056800
1056801
1056802
1056803
1056804
1056805
1056806
1056808
1056809
1056810
1056811
1056812
1056813
1056814
1056815
1056816
1056817
1056818
1056819
1056820
1056821
1056822
1056823
1056824
1056825
1056826
1056827
1056828
1056831
1056832
1056833
1056834
1056838
1056839
1056840
1056841
1056842
1056843
1056844
1056845
1056846
1056847
1056848
1056849
1056850
1056851
1056852
1056853
1056854
1056855
1056856
1056857
1056859
1056860
1056861
1056863
1056865
1056866
1056867
1056868
1056869
1056870
1056871
1056872
1056873
1056874
1056875
1056876
1056877
1056878
1056879
1056880
1056881
1056882
1056883
1056886
1056887
1056888
1056890
1056891
1056892
1056893
1056894
1056895
1056897
1056898
1056899
1056900
1056902
1056903
1056904
1056905
1056908
1056909
1056910
1056911
1056912
1056913
1056914
1056915
1056916
1056917
1056918
1056919
1056921
1056922
1056923
1056924
1056925
1056926
1056927
1056928
1056930
1056931
1056932
1056933
1056934
1056935
1056936
1056937
1056938
1056939
1056940
1056941
1056942
1056943
1056944
1056945
1056946
1056947
1056948
1056949
1056950
1056951
1056952
1056953
1056954
1056955
1056956
1056957
1056958
1056959
1056960
1056961
1056962
1056963
1056964
1056965
1056966
1056968
1056969
1056970
1056971
1056972
1056974
1056975
1056976
1056977
1056978
1056979
1056981
1056982
1056983
1056984
1056985
1056986
1056987
1056988
1056989
1056990
1056991
1056992
1056993
1056994
1056995
1056996
1056997
1056998
1056999
1057000
1057001
1057002
1057003
1057004
1057005
1057006
1057008
1057009
1057010
1057011
1057012
1057013
1057014
1057015
1057016
1057017
1057018
1057019
1057020
1057021
1057022
1057023
1057024
1057025
1057026
1057027
1057028
1057029
1057030
1057031
1057032
1057034
1057035
1057036
1057037
1057038
1057040
1057041
1057042
1057043
1057045
1057046
1057047
1057048
1057049
1057050
1057051
1057052
1057053
1057054
1057055
1057056
1057057
1057058
1057059
1057060
1057061
1057062
1057065
1057066
1057067
1057068
1057069
1057070
1057071
1057072
1057073
1057077
1057078
1057079
1057081
1057082
1057083
1057084
1057085
1057086
1057087
1057088
1057089
1057090
1057091
1057093
1057094
1057095
1057096
1057097
1057098
1057099
1057100
1057101
1057102
1057103
1057104
1057105
1057106
1057107
1057108
1057109
1057110
1057111
1057112
1057113
1057114
1057115
1057116
1057117
1057118
1057119
1057120
1057121
1057123
1057124
1057125
1057126
1057127
1057129
1057130
1057131
1057133
1057134
1057135
1057136
1057137
1057138
1057139
1057140
1057141
1057142
1057143
1057144
1057145
1057146
1057147
1057148
1057149
1057150
1057151
1057152
1057153
1057154
1057155
1057156
1057157
1057158
1057159
1057160
1057161
1057163
1057164
1057166
1057167
1057168
1057169
1057170
1057171
1057172
1057174
1057175
1057176
1057178
1057179
1057180
1057181
1057182
1057183
1057184
1057185
1057186
1057187
1057188
1057190
1057191
1057192
1057193
1057194
1057195
1057196
1057197
1057198
1057199
1057201
1057202
1057203
1057204
1057206
1057207
1057208
1057210
1057212
1057213
1057214
1057215
1057216
1057217
1057218
1057219
1057220
1057221
1057222
1057223
1057225
1057226
1057227
1057228
1057229
1057230
1057231
1057232
1057233
1057234
1057235
1057236
1057237
1057238
1057239
1057240
1057241
1057242
1057243
1057244
1057245
1057246
1057247
1057248
1057249
1057250
1057251
1057252
1057253
1057254
1057255
1057256
1057257
1057258
1057259
1057260
1057261
1057262
1057263
1057264
1057265
1057266
1057268
1057270
1057271
1057272
1057273
1057274
1057275
1057277
1057278
1057279
1057280
1057281
1057282
1057283
1057284
1057285
1057286
1057287
1057288
1057289
1057290
1057291
1057292
1057293
1057294
1057295
1057296
1057298
1057299
1057300
1057301
1057302
1057303
1057304
1057305
1057306
1057307
1057308
1057309
1057310
1057313
1057314
1057315
1057316
1057317
1057318
1057319
1057320
1057321
1057322
1057323
1057324
1057325
1057326
1057327
1057328
1057329
1057330
1057331
1057332
1057333
1057334
1057335
1057336
1057337
1057338
1057339
1057340
1057341
1057342
1057343
1057344
1057345
1057346
1057347
1057348
1057349
1057350
1057351
1057352
1057354
1057355
1057356
1057357
1057358
1057359
1057360
1057361
1057362
1057363
1057364
1057365
1057366
1057368
1057369
1057370
1057372
1057373
1057374
1057375
1057376
1057377
1057378
1057379
1057380
1057381
1057382
1057383
1057384
1057385
1057386
1057387
1057388
1057389
1057390
1057392
1057393
1057394
1057395
1057396
1057398
1057399
1057400
1057401
1057402
1057403
1057404
1057405
1057406
1057407
1057408
1057409
1057410
1057411
1057412
1057413
1057414
1057415
1057416
1057417
1057418
1057419
1057420
1057421
1057422
1057423
1057424
1057425
1057426
1057427
1057428
1057429
1057430
1057431
1057432
1057433
1057434
1057435
1057436
1057437
1057438
1057439
1057440
1057441
1057442
1057443
1057444
1057445
1057446
1057447
1057449
1057450
1057451
1057452
1057453
1057454
1057455
1057456
1057458
1057459
1057460
1057461
1057462
1057464
1057465
1057466
1057467
1057468
1057469
1057470
1057471
1057472
1057473
1057475
1057476
1057477
1057478
1057479
1057480
1057481
1057482
1057483
1057484
1057485
1057486
1057487
1057488
1057489
1057490
1057491
1057492
1057493
1057494
1057495
1057496
1057497
1057498
1057499
1057500
1057501
1057502
1057503
1057504
1057505
1057506
1057507
1057508
1057509
1057510
1057511
1057512
1057513
1057514
1057515
1057516
1057517
1057518
1057519
1057520
1057521
1057522
1057523
1057524
1057525
1057526
1057527
1057528
1057529
1057531
1057532
1057533
1057534
1057535
1057537
1057538
1057539
1057540
1057541
1057542
1057543
1057544
1057545
1057546
1057547
1057548
1057550
1057551
1057552
1057553
1057556
1057558
1057559
1057560
1057564
1057565
1057567
1057569
1057570
1057573
1057574
1057575
1057577
1057579
1057580
1057581
1057586
1057587
1057588
1057589
1057590
1057591
1057592
1057593
1057594
1057595
1057596
1057597
1057598
1057599
1057600
1057601
1057602
1057603
1057605
1057607
1057608
1057609
1057610
1057611
1057612
1057613
1057614
1057615
1057616
1057617
1057618
1057619
1057620
1057621
1057622
1057623
1057624
1057625
1057626
1057627
1057628
1057629
1057630
1057631
1057632
1057633
1057634
1057635
1057636
1057637
1057638
1057639
1057640
1057641
1057642
1057643
1057644
1057645
1057646
1057647
1057648
1057649
1057650
1057651
1057652
1057653
1057654
1057655
1057657
1057658
1057659
1057660
1057661
1057662
1057663
1057664
1057666
1057667
1057668
1057669
1057672
1057673
1057675
1057677
1057679
1057680
1057681
1057683
1057684
1057685
1057686
1057688
1057689
1057690
1057693
1057695
1057696
1057697
1057698
1057699
1057700
1057702
1057703
1057704
1057705
1057706
1057707
1057708
1057709
1057710
1057711
1057712
1057713
1057714
1057715
1057716
1057717
1057718
1057719
1057720
1057721
1057722
1057723
1057724
1057725
1057726
1057727
1057728
1057729
1057730
1057731
1057732
1057734
1057735
1057736
1057737
1057738
1057739
1057740
1057741
1057742
1057743
1057744
1057745
1057746
1057748
1057749
1057750
1057751
1057752
1057753
1057754
1057755
1057756
1057757
1057758
1057759
1057760
1057761
1057762
1057763
1057764
1057765
1057766
1057767
1057768
1057769
1057770
1057771
1057772
1057773
1057774
1057776
1057777
1057779
1057780
1057781
1057782
1057783
1057784
1057785
1057786
1057787
1057788
1057789
1057790
1057791
1057792
1057793
1057794
1057795
1057796
1057797
1057798
1057799
1057800
1057802
1057803
1057805
1057806
1057807
1057808
1057809
1057810
1057812
1057813
1057814
1057815
1057816
1057817
1057818
1057819
1057820
1057821
1057822
1057823
1057825
1057826
1057827
1057828
1057829
1057830
1057831
1057833
1057834
1057835
1057836
1057837
1057838
1057839
1057841
1057842
1057843
1057845
1057846
1057847
1057849
1057853
1057854
1057855
1057856
1057857
1057858
1057859
1057860
1057861
1057862
1057864
1057865
1057866
1057867
1057868
1057869
1057871
1057872
1057873
1057875
1057876
1057877
1057879
1057880
1057881
1057882
1057884
1057885
1057886
1057888
1057889
1057890
1057891
1057893
1057894
1057896
1057897
1057898
1057899
1057900
1057901
1057902
1057903
1057904
1057905
1057907
1057908
1057909
1057910
1057912
1057913
1057914
1057915
1057916
1057917
1057918
1057919
1057920
1057921
1057922
1057923
1057924
1057925
1057926
1057928
1057929
1057930
1057931
1057932
1057933
1057934
1057935
1057936
1057937
1057938
1057940
1057941
1057943
1057944
1057945
1057946
1057947
1057948
1057949
1057950
1057951
1057952
1057953
1057954
1057955
1057956
1057957
1057958
1057961
1057962
1057963
1057964
1057965
1057966
1057967
1057968
1057969
1057970
1057971
1057972
1057973
1057974
1057975
1057976
1057977
1057978
1057979
1057980
1057981
1057982
1057983
1057984
1057986
1057987
1057989
1057990
1057991
1057992
1057993
1057994
1057995
1057996
1057997
1057998
1057999
1058000
1058001
1058002
1058003
1058004
1058005
1058007
1058009
1058010
1058011
1058012
1058014
1058015
1058016
1058017
1058019
1058020
1058021
1058022
1058023
1058024
1058025
1058026
1058027
1058028
1058029
1058031
1058032
1058033
1058034
1058035
1058036
1058037
1058038
1058039
1058040
1058041
1058042
1058043
1058045
1058046
1058047
1058048
1058049
1058050
1058051
1058052
1058053
1058054
1058055
1058056
1058057
1058058
1058059
1058060
1058062
1058063
1058064
1058065
1058066
1058067
1058069
1058070
1058071
1058072
1058073
1058074
1058076
1058077
1058078
1058079
1058080
1058081
1058082
1058083
1058084
1058085
1058087
1058088
1058089
1058090
1058091
1058092
1058093
1058094
1058096
1058097
1058098
1058099
1058100
1058101
1058102
1058103
1058104
1058105
1058106
1058107
1058109
1058110
1058111
1058112
1058113
1058114
1058115
1058116
1058117
1058118
1058119
1058120
1058122
1058123
1058124
1058126
1058128
1058130
1058131
1058132
1058133
1058134
1058135
1058136
1058137
1058138
1058139
1058140
1058141
1058142
1058143
1058144
1058145
1058146
1058147
1058148
1058149
1058150
1058151
1058152
1058153
1058154
1058155
1058156
1058157
1058158
1058159
1058160
1058162
1058163
1058164
1058165
1058166
1058167
1058168
1058169
1058170
1058171
1058172
1058173
1058174
1058175
1058176
1058177
1058178
1058180
1058181
1058182
1058183
1058184
1058185
1058186
1058189
1058190
1058192
1058195
1058196
1058197
1058198
1058199
1058201
1058202
1058203
1058204
1058205
1058206
1058207
1058208
1058210
1058211
1058212
1058213
1058214
1058215
1058216
1058217
1058218
1058219
1058220
1058221
1058222
1058223
1058224
1058225
1058226
1058227
1058228
1058229
1058230
1058231
1058232
1058233
1058234
1058235
1058236
1058237
1058238
1058239
1058241
1058242
1058243
1058244
1058245
1058246
1058247
1058248
1058249
1058250
1058252
1058253
1058254
1058255
1058256
1058257
1058258
1058259
1058260
1058261
1058262
1058263
1058264
1058265
1058266
1058267
1058268
1058269
1058270
1058271
1058275
1058276
1058277
1058278
1058279
1058280
1058281
1058282
1058283
1058284
1058285
1058286
1058287
1058288
1058289
1058290
1058291
1058292
1058293
1058294
1058296
1058297
1058298
1058299
1058300
1058301
1058302
1058303
1058304
1058305
1058306
1058307
1058308
1058309
1058310
1058311
1058312
1058313
1058314
1058315
1058316
1058317
1058318
1058319
1058321
1058323
1058324
1058325
1058327
1058329
1058330
1058331
1058332
1058335
1058336
1058337
1058341
1058342
1058343
1058344
1058345
1058346
1058347
1058348
1058350
1058351
1058352
1058353
1058355
1058356
1058357
1058358
1058359
1058361
1058364
1058365
1058366
1058367
1058368
1058369
1058370
1058371
1058372
1058373
1058374
1058375
1058376
1058377
1058378
1058379
1058380
1058381
1058382
1058383
1058384
1058385
1058386
1058387
1058388
1058389
1058391
1058392
1058393
1058394
1058395
1058396
1058397
1058398
1058400
1058401
1058403
1058404
1058405
1058407
1058410
1058411
1058412
1058413
1058414
1058415
1058417
1058418
1058419
1058420
1058421
1058422
1058423
1058424
1058425
1058426
1058427
1058428
1058429
1058430
1058431
1058432
1058433
1058434
1058435
1058436
1058437
1058438
1058441
1058442
1058443
1058444
1058445
1058446
1058447
1058449
1058450
1058451
1058453
1058454
1058455
1058456
1058458
1058459
1058460
1058461
1058462
1058463
1058468
1058469
1058470
1058472
1058473
1058474
1058475
1058477
1058478
1058479
1058480
1058481
1058482
1058483
1058484
1058485
1058488
1058489
1058490
1058491
1058493
1058494
1058495
1058496
1058497
1058498
1058499
1058501
1058502
1058503
1058504
1058505
1058506
1058507
1058508
1058509
1058510
1058511
1058512
1058513
1058514
1058516
1058517
1058518
1058519
1058520
1058521
1058522
1058523
1058524
1058525
1058527
1058528
1058529
1058530
1058531
1058532
1058533
1058534
1058535
1058536
1058537
1058538
1058539
1058540
1058541
1058542
1058543
1058544
1058545
1058546
1058547
1058548
1058549
1058550
1058551
1058552
1058554
1058555
1058556
1058558
1058561
1058562
1058563
1058566
1058568
1058569
1058570
1058571
1058572
1058573
1058575
1058576
1058577
1058581
1058582
1058584
1058585
1058586
1058587
1058588
1058589
1058591
1058592
1058593
1058594
1058595
1058596
1058597
1058598
1058599
1058600
1058601
1058602
1058603
1058604
1058605
1058607
1058608
1058610
1058611
1058612
1058613
1058614
1058615
1058616
1058617
1058618
1058619
1058621
1058622
1058623
1058624
1058625
1058626
1058627
1058628
1058629
1058630
1058631
1058632
1058633
1058634
1058635
1058636
1058637
1058638
1058639
1058640
1058641
1058642
1058643
1058644
1058645
1058646
1058647
1058648
1058649
1058650
1058651
1058652
1058654
1058656
1058658
1058659
1058660
1058661
1058662
1058663
1058664
1058665
1058666
1058667
1058668
1058669
1058670
1058671
1058672
1058673
1058674
1058675
1058676
1058677
1058678
1058679
1058680
1058681
1058682
1058683
1058685
1058686
1058687
1058688
1058689
1058690
1058691
1058692
1058694
1058696
1058697
1058698
1058699
1058701
1058702
1058703
1058704
1058705
1058707
1058708
1058709
1058710
1058711
1058712
1058713
1058714
1058715
1058716
1058717
1058718
1058719
1058720
1058722
1058723
1058724
1058725
1058726
1058727
1058728
1058729
1058730
1058731
1058732
1058733
1058734
1058735
1058736
1058737
1058738
1058739
1058740
1058741
1058742
1058743
1058744
1058745
1058746
1058747
1058748
1058749
1058750
1058751
1058752
1058754
1058755
1058756
1058757
1058758
1058759
1058760
1058761
1058762
1058763
1058764
1058765
1058766
1058767
1058768
1058769
1058770
1058771
1058772
1058773
1058776
1058777
1058778
1058779
1058780
1058781
1058782
1058783
1058784
1058785
1058786
1058787
1058788
1058789
1058790
1058791
1058792
1058793
1058794
1058795
1058796
1058797
1058798
1058799
1058800
1058801
1058802
1058803
1058804
1058805
1058806
1058807
1058808
1058809
1058810
1058811
1058812
1058813
1058814
1058815
1058816
1058817
1058818
1058820
1058821
1058822
1058823
1058824
1058825
1058826
1058827
1058828
1058829
1058830
1058832
1058833
1058834
1058836
1058837
1058838
1058839
1058840
1058841
1058842
1058843
1058844
1058846
1058847
1058848
1058849
1058850
1058851
1058852
1058854
1058855
1058856
1058857
1058858
1058859
1058860
1058861
1058862
1058863
1058864
1058866
1058867
1058868
1058869
1058870
1058871
1058872
1058873
1058874
1058875
1058876
1058877
1058878
1058879
1058880
1058881
1058882
1058883
1058884
1058885
1058886
1058887
1058888
1058889
1058890
1058891
1058892
1058893
1058894
1058896
1058897
1058898
1058899
1058900
1058901
1058902
1058903
1058904
1058905
1058906
1058907
1058908
1058909
1058910
1058911
1058912
1058913
1058914
1058915
1058916
1058918
1058919
1058922
1058923
1058924
1058925
1058926
1058927
1058928
1058930
1058931
1058932
1058933
1058934
1058935
1058936
1058937
1058938
1058939
1058940
1058941
1058942
1058943
1058944
1058945
1058946
1058947
1058948
1058949
1058950
1058951
1058952
1058953
1058954
1058955
1058956
1058957
1058958
1058959
1058960
1058961
1058962
1058963
1058964
1058965
1058966
1058967
1058968
1058969
1058970
1058971
1058972
1058973
1058974
1058975
1058976
1058977
1058978
1058979
1058980
1058981
1058982
1058983
1058984
1058985
1058987
1058988
1058989
1058990
1058991
1058992
1058993
1058994
1058995
1058997
1058998
1058999
1059001
1059002
1059004
1059005
1059006
1059007
1059008
1059010
1059011
1059012
1059013
1059014
1059015
1059016
1059017
1059019
1059020
1059021
1059022
1059023
1059024
1059025
1059027
1059028
1059029
1059030
1059032
1059033
1059034
1059035
1059036
1059037
1059038
1059040
1059042
1059043
1059047
1059048
1059049
1059050
1059051
1059052
1059053
1059054
1059055
1059056
1059057
1059058
1059059
1059060
1059061
1059062
1059063
1059064
1059065
1059066
1059069
1059070
1059072
1059073
1059074
1059075
1059076
1059077
1059078
1059079
1059080
1059081
1059082
1059084
1059085
1059086
1059087
1059088
1059089
1059090
1059091
1059092
1059093
1059094
1059095
1059096
1059097
1059098
1059099
1059100
1059101
1059102
1059103
1059104
1059105
1059106
1059107
1059108
1059109
1059110
1059111
1059112
1059113
1059115
1059116
1059117
1059119
1059120
1059122
1059123
1059124
1059125
1059126
1059127
1059128
1059129
1059130
1059132
1059133
1059134
1059135
1059136
1059138
1059139
1059140
1059141
1059142
1059143
1059144
1059145
1059146
1059147
1059149
1059150
1059151
1059152
1059153
1059155
1059156
1059157
1059159
1059160
1059162
1059163
1059164
1059165
1059166
1059168
1059169
1059171
1059172
1059173
1059174
1059175
1059176
1059177
1059178
1059179
1059180
1059181
1059182
1059183
1059184
1059185
1059186
1059187
1059188
1059189
1059190
1059191
1059192
1059193
1059194
1059195
1059196
1059197
1059198
1059199
1059200
1059201
1059202
1059203
1059204
1059205
1059206
1059207
1059208
1059209
1059210
1059211
1059212
1059213
1059214
1059216
1059217
1059218
1059219
1059220
1059221
1059222
1059223
1059228
1059230
1059232
1059233
1059234
1059235
1059236
1059237
1059238
1059239
1059240
1059241
1059242
1059244
1059246
1059247
1059248
1059249
1059250
1059251
1059252
1059253
1059254
1059255
1059256
1059257
1059258
1059259
1059260
1059261
1059262
1059263
1059264
1059265
1059266
1059267
1059268
1059269
1059270
1059271
1059272
1059273
1059274
1059275
1059276
1059277
1059278
1059279
1059280
1059281
1059282
1059283
1059284
1059285
1059287
1059288
1059289
1059290
1059291
1059292
1059293
1059294
1059295
1059296
1059297
1059299
1059300
1059301
1059303
1059304
1059305
1059306
1059307
1059308
1059309
1059311
1059312
1059313
1059314
1059315
1059316
1059317
1059318
1059319
1059320
1059321
1059322
1059323
1059324
1059325
1059329
1059330
1059331
1059332
1059333
1059334
1059335
1059336
1059337
1059338
1059339
1059340
1059341
1059342
1059343
1059344
1059345
1059346
1059347
1059348
1059349
1059350
1059351
1059352
1059353
1059354
1059355
1059356
1059357
1059358
1059359
1059360
1059361
1059362
1059363
1059364
1059365
1059366
1059367
1059368
1059369
1059370
1059371
1059372
1059373
1059374
1059375
1059376
1059377
1059378
1059379
1059380
1059381
1059382
1059383
1059384
1059385
1059386
1059387
1059388
1059389
1059390
1059391
1059392
1059393
1059394
1059395
1059396
1059397
1059398
1059399
1059400
1059401
1059402
1059403
1059404
1059405
1059406
1059407
1059408
1059409
1059410
1059411
1059412
1059413
1059414
1059415
1059416
1059417
1059418
1059419
1059420
1059421
1059422
1059423
1059425
1059426
1059427
1059428
1059429
1059430
1059431
1059432
1059433
1059434
1059435
1059436
1059437
1059438
1059439
1059440
1059441
1059442
1059443
1059444
1059445
1059446
1059447
1059448
1059449
1059450
1059451
1059452
1059453
1059454
1059455
1059456
1059457
1059458
1059459
1059460
1059461
1059462
1059463
1059464
1059468
1059469
1059470
1059471
1059472
1059473
1059474
1059475
1059477
1059478
1059479
1059480
1059481
1059482
1059483
1059484
1059485
1059486
1059487
1059488
1059489
1059490
1059491
1059492
1059493
1059494
1059495
1059496
1059497
1059498
1059499
1059500
1059501
1059503
1059504
1059505
1059506
1059507
1059508
1059509
1059510
1059511
1059512
1059514
1059515
1059516
1059517
1059518
1059519
1059520
1059521
1059522
1059523
1059524
1059527
1059528
1059529
1059530
1059531
1059532
1059533
1059534
1059535
1059536
1059537
1059538
1059539
1059540
1059541
1059542
1059543
1059544
1059545
1059546
1059547
1059548
1059549
1059550
1059551
1059552
1059553
1059554
1059555
1059556
1059557
1059559
1059560
1059562
1059563
1059564
1059566
1059567
1059568
1059569
1059570
1059571
1059572
1059573
1059575
1059577
1059578
1059579
1059580
1059581
1059582
1059583
1059584
1059585
1059586
1059587
1059589
1059590
1059591
1059592
1059593
1059594
1059595
1059596
1059597
1059598
1059599
1059600
1059601
1059602
1059603
1059604
1059605
1059606
1059607
1059608
1059609
1059610
1059611
1059612
1059613
1059614
1059615
1059616
1059617
1059618
1059619
1059620
1059621
1059622
1059623
1059624
1059625
1059626
1059627
1059628
1059632
1059634
1059635
1059637
1059638
1059639
1059640
1059641
1059642
1059643
1059644
1059645
1059646
1059647
1059648
1059649
1059650
1059651
1059652
1059653
1059654
1059655
1059656
1059657
1059658
1059659
1059662
1059664
1059666
1059667
1059668
1059669
1059671
1059672
1059673
1059674
1059675
1059676
1059678
1059679
1059680
1059681
1059683
1059684
1059685
1059691
1059692
1059693
1059697
1059698
1059699
1059701
1059702
1059703
1059704
1059705
1059706
1059707
1059708
1059709
1059711
1059712
1059713
1059714
1059715
1059716
1059717
1059718
1059719
1059720
1059721
1059722
1059723
1059724
1059725
1059726
1059727
1059728
1059729
1059730
1059731
1059732
1059733
1059734
1059735
1059736
1059737
1059738
1059740
1059741
1059742
1059743
1059744
1059745
1059746
1059747
1059748
1059749
1059750
1059751
1059753
1059754
1059755
1059756
1059760
1059761
1059762
1059763
1059764
1059766
1059768
1059769
1059771
1059772
1059773
1059774
1059775
1059776
1059777
1059778
1059779
1059780
1059781
1059782
1059783
1059784
1059785
1059786
1059787
1059790
1059791
1059792
1059794
1059795
1059796
1059797
1059798
1059799
1059800
1059801
1059802
1059803
1059804
1059805
1059806
1059807
1059808
1059809
1059810
1059811
1059812
1059813
1059814
1059815
1059816
1059817
1059818
1059819
1059820
1059821
1059822
1059823
1059824
1059825
1059826
1059827
1059828
1059829
1059830
1059831
1059833
1059834
1059835
1059836
1059837
1059838
1059839
1059840
1059845
1059846
1059847
1059848
1059849
1059850
1059851
1059852
1059853
1059854
1059855
1059856
1059857
1059858
1059859
1059860
1059861
1059862
1059863
1059865
1059866
1059867
1059869
1059870
1059871
1059872
1059873
1059874
1059875
1059876
1059878
1059879
1059880
1059881
1059882
1059883
1059884
1059885
1059887
1059889
1059890
1059891
1059892
1059893
1059894
1059895
1059896
1059897
1059898
1059899
1059900
1059901
1059902
1059903
1059904
1059905
1059906
1059907
1059908
1059909
1059910
1059911
1059912
1059913
1059914
1059915
1059916
1059917
1059918
1059919
1059920
1059921
1059922
1059923
1059924
1059925
1059926
1059927
1059928
1059929
1059930
1059931
1059932
1059933
1059934
1059935
1059936
1059937
1059938
1059939
1059940
1059942
1059943
1059944
1059945
1059946
1059947
1059948
1059949
1059950
1059951
1059952
1059953
1059954
1059955
1059956
1059957
1059958
1059959
1059960
1059963
1059965
1059966
1059967
1059968
1059969
1059970
1059971
1059972
1059973
1059974
1059975
1059976
1059977
1059978
1059979
1059980
1059981
1059982
1059983
1059984
1059985
1059986
1059988
1059989
1059990
1059991
1059992
1059993
1059994
1059995
1059996
1059997
1059998
1059999
1060000
1060001
1060004
1060006
1060008
1060009
1060010
1060011
1060012
1060013
1060015
1060017
1060018
1060019
1060020
1060021
1060022
1060023
1060024
1060025
1060027
1060028
1060029
1060030
1060031
1060032
1060033
1060034
1060035
1060036
1060037
1060038
1060040
1060041
1060042
1060043
1060044
1060045
1060046
1060047
1060049
1060050
1060051
1060052
1060053
1060054
1060055
1060056
1060057
1060059
1060060
1060061
1060062
1060063
1060064
1060065
1060067
1060068
1060070
1060071
1060072
1060073
1060074
1060075
1060076
1060077
1060078
1060079
1060080
1060081
1060082
1060083
1060084
1060085
1060086
1060087
1060088
1060089
1060090
1060091
1060092
1060093
1060094
1060095
1060096
1060097
1060098
1060099
1060100
1060101
1060104
1060105
1060106
1060107
1060108
1060109
1060110
1060111
1060112
1060113
1060114
1060115
1060116
1060118
1060119
1060120
1060121
1060122
1060123
1060124
1060125
1060126
1060127
1060128
1060129
1060130
1060131
1060132
1060133
1060134
1060135
1060136
1060137
1060138
1060139
1060141
1060142
1060143
1060145
1060146
1060147
1060148
1060149
1060150
1060152
1060153
1060154
1060155
1060156
1060157
1060158
1060159
1060160
1060161
1060164
1060165
1060166
1060167
1060168
1060169
1060170
1060171
1060172
1060173
1060174
1060175
1060176
1060177
1060178
1060179
1060180
1060181
1060182
1060183
1060184
1060185
1060186
1060187
1060189
1060190
1060192
1060193
1060194
1060195
1060196
1060197
1060198
1060199
1060200
1060202
1060203
1060204
1060205
1060206
1060207
1060208
1060209
1060210
1060211
1060212
1060213
1060214
1060215
1060216
1060217
1060218
1060219
1060220
1060221
1060222
1060223
1060224
1060225
1060226
1060227
1060228
1060229
1060230
1060231
1060232
1060234
1060235
1060236
1060238
1060239
1060240
1060241
1060242
1060243
1060244
1060246
1060247
1060248
1060249
1060250
1060251
1060252
1060254
1060255
1060256
1060257
1060258
1060259
1060261
1060262
1060263
1060264
1060265
1060266
1060267
1060268
1060269
1060270
1060271
1060272
1060273
1060274
1060275
1060276
1060277
1060278
1060279
1060280
1060281
1060286
1060288
1060291
1060293
1060294
1060295
1060297
1060298
1060299
1060300
1060301
1060302
1060303
1060304
1060305
1060306
1060308
1060309
1060310
1060311
1060312
1060313
1060314
1060315
1060316
1060317
1060318
1060319
1060320
1060321
1060322
1060323
1060324
1060326
1060327
1060328
1060329
1060330
1060331
1060332
1060333
1060334
1060335
1060336
1060337
1060338
1060339
1060340
1060341
1060342
1060343
1060344
1060345
1060346
1060347
1060348
1060350
1060351
1060352
1060353
1060354
1060355
1060356
1060359
1060360
1060361
1060362
1060363
1060364
1060365
1060366
1060367
1060368
1060369
1060370
1060371
1060372
1060373
1060374
1060375
1060376
1060377
1060378
1060379
1060380
1060381
1060382
1060383
1060384
1060385
1060386
1060387
1060388
1060389
1060390
1060391
1060392
1060393
1060394
1060395
1060396
1060397
1060398
1060399
1060400
1060401
1060402
1060403
1060405
1060406
1060407
1060408
1060409
1060410
1060411
1060412
1060413
1060414
1060417
1060418
1060419
1060420
1060421
1060422
1060423
1060424
1060425
1060426
1060427
1060428
1060429
1060430
1060431
1060432
1060433
1060434
1060435
1060436
1060437
1060438
1060439
1060440
1060441
1060442
1060443
1060444
1060445
1060446
1060447
1060448
1060449
1060450
1060451
1060452
1060453
1060455
1060456
1060457
1060458
1060459
1060460
1060461
1060462
1060463
1060464
1060465
1060466
1060467
1060468
1060469
1060470
1060471
1060472
1060473
1060474
1060475
1060476
1060477
1060481
1060482
1060483
1060484
1060485
1060486
1060487
1060488
1060490
1060494
1060495
1060496
1060497
1060498
1060499
1060500
1060501
1060502
1060503
1060505
1060506
1060507
1060508
1060509
1060510
1060511
1060512
1060513
1060514
1060515
1060516
1060517
1060518
1060519
1060520
1060521
1060522
1060523
1060524
1060525
1060526
1060527
1060528
1060529
1060530
1060532
1060533
1060534
1060535
1060536
1060537
1060538
1060539
1060540
1060541
1060542
1060544
1060546
1060547
1060548
1060549
1060550
1060552
1060553
1060554
1060555
1060556
1060559
1060560
1060562
1060564
1060565
1060566
1060567
1060568
1060570
1060571
1060572
1060573
1060574
1060576
1060577
1060578
1060579
1060580
1060581
1060582
1060583
1060584
1060585
1060586
1060587
1060588
1060589
1060590
1060592
1060594
1060595
1060597
1060598
1060601
1060602
1060603
1060604
1060606
1060607
1060608
1060609
1060610
1060612
1060613
1060614
1060615
1060616
1060617
1060618
1060620
1060621
1060622
1060624
1060626
1060627
1060628
1060629
1060630
1060632
1060633
1060634
1060635
1060636
1060637
1060638
1060639
1060640
1060641
1060642
1060643
1060644
1060645
1060646
1060647
1060648
1060649
1060650
1060651
1060652
1060653
1060654
1060655
1060656
1060657
1060658
1060659
1060660
1060661
1060662
1060664
1060665
1060666
1060668
1060669
1060670
1060671
1060673
1060674
1060675
1060676
1060677
1060678
1060679
1060680
1060681
1060683
1060684
1060686
1060687
1060688
1060689
1060690
1060691
1060693
1060695
1060696
1060697
1060698
1060699
1060700
1060701
1060702
1060703
1060704
1060705
1060706
1060707
1060708
1060709
1060710
1060711
1060712
1060713
1060714
1060715
1060716
1060717
1060718
1060719
1060720
1060721
1060722
1060723
1060724
1060725
1060726
1060727
1060728
1060729
1060730
1060731
1060732
1060733
1060734
1060735
1060736
1060737
1060738
1060739
1060740
1060741
1060742
1060743
1060744
1060745
1060746
1060747
1060748
1060749
1060750
1060751
1060752
1060753
1060754
1060755
1060756
1060757
1060758
1060759
1060760
1060761
1060762
1060764
1060765
1060766
1060767
1060768
1060769
1060770
1060771
1060772
1060773
1060774
1060775
1060777
1060778
1060780
1060781
1060784
1060785
1060787
1060788
1060789
1060790
1060791
1060792
1060793
1060795
1060796
1060800
1060801
1060802
1060803
1060804
1060805
1060806
1060807
1060808
1060809
1060810
1060811
1060812
1060813
1060814
1060816
1060817
1060818
1060820
1060821
1060822
1060823
1060824
1060825
1060827
1060829
1060831
1060832
1060833
1060834
1060836
1060837
1060838
1060839
1060842
1060843
1060844
1060845
1060846
1060847
1060848
1060849
1060851
1060852
1060853
1060854
1060855
1060856
1060857
1060858
1060859
1060860
1060861
1060863
1060864
1060865
1060866
1060867
1060868
1060869
1060870
1060871
1060872
1060873
1060874
1060875
1060876
1060878
1060879
1060880
1060881
1060882
1060883
1060885
1060886
1060887
1060889
1060891
1060892
1060893
1060894
1060895
1060896
1060897
1060898
1060899
1060900
1060901
1060902
1060903
1060904
1060905
1060906
1060907
1060908
1060909
1060910
1060911
1060912
1060913
1060914
1060915
1060916
1060917
1060918
1060919
1060921
1060922
1060923
1060924
1060925
1060926
1060927
1060928
1060929
1060930
1060931
1060932
1060933
1060934
1060935
1060936
1060937
1060938
1060941
1060942
1060943
1060944
1060945
1060946
1060947
1060948
1060949
1060950
1060951
1060952
1060953
1060954
1060955
1060956
1060957
1060958
1060959
1060960
1060961
1060964
1060966
1060967
1060969
1060971
1060972
1060973
1060974
1060976
1060977
1060978
1060980
1060981
1060983
1060985
1060986
1060987
1060988
1060990
1060994
1060995
1060996
1060997
1060998
1060999
1061000
1061001
1061002
1061003
1061004
1061005
1061006
1061007
1061008
1061009
1061010
1061011
1061012
1061013
1061014
1061015
1061016
1061017
1061018
1061019
1061020
1061021
1061022
1061023
1061024
1061025
1061027
1061028
1061029
1061030
1061031
1061032
1061033
1061034
1061036
1061037
1061039
1061040
1061041
1061042
1061043
1061044
1061045
1061046
1061047
1061048
1061049
1061050
1061051
1061052
1061053
1061054
1061056
1061057
1061058
1061059
1061060
1061061
1061063
1061064
1061065
1061066
1061067
1061068
1061069
1061070
1061071
1061072
1061073
1061074
1061075
1061076
1061077
1061078
1061079
1061080
1061082
1061084
1061085
1061086
1061088
1061089
1061090
1061092
1061093
1061094
1061095
1061097
1061098
1061099
1061100
1061101
1061102
1061105
1061106
1061107
1061108
1061109
1061110
1061111
1061112
1061113
1061114
1061116
1061117
1061118
1061119
1061120
1061121
1061122
1061125
1061126
1061127
1061128
1061129
1061131
1061132
1061133
1061134
1061135
1061136
1061137
1061138
1061139
1061140
1061141
1061143
1061144
1061145
1061146
1061147
1061148
1061149
1061150
1061151
1061152
1061153
1061154
1061155
1061156
1061157
1061158
1061159
1061160
1061161
1061162
1061163
1061164
1061165
1061166
1061167
1061168
1061169
1061170
1061171
1061174
1061175
1061176
1061177
1061178
1061179
1061180
1061181
1061182
1061183
1061184
1061185
1061186
1061187
1061189
1061191
1061192
1061193
1061194
1061196
1061199
1061200
1061201
1061202
1061203
1061204
1061205
1061206
1061207
1061208
1061209
1061210
1061212
1061213
1061214
1061215
1061216
1061217
1061218
1061219
1061222
1061223
1061224
1061225
1061226
1061227
1061228
1061229
1061230
1061231
1061232
1061233
1061234
1061235
1061236
1061237
1061238
1061239
1061240
1061241
1061242
1061243
1061244
1061245
1061246
1061247
1061248
1061249
1061250
1061251
1061252
1061253
1061254
1061255
1061256
1061257
1061258
1061259
1061260
1061261
1061262
1061264
1061265
1061266
1061267
1061268
1061269
1061270
1061271
1061272
1061273
1061274
1061275
1061276
1061277
1061278
1061279
1061280
1061281
1061282
1061283
1061284
1061285
1061286
1061287
1061289
1061291
1061292
1061293
1061295
1061296
1061297
1061298
1061299
1061301
1061302
1061304
1061306
1061309
1061310
1061311
1061312
1061313
1061314
1061315
1061316
1061317
1061319
1061320
1061321
1061322
1061323
1061324
1061325
1061326
1061327
1061328
1061329
1061330
1061331
1061332
1061333
1061334
1061335
1061336
1061337
1061338
1061339
1061340
1061341
1061342
1061343
1061344
1061345
1061346
1061347
1061348
1061349
1061350
1061351
1061352
1061353
1061354
1061355
1061356
1061357
1061358
1061359
1061360
1061361
1061362
1061363
1061365
1061367
1061368
1061369
1061371
1061373
1061374
1061375
1061376
1061377
1061378
1061379
1061380
1061381
1061382
1061384
1061385
1061386
1061387
1061388
1061389
1061390
1061391
1061392
1061393
1061394
1061395
1061397
1061401
1061403
1061405
1061406
1061407
1061408
1061409
1061411
1061412
1061413
1061414
1061415
1061417
1061418
1061420
1061422
1061423
1061424
1061425
1061426
1061427
1061428
1061429
1061430
1061431
1061432
1061433
1061434
1061435
1061436
1061437
1061438
1061439
1061440
1061441
1061442
1061443
1061444
1061445
1061446
1061447
1061448
1061449
1061450
1061451
1061452
1061453
1061454
1061455
1061456
1061457
1061458
1061459
1061460
1061462
1061463
1061464
1061465
1061466
1061469
1061470
1061471
1061473
1061474
1061475
1061476
1061477
1061478
1061479
1061480
1061481
1061482
1061483
1061484
1061485
1061486
1061487
1061488
1061489
1061490
1061491
1061492
1061493
1061494
1061496
1061497
1061498
1061499
1061500
1061501
1061502
1061504
1061505
1061506
1061507
1061508
1061509
1061510
1061513
1061514
1061515
1061516
1061517
1061518
1061519
1061520
1061521
1061522
1061523
1061524
1061525
1061526
1061527
1061528
1061529
1061530
1061531
1061532
1061534
1061535
1061536
1061537
1061538
1061539
1061540
1061541
1061542
1061543
1061544
1061545
1061546
1061547
1061548
1061549
1061550
1061551
1061552
1061553
1061554
1061555
1061556
1061557
1061558
1061559
1061560
1061561
1061562
1061563
1061565
1061566
1061567
1061568
1061569
1061570
1061571
1061572
1061573
1061574
1061575
1061576
1061577
1061578
1061579
1061580
1061581
1061582
1061583
1061584
1061585
1061586
1061587
1061588
1061589
1061590
1061592
1061593
1061595
1061597
1061598
1061599
1061600
1061601
1061603
1061604
1061605
1061606
1061607
1061608
1061609
1061610
1061611
1061612
1061613
1061614
1061615
1061616
1061617
1061618
1061619
1061620
1061621
1061622
1061623
1061624
1061625
1061627
1061628
1061629
1061630
1061631
1061632
1061633
1061634
1061635
1061636
1061637
1061638
1061639
1061640
1061641
1061642
1061643
1061644
1061645
1061646
1061647
1061648
1061649
1061650
1061651
1061652
1061653
1061654
1061655
1061656
1061657
1061658
1061659
1061660
1061661
1061662
1061663
1061664
1061665
1061666
1061667
1061668
1061669
1061670
1061671
1061672
1061673
1061674
1061675
1061676
1061677
1061678
1061679
1061680
1061681
1061682
1061683
1061684
1061685
1061686
1061687
1061688
1061689
1061690
1061691
1061692
1061693
1061694
1061695
1061698
1061699
1061700
1061701
1061702
1061703
1061704
1061705
1061706
1061707
1061708
1061709
1061710
1061711
1061712
1061713
1061714
1061715
1061716
1061717
1061718
1061719
1061720
1061721
1061723
1061724
1061725
1061726
1061727
1061728
1061729
