936253
936254
936255
936256
936257
936258
936260
936261
936263
936264
936265
936266
936267
936269
93627
936270
936271
936272
936273
936274
936275
936276
936277
936278
936279
93628
936280
936281
936282
936284
936285
936286
936287
936289
93629
936290
936291
936293
936295
936296
936297
936298
936299
93630
936300
936301
936302
936303
936304
936306
936307
936308
936309
936310
936311
936312
936313
936314
936315
936316
936317
936318
936319
936320
936321
936322
936323
936324
936325
936326
936327
936328
936329
93633
936330
936331
936332
936333
936334
936335
936336
936337
936338
936339
936340
936341
936342
936343
936344
936345
936346
936347
936348
936349
93635
936350
936351
936352
936353
936354
936355
936357
936358
936359
936360
936361
936362
936363
936364
936365
936366
936367
936368
936369
93637
936370
936371
936372
936373
936374
936375
936376
936377
936378
936379
93638
936380
936381
936382
936383
936384
936385
936386
936388
936389
936390
936391
936392
936393
936394
936395
936396
936397
936398
936399
9364
936400
936401
936402
936403
936404
936405
936406
936407
936408
936409
936410
936411
936412
936413
936416
936417
936418
936419
936420
936421
936422
936423
936424
936425
936426
936427
936428
936429
93643
936430
936431
936432
936433
936434
936435
936436
936437
936438
936439
936441
936442
936443
936444
936445
936446
936448
936449
93645
936450
936451
936452
936453
936454
936455
936457
936458
936459
93646
936460
936461
936462
936463
936464
936465
936466
936467
936468
93647
936470
936471
936472
936473
936474
936475
936477
936478
936479
936480
936481
936482
936483
936484
936485
936486
936487
936489
936490
936491
936492
936493
936494
936495
936496
936497
936498
936499
936500
936501
936502
936503
936504
936505
936506
936507
936508
936509
93651
936510
936511
936512
936513
936514
936515
936516
936517
936518
936519
936520
936521
936522
936523
936524
936525
936526
936527
936528
936529
93653
936530
936531
936532
936533
936534
936535
936536
936537
936538
936539
93654
936540
936541
936542
936543
936544
936545
936546
936548
936549
93655
936550
936551
936552
936553
936554
936555
936556
936557
936558
936559
93656
936560
936561
936562
936563
936564
936565
936566
936568
936569
93657
936570
936571
936572
936573
936574
936575
936576
936577
936578
936579
93658
936580
936581
936582
936583
936584
936585
936586
936587
936588
936589
936590
936591
936592
936593
936594
936595
936596
936597
936598
936599
9366
936600
936601
936602
936603
936604
936605
936606
936607
936608
936609
936612
936613
936614
936615
936616
936617
936618
936619
936620
936621
936622
936623
936624
936626
936627
936628
936629
93663
936630
936631
936632
936633
936634
936635
936636
936637
936638
936639
93664
936641
936642
936643
936645
936646
936647
936648
936649
936650
936651
936652
936653
936654
936655
936656
936657
936658
936659
93666
936660
936661
936662
936663
936664
936665
936666
936667
936668
936669
936670
936671
936672
936673
936674
936675
936676
936677
936678
936680
936681
936682
936683
936684
936685
936686
936687
936688
936689
93669
936690
936691
936692
936693
936694
936695
936696
936697
936698
936699
9367
936700
936701
936702
936703
936705
936706
936707
936708
936709
936710
936711
936712
936713
936714
936715
936716
936717
936718
936719
93672
936720
936721
936722
936724
936725
936726
936727
936728
936729
93673
936730
936731
936732
936733
936734
936735
936737
936738
936739
936740
936741
936742
936743
936744
936745
936746
936747
936748
936750
936751
936752
936753
936754
936755
936756
936757
936758
936759
93676
936760
936761
936762
936763
936764
936765
936766
936767
936768
936770
936771
936772
936773
936774
936775
936776
936777
936778
936779
936780
936781
936782
936783
936784
936785
936786
936787
936788
936789
93679
936790
936792
936793
936794
936795
936796
936797
936798
936799
9368
936801
936802
936803
936804
936805
936806
936807
936808
936809
936810
936811
936812
936813
936814
936815
936816
936817
936818
936819
93682
936820
936821
936822
936823
936824
936825
936826
936827
936829
936830
936831
936833
936834
936835
936836
936837
936838
936839
93684
936840
936841
936842
936844
936845
936846
936847
936848
936849
93685
936850
936851
936852
936853
936856
936857
936858
936859
936860
936862
936863
936864
936865
936866
936867
936868
936869
93687
936870
936871
936872
936873
936874
936875
936876
936877
936878
936879
936880
936881
936882
936883
936884
936885
936886
936887
936888
936889
936890
936891
936892
936893
936894
936895
936896
936897
936898
936899
9369
93690
936900
936901
936903
936904
936905
936906
936907
936908
936909
936910
936911
936912
936913
936914
936915
936916
936917
936918
936919
936920
936921
936922
936923
936924
936926
936927
936928
936929
936930
936931
936932
936933
936934
936935
936936
936937
936938
936939
936940
936942
936943
936944
936946
936948
936949
936950
936951
936952
936953
936954
936955
936957
936958
936959
936960
936961
936963
936964
936965
936966
936967
936968
936969
93697
936970
936971
936972
936973
936974
936975
936976
936977
936978
936979
936980
936981
936982
936983
936984
936985
936986
936987
936988
936989
93699
936990
936991
936992
936993
936994
936995
936996
936997
936998
936999
9370
93700
937000
937001
937002
937003
937004
937005
937006
937008
937009
93701
937010
937013
937014
937016
937017
937018
937019
937020
937021
937022
937023
937024
937025
937027
937028
937029
93703
937030
937031
937032
937033
937034
937035
937036
937037
937038
937039
93704
937040
937041
937042
937043
937044
937045
937046
937047
937048
937049
937051
937053
937054
937055
937056
937057
937058
937059
93706
937060
937061
937062
937063
937064
937065
937066
937067
937068
937069
937070
937071
937072
937073
937074
937075
937076
937077
937078
937079
93708
937080
937081
937082
937083
937084
937085
937086
937087
937088
937089
93709
937090
937091
937092
937093
937094
937095
937096
937097
937098
937099
9371
93710
937100
937101
937102
937103
937104
937105
937106
937107
937108
937109
93711
937110
937111
937112
937113
937114
937115
937116
937117
937118
937119
93712
937120
937121
937122
937123
937124
937125
937126
937127
937128
937129
93713
937130
937134
937135
937137
937138
937139
937140
937141
937142
937143
937144
937145
937146
937147
937148
937149
93715
937150
937151
937152
937153
937154
937155
937156
937157
937158
937160
937161
937162
937163
937164
937165
937166
937167
937168
937169
93717
937170
937171
937172
937173
937174
937175
937176
937177
937178
937179
93718
937180
937181
937182
937183
937184
937185
937186
937187
937188
937189
937190
937191
937192
937193
937194
937195
937196
937197
937198
937199
9372
937200
937201
937202
937203
937204
937205
937206
937207
937208
937209
937210
937211
937212
937213
937215
937216
937218
937219
937220
937221
937222
937223
937224
937225
937226
937227
937228
937229
93723
937230
937231
937232
937233
937234
937235
937236
937237
937238
937239
93724
937240
937241
937242
937243
937244
937245
937246
937248
937249
937250
937251
937252
937253
937254
937255
937257
937258
937259
937260
937261
937262
937263
937264
937265
937266
937267
937268
937269
93727
937270
937271
937272
937273
937274
937275
937276
937277
937278
937279
937280
937281
937282
937283
937284
937285
937286
937287
937288
937289
93729
937291
937292
937294
937295
937296
937297
937298
937299
9373
93730
937300
937301
937302
937303
937305
937306
937307
937308
937309
937310
937311
937312
937313
937314
937315
937317
937319
937320
937322
937323
937325
937326
937327
937328
937329
93733
937330
937331
937332
937333
937334
937335
937336
937337
937338
937339
937340
937341
937342
937344
937345
937346
937347
937348
937349
937350
937351
937352
937353
937354
937355
937356
937357
937358
937359
93736
937360
937361
937362
937363
937364
937365
937366
937367
937368
937369
93737
937370
937371
937372
937373
937375
937376
937377
937378
937379
937380
937381
937382
937383
937384
937385
937386
937387
937388
937389
937390
937391
937392
937393
937394
937395
937397
937398
937399
9374
93740
937400
937401
937402
937403
937404
937405
937406
937407
937408
937409
937410
937412
937413
937415
937417
937419
937421
937424
937425
937426
937427
937428
937429
93743
937430
937431
937432
937433
937434
937435
937436
937437
93744
937440
937441
937442
937443
937445
937446
937447
937448
937449
93745
937450
937451
937452
937453
937454
937455
937456
937457
937458
937459
937460
937461
937463
937464
937465
937466
937467
937468
937469
937471
937472
937473
937474
937476
937477
937479
93748
937481
937482
937483
937484
937485
937486
937487
937488
937489
93749
937490
937491
937494
937495
937496
937497
937498
937499
9375
93750
937500
937502
937503
937504
937505
937506
937507
937508
937509
93751
937510
937511
937512
937513
937514
937515
937516
937517
937518
937519
93752
937520
937521
937522
937523
937524
937526
937527
937528
937529
93753
937530
937531
937532
937533
937534
937536
937537
937538
937539
93754
937540
937541
937542
937543
937544
937545
937546
937547
937548
937549
93755
937550
937551
937552
937553
937554
937555
937556
937557
937558
937559
93756
937560
937561
937562
937563
937564
937565
937566
937567
937568
937569
93757
937570
937571
937572
937573
937574
937575
937576
937577
937578
937579
93758
937580
937582
937583
937584
937585
937586
937587
937588
937589
93759
937590
937591
937592
937593
937594
937595
937600
937601
937602
937603
937604
937605
937606
937607
937608
937609
93761
937610
937611
937612
937613
937614
937615
937616
937617
937618
937619
93762
937620
937621
937622
937623
937624
937625
937626
93763
937630
937631
937632
937633
937635
937636
937638
937639
93764
937640
937641
937643
937644
937645
937646
937647
937649
93765
937650
937651
937652
937653
937654
937655
937656
937657
937658
937659
937660
937661
937662
937663
937664
937665
937666
937667
937668
93767
937670
937672
937673
937674
937675
937676
937677
937678
937679
93768
937680
937681
937682
937684
937685
937686
937687
937688
93769
937690
937691
937692
937693
937694
937695
937696
937698
937699
9377
93770
937700
937702
937703
937704
937705
937706
937707
937708
93771
937710
937711
937712
937713
937714
937715
937716
937717
937718
937719
93772
937720
937721
937722
937726
937727
937728
937733
937734
937735
937736
937737
937738
937739
93774
937740
937741
937742
937743
937744
937745
937746
937747
937748
93775
937752
937753
937754
937755
937756
937757
937758
937759
93776
937760
937761
937762
937763
937764
937765
937766
937767
937768
93777
937770
937774
937775
937777
937778
937779
93778
937780
937781
937782
937783
937784
937785
937786
937787
937788
937789
937790
937791
937792
937794
937795
937796
937798
937799
9378
937801
937802
937803
937804
937805
937806
937807
937808
937809
93781
937810
937811
937812
937813
937814
937815
937816
937817
937819
93782
937820
937821
937822
937823
937824
937825
937826
937827
937828
937829
93783
937830
937831
937833
937834
937835
937837
937838
93784
937840
937841
937842
937843
937844
937846
937847
937848
937849
93785
937850
937851
937852
937853
937855
937856
937857
937859
93786
937860
937862
937863
937864
937866
937867
937868
937870
937872
937873
937874
937875
937876
937877
937878
937879
93788
937880
937881
937882
937883
937884
937886
937887
937888
937889
937890
937891
937892
937893
937894
937895
937898
937899
9379
93790
937900
937901
937903
937904
937905
937906
937907
937908
937909
937910
937911
937912
937913
937915
937916
937917
937918
937920
937921
937922
937923
937924
937925
937926
937927
937928
93793
937930
937931
937932
937933
937934
937935
937936
937937
937938
937939
93794
937940
937941
937942
937943
937944
937945
937947
937948
937949
93795
937950
937951
937952
937953
937954
937955
937956
937957
937958
937959
93796
937961
937962
937963
937964
937965
937966
937967
937968
937969
93797
937970
937971
937972
937974
937975
937976
937977
93798
937980
937981
937982
937983
937984
937985
937986
937988
937989
93799
937990
937991
937994
937996
937997
937998
938
93800
938000
938001
938002
938003
938004
938005
938006
938007
938008
938009
938010
938012
938013
938014
938015
938016
938017
938018
938019
93802
938020
938021
938023
938024
938025
938026
938027
938028
938029
93803
938030
938031
938032
938033
938034
938036
938037
938038
938039
938040
938041
938042
938043
938045
938046
938047
938048
938049
938050
938051
938052
938053
938054
938055
938057
938058
938059
938060
938061
938062
938063
938064
938065
938066
938067
938068
938069
93807
938070
938071
938072
938074
938075
938076
938077
938078
938079
93808
938080
938081
938082
938083
938084
938085
938086
938087
938088
93809
938090
938091
938092
938094
938095
938098
938099
9381
938100
938101
938103
938104
938105
938106
938107
93811
938110
938113
938114
938115
938116
938117
938118
938119
93812
938120
938121
938122
938124
938125
938126
938127
938128
938129
93813
938131
938132
938133
938135
938136
938137
938138
938139
938140
938141
938142
938143
938144
938145
938146
938147
938148
938149
938150
938151
938152
938153
938154
938155
938156
938157
938158
938159
938160
938161
938162
938163
938164
938166
938167
938168
938169
93817
938170
938171
938172
938173
938174
938175
938176
938177
938178
938179
938180
938181
938182
938183
938184
938185
938186
938187
938188
938189
938190
938191
938192
938193
938194
938195
938196
938198
938199
9382
93820
938200
938202
938204
938205
938206
938207
938208
938209
93821
938210
938211
938212
938213
938214
938215
938216
938217
938219
93822
938220
938221
938222
938224
938225
938226
938227
938228
938229
93823
938231
938232
938234
938235
938236
938237
938238
938239
938241
938242
938243
938244
938246
938247
938248
938249
93825
938250
938251
938252
938253
938254
938255
938256
938257
938258
938259
93826
938260
938261
938262
938263
938264
938266
938267
938268
938269
93827
938270
938271
938272
938273
938274
938276
938277
938278
938279
93828
938280
938281
938282
938283
938284
938285
938286
938287
938288
938289
93829
938290
938291
938292
938293
938297
938298
938299
9383
93830
938300
938301
938302
938303
938304
938305
938306
938307
938308
938309
93831
938311
938312
938313
938314
938315
938319
938320
938321
938322
938324
938326
938327
938328
938329
93833
938330
938331
938332
938333
938334
938335
938336
938337
938338
938339
93834
938340
938341
938342
938343
938344
938345
938346
938347
938348
938349
938350
938351
938352
938353
938354
938355
938356
938357
938358
938359
938360
938361
938362
938363
938364
938365
938366
938368
93837
938370
938371
938372
938375
938376
938377
938379
938380
938381
938382
938383
938384
938385
938386
938387
938388
938389
93839
938390
938391
938392
938393
938394
938395
938396
938397
938398
9384
93840
938400
938401
938402
938403
938404
938405
938406
938407
938408
938409
938411
938412
938413
938414
938415
938416
938417
938418
938419
938420
938421
938422
938423
938425
938426
938427
938428
938429
938431
938432
938434
938435
938436
938437
938438
938439
938440
938441
938442
938443
938444
938445
938446
938448
938449
938450
938452
938453
938454
938455
938456
938457
938458
93846
938461
938462
938464
938465
938466
938467
938468
938469
93847
938470
938471
938472
938473
938474
938476
938477
938478
938479
938482
938483
938485
938487
938488
938490
938491
938492
938493
938494
938495
938496
938497
938498
938499
9385
938501
938502
938503
938504
938505
938506
938507
938508
938509
93851
938510
938511
938512
938513
938514
938515
938516
938517
938518
938519
938520
938521
938522
938523
938525
938527
938528
938529
938530
938531
938532
938535
938536
938537
938538
938539
938540
938541
938542
938543
938544
938545
938546
938547
938548
938549
93855
938551
938552
938553
938554
938555
938557
938559
93856
938560
938561
938562
938563
938564
938565
938566
938567
938568
938569
938570
938571
938573
938574
938575
938576
938577
938578
938579
93858
938580
938581
938582
938583
938585
938586
938587
938588
938589
938590
938591
938592
938593
938594
938595
938596
938597
938598
938599
9386
938600
938601
938602
938603
938604
938605
938606
938607
938608
938609
938610
938611
938612
938613
938614
938615
938616
938617
938618
938619
93862
938620
938621
938622
938623
938624
938625
938626
938627
938628
938629
93863
938630
938631
938632
938633
938634
938635
938636
938637
938638
938639
938640
938641
938642
938643
938644
938645
938646
938647
938648
938649
93865
938650
938651
938652
938654
938655
938656
938657
938658
938659
938660
938661
938662
938663
938665
938666
938667
938668
938669
93867
938671
938672
938673
938674
938676
938677
938678
938679
93868
938680
938681
938683
938684
938685
938686
938687
938688
938689
93869
938690
938691
938692
938693
938694
938695
938697
938698
938699
9387
938701
938702
938703
938704
938705
938706
938707
938708
938709
93871
938710
938711
938713
938714
938715
938716
938717
938718
938719
93872
938720
938721
938722
938723
938724
938726
938727
938728
938729
93873
938730
938731
938732
938733
938734
938735
938736
938737
938738
938739
93874
938740
938741
938742
938743
938744
938745
938746
938747
938748
938749
938750
938751
938752
938753
938754
938755
938757
938758
938759
938760
938761
938762
938763
938764
938765
938766
938767
938768
938769
93877
938770
938771
938772
938773
938774
938775
938776
938777
938778
938779
938780
938781
938782
938783
938784
938785
938786
938787
938788
938789
938790
938791
938792
938793
938794
938795
938796
938797
938798
938799
9388
938800
938801
938802
938803
938804
938805
938806
938807
938808
938809
93881
938810
938811
938812
938813
938814
938815
938816
938817
938818
938819
93882
938821
938822
938825
938826
938827
938828
938829
93883
938830
938831
938832
938833
938834
938835
938836
938837
938838
938839
93884
938840
938841
938843
938844
938845
938846
938847
938848
93885
938850
938851
938852
938853
938854
938855
938857
938858
938859
93886
938860
938861
938862
938863
938864
938865
938866
938867
938868
938869
938870
938871
938872
938873
938874
938875
938876
938877
938879
93888
938885
938886
938887
938888
938889
93889
938890
938891
938892
938893
938894
938895
938896
938897
938898
938899
9389
93890
938900
938901
938902
938903
938904
938905
938906
938907
938908
938909
93891
938910
938911
938912
938913
938914
938915
938916
938917
938918
93892
938920
938921
938922
938923
938924
938925
938926
938927
938928
938929
938930
938931
938932
938934
938935
938936
938937
938938
938939
93894
938940
938941
938942
938943
938945
938946
938947
938948
938949
93895
938950
938951
938952
938954
938955
938956
938957
938958
938959
93896
938960
938961
938962
938963
938964
938965
938966
938967
938968
938969
93897
938970
938971
938972
938973
938974
938975
938976
938978
938979
93898
938981
938982
938984
938985
938986
938987
938988
938989
93899
938990
938991
938992
938993
938994
938995
938996
938997
938998
938999
939
9390
93900
939000
939001
939002
939003
939004
939005
939007
939008
939009
93901
939010
939011
939012
939013
939014
939015
939016
939017
939018
939019
939020
939021
939022
939023
939024
939025
939026
939027
939028
939029
939030
939031
939032
939033
939036
939037
939038
939039
93904
939040
939041
939042
939044
939045
939046
939047
939048
939049
93905
939050
939053
939054
939055
939056
939057
939058
939059
93906
939060
939061
939062
939063
939064
939065
939066
939067
939068
939069
93907
939070
939071
939072
939074
939075
939076
939077
939078
939079
93908
939080
939081
939082
939083
939084
939085
939089
93909
939090
939091
939092
939093
939094
939095
939096
939097
939098
939099
9391
93910
939100
939101
939102
939103
939104
939107
939108
939109
93911
939110
939111
939113
939114
939115
939117
939118
939119
93912
939120
939121
939122
939123
939124
939125
939126
939127
939128
939129
93913
939130
939131
939132
939133
939134
939136
939138
939139
93914
939140
939141
939142
939143
939144
939145
939146
939147
939148
939149
93915
939150
939152
939153
939154
939156
939157
939158
939159
93916
939160
939161
939162
939163
939165
939166
939167
939168
939169
93917
939170
939171
939172
939173
939174
939175
939176
939177
939178
939179
93918
939180
939181
939182
939183
939184
939185
939186
939187
939188
939189
93919
939190
939192
939193
939194
939197
939198
939199
9392
939200
939201
939202
939203
939204
939206
939207
939208
939209
93921
939210
939213
939214
939217
939218
93922
939220
939221
939222
939223
939224
939225
939226
939229
939230
939232
939233
939234
939235
939236
939237
939238
939239
93924
939240
939241
939243
939245
939246
939247
939248
939249
93925
939250
939251
939252
939253
939254
939255
939256
939257
939258
939259
93926
939260
939261
939262
939263
939264
939266
939267
939268
93927
939271
939272
939273
939274
939275
939276
939278
93928
939281
939282
939283
939284
939285
939286
939287
939288
939289
93929
939290
939293
939294
939295
939296
939297
939298
939299
9393
93930
939300
939301
939302
939303
939304
939305
939306
939308
939309
93931
939310
939312
939313
939314
939315
939316
939317
939318
939319
939320
939321
939322
939323
939326
939328
939329
93933
939331
939333
939334
939335
939336
939337
939338
93934
939340
939341
939342
939343
939344
939345
939346
939347
939348
93935
939350
939351
939353
939354
939355
939356
939357
939358
939359
93936
939360
939361
939362
939363
939364
939365
939366
939367
939368
939369
93937
939370
939371
939372
939373
939374
939375
939376
939377
939378
939379
93938
939380
939381
939382
939383
939384
939385
939386
939387
939388
939389
93939
939390
939391
939392
939393
939394
939395
939396
939397
939398
939399
9394
93940
939401
939402
939403
939404
939405
939406
939407
939408
939409
93941
939410
939411
939412
939413
939414
939415
939416
939417
939418
939419
93942
939420
939422
939423
939424
939425
939426
939427
939428
939429
93943
939430
939431
939433
939434
939435
939436
939437
939438
939439
93944
939440
939441
939442
939443
939444
939445
939446
939447
939448
939449
93945
939450
939451
939452
939453
939454
939455
939456
939457
939458
939459
93946
939460
939461
939462
939464
939465
939466
939467
939468
939469
93947
939470
939471
939472
939473
939474
939475
939476
939477
939478
939479
93948
939480
939481
939482
939483
939485
939488
93949
939491
939493
939494
939495
939496
939497
939498
939499
9395
93950
939500
939501
939502
939503
939505
939506
939507
939509
93951
939510
939511
939512
939513
939514
939515
939516
939517
939518
939519
93952
939520
939521
939522
939523
939524
939525
939526
939527
939529
93953
939530
939531
939532
939533
939534
939535
939536
939537
939539
939540
939541
939542
939543
939544
939545
939546
939547
939548
939549
93955
939550
939551
939552
939554
939555
939556
939557
939558
939559
93956
939560
939561
939562
939563
939565
939566
939567
939568
939569
93957
939570
939571
939572
939573
939575
939576
939577
939578
939579
93958
939580
939581
939582
939583
939584
939587
939588
939589
93959
939590
939591
939592
939593
939594
939595
939596
939598
939599
9396
93960
939600
939601
939602
939603
939604
939606
939607
93961
939610
939611
939612
939613
939614
939615
939616
939617
939618
939619
93962
939621
939622
939623
939624
939625
939626
939628
939629
939631
939632
939633
939634
939635
939636
939637
939638
939639
93964
939640
939641
939643
939644
939645
939646
939647
939648
939649
93965
939650
939651
939653
939655
939656
939657
939658
939659
93966
939660
939661
939662
939663
939664
939665
939666
939667
939668
939669
93967
939670
939671
939672
939673
939674
939675
939676
939677
939678
939679
93968
939680
939681
939682
939683
939684
939685
939686
939687
939688
939689
93969
939690
939691
939692
939693
939694
939695
939696
939697
939698
939699
9397
93970
939700
939701
939702
939703
939704
939706
939707
939708
939709
93971
939710
939712
939713
939715
939716
939717
939718
939719
93972
939720
939721
939722
939723
939724
939725
939726
939727
939728
939729
93973
939730
939731
939732
939733
939734
939735
939736
939737
939738
939739
93974
939740
939741
939742
939743
939744
939745
939746
939747
939748
939749
939751
939752
939753
939754
939755
939756
939757
93976
939760
939762
939763
939765
939766
939767
93977
939771
939772
939773
939775
939777
939778
939779
93978
939780
939781
939782
939783
939784
939785
939786
939787
939788
939789
93979
939790
939791
939792
939793
939794
939796
939797
939798
939799
9398
93980
939800
939801
939802
939803
939804
939805
939806
939807
939809
93981
939810
939811
939812
939813
939814
939815
939816
939817
939818
939819
93982
939820
939821
939822
939823
939824
939825
939826
939827
939828
939829
93983
939830
939831
939832
939833
939834
939835
939836
939837
939838
939839
939840
939841
939843
939844
939845
939846
939848
939849
93985
939850
939851
939852
939853
939854
939855
939856
939857
939858
939859
93986
939860
939861
939862
939863
939864
939865
939866
939867
939868
939869
93987
939870
939871
939872
939873
939874
939875
939876
939877
939878
939879
93988
939880
939881
939882
939883
939884
939885
939886
939887
939888
939889
93989
939890
939891
939892
939893
939894
939895
939896
939897
939898
939899
9399
939900
939902
939903
939904
939905
939906
939907
939908
939909
93991
939910
939911
939912
939913
939914
939915
939916
939917
939918
939919
93992
939920
939921
939922
939924
939925
939926
939927
939928
939929
939930
939931
939932
939933
939934
939936
939937
939938
939939
93994
939940
939941
939942
939943
939944
939945
939946
939947
939948
939949
93995
939950
939951
939952
939953
939954
939956
939957
939958
939959
93996
939960
939961
939962
939964
939965
939966
939967
939968
939969
93997
939970
939972
939973
939974
939975
939978
939979
93998
939981
939982
939984
939986
939987
939988
93999
939990
939992
939993
939994
939995
939996
939997
939998
939999
94
940
9400
940000
940001
940002
940005
940006
940007
940008
940009
940010
940011
940012
940013
940014
940015
940016
940017
940018
940019
940020
940021
940022
940023
940024
940025
940026
940028
940029
940030
940031
940032
940033
940034
940035
940036
940037
940038
940039
940040
940041
940042
940043
940044
940045
940046
940047
940048
94005
940050
940052
940053
940056
940057
940058
940059
94006
940060
940061
940062
940063
940064
940066
940067
940068
940070
940071
940072
940073
940074
940075
940078
940079
94008
940080
940082
940083
940084
940085
940086
940087
940088
940089
94009
940091
940092
940093
940094
940095
940096
940097
940098
940099
9401
940100
940101
940102
940104
940105
940106
940107
940108
940111
940112
940113
940114
940115
940116
940117
940118
940120
940121
940122
940124
940125
940126
940127
940128
940129
94013
940130
940131
940132
940133
940134
940135
940136
940137
940138
940139
940140
940141
940142
940143
940144
940145
940147
940148
940149
940150
940151
940152
940153
940154
940155
940156
940157
940159
94016
940160
940161
940162
940163
940164
940165
940168
940169
940170
940171
940172
940173
940174
940175
940176
940177
940178
94018
940180
940181
940182
940183
940184
940185
940186
940187
940188
940189
94019
940192
940193
940194
940195
940196
940198
940199
9402
94020
940200
940201
940202
940203
940204
940205
940206
940207
940208
940209
94021
940210
940211
940212
940213
940214
940215
940216
940217
940218
940219
94022
940220
940221
940222
940223
940224
940225
940226
940227
940228
940229
94023
940230
940231
940232
940233
940234
940235
940236
940237
940238
940239
940240
940241
940242
940243
940244
940245
940246
940247
940249
94025
940250
940251
940252
940254
940255
940256
94026
940260
940261
940262
940263
940264
940265
940266
940267
940268
940270
940271
940272
940273
940274
940276
940277
940278
940279
94028
940280
940281
940282
940283
940285
940286
940287
940288
940289
94029
940290
940291
940292
940293
940294
940295
940296
940297
940298
9403
94030
940300
940301
940302
940303
940304
940305
940307
940308
940309
940310
940311
940313
940314
940315
940316
940317
940320
940321
940322
940323
940324
940325
940326
940327
940328
940329
94033
940330
940331
940332
940333
940334
940335
940336
940337
940338
94034
940340
940341
940343
940344
940345
940346
940347
940348
940350
940351
940353
940354
940355
940356
940357
940358
940359
940360
940361
940362
940363
940365
940367
940368
940369
940370
940371
940372
940373
940374
940375
940376
940377
940378
940379
94038
940381
940382
940383
940384
940385
940386
940387
940388
940389
940390
940391
940392
940393
940394
940395
940396
940397
940398
940399
9404
94040
940400
940401
940402
940403
940404
940405
940406
940408
940409
940411
940412
940413
940414
940415
940416
940417
940418
940419
94042
940421
940422
940423
940424
940425
940426
940427
940428
940430
940431
940432
940433
940434
940435
940436
940437
940438
940439
94044
940440
940441
940442
940443
940444
940445
940446
940447
940448
940449
940450
940451
940452
940454
940455
940456
940457
940458
940459
94046
940460
940461
940462
940463
940464
940465
940466
940467
940468
94047
940470
940471
940472
940473
940474
940475
940476
940477
940478
940479
94048
940480
940481
940483
940484
940485
940486
940487
940488
940489
940490
940491
940492
940493
940494
940495
940496
940497
940498
940499
9405
940500
940501
940502
940503
940504
940505
940506
940507
940508
940509
94051
940510
940511
940512
940513
940514
940515
940516
940517
940518
940519
94052
940520
940521
940522
940523
940524
940525
940526
940527
940528
940529
940530
940531
940532
940533
940534
940536
940537
940538
940539
94054
940540
940541
940542
940543
940544
940545
940546
940547
940548
940549
94055
940550
940551
940552
940553
940554
940555
940556
940557
940558
940559
94056
940560
940561
940562
940564
940565
940566
940567
940568
940569
94057
940570
940571
940572
940573
940574
940575
940576
940577
940578
940579
94058
940580
940581
940582
940583
940584
940585
940586
940587
940588
940589
940590
940591
940593
940594
940596
940598
940599
9406
940600
940601
940602
940603
940604
940605
940606
940607
940609
94061
940610
940611
940612
940613
940614
940615
940616
940617
940618
940619
94062
940620
940621
940622
940623
940625
940626
940627
940628
940629
94063
940630
940631
940632
940633
940634
940635
940636
940637
940638
940639
94064
940640
940641
940642
940643
940644
940645
940646
940647
94065
940650
940651
940652
940653
940654
940656
940657
940658
940659
94066
940660
940661
940663
940664
940665
940666
940667
940669
94067
940670
940671
940672
940673
940674
940675
940676
940677
940678
940679
94068
940680
940681
940682
940683
940684
940685
940686
940687
940689
94069
940690
940691
940692
940693
940694
940696
940697
940698
940699
9407
94070
940700
940701
940702
940703
940704
940705
940707
940708
940709
94071
940710
940711
940712
940713
940714
940716
940717
940718
94072
940720
940721
940722
940723
940724
940725
940726
940728
940729
94073
940730
940731
940733
940734
940735
940736
940737
940738
940739
94074
940740
940741
940742
940743
940745
940747
940748
940749
940750
940751
940752
940753
940754
940755
940757
940758
940760
940761
940762
940763
940765
940767
940769
940770
940771
940772
940773
940774
940775
940776
940777
940778
940779
94078
940780
940781
940782
940783
940784
940785
940786
940787
940788
940789
94079
940790
940791
940792
940793
940794
940795
940796
940797
940798
940799
9408
94080
940800
940801
940802
940804
940805
940806
940807
940808
940810
940811
940812
940813
940814
940815
940816
940817
940818
940819
940820
940821
940822
940823
940824
940825
940826
940827
940828
940829
94083
940830
940831
940832
940833
940834
940835
940836
940837
940838
940839
94084
940840
940841
940842
940843
940844
940845
940846
940847
940848
940849
940850
940851
940852
940853
940854
940855
940856
940857
94086
940860
940861
940862
940863
940864
940865
940866
940867
940868
940869
94087
940870
940871
940872
940873
940874
940875
940876
940877
940878
940879
94088
940880
940883
940884
940885
940886
940887
940888
940889
940890
940891
940892
940893
940894
940895
940896
940897
940898
940899
9409
940900
940901
940902
940903
940904
940906
940907
940908
940909
94091
940910
940911
940912
940914
940915
940916
940917
940918
940919
94092
940920
940921
940922
940923
940924
940925
940926
940927
940928
940929
940930
940931
940932
940933
940934
940935
940936
940937
940938
940939
940940
940941
940942
940943
940944
940945
940948
940949
94095
940950
940951
940952
940953
940954
940955
940956
940957
940959
940960
940961
940962
940963
940964
940965
940966
940967
940968
940969
94097
940970
940971
940972
940973
940975
940976
940977
940978
940979
94098
940980
940981
940982
940983
940984
940985
940986
940987
940988
940990
940991
940992
940993
940994
940996
940997
940998
940999
941
9410
941000
941001
941002
941003
941004
941005
941006
941007
941008
941009
94101
941010
941011
941012
941013
941014
941015
941016
941017
941018
941019
941020
941021
941023
941024
941025
941026
941028
941030
941031
941032
941034
941035
941037
941039
94104
941040
941041
941042
941044
941045
941046
941048
941049
94105
941050
941052
941053
941054
941055
941056
941057
941058
941059
94106
941060
941061
941063
941064
941065
941066
941067
94107
941071
941073
941074
941075
941076
941077
941078
941079
94108
941080
941081
941082
941083
941084
941085
941086
941087
941089
94109
941090
941091
941092
941093
941094
941096
941097
941098
941099
9411
941100
941101
941102
941103
941104
941105
941107
941109
941112
941114
941116
941117
941118
941119
941120
941121
941122
941123
941124
941125
941126
941127
941128
941129
941130
941131
941132
941133
941135
941137
941139
94114
941140
941141
941142
941143
941145
941146
941147
941148
941149
94115
941150
941151
941152
941153
941154
941155
941156
941157
941158
941159
94116
941160
941161
941162
941163
941164
941165
941166
941167
941168
941169
94117
941170
941171
941172
941173
941174
941175
941176
941177
941178
941179
941180
941181
941182
941183
941184
941185
941186
941187
941188
941189
94119
941190
941191
941193
941194
941195
941196
941198
941199
9412
94120
941200
941201
941202
941203
941204
941205
941206
941208
941209
941210
941211
941212
941213
941214
941215
941216
941217
941218
941219
94122
941220
941221
941223
941224
941225
941226
941227
941228
941229
94123
941230
941231
941232
941233
941234
941235
941236
941237
941238
941239
941240
941241
941242
941243
941244
941245
941246
941247
941248
941249
941250
941251
941252
941253
941254
941255
941256
941257
941258
941259
941260
941262
941263
941265
941266
941267
941268
941269
94127
941270
941271
941272
941273
941274
941275
941276
941277
941278
941279
94128
941280
941281
941282
941283
941284
941285
941286
941287
941288
941289
94129
941290
941291
941292
941293
941294
941295
941296
941297
941298
9413
94130
941300
941302
941304
941305
941306
941308
941309
94131
941311
941312
941313
941314
941315
941316
941317
941318
941319
94132
941320
941322
941323
941324
941325
941326
941329
941330
941331
941332
941333
941334
941336
941337
941338
941339
94134
941340
941341
941342
941343
941344
941345
941346
941347
941348
941349
94135
941350
941351
941352
941353
941354
941355
941356
941357
941358
941359
94136
941360
941361
941362
941363
941364
