941365
941366
941367
941368
941369
94137
941370
941371
941372
941373
941374
941375
941377
941378
941379
94138
941380
941381
941382
941383
941384
941385
941386
941387
941388
941389
94139
941390
941391
941392
941393
941395
941396
941397
941398
941399
9414
94140
941400
941401
941402
941403
941404
941405
941406
941407
941408
941409
941410
941411
941412
941413
941414
941415
941416
941417
941418
941419
94142
941420
941421
941422
941423
941424
941425
941426
941427
941428
941429
941430
941431
941432
941433
941434
941435
941436
941437
941438
941439
941440
941441
941442
941443
941444
941445
941446
941447
941448
941449
941450
941451
941452
941453
941454
941455
941456
941457
941458
941459
941460
941461
941462
941463
941464
941465
941466
941467
941468
941469
94147
941470
941472
941473
941474
941475
941476
941477
941478
941479
94148
941480
941481
941482
941483
941484
941485
941486
941487
941488
941489
94149
941490
941491
941492
941493
941494
941495
941496
941498
941499
9415
94150
941500
941501
941502
941503
941504
941505
941506
941507
941508
941509
94151
941510
941511
941512
941513
941514
941515
941516
941517
941518
941519
94152
941520
941522
941523
941524
941525
941526
941527
941528
94153
941530
941531
941532
941534
941535
941536
941537
941538
941539
94154
941540
941541
941542
941543
941544
941545
941546
941547
941548
941549
941550
941551
941552
941553
941554
941555
941556
941557
941558
941559
94156
941560
941561
941562
941563
941564
941565
941568
941569
941570
941571
941572
941573
941574
941575
941576
941577
941578
941579
941580
941581
941582
941583
941584
941585
941586
941587
941588
941589
94159
941590
941591
941592
941593
941594
941596
941597
941598
941599
9416
94160
941600
941601
941602
941603
941604
941605
941606
941607
941608
941609
94161
941610
941612
941613
941614
941615
941616
941617
941618
941619
941620
941621
941622
941623
941624
941625
941626
941627
941628
941629
94163
941630
941631
941632
941633
941634
941635
941636
941637
941638
941639
94164
941640
941641
941642
941643
941644
941645
941646
941647
941648
941649
941650
941651
941652
941653
941655
941656
941657
941658
941659
941660
941661
941662
941663
941666
941667
941668
941669
941670
941671
941672
941673
941674
941675
941676
941677
941678
941679
941680
941681
941682
941683
941684
941685
941686
941687
941688
941689
941690
941691
941692
941693
941694
941695
941696
941697
941698
941699
9417
94170
941700
941701
941702
941704
941707
941708
941709
941710
941711
941712
941713
941714
941715
941716
941717
941718
941719
94172
941720
941721
941722
941723
941724
941725
941726
941727
941728
941729
941730
941731
941732
941733
941734
941735
941736
941737
941738
941739
941740
941741
941742
941743
941744
941745
941746
941747
941748
941749
94175
941750
941751
941752
941753
941754
941755
941756
941757
941758
941759
94176
941760
941761
941763
94177
941770
941771
941772
941773
941774
941775
941776
941777
941778
941779
941780
941781
941782
941783
941784
941785
941786
941787
941788
941789
941791
941792
941793
941794
941795
941796
941797
941798
941799
9418
94180
941800
941801
941802
941803
941804
941805
941807
941808
941809
94181
941810
941811
941812
941813
941814
941815
941816
941817
941818
941819
94182
941820
941821
941822
941823
941824
941825
941826
941827
941828
941829
94183
941830
941831
941832
941833
941834
941835
941837
941838
941839
94184
941841
941842
941843
941844
941845
941846
941847
941848
941849
941850
941851
941852
941855
941856
941857
941858
941859
941860
941861
941862
941863
941864
941865
941866
941867
941869
941871
941872
941873
941874
941876
941878
941879
941880
941881
941882
941883
941884
941885
941886
941887
941888
941889
941890
941891
941892
941893
941894
941895
941896
941898
941899
9419
94190
941900
941901
941902
941903
941904
941905
941906
941907
941908
941909
94191
941910
941911
941912
941913
941914
941915
941916
941917
941918
94192
941920
941921
941922
941923
941924
941925
941926
941927
941928
941929
941930
941931
941932
941933
941936
941937
941938
941939
94194
941940
941941
941942
941943
941945
941946
941947
941948
941949
94195
941950
941951
941952
941953
941954
941955
941956
941958
941959
94196
941960
941961
941962
941963
941964
941965
941966
941967
941969
94197
941970
941971
941973
941974
941976
941977
941978
941979
941980
941981
941982
941983
941985
941986
941987
941988
941990
941991
941992
941993
941994
941995
941996
941997
941998
941999
942
9420
942000
942001
942002
942003
942004
942005
942006
942007
942008
942009
94201
942010
942011
942012
942013
942014
942015
942016
942017
942018
942020
942021
942022
942023
942024
942025
942026
942027
942028
942029
942030
942031
942032
942033
942034
942035
942037
942039
94204
942040
942041
942042
942045
942046
942047
942048
942049
94205
942050
942051
942052
942053
942055
942056
942057
942058
942059
94206
942061
942062
942063
942064
942065
942066
942067
942068
942069
94207
942071
942072
942073
942074
942075
942076
942077
942078
942079
94208
942080
942081
942082
942083
942084
942085
942086
942087
942088
942089
94209
942091
942092
942093
942094
942095
942096
942097
942098
942099
9421
94210
942100
942101
942102
942103
942105
942106
942107
942108
942109
942110
942111
942112
942113
942114
942115
942117
942118
942119
942120
942122
942123
942124
942125
942126
942127
942128
942129
942130
942131
942132
942133
942134
942135
942136
942137
942138
942139
94214
942140
942141
942142
942143
942144
942145
942146
942147
942148
942149
94215
942150
942151
942152
942153
942154
942155
942156
942157
942158
942159
942160
942161
942162
942163
942165
942167
942168
942169
94217
942170
942171
942172
942173
942174
942175
942176
942178
942179
94218
942180
942181
942183
942184
942185
942186
942187
942188
942189
94219
942191
942192
942193
942194
942195
942196
942197
942198
942199
9422
94220
942200
942201
942202
942203
942204
942205
942206
942207
942208
942209
942211
942212
942213
942214
942215
942216
942217
942218
94222
942220
942221
942222
942223
942224
942225
942226
942227
942228
942229
94223
942230
942231
942232
942233
942234
942235
942236
942237
942238
942239
942240
942241
942242
942243
942244
942245
942246
942248
942249
94225
942250
942251
942252
942253
942254
942256
942257
942258
942259
94226
942260
942261
942262
942263
942264
942265
942266
942267
942268
942269
94227
942270
942271
942272
942273
942274
942275
942276
942277
942278
942279
94228
942280
942281
942282
942283
942284
942285
942286
942287
942288
942289
942290
942291
942292
942293
942294
942295
942296
942297
942298
942299
9423
94230
942300
942301
942302
942303
942304
942305
942306
942308
942309
94231
942310
942311
942312
942314
942315
942316
942317
942318
942320
942321
942322
942323
942325
942326
942327
942328
942329
942330
942331
942332
942333
942334
942335
942336
942337
942338
942339
94234
942340
942341
942342
942343
942344
942345
942346
942347
942348
942349
94235
942350
942351
942352
942353
942354
942355
942356
942358
942359
94236
942360
942361
942362
942363
942364
942365
942366
942367
942368
942369
94237
942370
942371
942372
942373
942376
942377
942378
94238
942380
942382
942383
942384
942385
942386
942387
942388
942389
94239
942390
942391
942392
942393
942394
942395
942396
942397
942398
942399
9424
942400
942401
942402
942403
942405
942406
942407
942408
942409
94241
942411
942412
942413
942414
942415
942416
942417
942419
942420
942421
942422
942423
942424
942425
942426
942427
942428
942429
94243
942430
942431
942432
942433
942434
942435
942436
942437
942438
942439
94244
942440
942441
942442
942443
942444
942445
942446
942447
942448
942449
942450
942451
942452
942453
942454
942455
942456
942457
942458
942459
94246
942460
942461
942462
942463
942464
942465
942466
942467
942468
942469
942470
942471
942472
942473
942474
942475
942476
942477
942478
942479
94248
942480
942481
942482
942483
942484
942485
942486
942487
942489
94249
942490
942491
942492
942493
942494
942495
942496
942497
942498
942499
9425
94250
942502
942504
942505
942506
942507
942509
94251
942510
942511
942512
942514
942516
942517
94252
942522
942523
942526
942527
942528
942529
94253
942530
942531
942532
942533
942534
942535
942536
942537
942539
94254
942540
942542
942543
942544
942545
942546
942547
942548
942549
94255
942550
942551
942552
942553
942554
942555
942557
942558
942559
942560
942561
942562
942563
942564
942565
942567
942568
942569
94257
942571
942572
942573
942574
942575
942576
942577
942578
942579
94258
942580
942581
942582
942583
942585
942586
942587
942588
94259
942590
942591
942592
942593
942595
942596
942597
942598
942599
9426
94260
942600
942601
942602
942603
942604
942605
942606
942607
942608
942609
94261
942610
942611
942612
942613
942614
942615
942616
942617
942618
942619
942620
942621
942622
942623
942624
942625
942626
942627
942628
942629
942631
942632
942634
942635
942636
942637
942638
942639
942641
942642
942644
942646
942647
942648
942649
94265
942651
942652
942653
942654
942655
942656
942659
942660
942661
942662
942663
942664
942665
942666
942668
942670
942671
942672
942673
942674
942675
942676
942677
942678
942679
942680
942681
942683
942684
942685
942686
942687
942688
942689
942690
942691
942692
942693
942695
942696
942697
942698
9427
94270
942700
942702
942703
942705
94271
942710
942711
942713
942714
942718
942719
942721
942724
942725
942726
942728
942729
942730
942731
942732
942733
942734
942735
942736
942737
942738
942739
942740
942741
942742
942743
942744
942745
942746
942747
942748
942749
942750
942751
942752
942753
942754
942755
942756
942758
942759
942760
942761
942762
942764
942765
942766
942767
942768
942769
942772
942774
942775
942778
942780
942781
942784
942785
942786
942787
942788
942789
942790
942791
942792
942793
942795
942796
942797
942798
9428
94280
942800
942801
942802
942804
942805
942807
942808
942809
942810
942811
942812
942813
942814
942815
942816
942818
942819
94282
942820
942821
942823
942824
942825
942826
942827
942828
942829
942830
942831
942832
942833
942834
942835
942836
942837
942838
942839
942840
942841
942842
942845
942846
942847
942848
942849
942850
942851
942852
942853
942854
942855
942860
942861
942864
942865
942866
942867
942868
942869
942870
942871
942873
942874
942875
942876
942877
942878
942879
942880
942881
942882
942883
942884
942885
942886
942887
942888
942889
942890
942891
942892
942893
942894
942895
942897
942898
942899
9429
942900
942901
942902
942903
942904
942905
942906
942907
942908
942909
942910
942911
942913
942914
942915
942917
942918
942919
942920
942921
942922
942923
942924
942925
942926
942927
942928
942929
942930
942931
942932
942933
942934
942935
942936
942937
942938
942939
942940
942941
942942
942943
942944
942946
942947
942949
94295
942950
942951
942953
942954
942955
942956
942957
942958
942959
942960
942961
942962
942963
942964
942965
942966
942967
942968
942969
942970
942971
942972
942973
942974
942975
942976
942977
942979
942980
942981
942982
942983
942984
942985
942986
942987
942988
942989
942990
942991
942992
942993
942995
942996
942999
943
9430
943000
943001
943002
943003
943004
943005
943006
943007
943008
943010
943011
943012
943013
943014
943015
943016
943018
943019
94302
943020
943021
943022
943025
943026
943028
943030
943031
943032
943033
943034
943035
943036
943037
943038
943040
943041
943042
943044
943045
943046
943047
943049
943050
943051
943052
943053
943054
943055
943056
943057
943058
943059
943060
943061
943062
943063
943064
943065
943066
943068
943069
943072
943073
943074
943076
943077
943078
943079
943081
943083
943084
943085
943086
943087
943088
943089
943090
943091
943092
943093
943094
943096
943097
943099
9431
943100
943101
943102
943103
943106
943107
943108
943109
943110
943111
943112
943113
943114
943115
943116
943117
943118
943119
943120
943121
943122
943124
943125
943126
943127
943130
943131
943132
943133
943134
943135
943136
943137
943138
943139
943140
943142
943143
943144
943145
943146
943147
943148
943149
943150
943151
943152
943153
943154
943155
943156
943157
943158
943159
943160
943162
943163
943165
943166
943167
943168
943169
943171
943172
943173
943174
943175
943176
943177
943178
943179
94318
943180
943181
943182
943183
943184
943185
943186
943187
943188
943189
94319
943190
943191
943192
943193
943194
943195
943196
943197
943198
943199
9432
943200
943201
943202
943203
943204
943205
943206
943207
943208
943209
94321
943210
943211
943212
943213
943214
943215
943216
943217
943218
94322
943220
943221
943222
943223
943224
943226
943227
943229
943231
943232
943233
943234
943235
943236
943237
943240
943241
943244
943245
943247
943248
943249
94325
943250
943251
943252
943253
943254
943255
943256
943257
943258
943259
94326
943260
943261
943263
943264
943266
943267
943268
943269
943272
943275
943276
943280
943282
943283
943284
943285
943286
943287
943288
94329
943290
943291
943292
943293
943294
943295
943296
943297
943298
943299
9433
943300
943301
943302
943303
943304
943305
943306
943307
943309
94331
943310
943311
943313
943314
943315
943316
943317
943318
943319
94332
943320
943321
943322
943323
943324
943325
943326
943327
943328
943329
943330
943331
943332
943333
943334
943335
943336
943337
943338
943339
94334
943341
943342
943343
943344
943345
943346
943347
943348
943349
94335
943350
943351
943352
943353
943354
943355
943356
943358
943359
94336
943360
943361
943362
943363
943364
943365
943367
943369
943370
943372
943373
943374
943375
943376
943377
943378
943379
94338
943380
943381
943382
943383
943384
943385
943386
943387
94339
943391
943392
943393
943394
943395
943396
943397
943398
943399
9434
94340
943400
943401
943402
943403
943404
943405
943406
943407
943409
94341
943411
943413
943414
943415
943417
943418
943419
943420
943421
943422
943423
943424
943425
943426
943427
943428
943429
943430
943431
943432
943433
943434
943435
943436
943437
943438
94344
943440
943441
943442
943443
943444
943445
943446
943447
943448
943449
943450
943451
943452
943453
943454
943455
943456
943457
943458
943459
943460
943461
943462
943463
943464
943465
943466
943467
943468
943469
943470
943471
943472
943473
943474
943475
943476
943478
943479
94348
943480
943481
943483
943484
943485
943486
943487
943488
943489
943490
943493
943494
943495
943496
943497
943500
943501
943502
943503
943504
943505
943507
943508
943509
943510
943511
943512
943513
943514
943518
943519
94352
943520
943521
943522
943523
943524
943526
943527
943528
943529
94353
943530
943531
943532
943533
943535
943536
943537
943538
943539
94354
943540
943541
943542
943543
943545
943546
943547
943548
943549
943550
943552
943553
943554
943556
943557
943559
94356
943560
943561
943563
943564
943565
943566
943567
943568
943569
94357
943570
943571
943573
943574
943575
943576
943577
943578
943579
943580
943581
943582
943583
943584
943585
943586
943587
943589
94359
943590
943591
943592
943593
943594
943595
943596
943597
943598
943599
94360
943600
943601
943602
943603
943604
943606
943607
943608
943609
94361
943610
943611
943612
943613
943614
943615
943616
943617
943618
943619
94362
943620
943621
943622
943623
943624
943625
943626
943627
943628
943629
94363
943630
943631
943632
943634
943635
943636
943637
943638
943639
943640
943642
943643
943644
943646
943647
943649
94365
943650
943657
943658
943659
94366
943660
943661
943662
943663
943664
943665
943666
943667
943668
943669
94367
943670
943671
943672
943673
943674
943675
943676
943677
943678
943679
943680
943681
943682
943683
943685
943686
943687
943688
94369
943691
943692
943693
943694
943696
943697
943698
9437
943700
943701
943705
943710
943711
943712
943713
943714
943715
943716
943717
943718
94372
943720
943721
943722
943724
943725
943726
943727
943729
94373
943730
943731
943732
943733
943737
943738
94374
943740
943741
943744
943745
943746
943747
943748
943749
943750
943751
943752
943753
943754
943755
943756
943759
94376
943760
943762
943763
943765
943766
943767
943768
943769
94377
943770
943771
943772
943773
943774
943775
943776
943777
943778
943781
943782
943783
943784
943785
943786
943787
943788
943789
943790
943791
943792
943793
943794
943795
943796
943797
943798
943799
9438
94380
943800
943801
943802
943804
943805
943806
943807
943808
943809
943810
943813
943814
943815
943816
943817
943818
943819
94382
943820
943821
943822
943823
943824
943825
943826
943827
943828
943829
943830
943831
943832
943835
943836
943837
943838
943839
94384
943840
943841
943842
943843
943844
943845
943847
943848
943849
94385
943850
943851
943852
943853
943854
943855
943857
943859
94386
943863
943865
943866
943867
943869
94387
943870
943871
943872
943873
943874
943878
94388
943880
943881
943882
943883
943884
943885
943886
943887
943888
943889
943890
943891
943892
943893
943894
943895
943896
943897
943898
943899
9439
94390
943900
943901
943902
943903
943904
943906
943908
943909
94391
943910
943911
943912
943913
943914
943916
943917
943918
943919
943920
943921
943923
943925
943928
94393
943930
943931
943933
943934
943935
943936
943937
943938
943939
94394
943940
943941
943943
943944
943945
943946
943947
943949
94395
943950
943951
943952
943953
943954
943955
943956
943957
943958
943959
943960
943961
943962
943964
943965
943966
943967
943968
943969
943970
943971
943972
943973
943975
943976
943977
94398
943980
943981
943982
943983
943986
943987
943988
943990
943991
943992
943994
943995
943996
943997
943998
943999
944
9440
94400
944000
944001
944003
944004
944005
944006
944007
94401
944010
944011
944012
944014
944015
944017
944019
94402
944020
944021
944023
944024
944025
944027
944029
94403
944031
944035
944036
944038
944039
944041
944042
944043
944044
944045
944046
944047
944048
944049
94405
944050
944051
944052
944053
944054
944055
944056
944057
944058
94406
944060
944061
944069
94407
944070
944071
944074
944089
94409
944091
944092
944093
944094
944095
944096
944097
944098
944099
9441
94410
944100
944102
944103
944104
944105
944106
944107
944108
944109
94411
944110
944114
944115
944116
944117
944118
944119
94412
944120
944121
944122
944123
944124
944125
944126
944127
944128
944129
94413
944131
944132
944133
944135
944136
944137
944138
944139
944140
944141
944142
944143
944144
944145
944146
944147
944148
944149
94415
944150
944151
944152
944153
944154
944155
944156
944157
944158
944159
944160
944162
944163
944164
944165
944166
944167
944168
944169
944170
944171
944172
944173
944174
944175
944176
944177
944178
944179
944180
944181
944182
944183
944187
944188
944189
94419
944191
944192
944193
944194
944195
944196
944197
944198
944199
9442
944200
944201
944202
944203
944204
944205
944206
944207
944208
944209
944210
944211
944212
944213
944215
944216
944217
944218
944219
944220
944221
944222
944223
944224
944225
944226
944227
944228
944229
94423
944230
944231
944232
944233
944234
944235
944236
944237
944238
944239
94424
944240
944242
944244
944246
944247
944248
944249
94425
944250
944251
944253
944254
944255
944256
944257
944258
944259
944261
944262
944263
944264
944265
944266
944267
944268
944269
944270
944271
944272
944273
944274
944275
944276
944277
944278
944279
94428
944280
944281
944282
944283
944284
944285
944286
94429
944290
944291
944293
944294
944295
944296
944297
944299
9443
944301
944303
944304
944305
944306
944307
944309
944310
944311
944312
944313
944314
944315
944316
944317
944318
944319
944320
944321
944322
944323
944324
944325
944326
944327
944329
94433
944330
944332
944333
944334
944336
944337
944338
94434
944340
944342
944343
944344
944345
944346
944347
944348
944349
94435
944351
944352
944355
944356
944357
944358
944359
94436
944360
944361
944362
944363
944364
944365
944367
944368
944369
944370
944371
944372
944373
944375
944376
944377
944379
94438
944382
944383
944384
944385
944386
944387
944388
944389
944390
944392
944393
944394
944396
944397
944398
944399
9444
94440
944400
944401
944402
944403
944404
944405
944406
944407
944408
944409
944410
944411
944413
944414
944416
944417
944418
944419
94442
944420
944424
944425
944427
944428
94443
944430
944431
944432
944434
944435
944436
944438
944439
94444
944441
944443
944444
944446
944447
94445
944453
944454
944455
944456
94446
944461
944462
944463
944464
944465
944466
944467
944468
944469
94447
944470
944471
944472
944473
944474
944475
944476
944477
944478
94448
944480
944481
944482
944483
944484
944485
944486
944487
944488
944489
944490
944492
944493
944494
944495
944496
944497
944499
9445
94450
944500
944502
944503
944505
944506
944507
944508
944509
94451
944510
944511
944512
944513
944514
944515
944516
944517
944518
944519
94452
944520
944521
944522
944523
944524
944525
944526
944527
944529
944530
944531
944532
944533
944534
944535
944537
944538
944539
94454
944540
944541
944543
944544
944545
944546
944547
944548
944549
944550
944551
944553
944554
944555
944556
944558
944559
944560
944561
944562
944563
944564
944565
944566
944567
944568
944569
94457
944570
944571
944572
944573
944574
944575
944576
944577
944578
944579
94458
944580
944581
944582
944584
944585
944586
944587
944588
944589
94459
944590
944591
944592
944593
944594
944595
944596
944598
944599
9446
944600
944601
944602
944603
944605
944606
944607
944608
94461
944610
944612
944613
944615
944617
944618
944619
94462
944620
944621
944622
944623
944624
944625
944626
944627
944628
944629
94463
944630
944633
944634
944635
944636
944637
944638
944639
944640
944641
944642
944643
944644
944645
944646
944647
944648
944649
944650
944651
944652
944653
944654
944655
944656
944657
944658
944659
94466
944660
944661
944662
944663
944664
944665
944666
944667
944668
944669
94467
944670
944671
944672
944674
944675
944677
944678
944679
94468
944680
944681
944682
944684
944685
944686
944687
944688
944689
94469
944690
944691
944692
944693
944694
944695
944696
944697
944698
9447
94470
944700
944701
944702
944703
944704
944705
944706
944708
944709
94471
944710
944711
944712
944713
944714
944715
944716
944717
944718
944719
94472
944720
944721
944722
944723
944724
944725
944726
944727
944728
94473
944730
944731
944732
944733
944734
944735
944736
944737
944738
944739
94474
944740
944741
944742
944743
944744
944745
944746
944748
944749
94475
944750
944751
944752
944753
944754
944755
944756
944757
944758
944759
944760
944761
944763
944764
944765
944766
944767
944768
944769
944770
944771
944772
944773
944774
944775
944776
944777
944778
944779
94478
944780
944781
944782
944783
944784
944786
944787
944788
944789
944790
944791
944792
944793
944794
944795
944796
944797
944798
944799
9448
94480
944800
944801
944802
944803
944804
944805
944806
944807
944808
944809
94481
944810
944811
944812
944813
944814
944815
944816
944817
944818
944819
94482
944820
944821
944822
944823
944824
944826
944827
944828
944829
94483
944831
944832
944833
944834
944835
944836
944837
944838
944839
94484
944840
944841
944842
944843
944845
944846
944847
944848
944849
94485
944850
944852
944854
944855
944856
944857
944858
944859
94486
944860
944861
944863
944864
944865
944866
944867
944868
944869
94487
944870
944871
944872
944873
944875
944876
944877
944878
944879
94488
944880
944881
944882
944886
944887
944888
944889
94489
944891
944892
944893
944895
944896
944897
944898
944899
9449
94490
944900
944901
944903
944904
944905
944906
944907
944908
944909
944910
944911
944912
944913
944914
944915
944916
944917
944918
944919
94492
944920
944921
944922
944923
944924
944925
944926
944927
944928
944929
944930
944931
944932
944933
944934
944935
944936
944937
944938
944939
94494
944940
944941
944942
944943
944944
944945
944946
944947
944948
944949
94495
944950
944951
944952
944953
944954
944955
944956
944957
944958
944959
94496
944960
944961
944962
944963
944964
944965
944966
944967
944968
944969
944970
944971
944972
944973
944974
944975
944976
944977
944978
944979
94498
944980
944981
944982
944983
944984
944985
944986
944987
944988
944989
944990
944992
944993
944994
944995
944996
944997
944998
944999
9450
945000
945001
945002
945003
945004
945005
945006
945007
945008
945009
945010
945011
945012
945013
945014
945015
945016
945017
945018
945019
94502
945021
945022
945023
945024
945026
945027
945028
945029
94503
945030
945031
945032
945033
945034
945035
945036
945037
945038
945039
94504
945040
945041
945042
945043
945044
945045
945046
945047
945048
945049
94505
945050
945051
945052
945053
945054
945055
945056
945057
945058
945059
945060
945061
945062
945063
945064
945065
945067
945069
945070
945071
945073
945074
945075
945076
945077
945078
945079
94508
945080
945081
945083
945084
945085
945086
945087
945088
945089
94509
945090
945091
945092
945093
945094
945095
945096
945097
9451
94510
945100
945103
945104
945105
945106
945107
945108
945109
945110
945111
945112
945113
945114
945115
945116
945117
945118
945119
94512
945120
945121
945122
945123
945124
945126
945127
945128
945129
94513
945130
945131
945132
945133
945134
945135
945136
945137
945138
945139
945140
945141
945142
945143
945144
945145
945147
945148
945149
94515
945150
945151
945152
945153
945154
945156
945157
945159
945160
945161
945162
945163
945164
945165
945166
945167
945168
945169
94517
945170
945171
945172
945173
945174
945175
945176
945177
945178
945180
945181
945182
945183
945184
945185
945186
945187
945188
945190
945191
945192
945193
945194
945195
945196
945197
945198
945199
9452
945200
945201
945202
945203
945204
945205
945206
945207
945208
945209
945210
945211
945212
945213
945214
945215
945216
945217
945218
945219
94522
945220
945221
945222
945223
945224
945226
945227
945228
945229
94523
945230
945231
945232
945233
945234
945235
945236
945237
945238
945239
945240
945241
945242
945243
945244
945245
945246
945247
945248
94525
945252
945254
945255
945256
945257
945259
94526
945260
945261
945262
945263
945264
945267
945268
945269
94527
945270
945271
945272
945273
945275
945276
945277
945278
945279
94528
945280
945281
945282
945283
945284
945285
945286
945287
945288
945289
94529
945290
945291
945292
945293
945294
945295
945296
945297
945298
945299
9453
94530
945300
945301
945302
945303
945307
945308
945309
945310
945311
945312
945313
945315
945317
945318
945319
94532
945320
945321
945322
945323
945324
945325
945326
945327
945328
94533
945330
945331
945332
945333
945334
945335
945336
945337
945338
945339
94534
945340
945341
945342
945343
945344
945345
945346
945347
945348
945349
945350
945351
945352
945353
945354
945355
945356
945357
945358
945359
94536
945361
945362
945363
945364
945365
945367
945368
945369
94537
945370
945371
945372
945373
945374
945375
945376
945377
945378
945379
945380
945381
945382
945383
945384
945385
945386
945387
945388
945389
945390
945391
945392
945393
945394
945395
945396
945397
945398
945399
9454
94540
945400
945401
945402
945403
945404
945405
945406
945407
945408
945409
945410
945411
945412
945413
945414
945415
945416
945417
945418
945419
94542
945420
945421
945422
945423
945426
945427
945428
945429
94543
945430
945431
945432
945433
945435
945436
945437
945438
945439
94544
945440
945441
945442
945443
945444
945445
945446
945447
945448
94545
945450
945451
945452
945453
945454
945455
945456
945457
945458
945459
945460
945461
945462
945463
945464
945465
945466
945467
945469
94547
945470
945471
945472
945473
945475
945476
945478
945479
94548
945480
945481
945482
945483
945484
945485
945486
945487
945488
94549
945490
945491
945492
945493
945494
945495
945496
945497
945498
945499
9455
94550
945500
945501
945502
945503
945504
945505
945506
945507
945508
94551
945510
945511
945512
945513
945514
945515
945516
945517
945518
945519
94552
945521
945522
945523
945524
945525
945526
945527
945528
945529
94553
945530
945531
945532
945533
945534
945535
945536
945537
945538
945539
945540
945541
945542
945543
945544
945545
945546
945547
945548
945549
94555
945550
945551
945552
945553
945554
945555
945556
945557
945558
945559
945560
945561
945562
945563
945564
945565
945566
945567
945568
945569
945570
945571
945572
945573
945574
945575
945576
945577
945578
945579
945580
945581
945582
945583
945584
945585
945587
945588
945589
945590
945591
945592
945593
945594
945595
945596
945597
945598
945599
9456
94560
945600
945601
945602
945603
945604
945606
945607
945608
945609
94561
945610
945611
945612
945613
945614
945615
945616
945617
945618
945619
94562
945620
945621
945622
945623
945624
945625
945626
945627
945628
945629
94563
945630
945631
945632
945633
945634
945635
945636
945637
945638
945639
94564
945640
945641
945642
945643
945644
945645
945646
945647
945648
945649
94565
945650
945651
945652
945653
945654
945655
945656
945657
945658
945659
945660
945661
945662
945663
945664
945665
945666
945667
945668
945669
94567
945670
945671
945672
945673
945674
945675
945676
945677
945678
945679
94568
945681
945682
945683
945684
945685
945686
945688
945689
945690
945691
945692
945693
945694
945695
945696
945697
945698
945699
94570
945700
945701
945702
945703
945704
945705
945707
945708
945709
945710
945711
945712
945713
945714
945715
945716
945717
945718
945719
94572
945720
945721
945722
945723
945724
945725
945726
945728
945729
945730
945731
945732
945733
945734
945735
945736
945737
945738
945739
94574
945740
945741
945742
945743
945744
945745
945746
945748
945749
94575
945750
945751
945755
945757
945758
945759
945760
945761
945762
945763
945764
945765
945766
945767
945769
94577
945770
945771
945772
945773
945774
945775
945776
945777
945778
945779
945780
945781
945782
945783
945784
945785
945786
945788
945789
94579
945792
945793
945794
945796
945797
945798
945799
9458
94580
945800
945801
945802
945804
945805
945806
945807
945809
94581
945810
945811
945812
945813
945814
945815
945818
945819
94582
945820
945821
945822
945823
945824
945825
945826
945828
945829
94583
945830
945831
945832
945833
945834
945835
945836
945837
945838
945839
94584
945840
945841
945842
945843
945844
945845
945846
945847
945848
945849
94585
945850
945853
945854
945855
945856
945857
945860
945861
945863
945864
945865
945866
945867
945868
945869
94587
945870
945871
945872
945873
945874
945875
945876
945877
945878
945879
945880
945881
945882
945883
945884
945885
945886
945887
945888
945889
94589
945890
945891
945893
945894
945895
945896
945897
945898
945899
9459
94590
945901
945903
945904
945905
945906
945907
945908
945909
945910
945911
945912
945913
945915
945916
945917
945918
945919
94592
945920
945921
945922
945923
945924
945925
945927
945928
945929
945930
945931
945932
945933
945934
945935
945936
945937
945938
945939
94594
945940
945941
945942
945943
945944
945945
945946
945949
94595
945952
945954
945955
945956
945957
945958
945959
945960
945961
945962
945963
945964
945965
945966
945967
945968
945969
94597
945970
945971
945972
945973
945974
945975
945976
945978
945979
94598
945980
945981
945982
945983
945985
945986
945987
945988
945989
945990
945991
945992
945993
945994
945995
945997
945998
945999
946
9460
946000
946001
946002
946003
946004
946005
946006
946008
946009
94601
946010
946011
946012
946013
946014
946015
946016
946018
946019
94602
946020
946021
946022
946023
946024
946025
946026
946027
946028
946029
94603
946030
946031
946032
946033
946034
946035
946036
946037
946038
946039
946040
946041
946042
946043
946044
946045
946046
946047
946048
946049
94605
946050
946051
946052
946054
946055
946056
946057
946058
94606
946060
946061
946062
946063
946065
946066
946067
946068
946069
94607
946070
946071
946072
946073
946074
946075
946076
946077
946078
946079
94608
946081
946082
946083
946084
946085
946086
946087
946088
946089
94609
946091
946092
946093
946094
946095
946096
946097
946098
946099
9461
946100
946101
946102
946103
946105
946106
946107
946108
946109
94611
946110
946111
946112
946113
946114
946116
946117
946118
946119
94612
946120
946121
946122
946123
946126
946127
946128
946129
94613
946130
946131
946132
946133
946134
946135
946136
946137
946138
946139
946140
946141
946142
946144
946145
946146
946147
946148
946149
94615
946150
946151
946152
946153
946154
946155
946156
946158
946159
94616
946160
946161
946162
946163
946164
946165
946166
946167
946168
946169
94617
946170
946171
946172
946173
946174
946175
946176
946177
946178
946179
94618
946180
946181
946182
946183
946184
946185
946186
946187
946188
946189
94619
946190
946191
946192
946193
946194
946195
946196
946197
946198
946199
9462
94620
946200
946201
946202
946203
946205
946206
946207
946208
946209
94621
946210
946211
946212
946213
946215
946216
946217
946218
946219
94622
946220
946221
946222
946223
946225
946226
946227
946228
946229
94623
946230
946231
946232
946233
946235
946236
946237
946238
946239
94624
946240
946241
946244
946247
946248
94625
946250
946251
946252
946253
946254
946255
946256
946257
946258
946259
94626
946260
946261
946262
946263
946264
946265
946266
946267
946268
946269
94627
946271
946273
946274
946275
946276
946277
946278
946279
94628
946280
946281
946282
946283
946284
946285
946287
946289
94629
946290
946291
946292
946293
946294
946295
946296
946297
946298
9463
94630
946301
946302
946303
946306
946307
946308
94631
946310
946311
946313
946314
946315
946316
946317
946318
94632
946320
946321
946323
946324
946325
946326
946327
946328
946329
94633
946332
946333
946334
946335
946336
946337
946338
946339
94634
946340
946342
946344
946345
946346
946347
946348
946349
94635
946350
946351
946352
946353
946354
946355
946356
946357
946359
94636
946360
946361
946362
946363
946364
946365
946366
946367
946369
946370
946371
946372
946373
946374
946375
946376
946377
946378
946379
94638
946380
946381
946382
946383
946384
946385
946386
946387
946388
946389
94639
946390
946391
946392
946393
946394
946395
946396
946397
946398
946399
9464
946400
946401
946402
946403
946404
946405
946407
946408
946409
94641
946410
946411
946413
946414
946415
946416
946418
946419
94642
946420
946421
946422
946423
946424
946428
946429
94643
946431
946433
946434
946435
946436
946437
946438
946439
94644
946440
946441
946442
946444
946445
946446
946447
946448
946449
94645
946450
946451
946452
946453
946454
946455
946456
946457
946458
946459
946460
946462
946463
946464
946465
946466
946467
946468
946469
946470
946471
946472
946473
946474
946475
946476
946477
946478
946479
94648
946480
946481
946482
946483
946485
946486
946487
946488
946489
94649
946490
946491
946492
946493
946494
946495
946496
946497
946498
946499
9465
94650
946500
946501
946502
946503
946505
946506
946507
946508
946509
946510
946511
946512
946513
946514
946516
946517
946518
946519
94652
946520
946521
946522
946523
946524
946525
946526
946527
946528
946529
94653
946530
946531
946532
946533
946534
946535
946536
946537
946538
946539
94654
946540
946541
946542
946543
946544
946545
946546
946547
946548
946549
94655
946550
946551
946552
946553
946554
946555
946556
946557
946558
946559
94656
946560
946561
946562
946563
946565
946566
946569
94657
946573
946574
946575
946578
946579
94658
946580
946581
946582
946583
946584
946585
946586
946587
946588
946589
94659
