951611
951612
951613
951614
951615
951616
951617
951618
951619
95162
951620
951622
951623
951624
951625
951626
951627
951628
951629
951630
951631
951632
951633
951634
951635
951636
951637
951638
951639
95164
951640
951642
951643
951644
951645
951646
951647
951648
951649
951650
951651
951652
951653
951654
951655
951656
951657
951658
951659
95166
951660
951661
951662
951663
951664
951665
951666
951667
951668
951669
951670
951671
951672
951673
951674
951675
951676
951677
951679
951680
951681
951682
951683
951684
951685
951686
951687
951688
951689
95169
951690
951691
951692
951693
951695
951696
951697
951698
951699
9517
95170
951700
951701
951702
951703
951704
951705
951706
951707
951708
951709
951710
951711
951712
951713
951714
951715
951716
951717
951718
951719
951720
951721
951722
951723
951724
951725
951726
951727
951728
951729
95173
951730
951731
951732
951733
951734
951735
951736
951737
951739
95174
951740
951741
951742
951743
951746
951747
951750
951751
951752
951753
951754
951756
951757
951758
951760
951762
951763
951764
951766
951767
951768
95177
951770
951771
951772
951773
951774
951775
951776
951777
951778
951779
95178
951780
951781
951782
951783
951784
951785
951786
951788
951789
95179
951790
951791
951792
951793
951794
951795
951796
951797
951798
951799
951800
951801
951802
951803
951804
951805
951806
951807
951808
951809
951810
951811
951812
951813
951814
951815
951816
951817
951818
951819
95182
951820
951821
951822
951823
951824
951825
951826
951827
951828
951829
95183
951830
951831
951833
951834
951836
951837
951839
95184
951840
951841
951842
951843
951844
951845
951846
951847
951848
951849
95185
951850
951851
951852
951853
951854
951855
951856
951857
951858
951859
95186
951860
951861
951862
951863
951864
951865
951866
951867
951868
951869
95187
951870
951871
951873
951875
951876
951877
951878
951879
95188
951880
951882
951884
951885
951886
951887
951888
951889
95189
951890
951891
951892
951893
951894
951895
951897
951898
951899
9519
95190
951900
951901
951902
951903
951904
951905
951906
951907
951908
951909
95191
951910
951911
951912
951914
951917
951918
951919
95192
951920
951921
951922
951923
951924
951925
951926
951927
951928
951929
95193
951930
951932
951933
951934
951935
951936
951937
951938
951939
95194
951940
951941
951942
951943
951944
951945
951946
951947
951948
951949
95195
951950
951951
951952
951953
951954
951955
951956
951957
951958
951959
95196
951960
951961
951962
951963
951964
951965
951966
951967
951968
951969
95197
951970
951971
951972
951974
951975
951976
951977
951978
951979
951980
951981
951982
951983
951984
951985
951987
951988
951989
951990
951991
951992
951993
951994
951996
951997
951998
951999
9520
952000
952001
952003
952004
952005
952006
952007
952008
952009
952011
952012
952013
952014
952015
952016
952017
952018
952020
952021
952022
952024
952025
952026
952027
952028
952029
952030
952031
952032
952033
952034
952035
952036
952037
952038
952040
952041
952042
952044
952045
952046
952048
952049
952050
952051
952052
952053
952054
952055
952056
952057
952059
95206
952060
952061
952062
952063
952064
952065
952066
952067
952068
952069
952070
952071
952072
952073
952074
952076
952078
952079
95208
952080
952081
952082
952083
952084
952085
952086
952087
952088
952089
952090
952091
952092
952093
952094
952096
952097
952098
952099
95210
952100
952101
952102
952103
952104
952105
952106
952107
952108
952109
952110
952111
952112
952114
952115
952119
952121
952122
952123
952124
952125
952126
952127
952128
952129
952130
952131
952132
952133
952134
952135
952136
952137
952138
952139
952140
952142
952143
952144
952145
952146
952147
952149
95215
952150
952151
952152
952153
952154
952155
952156
952157
952158
952159
95216
952160
952161
952162
952163
952164
952165
952166
952167
952168
952169
952170
952171
952172
952173
952174
952175
952176
952177
952179
95218
952180
952182
952184
952185
952186
952187
952189
95219
952190
952191
952192
952193
952195
952196
952197
952198
952199
9522
95220
952200
952201
952202
952203
952204
952205
952206
952207
952208
952209
95221
952210
952211
952212
952213
952214
952215
952216
952217
952218
952219
952220
952221
952222
952223
952224
952225
952226
952227
952228
952229
95223
952230
952231
952232
952233
952234
952235
952236
952237
952238
952239
95224
952241
952242
952243
952244
952245
952246
952247
952248
952249
95225
952250
952251
952252
952253
952254
952255
952256
952257
952258
952259
952260
952262
952263
952264
952265
952266
952267
952268
952269
95227
952270
952271
952272
952273
952274
952275
952276
952277
952278
952279
95228
952280
952281
952282
952284
952285
952286
952288
952289
95229
952290
952291
952292
952293
952294
952295
952296
952297
952298
952299
9523
95230
952300
952301
952302
952303
952304
952305
952306
952308
952309
95231
952310
952311
952312
952313
952315
952316
952317
952318
952319
95232
952320
952321
952322
952323
952324
952325
952326
952327
952328
952329
95233
952330
952331
952332
952333
952334
952335
952336
952337
952338
952339
95234
952340
952341
952342
952343
952344
952345
952346
952347
952348
952349
95235
952350
952351
952352
952353
952354
952355
952356
952357
952358
95236
952360
952361
952362
952363
952365
952366
952367
952368
952369
95237
952370
952371
952372
952373
952374
952375
952376
952377
952378
952379
952382
952384
952385
952386
952387
952388
952389
952390
952391
952392
952394
952395
952396
952397
952398
952399
9524
95240
952400
952401
952402
952403
952404
952405
952406
952407
952408
952409
95241
952410
952411
952412
952415
952416
952417
952419
95242
952420
952421
952422
952423
952424
952425
952426
952427
952428
952429
95243
952430
952431
952432
952433
952434
952435
952436
952437
952438
95244
952440
952441
952442
952443
952444
952445
952446
952447
952448
952449
95245
952450
952451
952452
952453
952454
952455
952456
952458
952459
95246
952460
952462
952463
952464
952465
952466
952467
952468
952469
95247
952470
952471
952472
952473
952474
952475
952476
952478
952479
95248
952480
952481
952482
952483
952484
952485
952486
952487
952488
952489
95249
952490
952491
952492
952493
952494
952495
952496
952497
952498
952499
952500
952501
952502
952503
952504
952505
952507
952508
95251
952510
952511
952512
952513
952514
952516
952517
952518
952519
952520
952521
952522
952523
952524
952525
952526
952527
952528
952529
952530
952531
952532
952533
952534
952535
952536
952537
952538
952539
95254
952540
952541
952542
952543
952544
952545
952546
952547
952548
952549
952550
952551
952552
952553
952554
952555
952556
952557
952558
952559
952560
952561
952562
952563
952564
952565
952566
952567
952568
952569
95257
952570
952571
952572
952573
952574
952575
952576
952577
952578
952579
952580
952581
952582
952583
952584
952585
952586
952587
952588
952589
952590
952591
952592
952593
952594
952595
952596
952597
952598
952599
9526
952600
952602
952603
952604
952605
952606
952608
95261
952610
952611
952613
952614
952615
952617
952618
952619
95262
952620
952621
952622
952623
952624
952625
952626
952627
952628
952629
952630
952632
952633
952637
952639
95264
952640
952641
952642
952643
952644
952645
952646
952647
952648
952650
952651
952652
952653
952654
952656
952657
952658
952659
952660
952662
952663
952664
952665
952666
952667
952668
952669
95267
952670
952671
952672
952673
952674
952675
952676
952677
952678
952679
952680
952681
952682
952683
952684
952685
952686
952687
952688
952689
95269
952690
952691
952692
952693
952695
952696
952697
952698
952699
9527
95270
952700
952701
952702
952703
952704
952705
952706
952707
952708
952709
95271
952710
952711
952712
952713
952714
952716
952717
952718
952719
95272
952720
952721
952722
952723
952724
952726
952727
952728
952729
95273
952731
952732
952733
952734
952735
952736
952737
952738
952739
95274
952740
952741
952742
952744
952747
952749
95275
952750
952751
952752
952753
952754
952755
952756
952757
952758
952760
952761
952763
952764
952765
952766
952768
952769
95277
952770
952771
952772
952773
952774
952775
952776
952777
952778
952779
95278
952780
952781
952782
952783
952784
952785
952786
952787
952788
952789
95279
952790
952791
952792
952793
952794
952795
952796
952797
952799
9528
952802
952804
952805
952807
952808
952809
95281
952810
952811
952812
952813
952814
952815
952816
952817
952818
952819
952820
952821
952822
952823
952824
952825
952826
952827
952828
952829
95283
952830
952831
952832
952833
952834
952835
952836
952837
952838
952839
952840
952841
952842
952843
952844
952845
952846
952847
952849
952850
952851
952852
952853
952854
952855
952856
952857
952858
952859
952860
952861
952862
952863
952864
952865
952866
952867
952868
95287
952870
952871
952873
952874
952875
952876
952877
952878
952879
952880
952881
952883
952884
952885
952886
952887
952888
952889
95289
952890
952892
952893
952894
952895
952896
952897
952899
9529
952900
952901
952902
952903
952904
952905
952906
952907
952908
952909
95291
952910
952911
952912
952913
952914
952915
952916
952917
952918
952919
95292
952920
952921
952922
952923
952924
952925
952926
952927
952928
952929
952930
952931
952932
952935
952936
952937
952938
952939
95294
952940
952941
952942
952943
952944
952945
952946
952947
952948
952949
95295
952950
952951
952952
952953
952955
952956
952957
952958
952959
952960
952961
952962
952963
952964
952965
952966
952967
952968
95297
952970
952971
952972
952973
952974
952975
952976
952977
952978
952979
952980
952981
952982
952983
952984
952985
952986
952987
952988
952989
952990
952991
952992
952993
952994
952995
952996
952997
952998
952999
953
9530
953000
953001
953002
953003
953004
953005
953006
953008
953010
953011
953013
953015
953016
953017
953018
953019
953020
953021
953022
953023
953024
953025
953026
953027
953028
953029
953030
953031
953032
953033
953034
953035
953036
953038
953039
953040
953041
953042
953043
953044
953045
953046
953047
953048
953049
953050
953051
953052
953053
953054
953055
953056
953058
953059
953060
953061
953062
953063
953064
953065
953066
953067
953068
953069
95307
953070
953071
953072
953073
953074
953076
953077
953078
953079
953080
953081
953082
953083
953084
953085
953086
953087
953088
953089
95309
953090
953091
953092
953093
953094
953095
953096
953098
953099
9531
95310
953100
953101
953102
953103
953104
953105
953106
953107
953108
953109
953110
953111
953112
953113
953114
953115
953116
953117
953118
953119
95312
953120
953121
953122
953123
953124
953125
953126
953127
953128
95313
953130
953131
953132
953133
953134
953135
953136
953137
953138
953139
95314
953140
953141
953142
953143
953144
953145
953146
953147
953148
953149
95315
953151
953152
953153
953154
953155
953156
953157
953158
953159
95316
953160
953161
953162
953163
953165
953166
953167
953168
953169
953170
953171
953172
953173
953175
953176
953178
953179
95318
953180
953181
953182
953183
953184
953185
953188
953189
953190
953191
953192
953193
953194
953195
953197
953198
953199
9532
95320
953200
953201
953202
953203
953204
953205
953206
953207
953208
953209
95321
953210
953211
953212
953213
953214
953215
953217
953218
953219
95322
953220
953221
953222
953223
953224
953225
953226
953227
953228
953229
953230
953231
953232
953233
953234
953235
953236
953237
953238
953239
95324
953240
953241
953245
953246
953247
953248
953249
95325
953250
953252
953254
953255
953256
953257
953258
953259
95326
953260
953261
953262
953263
953264
953265
953267
953268
953269
953270
953271
953272
953273
953274
953275
953276
953278
953279
953280
953281
953282
953283
953284
953285
953288
953289
953290
953292
953294
953295
953296
953297
953298
953299
9533
953300
953301
953302
953303
953304
953305
953306
953307
953308
953309
953310
953311
953312
953313
953314
953315
953316
953317
953318
953319
95332
953320
953321
953322
953323
953324
953325
953326
953327
953328
953329
953330
953331
953332
953333
953334
953335
953336
953337
953338
953339
95334
953340
953341
953342
953343
953344
953345
953346
953349
953351
953352
953354
953356
953357
953358
953359
95336
953360
953361
953362
953363
953364
953365
953366
953367
953368
953369
95337
953371
953374
953375
953376
953377
953378
953379
953380
953381
953382
953383
953385
953386
953387
953388
953389
95339
953390
953391
953392
953393
953394
953395
953396
953397
953398
953399
9534
953401
953402
953403
953404
953405
953406
953407
953409
95341
953410
953411
953412
953413
953414
953415
953416
953417
953418
953419
95342
953420
953421
953422
953423
953424
953425
953426
953427
953428
953429
953430
953431
953432
953433
953434
953435
953436
953437
953438
953439
953440
953441
953442
953443
953444
953445
953446
953447
953448
953449
95345
953450
953451
953452
953453
953455
953456
953457
953458
953459
95346
953460
953461
953462
953463
953465
953466
953467
953468
953469
95347
953470
953471
953473
953474
953475
953476
953477
953478
953479
95348
953480
953482
953483
953484
953485
953486
953487
953488
95349
953492
953494
953495
953496
953497
953498
953499
9535
953500
953501
953502
953503
953504
953505
953506
953507
953508
953509
95351
953510
953511
953512
953513
953514
953515
953516
953517
953518
953519
953520
953521
953522
953523
953525
953526
953527
953529
95353
953530
953531
953532
953534
953535
953536
953538
953539
95354
953540
953541
953542
953543
953544
953545
953546
953547
953548
953549
953550
953551
953553
953554
953555
953556
953557
953558
953559
95356
953560
953561
953562
953563
953564
953565
953566
953567
953568
953569
953570
953571
953572
953573
953574
953575
953576
953577
953578
953579
95358
953580
953581
953582
953583
953584
953585
953586
953588
953589
95359
953593
953594
953595
953596
953597
953598
953599
9536
95360
953600
953601
953602
953603
953604
953605
953606
953607
953608
953609
95361
953610
953611
953612
953613
953614
953615
953616
953617
953618
953619
95362
953620
953621
953622
953623
953624
953625
953626
953627
953628
953629
95363
953630
953631
953632
953633
953634
953635
953636
953637
953639
95364
953640
953641
953642
953643
953644
953645
953646
953647
953648
953649
953650
953651
953652
953653
953654
953655
953656
953657
953658
953659
953660
953661
953662
953663
953665
953666
953667
953669
95367
953670
953671
953672
953673
953674
953675
953676
953677
953678
953679
953680
953681
953682
953683
953684
953685
953686
953687
953688
953690
953691
953692
953693
953694
953695
953696
953697
953698
953699
9537
953700
953701
953702
953703
953704
953705
953706
953707
953708
953709
95371
953710
953711
953712
953713
953714
953715
953716
953717
953718
953719
95372
953720
953721
953722
953723
953724
953725
953726
953727
953728
953729
95373
953730
953731
953732
953733
953734
953735
953736
953737
953738
953739
953740
953741
953742
953743
953744
953745
953746
953747
953748
953749
95375
953750
953751
953752
953753
953754
953755
953756
953757
953758
953759
953761
953762
953763
953764
953765
953766
953767
953768
953769
95377
953770
953771
953772
953773
953774
953775
953776
953777
953778
953779
95378
953780
953781
953782
953783
953784
953785
953786
953787
953788
953789
953790
953791
953793
953794
953795
953796
953797
953798
953799
9538
95380
953800
953801
953802
953803
953804
953805
953807
953808
953809
95381
953810
953811
953812
953813
953814
953815
953816
953817
953818
953819
953820
953821
953822
953823
953825
953826
953827
953828
953829
95383
953831
953832
953834
953835
953836
953838
953839
95384
953840
953842
953843
953845
953846
953849
95385
953850
953851
953852
953853
953856
953857
953858
953859
953860
953861
953862
953863
953864
953865
953866
953867
953868
953869
953870
953871
953872
953873
953874
953875
953876
953877
953879
95388
953880
953881
953882
953883
953884
953885
953886
953889
95389
953890
953891
953892
953893
953894
953895
953896
953897
953898
953899
9539
95390
953900
953901
953902
953903
953904
953905
953908
953909
953911
953912
953913
953914
953915
953916
953918
953920
953922
953923
953925
953926
953927
953928
953929
953930
953931
953932
953934
953935
953936
953937
953938
953939
953940
953941
953942
953943
953945
953947
953948
953949
953950
953951
953952
953953
953954
953955
953956
953957
953958
953959
953960
953961
953962
953963
953964
953965
953966
953967
953968
953969
95397
953970
953971
953972
953973
953974
953975
953976
953977
953978
953979
953980
953981
953982
953983
953984
953985
953986
953987
953988
953989
95399
953990
953991
953992
953993
953994
953995
953996
953997
953998
953999
954
9540
95400
954000
954001
954002
954003
954004
954005
954006
954007
954008
954009
95401
954010
954012
954013
954014
954015
954016
954017
954018
954019
95402
954020
954021
954022
954023
954024
954025
954026
954027
954028
954029
95403
954030
954031
954032
954033
954034
954035
954036
954037
954038
95404
954040
954041
954042
954043
954044
954045
954046
954047
954048
954051
954052
954054
954055
954056
954057
954058
954060
954061
954062
954063
954064
954066
954067
954068
954069
95407
954070
954071
954073
954074
954075
954076
954077
954078
954079
954080
954082
954083
954084
954085
954086
954087
954088
954089
95409
954090
954091
954093
954094
954095
954096
954097
954098
954099
9541
95410
954100
954101
954102
954103
954104
954105
954106
954107
954108
954109
954110
954111
954112
954113
954114
954115
954116
954117
954118
954119
954120
954121
954122
954123
954124
954125
954126
954127
954128
954129
954130
954131
954132
954133
954134
954135
954136
954137
954139
95414
954140
954141
954143
954144
954145
954146
954148
954149
95415
954150
954151
954152
954153
954154
954155
954156
954157
954158
954159
954160
954162
954163
954164
954165
954166
954167
954168
954169
954170
954171
954172
954173
954174
954175
954176
954177
954178
954179
954180
954181
954182
954183
954184
954185
954186
954187
954188
954189
954190
954191
954192
954193
954194
954195
954196
954197
954198
954199
9542
95420
954200
954201
954203
954204
954205
954206
954207
954208
954209
95421
954210
954211
954212
954213
954214
954216
954217
954218
954219
95422
954220
954221
954222
954223
954224
954225
954226
954227
954228
954229
95423
954230
954231
954232
954233
954234
954235
954236
954237
954238
954239
954240
954241
954242
954243
954244
954245
954246
954247
954248
954249
95425
954250
954251
954252
954253
954254
954255
954256
954257
954258
954259
954260
954261
954262
954263
954264
954265
954266
954267
954268
954269
954270
954271
954272
954273
954274
954275
954276
954280
954281
954282
954283
954284
954285
954286
954287
954288
954289
95429
954290
954291
954292
954293
954294
954295
954296
954297
954298
954299
9543
95430
954300
954301
954302
954303
954305
954306
954307
954308
954309
95431
954310
954311
954312
954313
954314
954315
954316
954317
954318
954319
95432
954320
954321
954322
954323
954324
954325
954326
954327
954328
954329
954330
954331
954332
954333
954334
954335
954336
954337
954338
954339
95434
954340
954341
954342
954343
954344
954345
954346
954347
954348
954349
95435
954350
954351
954352
954353
954354
954355
954356
954357
954358
954359
95436
954360
954361
954362
954363
954364
954365
954366
954367
954368
954369
954370
954371
954372
954373
954374
954375
954377
954378
954379
95438
954380
954382
954383
954384
954385
954386
954387
954388
954389
954390
954391
954392
954393
954394
954395
954396
954397
954398
954399
9544
95440
954400
954401
954402
954405
954407
954408
954409
95441
954410
954411
954412
954413
954414
954415
954416
954417
954418
954419
95442
954420
954421
954422
954423
954424
954425
954426
954427
954428
954429
95443
954430
954431
954432
954433
954434
954435
954436
954437
954439
95444
954440
954441
954442
954443
954444
954445
954446
954447
954448
954449
95445
954450
954451
954452
954453
954454
954455
954456
954457
954459
954460
954462
954463
954464
954465
954466
954467
954468
954469
95447
954470
954471
954473
954474
954475
954477
954478
954479
95448
954480
954481
954482
954483
954484
954486
954487
954488
954489
954490
954491
954492
954493
954494
954495
954496
954497
954498
954499
9545
95450
954501
954502
954503
954504
954505
954506
954507
954508
954509
954510
954511
954512
954513
954514
954515
954516
954517
954519
95452
954520
954521
954522
954523
954524
954525
954526
954527
954528
954529
95453
954530
954531
954532
954533
954534
954535
954536
954537
954538
954539
95454
954541
954542
954543
954544
954545
954546
954547
954548
954549
95455
954550
954551
954552
954553
954554
954556
954557
954558
95456
954561
954562
954563
954564
954565
954566
954567
954568
954569
95457
954570
954571
954572
954573
954574
954575
954576
954577
954578
954579
95458
954580
954581
954582
954583
954584
954585
954586
954587
954588
954589
95459
954590
954591
954592
954593
954594
954595
954597
954598
954599
9546
95460
954600
954601
954602
954603
954604
954605
954606
954607
954608
954609
95461
954610
954611
954612
954613
954614
954615
954616
954617
954618
954619
95462
954620
954621
954622
954623
954624
954625
954626
954627
954628
954629
95463
954630
954631
954632
954633
954634
954635
954636
954637
954638
954639
954640
954641
954642
954643
954644
954645
954646
954647
954648
954649
95465
954650
954651
954653
954654
954655
954657
954658
954659
95466
954660
954663
954665
954666
954667
954668
954669
95467
954670
954672
954673
954674
954675
954676
954677
954678
954679
95468
954680
954681
954682
954683
954684
954685
954686
954687
954688
954689
95469
954690
954691
954692
954693
954694
954695
954696
954697
954698
954699
9547
95470
954700
954701
954702
954703
954704
954705
954706
954707
954708
954709
95471
954710
954711
954712
954713
954714
954715
954716
954717
954718
954719
95472
954720
954722
954723
954724
954726
954727
954728
954729
95473
954730
954731
954732
954733
954737
954738
954739
954740
954742
954743
954744
954745
954746
954747
954748
954749
95475
954750
954751
954752
954754
954755
954756
954757
954758
954759
95476
954760
954761
954762
954763
954764
954765
954766
954767
954768
954769
954770
954771
954772
954773
954774
954775
954776
954777
954778
954779
95478
954780
954781
954782
954783
954785
954787
954788
954789
95479
954790
954791
954792
954793
954794
954795
954796
954797
954798
954799
9548
95480
954800
954801
954802
954803
954804
954805
954806
954807
954808
954809
95481
954810
954811
954813
954814
954815
954816
954817
954818
954819
95482
954820
954821
954822
954823
954824
954825
954826
954827
954829
954830
954831
954832
954833
954834
954835
954836
954837
954838
954839
954840
954841
954842
954843
954844
954845
954846
954847
954848
954849
954850
954851
954852
954853
954854
954855
954856
954857
954858
954859
95486
954860
954862
954863
954864
954865
954866
954867
954868
954869
954870
954871
954872
954873
954874
954875
954876
954877
954878
954879
95488
954880
954881
954882
954884
954885
954886
954887
954888
95489
954890
954891
954892
954893
954894
954895
954896
954897
954898
954899
9549
954900
954901
954902
954903
954904
954905
954906
954907
954908
954909
95491
954911
954912
954913
954914
954915
954916
954918
954919
95492
954920
954921
954922
954923
954924
954925
954926
954928
954929
95493
954930
954931
954932
954933
954934
954935
954936
954937
954938
954939
95494
954940
954941
954942
954943
954944
954945
954946
954947
954948
954949
954950
954951
954953
954954
954955
954956
954957
954958
954959
954960
954961
954962
954963
954965
954966
954968
954969
95497
954970
954972
954973
954974
954975
954976
954977
954978
954979
954980
954981
954982
954983
954984
954985
954986
954987
954988
954989
95499
954990
954991
954992
954993
954994
954995
954996
954997
954998
954999
955
9550
95500
955000
955001
955002
955003
955005
955006
955007
955008
955009
955010
955011
955012
955013
955014
955015
955016
955017
955018
955019
955020
955021
955022
955023
955024
955026
955027
955028
955029
95503
955030
955031
955032
955034
955035
955036
955037
955038
955039
95504
955040
955041
955042
955043
955044
955045
955046
955047
955048
955049
955050
955051
955052
955053
955054
955055
955056
955057
955058
955059
95506
955060
955061
955062
955063
955064
955065
955066
955067
955068
955069
95507
955070
955071
955072
955073
955074
955075
955076
955077
955078
955079
95508
955080
955081
955082
955083
955084
955085
955086
955087
955088
955089
95509
955090
955091
955092
955093
955094
955095
955096
955097
955098
955099
9551
95510
955100
955101
955102
955103
955104
955105
955106
955107
955108
955109
95511
955110
955111
955112
955113
955114
955115
955116
955118
955119
95512
955120
955121
955122
955124
955125
955126
955127
955128
955129
955130
955131
955132
955133
955134
955135
955136
955137
955138
955139
95514
955140
955141
955142
955143
955144
955145
955146
955147
955148
955149
955150
955151
955152
955153
955154
955155
955156
955157
955158
955159
95516
955160
955161
955162
955163
955164
955165
955166
955167
955168
955169
95517
955170
955171
955173
955174
955175
955176
955177
955178
955179
95518
955180
955181
955182
955183
955184
955185
955186
955187
955188
955189
95519
955190
955191
955192
955193
955194
955195
955196
955197
955198
955199
9552
95520
955200
955201
955202
955203
955204
955205
955206
955207
955208
955209
955210
955211
955212
955213
955215
955216
955217
955218
955219
95522
955220
955221
955222
955223
955224
955225
955226
955227
955228
955229
955230
955231
955232
955233
955234
955235
955236
955238
955239
95524
955240
955241
955242
955243
955244
955245
955246
955247
955248
955249
955250
955251
955252
955253
955254
955255
955256
955257
955258
955259
95526
955261
955262
955263
955264
955265
955266
955267
955268
955269
955270
955271
955272
955273
955274
955275
955276
955277
955278
955279
955280
955281
955282
955283
955284
955285
955286
955287
955288
955289
955290
955291
955292
955293
955294
955295
955296
955298
955299
9553
955300
955302
955303
955304
955305
955306
955307
955309
95531
955310
955311
955312
955313
955314
955316
955317
955318
955319
955320
955321
955322
955323
955324
955325
955326
955327
955328
955329
95533
955330
955331
955332
955333
955334
955335
955336
955337
955338
955339
955340
955341
955342
955343
955344
955345
955347
955348
955349
955350
955351
955352
955353
955355
955356
955357
955358
955359
95536
955360
955361
955362
955363
955364
955365
955366
955367
955368
955369
955370
955371
955375
955376
955377
955378
955379
95538
955380
955381
955382
955384
955385
955386
955387
955388
955389
95539
955390
955391
955392
955393
955394
955396
9554
955401
955402
955403
955404
955405
955407
955408
955409
95541
955410
955411
955412
955413
955414
955415
955416
955418
955419
95542
955420
955422
955423
955424
955425
955426
955428
955429
95543
955430
955432
955433
955434
955435
955436
955437
955438
955439
955440
955441
955442
955443
955445
955446
955447
955448
955449
955450
955452
955453
955454
955455
955456
955457
955458
955459
95546
955461
955462
955463
955464
955465
955466
955467
955468
955469
95547
955470
955471
955473
955474
955475
955476
955477
955478
955479
95548
955480
955481
955482
955483
955485
955486
955487
955488
955489
95549
955490
955491
955492
955493
955494
955495
955496
955498
955499
9555
95550
955500
955501
955502
955503
955504
955505
955506
955507
955508
955509
95551
955511
955512
955513
955514
955515
955516
955517
955518
95552
955520
955521
955522
955523
955524
955525
955526
955527
955528
955529
95553
955530
955531
955532
955533
955534
955535
955536
955537
955538
955539
95554
955540
955541
955542
955543
955544
955547
955548
955549
95555
955550
955551
955552
955553
955554
955555
955556
955557
955558
955559
95556
955560
955561
955562
955563
955564
955565
955566
955567
955568
955569
95557
955570
955571
955572
955573
955574
955575
955576
955577
955578
955579
955580
955581
955582
955583
955584
955585
955586
955587
955588
955589
95559
955590
955591
955592
955593
955594
955595
955596
955597
955598
9556
95560
955600
955601
955602
955603
955604
955607
955608
955609
95561
955610
955611
955612
955613
955614
955615
955616
955617
955618
955619
95562
955620
955621
955622
955623
955624
955625
955626
955627
955628
955629
95563
955630
955631
955633
955634
955635
955636
955637
955638
955639
955640
955641
955642
955643
955644
955645
955646
955648
955649
95565
955650
955651
955652
955653
955654
955655
955656
955657
955658
955659
95566
955660
955661
955662
955663
955664
955665
955666
955667
955668
955669
95567
955670
955671
955672
955673
955674
955675
955676
955677
955678
955679
95568
955680
955681
955682
955684
955685
955686
955687
955688
955689
95569
955690
955691
955692
955693
955694
955695
955696
955697
955698
955699
9557
955701
955702
955703
955704
955705
955706
955707
955708
955709
95571
955714
955715
955716
955717
955719
95572
955720
955722
955723
955724
955725
955726
955727
955728
955729
95573
955730
955731
955732
955733
955734
955735
955736
955737
955738
955739
95574
955740
955741
955742
955743
955744
955745
955746
955747
955749
955750
955752
955753
955754
955755
955756
955757
955758
955759
95576
955760
955761
955762
955763
955764
955765
955766
955767
955768
955769
955770
955771
955772
955773
955774
955775
955776
955777
955778
955779
95578
955780
955781
955782
955783
955784
955785
955787
955788
955789
955790
955791
955792
955793
955795
955796
955797
955798
955799
9558
95580
955800
955801
955802
955803
955804
955805
955806
955807
955808
955809
955810
955811
955812
955814
955816
955817
955818
955819
95582
955820
955821
955822
955824
955825
955826
955827
955828
955829
955830
955831
955832
955833
955834
955835
955836
955837
955838
955839
95584
955840
955841
955842
955843
955844
955845
955846
955848
955849
95585
955850
955851
955852
955853
955854
955855
955856
955857
955858
955859
95586
955860
955861
955862
955863
955864
955865
955866
955867
955868
955869
95587
955870
955871
955872
955873
955874
955875
955876
955877
955878
955879
95588
955880
955881
955882
955884
955885
955886
955887
955888
955889
955890
955891
955892
955893
955894
955895
955896
955897
955898
955899
9559
95590
955900
955901
955902
955903
955904
955905
955906
955907
955908
955909
95591
955910
955911
955912
955913
955914
955915
955916
955917
955918
955919
95592
955920
955921
955922
955924
955928
955929
95593
955930
955931
955932
955933
955934
955935
955936
955937
955939
95594
955940
955941
955942
955944
955945
955946
955948
955949
95595
955950
955951
955952
955953
955955
955956
955957
955958
955959
95596
955960
955961
955962
955963
955964
955965
955966
955968
955969
95597
955970
955971
955972
955973
955974
955975
955976
955977
955978
955979
95598
955980
955981
955982
955983
955984
955985
955986
955987
955988
95599
955990
955991
955992
955993
955995
955996
955997
955998
955999
956
9560
95600
956000
956001
956002
956003
956004
956005
956006
956007
956008
956009
95601
956010
956011
956012
956013
956014
956015
956016
956017
956018
956019
95602
956020
956021
956022
956023
956024
956025
956026
956027
956029
95603
956030
956031
956032
956033
956034
956035
956036
956037
956038
95604
956042
956043
956044
956046
956047
956048
956049
95605
956050
956051
956052
956053
956054
956055
956056
956057
956058
95606
956060
956061
956063
956065
956066
956068
956069
95607
956070
956071
956072
956073
956074
956075
956076
956077
956078
956079
95608
956080
956081
956082
956083
956084
956085
956086
956087
956088
956089
95609
956090
956091
956092
956093
956094
956095
956096
956097
956098
956099
9561
95610
956100
956101
956102
956103
956104
956105
956106
956107
956108
956109
95611
956110
956111
956112
956113
956114
956115
956116
956117
956118
956119
95612
956120
956121
956122
956123
956124
956125
956126
956128
956129
95613
956130
956131
956132
956133
956134
956135
956136
956138
95614
956140
956141
956142
956143
956144
956145
956146
956147
956148
956149
956150
956151
956153
956154
956155
956156
956157
956158
956159
956160
956161
956162
956163
956164
956165
956166
956168
956169
95617
956170
956171
956172
956173
956174
956175
956176
956177
956178
956179
956180
956181
956182
956183
956184
956185
956186
956187
956188
956189
95619
956190
956191
956192
956193
956194
956195
956196
956197
956198
956199
9562
95620
956200
956201
956203
956204
956205
956206
956207
956208
95621
956210
956211
956212
956213
956214
956215
956216
956217
956218
956219
956220
956221
956222
956223
956224
956225
956226
956227
956228
95623
956230
956231
956232
956233
956234
956235
956237
956238
956239
956240
956241
956242
956243
956244
956245
956246
956247
956248
956249
956250
956251
956252
956253
956254
956255
956256
956257
956258
956259
95626
956260
956262
956263
956264
956265
956266
956267
956269
95627
956270
956271
956272
956273
956274
956275
956276
956277
956278
956279
95628
956280
956281
956282
956283
956284
956285
956286
956287
956288
956289
956290
956291
956292
956293
956294
956295
956296
956297
956298
956299
9563
95630
956300
956301
956302
956303
956304
956305
956306
956307
956308
956309
956310
956311
956312
956313
956314
956315
956316
956317
956318
956319
95632
956320
956321
956322
956323
956324
956325
956326
956327
956328
956329
95633
956330
956331
956332
956333
956334
956335
956337
956338
956339
95634
956340
956341
956342
956343
956344
956346
956347
956348
956349
95635
956350
956351
956352
956353
956354
956355
956356
956358
956359
95636
956360
956362
956363
956364
956365
956366
956367
956368
956369
95637
956370
956371
956372
956373
956374
956375
956378
956379
95638
956380
956381
956382
956383
956384
956385
956386
956387
956388
956389
95639
956390
956391
956392
956393
956395
956396
956397
956398
956399
9564
95640
956400
956401
956402
956403
956404
956405
956406
956407
956408
956409
956410
956411
956412
956413
956414
956415
956416
956417
956419
95642
956420
956421
956422
956423
956424
956425
956426
956427
956428
956429
956430
956431
956432
956433
956436
956437
956438
956439
95644
956440
956441
956442
956443
956444
956445
956446
956447
956448
956449
956450
956451
956452
956453
956454
956455
956456
956458
956459
95646
956460
956462
956463
956464
956465
956466
956467
956468
956469
95647
956470
956471
956472
956473
956474
956475
956476
956477
956478
956479
95648
956480
956481
956484
956486
956487
956488
956489
95649
956490
956491
956492
956493
956494
956495
956496
956497
956498
956499
9565
956500
956501
956502
956503
956504
956505
956506
956507
956508
956509
95651
956510
956511
956512
956513
956514
956515
956516
956518
956519
95652
956520
956521
956522
956523
956524
956525
956526
956527
956528
956529
95653
956530
956531
956533
956534
956535
956537
956538
956539
95654
956540
956541
956542
956543
956544
956545
956546
956547
956548
956549
95655
956550
956551
956552
956553
956554
956556
956557
956558
956559
95656
956560
956561
956562
956563
956564
956565
956566
956567
956568
956569
956570
956571
956572
956574
956575
956576
956577
956578
956579
95658
956580
956581
956583
956584
956585
956586
956587
956588
956589
95659
956590
956591
956592
956593
956594
956595
956596
956597
956598
956599
9566
95660
956600
956601
956602
956603
956604
956605
956606
956607
956608
