131657
131659
131660
131662
131663
131664
131666
131668
131669
131671
131673
131674
131676
131677
131679
131680
131686
131687
131689
131692
131702
131707
131709
131718
131720
131723
131726
131729
131732
131737
131739
131748
131749
131751
131753
131755
131757
131758
131760
131761
131764
131765
131766
131770
131771
131773
131775
131779
131781
131783
131785
131787
131790
131792
131794
131798
131799
131801
131803
131805
131808
131809
131811
131812
131813
131815
131816
131818
131820
131821
131822
131824
131825
131827
131830
131832
131833
131836
131837
131839
131846
131847
131852
131855
131857
131858
131859
131861
131862
131865
131870
131871
131872
131874
131875
131880
131881
131882
131884
131885
131887
131889
131890
131892
131894
131895
131896
131897
131898
131899
131903
131906
131907
131908
131913
131914
131916
131921
131922
131924
131926
131932
131933
131935
131936
131938
131940
131943
131944
131945
131947
131948
131951
131953
131957
131958
131961
131962
131963
131964
131965
131966
131967
131973
131974
131975
131978
131979
131980
131983
131995
131996
131997
132000
132001
132006
132008
132009
132011
132012
132017
132019
132020
132023
132030
132031
132035
132036
132037
132038
132039
132041
132042
132044
132048
132052
132053
132055
132056
132057
132059
132060
132062
132064
132066
132067
132069
132071
132074
132075
132076
132077
132079
132080
132082
132084
132085
132086
132088
132090
132093
132094
132095
132096
132097
132099
132102
132104
132107
132109
132110
132111
132113
132114
132118
132120
132122
132123
132124
132126
132128
132129
132131
132132
132133
132136
132137
132139
132141
132143
132144
132148
132149
132150
132152
132153
132156
132159
132161
132163
132165
132166
132168
132169
132171
132174
132175
132177
132183
132185
132189
132201
132206
132207
132210
132213
132216
132217
132219
132221
132223
132224
132225
132227
132228
132229
132232
132233
132234
132236
132237
132239
132240
132246
132247
132248
132250
132252
132260
132263
132268
132269
132273
132275
132277
132279
132281
132282
132284
132285
132288
132289
132293
132295
132297
132298
132299
132302
132303
132306
132307
132309
132311
132313
132316
132318
132320
132321
132322
132323
132324
132325
132326
132328
132330
132332
132335
132337
132338
132342
132343
132346
132349
132351
132352
132353
132354
132355
132356
132358
132360
132361
132363
132364
132365
132367
132369
132370
132371
132372
132375
132376
132377
132378
132379
132380
132382
132386
132387
132388
132390
132391
132392
132393
132394
132395
132397
132410
132411
132417
132418
132420
132422
132423
132426
132427
132434
132435
132437
132440
132441
132445
132446
132447
132452
132454
132456
132457
132460
132462
132465
132466
132469
132470
132472
132473
132474
132475
132482
132483
132485
132486
132493
132495
132497
132500
132501
132506
132507
132508
132511
132514
132515
132516
132518
132520
132521
132523
132524
132525
132527
132529
132532
132533
132534
132535
132536
132537
132538
132541
132542
132546
132548
132549
132551
132553
132554
132560
132561
132563
132566
132568
132570
132571
132573
132574
132576
132578
132583
132585
132587
132588
132589
132591
132593
132597
132599
132600
132601
132602
132608
132609
132612
132614
132617
132618
132619
132620
132622
132624
132625
132626
132630
132631
132634
132635
132636
132638
132639
132641
132642
132643
132648
132650
132652
132654
132657
132659
132660
132661
132662
132663
132666
132670
132672
132677
132679
132681
132682
132684
132687
132688
132690
132696
132698
132699
132700
132701
132702
132705
132706
132709
132710
132711
132712
132713
132714
132722
132723
132725
132726
132729
132732
132734
132738
132740
132744
132753
132759
132762
132763
132765
132766
132769
132772
132777
132779
132780
132781
132782
132783
132785
132792
132793
132794
132796
132797
132799
132800
132802
132805
132808
132811
132812
132815
132816
132818
132821
132822
132828
132829
132831
132832
132833
132834
132836
132838
132839
132841
132843
132845
132846
132847
132851
132854
132855
132858
132859
132860
132864
132865
132866
132867
132868
132873
132874
132875
132883
132887
132889
132890
132892
132894
132895
132904
132905
132906
132907
132909
132910
132911
132912
132914
132915
132916
132923
132924
132925
132927
132928
132929
132930
132935
132936
132938
132939
132942
132943
132944
132946
132947
132949
132950
132951
132953
132955
132957
132958
132961
132964
132965
132970
132972
132973
132974
132978
132979
132980
132983
132994
132996
132999
133005
133007
133008
133009
133012
133016
133018
133021
133023
133028
133031
133032
133035
133037
133040
133041
133046
133047
133049
133050
133051
133053
133054
133055
133057
133058
133059
133060
133063
133065
133068
133069
133070
133071
133075
133076
133077
133081
133082
133084
133086
133088
133089
133091
133093
133094
133095
133096
133097
133098
133101
133103
133104
133107
133108
133109
133110
133113
133115
133117
133119
133121
133123
133125
133129
133130
133131
133132
133133
133134
133137
133139
133140
133142
133143
133145
133146
133148
133153
133155
133156
133157
133160
133162
133163
133164
133165
133167
133170
133172
133174
133176
133177
133178
133179
133181
133185
133186
133192
133194
133196
133197
133200
133202
133204
133206
133208
133212
133213
133214
133220
133222
133234
133236
133240
133241
133246
133248
133250
133254
133255
133257
133260
133261
133263
133264
133269
133273
133274
133275
133277
133278
133279
133280
133281
133283
133284
133285
133286
133287
133289
133290
133291
133292
133293
133300
133307
133308
133310
133311
133319
133321
133326
133327
133328
133332
133334
133335
133336
133339
133341
133343
133344
133345
133348
133350
133351
133353
133360
133362
133367
133369
133371
133372
133373
133376
133377
133380
133381
133382
133388
133390
133392
133394
133396
133400
133407
133410
133411
133424
133425
133426
133429
133430
133434
133435
133436
133437
133438
133439
133441
133442
133443
133445
133446
133447
133448
133449
133451
133452
133454
133457
133458
133459
133461
133463
133466
133467
133469
133470
133473
133476
133479
133480
133481
133482
133485
133488
133491
133493
133494
133498
133502
133509
133515
133516
133518
133519
133521
133523
133524
133525
133528
133530
133531
133533
133535
133536
133537
133539
133542
133543
133545
133546
133548
133549
133551
133552
133554
133557
133559
133560
133562
133563
133565
133566
133567
133569
133571
133573
133574
133575
133578
133580
133583
133584
133592
133595
133601
133603
133605
133609
133618
133622
133625
133626
133630
133632
133633
133634
133636
133637
133640
133641
133642
133643
133647
133649
133652
133653
133661
133663
133666
133667
133678
133680
133682
133684
133686
133688
133691
133692
133694
133698
133700
133701
133704
133705
133709
133713
133714
133715
133716
133718
133719
133722
133723
133724
133725
133727
133728
133734
133736
133738
133740
133741
133743
133745
133749
133750
133751
133752
133753
133755
133756
133757
133758
133759
133761
133763
133764
133768
133770
133773
133774
133776
133778
133781
133783
133786
133787
133788
133790
133792
133805
133813
133822
133823
133826
133827
133828
133831
133834
133836
133838
133840
133841
133842
133844
133845
133847
133849
133860
133873
133878
133879
133882
133883
133884
133888
133889
133896
133899
133905
133907
133910
133911
133912
133914
133918
133919
133920
133925
133926
133927
133929
133930
133931
133934
133937
133938
133940
133941
133946
133948
133950
133952
133953
133955
133956
133957
133958
133959
133964
133965
133976
133977
133978
133980
133981
133983
133985
133987
133989
133991
133993
133994
133996
133998
134000
134002
134004
134012
134013
134014
134016
134017
134018
134019
134020
134021
134022
134023
134025
134027
134028
134029
134031
134035
134036
134038
134042
134045
134048
134049
134050
134051
134053
134055
134059
134066
134070
134074
134075
134076
134078
134083
134096
134099
134100
134102
134103
134104
134105
134109
134110
134111
134112
134117
134118
134122
134123
134124
134126
134127
134128
134131
134132
134136
134142
134144
134145
134147
134148
134153
134155
134157
134158
134162
134168
134170
134171
134172
134174
134176
134177
134178
134180
134182
134184
134186
134188
134189
134190
134191
134193
134196
134197
134198
134199
134201
134203
134204
134205
134206
134207
134209
134210
134213
134215
134217
134218
134220
134222
134223
134226
134228
134229
134230
134231
134232
134233
134235
134237
134238
134240
134242
134244
134245
134252
134255
134257
134259
134260
134261
134264
134265
134266
134273
134275
134278
134281
134284
134285
134288
134289
134290
134294
134295
134296
134299
134302
134303
134306
134308
134309
134310
134312
134313
134316
134318
134320
134321
134322
134325
134327
134330
134331
134333
134335
134337
134338
134345
134346
134350
134352
134354
134355
134357
134359
134360
134362
134366
134368
134369
134371
134372
134374
134375
134378
134380
134382
134383
134385
134388
134390
134391
134394
134395
134397
134399
134404
134405
134406
134408
134409
134411
134413
134414
134415
134421
134422
134424
134427
134428
134429
134431
134432
134434
134435
134436
134438
134439
134440
134441
134445
134446
134447
134448
134449
134450
134451
134452
134454
134455
134457
134458
134459
134461
134462
134463
134464
134465
134466
134468
134469
134470
134472
134474
134475
134476
134477
134478
134479
134480
134482
134497
134499
134500
134502
134503
134505
134508
134512
134513
134517
134521
134522
134523
134525
134527
134528
134530
134532
134536
134539
134542
134543
134546
134549
134550
134551
134552
134554
134557
134558
134559
134561
134563
134564
134565
134566
134567
134569
134570
134572
134575
134584
134585
134587
134589
134590
134592
134593
134595
134597
134602
134604
134605
134607
134608
134609
134610
134611
134612
134613
134614
134615
134616
134617
134618
134619
134620
134622
134623
134625
134627
134628
134629
134630
134631
134632
134634
134636
134637
134638
134639
134640
134641
134642
134643
134644
134645
134646
134647
134648
134650
134653
134656
134658
134660
134662
134663
134664
134665
134666
134667
134669
134670
134671
134673
134675
134677
134679
134680
134681
134682
134683
134684
134686
134688
134693
134696
134698
134700
134702
134703
134705
134706
134709
134710
134711
134715
134718
134719
134720
134721
134722
134729
134730
134732
134733
134736
134738
134740
134742
134743
134746
134748
134749
134750
134752
134754
134755
134756
134757
134758
134760
134761
134762
134764
134765
134766
134768
134769
134770
134772
134774
134776
134779
134781
134782
134784
134785
134787
134789
134791
134794
134797
134799
134800
134801
134803
134804
134806
134808
134810
134812
134813
134815
134816
134818
134819
134822
134823
134824
134825
134826
134828
134830
134831
134832
134833
134834
134835
134837
134838
134840
134841
134842
134843
134845
134847
134849
134850
134856
134858
134859
134861
134879
134881
134885
134887
134890
134891
134900
134901
134902
134904
134905
134908
134909
134911
134914
134915
134917
134978
134987
134990
134993
134994
134996
134998
134999
135000
135002
135003
135004
135010
135015
135017
135041
135046
135047
135048
135051
135053
135054
135056
135057
135060
135061
135064
135065
135067
135069
135070
135072
135073
135074
135075
135076
135077
135086
135092
135094
135097
135098
135102
135107
135108
135109
135110
135114
135118
135119
135123
135126
135128
135129
135130
135132
135136
135137
135141
135143
135146
135150
135156
135158
135160
135161
135162
135168
135175
135176
135178
135182
135184
135185
135188
135195
135197
135198
135199
135200
135202
135204
135205
135206
135207
135208
135210
135212
135213
135214
135216
135219
135223
135225
135228
135229
135230
135232
135235
135237
135238
135240
135243
135245
135246
135248
135249
135252
135253
135254
135256
135257
135259
135260
135261
135262
135263
135267
135268
135269
135271
135272
135274
135275
135279
135281
135283
135285
135286
135288
135290
135291
135293
135294
135300
135303
135304
135305
135306
135307
135308
135309
135311
135312
135313
135314
135317
135318
135319
135320
135321
135322
135326
135327
135330
135331
135333
135335
135337
135338
135339
135340
135342
135343
135345
135348
135354
135356
135358
135359
135361
135362
135364
135366
135368
135369
135371
135373
135375
135377
135380
135382
135384
135385
135386
135387
135390
135391
135392
135394
135395
135397
135402
135403
135408
135411
135413
135414
135415
135418
135420
135422
135423
135424
135433
135443
135446
135451
135453
135454
135456
135460
135461
135465
135469
135470
135471
135472
135473
135475
135476
135478
135480
135481
135482
135490
135491
135493
135497
135499
135504
135510
135512
135514
135518
135521
135523
135527
135528
135530
135531
135532
135533
135535
135536
135538
135539
135540
135542
135544
135545
135546
135547
135549
135550
135551
135557
135559
135560
135561
135563
135564
135567
135570
135571
135573
135575
135576
135579
135585
135587
135589
135590
135594
135595
135596
135597
135598
135604
135605
135608
135610
135614
135618
135620
135621
135623
135624
135625
135626
135630
135636
135639
135641
135643
135644
135645
135646
135652
135654
135656
135657
135659
135660
135662
135663
135664
135665
135667
135668
135670
135672
135675
135678
135679
135682
135685
135686
135689
135690
135692
135693
135695
135696
135697
135698
135701
135702
135703
135704
135706
135708
135710
135712
135713
135714
135716
135717
135718
135719
135720
135721
135722
135725
135727
135728
135733
135735
135738
135746
135748
135750
135751
135760
135761
135768
135771
135773
135779
135786
135787
135790
135793
135796
135798
135799
135800
135805
135806
135807
135810
135812
135814
135815
135817
135818
135819
135825
135827
135828
135829
135830
135832
135833
135834
135835
135837
135838
135839
135843
135845
135847
135848
135850
135853
135855
135856
135858
135859
135860
135863
135865
135868
135870
135871
135872
135877
135878
135879
135881
135882
135884
135885
135886
135888
135890
135891
135893
135899
135900
135902
135903
135904
135905
135906
135907
135908
135909
135913
135915
135917
135921
135923
135925
135928
135929
135931
135934
135935
135936
135938
135939
135940
135941
135943
135944
135945
135946
135949
135957
135960
135962
135966
135973
135979
135982
135983
135985
135986
135988
135990
136006
136008
136013
136014
136016
136017
136018
136033
136034
136035
136036
136037
136038
136043
136045
136047
136050
136052
136053
136054
136055
136056
136057
136058
136059
136062
136064
136065
136066
136068
136069
136070
136071
136072
136074
136075
136076
136078
136080
136082
136084
136087
136088
136089
136090
136091
136093
136094
136095
136098
136099
136100
136103
136106
136108
136109
136111
136112
136116
136119
136121
136124
136126
136127
136130
136131
136133
136134
136137
136139
136141
136143
136144
136146
136147
136148
136152
136153
136154
136155
136157
136158
136160
136161
136163
136164
136165
136166
136167
136169
136170
136171
136172
136179
136180
136181
136182
136185
136188
136190
136191
136204
136208
136209
136210
136212
136215
136216
136217
136219
136220
136223
136224
136226
136227
136228
136230
136231
136232
136234
136235
136237
136238
136240
136241
136242
136244
136245
136247
136249
136250
136254
136260
136263
136268
136269
136273
136274
136275
136276
136278
136279
136280
136281
136283
136293
136294
136296
136299
136301
136303
136304
136305
136309
136310
136311
136313
136314
136315
136316
136320
136325
136328
136329
136330
136331
136333
136334
136335
136336
136339
136340
136345
136347
136348
136350
136357
136358
136365
136366
136368
136370
136371
136372
136373
136381
136386
136387
136389
136391
136394
136395
136397
136398
136400
136403
136405
136406
136409
136410
136411
136418
136420
136421
136422
136423
136424
136425
136426
136429
136430
136434
136435
136437
136439
136440
136446
136448
136449
136459
136461
136464
136465
136466
136467
136468
136469
136472
136474
136476
136477
136478
136479
136482
136484
136488
136490
136492
136493
136496
136502
136503
136510
136511
136513
136515
136517
136518
136519
136520
136523
136525
136527
136528
136529
136530
136531
136532
136538
136542
136543
136546
136548
136553
136556
136558
136559
136562
136563
136565
136566
136568
136569
136570
136572
136574
136575
136576
136580
136582
136585
136593
136595
136597
136598
136599
136601
136607
136608
136611
136614
136615
136616
136619
136620
136621
136625
136627
136629
136630
136631
136633
136634
136636
136640
136641
136644
136645
136646
136648
136649
136650
136651
136652
136653
136655
136657
136663
136665
136667
136668
136670
136671
136673
136674
136676
136677
136678
136681
136682
136686
136688
136690
136692
136694
136695
136697
136698
136701
136703
136704
136705
136706
136707
136708
136709
136715
136716
136718
136720
136722
136724
136726
136727
136728
136730
136732
136734
136735
136736
136737
136739
136741
136742
136743
136745
136746
136748
136751
136752
136753
136754
136757
136762
136763
136764
136767
136770
136771
136772
136775
136779
136783
136784
136785
136786
136787
136788
136791
136793
136795
136797
136799
136801
136805
136814
136826
136828
136830
136832
136835
136837
136838
136842
136844
136849
136850
136851
136852
136854
136855
136856
136857
136858
136859
136861
136862
136863
136864
136868
136870
136881
136884
136885
136891
136894
136896
136897
136898
136900
136902
136911
136914
136916
136919
136921
136922
136924
136926
136928
136930
136933
136936
136937
136938
136939
136940
136942
136943
136944
136946
136947
136948
136951
136954
136955
136956
136958
136959
136964
136966
136967
136969
136971
136972
136973
136976
136978
136980
136982
136984
136986
136988
136990
136994
136996
136999
137000
137001
137002
137003
137004
137008
137009
137010
137011
137014
137015
137017
137019
137020
137021
137024
137025
137026
137027
137028
137030
137031
137033
137037
137042
137044
137045
137046
137048
137051
137052
137053
137054
137056
137057
137058
137059
137060
137062
137063
137064
137068
137069
137070
137072
137074
137076
137077
137078
137079
137081
137082
137083
137084
137086
137087
137089
137092
137093
137094
137095
137096
137099
137100
137101
137102
137103
137104
137105
137106
137107
137108
137112
137113
137115
137116
137117
137118
137119
137120
137121
137124
137125
137126
137129
137130
137132
137134
137137
137138
137141
137142
137143
137144
137145
137147
137148
137150
137151
137153
137160
137162
137163
137164
137166
137167
137170
137172
137173
137174
137175
137176
137177
137178
137179
137180
137181
137182
137188
137189
137190
137193
137196
137197
137199
137200
137201
137202
137204
137206
137207
137208
137209
137211
137214
137215
137216
137217
137218
137220
137221
137222
137225
137227
137229
137230
137231
137233
137235
137236
137238
137241
137242
137243
137244
137246
137247
137248
137249
137258
137259
137261
137263
137264
137266
137267
137268
137269
137271
137272
137273
137274
137277
137278
137280
137284
137285
137295
137296
137298
137300
137302
137303
137306
137307
137308
137310
137312
137315
137321
137323
137333
137337
137338
137339
137340
137341
137343
137344
137345
137347
137349
137350
137352
137353
137355
137357
137358
137359
137360
137361
137362
137364
137365
137366
137367
137369
137370
137372
137373
137374
137375
137376
137377
137378
137379
137380
137381
137382
137383
137385
137386
137388
137389
137392
137394
137395
137398
137399
137400
137402
137404
137408
137409
137410
137411
137412
137413
137414
137415
137416
137417
137418
137420
137421
137423
137426
137428
137429
137430
137432
137435
137437
137439
137441
137443
137445
137447
137448
137450
137451
137452
137453
137454
137455
137457
137458
137460
137461
137462
137464
137466
137467
137468
137471
137472
137474
137475
137479
137480
137481
137484
137485
137486
137491
137492
137494
137495
137496
137497
137498
137499
137501
137502
137504
137509
137511
137512
137513
137514
137515
137516
137517
137520
137522
137523
137524
137526
137527
137528
137530
137532
137533
137534
137536
137540
137541
137545
137547
137548
137550
137552
137554
137556
137560
137562
137563
137564
137566
137567
137568
137570
137573
137576
137577
137578
137581
137582
137584
137586
137589
137591
137594
137595
137599
137602
137603
137607
137608
137609
137612
137618
137619
137620
137622
137624
137625
137626
137627
137629
137630
137631
137632
137634
137635
137637
137640
137641
137643
137644
137645
137646
137648
137649
137651
137652
137654
137656
137658
137662
137663
137666
137667
137668
137672
137673
137674
137675
137677
137678
137680
137683
137686
137688
137690
137693
137695
137698
137700
137701
137702
137703
137707
137710
137711
137717
137721
137726
137729
137736
137737
137738
137740
137741
137744
137746
137747
137748
137749
137750
137752
137754
137755
137756
137757
137759
137762
137765
137769
137770
137771
137773
137776
137777
137779
137782
137783
137788
137789
137790
137792
137796
137797
137798
137799
137801
137805
137808
137809
137811
137812
137817
137818
137826
137827
137830
137831
137832
137836
137837
137838
137841
137842
137845
137847
137849
137850
137851
137852
137853
137854
137855
137856
137857
137858
137859
137860
137862
137863
137864
137865
137868
137870
137871
137872
137873
137874
137876
137877
137879
137881
137883
137884
137888
137889
137891
137892
137894
137896
137900
137902
137903
137904
137906
137909
137912
137916
137921
137922
137923
137928
137929
137931
137933
137936
137937
137939
137941
137945
137946
137947
137948
137950
137952
137955
137960
137968
137971
137973
137975
137984
137987
137988
137989
137990
137992
137995
137997
138000
138001
138006
138008
138009
138010
138011
138012
138014
138015
138017
138020
138022
138027
138028
138030
138034
138036
138037
138038
138039
138045
138048
138051
138052
138053
138054
138055
138056
138057
138058
138060
138061
138063
138064
138066
138067
138068
138069
138070
138071
138072
138074
138075
138076
138078
138080
138081
138082
138085
138086
138087
138092
138093
138094
138095
138097
138099
138100
138103
138104
138107
138112
138113
138115
138116
138118
138119
138121
138122
138123
138124
138125
138126
138129
138130
138131
138133
138136
138138
138140
138143
138144
138147
138148
138149
138151
138152
138154
138155
138156
138159
138167
138168
138169
138171
138172
138178
138179
138180
138183
138185
138186
138189
138191
138197
138198
138199
138202
138203
138204
138210
138211
138212
138215
138217
138222
138223
138233
138242
138247
138248
138251
138254
138255
138256
138258
138259
138260
138263
138264
138265
138267
138269
138270
138271
138273
138275
138280
138281
138284
138286
138289
138290
138291
138292
138294
138295
138296
138298
138300
138302
138303
138305
138306
138308
138310
138311
138313
138314
138315
138317
138318
138319
138320
138322
138323
138326
138328
138331
138332
138334
138336
138337
138339
138341
138343
138350
138351
138353
138355
138357
138358
138359
138361
138362
138363
138365
138366
138367
138368
138369
138370
138371
138372
138373
138374
138376
138377
138379
138380
138383
138385
138391
138395
138396
138399
138402
138404
138405
138406
138408
138411
138419
138427
138431
138432
138434
138435
138439
138443
138446
138448
138449
138450
138452
138456
138457
138459
138461
138469
138470
138471
138472
138476
138477
138480
138481
138485
138486
138487
138488
138491
138496
138497
138498
138499
138501
138502
138503
138504
138505
138508
138510
138511
138512
138513
138514
138515
138516
138517
138519
138521
138522
138527
138528
138529
138530
138533
138535
138540
138541
138542
138543
138544
138546
138547
138548
138550
138551
138554
138555
138564
138565
138566
138567
138569
138570
138573
138574
138575
138577
138579
138583
138585
138587
138590
138592
138594
138595
138597
138598
138600
138601
138602
138605
138610
138611
138614
138615
138618
138620
138621
138622
138624
138626
138627
138630
138632
138635
138636
138637
138638
138640
138641
138642
138644
138647
138656
138657
138659
138660
138665
138667
138672
138686
138688
138697
138701
138702
138703
138705
138710
138713
138714
138715
138716
138717
138718
138719
138720
138722
138724
138725
138726
138727
138730
138731
138732
138734
138735
138736
138739
138740
138741
138743
138744
138745
138747
138750
138751
138752
138754
138755
138757
138758
138760
138763
138765
138766
138767
138769
138771
138772
138773
138774
138775
138776
138778
138779
138780
138781
138784
138785
138789
138790
138792
138794
138795
138796
138797
138802
138805
138806
138808
138810
138820
138827
138831
138832
138843
138844
138845
138846
138848
138851
138852
138853
138855
138857
138858
138859
138860
138870
138875
138876
138878
138881
138885
138887
138890
138891
138893
138896
138900
138901
138904
138906
138907
138909
138912
138913
138914
138915
138917
138918
138919
138920
138921
138922
138923
138924
138934
138941
138943
138944
138945
138947
138948
138949
138950
138952
138955
138956
138959
138960
138963
138967
138969
138976
138977
138978
138979
138980
138982
138987
138988
138990
138991
138995
138997
138998
138999
139001
139003
139004
139006
139008
139010
139011
139012
139014
139015
139016
139017
139022
139024
139026
139027
139029
139030
139035
139038
139042
139043
139044
139045
139047
139048
139055
139056
139057
139058
139061
139067
139068
139069
139073
139074
139075
139076
139082
139085
139094
139096
139099
139102
139103
139118
139121
139122
139124
139125
139126
139128
139129
139130
139132
139142
139145
139146
139147
139149
139151
139152
139153
139154
139156
139159
139160
139162
139166
139167
139169
139170
139171
139172
139176
139178
139179
139180
139181
139182
139183
139184
139185
139187
139193
139194
139195
139198
139199
139200
139201
139204
139205
139210
139211
139212
139215
139217
139222
139226
139228
139229
139230
139231
139234
139238
139240
139242
139243
139244
139245
139246
139247
139248
139251
139254
139255
139257
139258
139260
139262
139263
139264
139270
139271
139272
139273
139274
139275
139276
139278
139280
139281
139282
139283
139286
139287
139289
139290
139291
139292
139293
139294
139296
139297
139298
139299
139300
139301
139302
139303
139304
139306
139308
139310
139314
139316
139317
139318
139319
139320
139321
139322
139324
139325
139327
139328
139329
139332
139334
139338
139341
139346
139349
139350
139352
139353
139357
139359
139361
139367
139369
139370
139372
139373
139374
139376
139380
139383
139387
139388
139391
139393
139395
139396
139400
139402
139404
139405
139406
139408
139410
139411
139412
139413
139416
139418
139421
139423
139426
139427
139429
139431
139432
139433
139434
139442
139445
139447
139452
139453
139455
139459
139461
139463
139466
139467
139468
139470
139471
139472
139474
139476
139484
139485
139486
139488
139489
139491
139493
139494
139496
139497
139499
139500
139504
139506
139510
139514
139516
139519
139520
139521
139522
139523
139525
139527
139530
139532
139533
139536
139539
139540
139543
139544
139546
139548
139553
139554
139555
139556
139558
139559
139563
139567
139571
139572
139574
139575
139577
139578
139579
139580
139582
139583
139584
139586
139588
139589
139591
139592
139595
139596
139598
139600
139605
139608
139609
139611
139612
139613
139618
139622
139623
139625
139627
139635
139637
139641
139642
139644
139646
139648
139649
139650
139651
139652
139654
139656
139657
139658
139659
139662
139667
139668
139669
139671
139676
139677
139680
139682
139685
139687
139688
139690
139692
139693
139694
139700
139701
139703
139704
139705
139706
139707
139708
139709
139710
139712
139713
139714
139715
139716
139717
139718
139719
139721
139723
139725
139726
139728
139730
139740
139743
139747
139748
139750
139751
139753
139755
139757
139758
139761
139763
139764
139765
139766
139770
139772
139773
139775
139776
139779
139780
139786
139788
139789
139791
139793
139795
139797
139799
139800
139801
139802
139804
139805
139807
139808
139813
139815
139819
139820
139822
139823
139825
139826
139837
139846
139848
139849
139851
139854
139855
139856
139858
139859
139860
139862
139863
139864
139865
139869
139871
139873
139874
139875
139877
139878
139879
139880
139882
139884
139885
139886
139887
139888
139893
139899
139900
139901
139903
139909
139912
139913
139914
139916
139918
139919
139921
139922
139925
139926
139929
139930
139932
139933
139937
139938
139939
139941
139942
139943
139945
139946
139948
139949
139953
139967
139970
139971
139972
139975
139977
139979
139981
139983
139991
139993
139994
139996
139997
139998
140003
140006
140007
140008
140010
140025
140026
140032
140033
140036
140037
140041
140043
140044
140045
140046
140047
140049
140050
140052
140054
140056
140060
140062
140067
140068
140070
140071
140072
140073
140076
140079
140084
140088
140090
140094
140096
140098
140099
140101
140104
140108
140109
140112
140118
140120
140122
140129
140131
140133
140134
140135
140137
140139
140140
140141
140146
140149
140165
140166
140172
140174
140175
140176
140177
140179
140180
140190
140192
140194
140197
140198
140199
140208
140211
140212
140216
140217
140218
140219
140222
140228
140229
140231
140232
140236
140237
140238
140240
140241
140243
140244
140246
140248
140249
140250
140251
140260
140265
140266
140271
140272
140273
140274
140276
140278
140281
140284
140286
140287
140288
140290
140292
140297
140299
140300
140302
140306
140307
140311
140314
140317
140318
140321
140322
140323
140325
140328
140329
140333
140334
140335
140343
140345
140354
140359
140360
140361
140362
140363
140364
140368
140373
140374
140375
140378
140380
140381
140383
140384
140390
140392
140393
140394
140396
140397
140398
140401
140402
140403
140405
140406
140408
140411
140413
140417
140418
140420
140422
140423
140424
140425
140426
140429
140438
140439
140440
140441
140443
140444
140447
140448
140450
140451
140452
140454
140456
140457
140458
140460
140461
140464
140468
140469
140470
140471
140472
140474
140477
140478
140479
140480
140481
140482
140483
140485
140486
140489
140491
140493
140494
140495
140497
140499
140501
140502
140506
140508
140509
140510
140511
140512
140515
140516
140517
140519
140520
140521
140523
140524
140525
140526
140527
140528
140529
140530
140532
140534
140540
140541
140542
140543
140545
140546
140547
140549
140552
140553
140554
140555
140561
140566
140567
140573
140577
140579
140581
140588
140590
140595
140596
140597
140601
140604
140605
140607
140613
140614
140616
140627
140629
140631
140632
140634
140636
140638
140639
140640
140642
140644
140645
140646
140648
140649
140650
140651
140652
140654
140656
140657
140659
140662
140663
140664
140666
140667
140668
140669
140670
140672
140676
140680
140681
140684
140689
140692
140693
140694
140695
140697
140698
140701
140703
140704
140708
140711
140712
140713
140715
140717
140718
140720
140721
140722
140733
140734
140735
140737
140738
140740
140750
140752
140754
140756
140761
140763
140765
140766
140770
140771
140779
140781
140783
140785
140786
140809
140811
140812
140814
140818
140819
140820
140821
140822
140823
140824
140825
140829
140831
140832
140834
140835
140837
140838
140839
140840
140842
140844
140846
140847
140849
140851
140853
140854
140860
140862
140864
140865
140868
140870
140872
140873
140881
140883
140887
140890
140894
140895
140896
140897
140898
140904
140908
140914
140917
140918
140920
140922
140923
140926
140927
140928
140930
140933
140934
140936
140938
140941
140943
140944
140946
140948
140950
140952
140958
140959
140960
140961
140965
140966
140967
140968
140970
140971
140972
140974
140979
140981
140982
140983
140985
140986
140987
140988
140989
140992
140995
140998
140999
141000
141003
141005
141008
141009
141010
141011
141012
141013
141015
141016
141021
141023
141026
141027
141028
141030
141032
141033
141034
141037
141038
141043
141044
141046
141049
141052
141055
141058
141061
141062
141063
141064
141065
141066
141067
141068
141069
141075
141076
141077
141083
141085
141095
141099
141101
141102
141104
141106
141115
141116
141118
141121
141123
141124
141127
141128
141130
141131
141137
141138
141139
141141
141143
141145
141146
141148
141152
141154
141158
141159
141161
141165
141166
141167
141168
141169
141170
141173
141175
141176
141179
141180
141181
141182
141185
141186
141187
141190
141191
141192
141193
141194
141198
141202
141204
141208
141210
141213
141214
141215
141216
141217
141218
141219
141220
141222
141224
141225
141227
141229
141231
141235
141236
141239
141241
141242
141245
141247
141260
141261
141262
141263
141265
141266
141267
141269
141272
141274
141277
141289
141296
141301
141313
141317
141318
141319
141323
141324
141325
141326
141331
141333
141335
141337
141339
141342
141344
141346
141347
141348
141350
141351
141355
141365
141388
141390
141392
141394
141396
141398
141399
141401
141403
141405
141407
141409
141411
141413
141414
141416
141417
141418
141419
141422
141423
141424
141438
141440
141442
141443
141446
141449
141450
141451
141455
141457
141459
141460
141461
141466
141469
141475
141476
141477
141484
141485
141487
141489
141490
141491
141493
141495
141496
141497
141498
141499
141500
141503
141504
141505
141506
141507
141509
141510
141511
141513
141516
141517
141520
141521
141522
141523
141524
141526
141528
141529
141530
141531
141532
141533
141534
141535
141536
141541
141545
141546
141548
141549
141550
141551
141552
141555
141557
141559
141560
141561
141562
141566
141567
141569
141570
141572
141573
141577
141578
141581
141584
141585
141587
141590
141591
141592
141599
141600
141601
141603
141604
141605
141607
141610
141611
141613
141614
141618
141622
141623
141634
141635
141636
141637
141640
141642
141643
141644
141645
141651
141653
141654
141656
141657
141658
141659
141660
141661
141662
141663
141665
141666
141667
141669
141670
141672
141673
141674
141675
141676
141677
141679
141684
141685
141686
141687
141688
141689
141690
141697
141700
141703
141707
141710
141711
141713
141715
141719
141721
141723
141726
141730
141732
141733
141735
141740
141741
141742
141746
141747
141749
141750
141751
141752
141754
141755
141757
141758
141760
141762
141763
141765
141775
141776
141783
141785
141803
141804
141810
141816
141817
141819
141820
141822
141824
141826
141831
141832
141844
141845
141857
141859
141860
141863
141864
141865
141867
141868
141871
141879
141883
141884
141888
141890
141891
141893
141897
141899
141901
141902
141906
141908
141911
141914
141915
141916
141918
141919
141921
141923
141926
141929
141930
141931
141932
141933
141935
141937
141938
141941
141945
141949
141950
141951
141955
141956
141963
141965
141969
141971
141973
141974
141976
141977
141978
141979
141980
141981
141991
141995
141996
141997
141999
142002
142008
142010
142012
142013
142019
142023
142025
142026
142029
142030
142033
142035
142038
142039
142040
142042
142046
142048
142050
142052
142054
142059
142061
142064
142069
142071
142074
142075
142076
142077
142082
142084
142085
142087
142088
142093
142094
142095
142096
142097
142099
142101
142103
142104
142106
142107
142108
142109
142110
142111
142112
142115
142116
142118
142119
142121
142123
142125
142126
142127
142128
142130
142131
142132
142133
142135
142136
142139
142140
142141
142142
142143
142144
142145
142146
142147
142148
142150
142155
142158
142159
142161
142163
142164
142166
142167
142168
142169
142176
142178
142188
142191
142192
142194
142195
142196
142198
142200
142205
142208
142216
142224
142225
142227
142228
142237
142238
142241
142242
142246
142247
142248
142249
142252
142254
142255
142258
142259
142260
142261
142262
142276
142278
142282
142284
142286
142293
142294
142295
142297
