1084635
1084636
1084637
1084638
1084639
1084640
1084641
1084642
1084643
1084644
1084645
1084646
1084647
1084648
1084649
1084650
1084651
1084652
1084653
1084655
1084656
1084657
1084658
1084659
1084660
1084661
1084662
1084663
1084664
1084665
1084666
1084667
1084668
1084669
1084670
1084671
1084672
1084673
1084674
1084675
1084676
1084677
1084678
1084679
1084680
1084681
1084682
1084683
1084684
1084685
1084686
1084687
1084688
1084690
1084691
1084693
1084694
1084695
1084696
1084697
1084698
1084699
1084702
1084704
1084705
1084706
1084711
1084714
1084716
1084717
1084718
1084719
1084720
1084721
1084722
1084723
1084724
1084725
1084726
1084727
1084728
1084729
1084730
1084731
1084732
1084733
1084734
1084735
1084736
1084738
1084739
1084740
1084741
1084742
1084743
1084744
1084745
1084746
1084747
1084748
1084749
1084750
1084751
1084752
1084753
1084754
1084755
1084756
1084757
1084758
1084759
1084760
1084761
1084763
1084764
1084765
1084766
1084767
1084768
1084769
1084770
1084771
1084772
1084773
1084774
1084775
1084776
1084777
1084778
1084779
1084780
1084781
1084782
1084783
1084784
1084785
1084786
1084787
1084788
1084789
1084791
1084792
1084793
1084794
1084795
1084796
1084797
1084799
1084800
1084802
1084803
1084804
1084805
1084806
1084807
1084809
1084810
1084811
1084812
1084813
1084814
1084815
1084816
1084817
1084818
1084819
1084820
1084821
1084822
1084823
1084824
1084825
1084826
1084827
1084828
1084829
1084830
1084831
1084833
1084834
1084835
1084836
1084837
1084838
1084839
1084840
1084841
1084842
1084843
1084844
1084845
1084846
1084847
1084848
1084849
1084850
1084851
1084852
1084855
1084856
1084857
1084858
1084859
1084860
1084861
1084862
1084863
1084864
1084865
1084866
1084867
1084868
1084869
1084870
1084871
1084872
1084873
1084874
1084875
1084876
1084877
1084878
1084879
1084880
1084882
1084883
1084884
1084885
1084886
1084887
1084888
1084889
1084890
1084892
1084893
1084894
1084895
1084896
1084897
1084898
1084899
1084900
1084905
1084906
1084907
1084908
1084909
1084910
1084912
1084913
1084914
1084915
1084916
1084917
1084918
1084919
1084920
1084921
1084922
1084923
1084924
1084925
1084927
1084928
1084929
1084930
1084931
1084932
1084933
1084934
1084935
1084936
1084937
1084938
1084939
1084940
1084941
1084942
1084943
1084944
1084945
1084946
1084947
1084948
1084949
1084951
1084952
1084953
1084954
1084955
1084956
1084957
1084959
1084960
1084961
1084963
1084964
1084965
1084966
1084967
1084968
1084969
1084970
1084971
1084972
1084973
1084974
1084976
1084977
1084978
1084980
1084981
1084982
1084983
1084984
1084986
1084987
1084988
1084989
1084990
1084992
1084994
1084996
1084998
1084999
1085000
1085002
1085003
1085004
1085005
1085006
1085007
1085008
1085009
1085010
1085011
1085012
1085013
1085014
1085015
1085016
1085017
1085018
1085019
1085020
1085022
1085023
1085025
1085026
1085027
1085028
1085029
1085030
1085031
1085032
1085033
1085034
1085035
1085036
1085037
1085038
1085039
1085040
1085041
1085042
1085043
1085044
1085045
1085046
1085047
1085048
1085049
1085051
1085052
1085053
1085054
1085055
1085057
1085058
1085059
1085061
1085062
1085063
1085065
1085066
1085067
1085068
1085069
1085070
1085071
1085072
1085073
1085074
1085075
1085076
1085077
1085078
1085079
1085080
1085081
1085082
1085083
1085084
1085085
1085086
1085087
1085088
1085089
1085090
1085091
1085092
1085093
1085094
1085097
1085098
1085099
1085100
1085101
1085102
1085103
1085104
1085105
1085106
1085107
1085108
1085110
1085111
1085112
1085113
1085114
1085115
1085116
1085117
1085118
1085119
1085121
1085122
1085123
1085124
1085126
1085127
1085128
1085129
1085130
1085131
1085132
1085133
1085134
1085135
1085136
1085137
1085138
1085139
1085140
1085141
1085142
1085143
1085144
1085145
1085146
1085147
1085148
1085149
1085150
1085151
1085152
1085153
1085154
1085155
1085156
1085157
1085158
1085159
1085161
1085162
1085163
1085164
1085165
1085166
1085167
1085168
1085169
1085170
1085171
1085172
1085173
1085174
1085175
1085176
1085177
1085178
1085179
1085180
1085181
1085182
1085183
1085184
1085185
1085186
1085187
1085188
1085189
1085190
1085191
1085192
1085193
1085194
1085196
1085197
1085198
1085199
1085200
1085202
1085204
1085205
1085206
1085207
1085208
1085209
1085210
1085211
1085212
1085213
1085214
1085215
1085216
1085217
1085219
1085221
1085222
1085223
1085225
1085226
1085227
1085228
1085229
1085230
1085231
1085232
1085233
1085234
1085235
1085236
1085237
1085238
1085239
1085240
1085241
1085242
1085243
1085244
1085245
1085246
1085247
1085248
1085249
1085250
1085251
1085252
1085253
1085255
1085256
1085257
1085258
1085259
1085260
1085261
1085262
1085263
1085264
1085265
1085266
1085267
1085268
1085269
1085270
1085271
1085272
1085273
1085274
1085275
1085276
1085277
1085278
1085279
1085280
1085281
1085282
1085283
1085284
1085285
1085286
1085287
1085288
1085289
1085290
1085291
1085292
1085293
1085294
1085295
1085296
1085297
1085298
1085299
1085300
1085302
1085303
1085304
1085305
1085306
1085307
1085308
1085310
1085311
1085312
1085313
1085314
1085315
1085318
1085319
1085320
1085321
1085322
1085323
1085324
1085325
1085328
1085329
1085330
1085331
1085332
1085333
1085335
1085336
1085337
1085338
1085339
1085340
1085341
1085342
1085343
1085344
1085345
1085346
1085347
1085348
1085349
1085350
1085351
1085352
1085354
1085355
1085356
1085357
1085358
1085359
1085360
1085361
1085363
1085364
1085365
1085366
1085367
1085368
1085369
1085372
1085373
1085375
1085376
1085377
1085378
1085379
1085380
1085381
1085382
1085383
1085384
1085385
1085386
1085387
1085388
1085391
1085392
1085393
1085394
1085395
1085396
1085397
1085398
1085399
1085400
1085401
1085402
1085403
1085404
1085406
1085409
1085411
1085413
1085415
1085416
1085417
1085418
1085419
1085420
1085421
1085422
1085423
1085425
1085426
1085427
1085428
1085429
1085430
1085431
1085432
1085433
1085434
1085435
1085436
1085437
1085438
1085442
1085443
1085444
1085445
1085446
1085447
1085448
1085449
1085450
1085451
1085452
1085453
1085454
1085455
1085456
1085457
1085458
1085459
1085460
1085461
1085462
1085463
1085464
1085465
1085466
1085467
1085469
1085470
1085471
1085472
1085473
1085474
1085475
1085476
1085477
1085478
1085479
1085480
1085481
1085482
1085484
1085485
1085486
1085487
1085488
1085489
1085490
1085491
1085492
1085493
1085494
1085495
1085496
1085497
1085498
1085499
1085500
1085501
1085502
1085503
1085504
1085506
1085507
1085508
1085509
1085510
1085512
1085513
1085514
1085515
1085516
1085517
1085518
1085519
1085520
1085522
1085523
1085524
1085527
1085528
1085529
1085530
1085531
1085532
1085533
1085534
1085535
1085537
1085538
1085539
1085540
1085541
1085542
1085543
1085544
1085545
1085546
1085547
1085548
1085549
1085550
1085552
1085553
1085554
1085555
1085556
1085557
1085558
1085559
1085560
1085563
1085564
1085565
1085566
1085567
1085568
1085569
1085570
1085571
1085572
1085573
1085574
1085575
1085576
1085577
1085578
1085579
1085580
1085581
1085582
1085583
1085585
1085586
1085587
1085588
1085589
1085590
1085591
1085592
1085593
1085594
1085595
1085596
1085597
1085598
1085599
1085600
1085601
1085602
1085603
1085606
1085607
1085608
1085609
1085610
1085611
1085612
1085613
1085614
1085615
1085616
1085617
1085618
1085619
1085620
1085622
1085623
1085626
1085627
1085628
1085629
1085630
1085632
1085633
1085634
1085635
1085636
1085637
1085638
1085639
1085640
1085641
1085642
1085643
1085644
1085645
1085646
1085647
1085648
1085649
1085650
1085651
1085653
1085655
1085656
1085657
1085659
1085660
1085661
1085662
1085663
1085664
1085665
1085666
1085667
1085668
1085669
1085670
1085671
1085672
1085673
1085674
1085675
1085676
1085677
1085678
1085679
1085680
1085681
1085682
1085683
1085684
1085685
1085686
1085687
1085688
1085689
1085690
1085691
1085692
1085693
1085694
1085695
1085696
1085697
1085698
1085699
1085700
1085701
1085702
1085703
1085704
1085706
1085708
1085709
1085710
1085711
1085712
1085713
1085714
1085715
1085716
1085717
1085718
1085719
1085720
1085721
1085722
1085723
1085726
1085727
1085728
1085729
1085730
1085731
1085732
1085733
1085735
1085736
1085737
1085738
1085739
1085742
1085743
1085744
1085745
1085746
1085747
1085748
1085749
1085750
1085751
1085752
1085753
1085754
1085756
1085757
1085758
1085759
1085760
1085761
1085762
1085763
1085764
1085765
1085766
1085767
1085768
1085769
1085770
1085771
1085772
1085773
1085774
1085775
1085776
1085777
1085778
1085779
1085780
1085781
1085782
1085783
1085784
1085785
1085786
1085787
1085788
1085789
1085790
1085791
1085792
1085793
1085794
1085796
1085797
1085798
1085801
1085802
1085803
1085804
1085805
1085806
1085807
1085808
1085809
1085811
1085812
1085814
1085815
1085816
1085817
1085818
1085819
1085820
1085821
1085822
1085823
1085824
1085825
1085826
1085827
1085829
1085830
1085831
1085832
1085833
1085834
1085835
1085836
1085837
1085838
1085839
1085840
1085841
1085842
1085843
1085844
1085845
1085846
1085847
1085848
1085849
1085850
1085851
1085852
1085853
1085854
1085855
1085856
1085857
1085858
1085859
1085861
1085862
1085863
1085864
1085865
1085866
1085867
1085868
1085869
1085870
1085871
1085872
1085873
1085874
1085875
1085876
1085877
1085878
1085879
1085880
1085881
1085882
1085883
1085884
1085885
1085886
1085887
1085888
1085889
1085890
1085891
1085892
1085893
1085894
1085895
1085896
1085897
1085898
1085899
1085900
1085901
1085902
1085903
1085904
1085905
1085906
1085907
1085908
1085909
1085910
1085911
1085912
1085913
1085916
1085917
1085918
1085919
1085920
1085921
1085922
1085923
1085924
1085925
1085926
1085927
1085929
1085931
1085932
1085933
1085934
1085935
1085936
1085937
1085938
1085940
1085941
1085942
1085943
1085944
1085945
1085946
1085947
1085948
1085949
1085950
1085951
1085952
1085953
1085954
1085955
1085956
1085957
1085958
1085959
1085960
1085961
1085962
1085963
1085964
1085965
1085966
1085967
1085969
1085970
1085971
1085972
1085973
1085975
1085976
1085977
1085978
1085979
1085980
1085981
1085982
1085983
1085984
1085985
1085986
1085987
1085988
1085989
1085990
1085991
1085992
1085993
1085994
1085995
1085996
1085997
1085998
1085999
1086000
1086001
1086002
1086004
1086005
1086006
1086007
1086008
1086009
1086010
1086011
1086013
1086014
1086015
1086017
1086019
1086020
1086021
1086022
1086023
1086024
1086025
1086026
1086027
1086029
1086030
1086031
1086032
1086033
1086034
1086035
1086037
1086038
1086039
1086040
1086041
1086042
1086044
1086045
1086046
1086047
1086048
1086049
1086050
1086052
1086053
1086054
1086055
1086057
1086058
1086059
1086060
1086061
1086062
1086063
1086064
1086065
1086066
1086067
1086068
1086069
1086070
1086071
1086072
1086073
1086074
1086075
1086076
1086077
1086078
1086079
1086080
1086081
1086082
1086083
1086084
1086085
1086086
1086087
1086090
1086091
1086092
1086093
1086094
1086095
1086096
1086097
1086098
1086099
1086100
1086101
1086102
1086103
1086104
1086105
1086106
1086107
1086108
1086109
1086110
1086111
1086112
1086113
1086115
1086116
1086117
1086118
1086119
1086120
1086121
1086122
1086123
1086124
1086125
1086126
1086129
1086131
1086132
1086133
1086134
1086135
1086137
1086138
1086139
1086140
1086142
1086143
1086144
1086145
1086146
1086147
1086148
1086149
1086150
1086151
1086152
1086153
1086154
1086155
1086156
1086157
1086158
1086159
1086160
1086161
1086162
1086163
1086164
1086165
1086166
1086167
1086168
1086169
1086170
1086171
1086172
1086173
1086174
1086175
1086176
1086177
1086178
1086179
1086180
1086181
1086182
1086183
1086184
1086185
1086186
1086187
1086189
1086190
1086191
1086192
1086193
1086194
1086195
1086196
1086197
1086198
1086199
1086200
1086201
1086202
1086203
1086204
1086205
1086206
1086207
1086208
1086209
1086210
1086211
1086212
1086213
1086214
1086216
1086217
1086218
1086219
1086220
1086221
1086222
1086223
1086224
1086225
1086226
1086227
1086228
1086229
1086230
1086231
1086232
1086233
1086234
1086235
1086236
1086237
1086238
1086239
1086241
1086242
1086243
1086244
1086245
1086246
1086247
1086248
1086249
1086250
1086251
1086252
1086253
1086254
1086255
1086256
1086257
1086258
1086259
1086260
1086261
1086262
1086263
1086264
1086265
1086266
1086267
1086268
1086269
1086270
1086271
1086273
1086274
1086275
1086276
1086277
1086278
1086279
1086280
1086281
1086282
1086283
1086284
1086285
1086286
1086287
1086288
1086289
1086291
1086292
1086293
1086294
1086295
1086296
1086297
1086298
1086299
1086300
1086302
1086303
1086304
1086305
1086307
1086310
1086312
1086313
1086314
1086315
1086316
1086317
1086318
1086319
1086320
1086321
1086322
1086323
1086325
1086326
1086327
1086328
1086329
1086330
1086331
1086332
1086334
1086335
1086336
1086337
1086338
1086339
1086340
1086341
1086343
1086344
1086346
1086348
1086349
1086350
1086351
1086352
1086353
1086354
1086356
1086357
1086358
1086360
1086361
1086362
1086363
1086364
1086365
1086366
1086368
1086369
1086370
1086371
1086372
1086373
1086374
1086375
1086376
1086377
1086378
1086379
1086380
1086381
1086382
1086383
1086384
1086385
1086386
1086388
1086389
1086390
1086391
1086392
1086393
1086394
1086396
1086397
1086400
1086401
1086402
1086403
1086404
1086405
1086406
1086407
1086408
1086409
1086410
1086411
1086412
1086413
1086414
1086415
1086416
1086418
1086419
1086420
1086421
1086422
1086423
1086424
1086425
1086426
1086427
1086430
1086431
1086432
1086433
1086434
1086435
1086436
1086437
1086438
1086439
1086440
1086441
1086442
1086443
1086444
1086445
1086446
1086447
1086448
1086450
1086452
1086453
1086455
1086456
1086457
1086458
1086459
1086460
1086461
1086462
1086463
1086464
1086465
1086466
1086467
1086469
1086470
1086472
1086473
1086474
1086475
1086476
1086477
1086478
1086479
1086481
1086482
1086483
1086484
1086485
1086486
1086487
1086490
1086491
1086492
1086493
1086494
1086495
1086496
1086497
1086498
1086499
1086500
1086501
1086502
1086503
1086504
1086505
1086506
1086507
1086508
1086509
1086510
1086511
1086512
1086513
1086514
1086515
1086516
1086517
1086518
1086519
1086520
1086521
1086522
1086524
1086526
1086527
1086528
1086529
1086530
1086531
1086532
1086533
1086534
1086535
1086536
1086537
1086538
1086539
1086540
1086542
1086543
1086544
1086546
1086548
1086549
1086550
1086551
1086552
1086554
1086555
1086556
1086557
1086558
1086559
1086560
1086561
1086562
1086563
1086564
1086565
1086566
1086567
1086568
1086569
1086570
1086571
1086572
1086573
1086574
1086575
1086576
1086577
1086578
1086579
1086580
1086581
1086582
1086583
1086584
1086585
1086586
1086587
1086588
1086589
1086590
1086591
1086592
1086593
1086596
1086597
1086599
1086600
1086601
1086602
1086603
1086604
1086605
1086606
1086610
1086611
1086613
1086614
1086615
1086616
1086617
1086618
1086619
1086620
1086621
1086622
1086623
1086624
1086625
1086626
1086627
1086628
1086629
1086630
1086635
1086636
1086637
1086638
1086639
1086640
1086641
1086642
1086645
1086646
1086647
1086649
1086650
1086651
1086652
1086653
1086654
1086656
1086657
1086658
1086659
1086660
1086662
1086663
1086664
1086665
1086666
1086667
1086668
1086669
1086670
1086671
1086672
1086673
1086674
1086675
1086676
1086677
1086678
1086679
1086680
1086681
1086682
1086683
1086684
1086685
1086686
1086687
1086688
1086691
1086692
1086693
1086694
1086696
1086697
1086698
1086699
1086700
1086701
1086702
1086703
1086704
1086705
1086706
1086707
1086708
1086710
1086711
1086712
1086713
1086714
1086715
1086716
1086717
1086718
1086719
1086720
1086721
1086722
1086723
1086724
1086725
1086726
1086727
1086728
1086729
1086730
1086731
1086732
1086733
1086734
1086735
1086736
1086737
1086738
1086739
1086740
1086741
1086742
1086743
1086744
1086745
1086746
1086747
1086748
1086749
1086750
1086751
1086752
1086753
1086754
1086755
1086756
1086757
1086758
1086759
1086760
1086762
1086763
1086764
1086765
1086766
1086767
1086768
1086769
1086770
1086771
1086772
1086773
1086774
1086775
1086776
1086777
1086778
1086779
1086780
1086781
1086782
1086783
1086784
1086785
1086786
1086787
1086788
1086789
1086790
1086791
1086792
1086793
1086794
1086795
1086796
1086797
1086798
1086799
1086800
1086801
1086802
1086803
1086804
1086805
1086806
1086807
1086808
1086809
1086810
1086811
1086812
1086813
1086814
1086815
1086816
1086817
1086818
1086819
1086820
1086821
1086823
1086825
1086826
1086827
1086828
1086829
1086830
1086831
1086832
1086833
1086834
1086835
1086836
1086837
1086838
1086839
1086840
1086841
1086842
1086843
1086844
1086845
1086846
1086847
1086848
1086849
1086850
1086851
1086852
1086853
1086854
1086855
1086856
1086857
1086858
1086860
1086862
1086863
1086864
1086865
1086866
1086867
1086868
1086869
1086870
1086871
1086872
1086874
1086875
1086876
1086877
1086878
1086880
1086881
1086882
1086883
1086884
1086886
1086887
1086888
1086889
1086890
1086891
1086892
1086893
1086894
1086895
1086896
1086897
1086898
1086900
1086901
1086902
1086903
1086904
1086905
1086906
1086907
1086908
1086909
1086910
1086911
1086912
1086913
1086914
1086915
1086916
1086917
1086918
1086919
1086920
1086921
1086922
1086923
1086924
1086925
1086927
1086928
1086929
1086930
1086931
1086932
1086933
1086934
1086935
1086936
1086937
1086938
1086939
1086940
1086941
1086942
1086943
1086944
1086945
1086946
1086947
1086948
1086949
1086950
1086951
1086952
1086953
1086954
1086957
1086958
1086959
1086960
1086961
1086963
1086964
1086965
1086966
1086968
1086969
1086970
1086971
1086973
1086974
1086975
1086976
1086977
1086978
1086979
1086980
1086981
1086982
1086983
1086984
1086985
1086986
1086987
1086989
1086990
1086991
1086992
1086993
1086994
1086995
1086996
1086997
1086998
1086999
1087000
1087001
1087002
1087003
1087005
1087006
1087007
1087008
1087009
1087010
1087011
1087012
1087013
1087014
1087015
1087016
1087017
1087018
1087019
1087020
1087021
1087022
1087023
1087024
1087025
1087026
1087027
1087028
1087029
1087030
1087031
1087032
1087033
1087034
1087035
1087036
1087038
1087039
1087040
1087041
1087042
1087043
1087044
1087045
1087046
1087047
1087048
1087049
1087050
1087051
1087052
1087053
1087054
1087055
1087056
1087057
1087058
1087059
1087060
1087062
1087063
1087064
1087065
1087066
1087068
1087069
1087070
1087071
1087072
1087073
1087074
1087075
1087076
1087077
1087078
1087079
1087080
1087081
1087082
1087083
1087085
1087086
1087088
1087089
1087090
1087091
1087092
1087093
1087094
1087095
1087096
1087097
1087098
1087099
1087100
1087101
1087102
1087103
1087104
1087105
1087106
1087108
1087109
1087110
1087111
1087112
1087113
1087114
1087116
1087117
1087119
1087120
1087121
1087122
1087123
1087124
1087125
1087126
1087127
1087128
1087129
1087130
1087131
1087132
1087133
1087134
1087135
1087136
1087138
1087139
1087140
1087141
1087142
1087143
1087144
1087145
1087146
1087147
1087148
1087149
1087150
1087151
1087152
1087153
1087154
1087155
1087156
1087157
1087158
1087159
1087161
1087162
1087163
1087164
1087165
1087167
1087168
1087169
1087170
1087171
1087172
1087173
1087174
1087176
1087177
1087178
1087179
1087180
1087181
1087182
1087183
1087184
1087185
1087186
1087187
1087188
1087189
1087190
1087191
1087192
1087193
1087194
1087195
1087196
1087197
1087198
1087199
1087200
1087201
1087202
1087203
1087204
1087205
1087206
1087207
1087208
1087209
1087210
1087211
1087212
1087213
1087214
1087215
1087216
1087217
1087218
1087219
1087220
1087221
1087222
1087223
1087225
1087226
1087227
1087228
1087229
1087230
1087231
1087232
1087234
1087235
1087236
1087237
1087238
1087239
1087240
1087241
1087242
1087243
1087244
1087245
1087246
1087247
1087248
1087249
1087250
1087251
1087252
1087253
1087254
1087255
1087256
1087257
1087258
1087259
1087260
1087261
1087263
1087264
1087265
1087266
1087267
1087268
1087269
1087270
1087271
1087272
1087273
1087274
1087276
1087277
1087278
1087279
1087280
1087281
1087282
1087283
1087284
1087285
1087287
1087288
1087289
1087290
1087291
1087292
1087293
1087294
1087295
1087296
1087297
1087298
1087299
1087300
1087301
1087302
1087303
1087304
1087305
1087306
1087307
1087308
1087309
1087310
1087311
1087313
1087314
1087315
1087316
1087317
1087318
1087319
1087320
1087321
1087322
1087323
1087324
1087325
1087326
1087327
1087328
1087329
1087330
1087331
1087332
1087333
1087334
1087335
1087336
1087337
1087338
1087339
1087340
1087341
1087342
1087343
1087344
1087345
1087346
1087347
1087348
1087349
1087350
1087351
1087352
1087353
1087354
1087355
1087356
1087357
1087358
1087359
1087361
1087362
1087363
1087364
1087365
1087366
1087367
1087368
1087369
1087370
1087371
1087372
1087373
1087374
1087375
1087376
1087377
1087378
1087379
1087380
1087381
1087382
1087383
1087384
1087385
1087386
1087387
1087388
1087389
1087390
1087391
1087392
1087393
1087394
1087395
1087396
1087397
1087398
1087399
1087400
1087401
1087402
1087403
1087404
1087405
1087406
1087407
1087408
1087409
1087410
1087411
1087412
1087413
1087414
1087415
1087416
1087417
1087418
1087419
1087420
1087421
1087422
1087423
1087424
1087425
1087426
1087427
1087428
1087429
1087430
1087431
1087432
1087433
1087434
1087435
1087436
1087437
1087438
1087439
1087440
1087441
1087442
1087443
1087444
1087445
1087446
1087447
1087448
1087449
1087450
1087451
1087452
1087454
1087455
1087456
1087457
1087458
1087459
1087460
1087461
1087462
1087463
1087464
1087465
1087466
1087467
1087468
1087469
1087470
1087471
1087472
1087473
1087474
1087475
1087476
1087477
1087478
1087479
1087480
1087481
1087482
1087483
1087484
1087485
1087486
1087487
1087488
1087489
1087490
1087491
1087492
1087493
1087494
1087496
1087497
1087498
1087499
1087500
1087501
1087502
1087503
1087504
1087505
1087506
1087507
1087508
1087509
1087510
1087511
1087512
1087513
1087514
1087515
1087516
1087517
1087518
1087519
1087520
1087521
1087522
1087523
1087524
1087525
1087526
1087527
1087528
1087529
1087530
1087531
1087532
1087533
1087534
1087535
1087536
1087537
1087538
1087539
1087540
1087541
1087542
1087543
1087544
1087545
1087546
1087547
1087548
1087550
1087551
1087552
1087553
1087554
1087555
1087556
1087557
1087558
1087559
1087560
1087561
1087562
1087563
1087564
1087565
1087566
1087567
1087568
1087569
1087570
1087571
1087572
1087573
1087574
1087575
1087576
1087577
1087578
1087579
1087580
1087581
1087582
1087583
1087584
1087585
1087587
1087589
1087590
1087591
1087592
1087593
1087594
1087595
1087596
1087597
1087598
1087599
1087600
1087601
1087602
1087603
1087604
1087605
1087606
1087607
1087608
1087609
1087610
1087611
1087613
1087614
1087615
1087616
1087617
1087618
1087619
1087620
1087621
1087622
1087623
1087624
1087625
1087626
1087627
1087628
1087629
1087630
1087631
1087632
1087633
1087634
1087635
1087636
1087637
1087638
1087639
1087640
1087641
1087642
1087643
1087645
1087646
1087647
1087648
1087649
1087650
1087651
1087652
1087653
1087654
1087656
1087657
1087658
1087659
1087660
1087661
1087662
1087663
1087664
1087665
1087666
1087667
1087668
1087669
1087670
1087671
1087672
1087674
1087675
1087678
1087679
1087680
1087681
1087682
1087683
1087684
1087685
1087686
1087687
1087688
1087689
1087690
1087692
1087693
1087694
1087695
1087696
1087697
1087698
1087700
1087701
1087702
1087703
1087704
1087705
1087706
1087707
1087708
1087709
1087710
1087712
1087713
1087714
1087715
1087716
1087717
1087718
1087719
1087720
1087721
1087722
1087723
1087724
1087726
1087727
1087728
1087729
1087730
1087731
1087732
1087733
1087734
1087735
1087736
1087738
1087739
1087740
1087741
1087742
1087743
1087744
1087746
1087747
1087748
1087749
1087750
1087751
1087752
1087753
1087754
1087755
1087756
1087757
1087758
1087759
1087760
1087761
1087762
1087763
1087764
1087765
1087767
1087768
1087769
1087770
1087771
1087772
1087773
1087774
1087775
1087777
1087778
1087779
1087781
1087782
1087783
1087784
1087785
1087786
1087787
1087788
1087790
1087791
1087792
1087794
1087795
1087796
1087797
1087798
1087799
1087800
1087801
1087802
1087803
1087804
1087806
1087807
1087808
1087809
1087810
1087811
1087813
1087814
1087815
1087816
1087817
1087818
1087819
1087821
1087822
1087823
1087825
1087826
1087827
1087828
1087829
1087830
1087832
1087834
1087835
1087836
1087838
1087839
1087840
1087841
1087842
1087843
1087844
1087845
1087846
1087848
1087849
1087850
1087851
1087852
1087853
1087854
1087855
1087856
1087857
1087858
1087859
1087860
1087861
1087862
1087863
1087864
1087865
1087866
1087867
1087868
1087869
1087870
1087871
1087872
1087873
1087874
1087875
1087876
1087877
1087878
1087879
1087880
1087881
1087882
1087883
1087884
1087885
1087886
1087887
1087888
1087889
1087891
1087892
1087893
1087894
1087895
1087897
1087898
1087899
1087900
1087901
1087902
1087903
1087904
1087905
1087906
1087907
1087908
1087909
1087910
1087911
1087912
1087913
1087914
1087915
1087916
1087917
1087918
1087919
1087920
1087922
1087923
1087924
1087925
1087926
1087927
1087928
1087930
1087931
1087933
1087934
1087935
1087936
1087937
1087938
1087939
1087940
1087942
1087943
1087944
1087945
1087947
1087948
1087949
1087950
1087951
1087952
1087953
1087954
1087955
1087957
1087958
1087959
1087960
1087961
1087962
1087963
1087964
1087966
1087967
1087968
1087969
1087970
1087971
1087972
1087973
1087974
1087977
1087978
1087979
1087980
1087981
1087982
1087983
1087984
1087985
1087986
1087987
1087988
1087989
1087990
1087991
1087992
1087993
1087994
1087995
1087996
1087997
1087999
1088001
1088002
1088003
1088004
1088005
1088006
1088007
1088008
1088009
1088010
1088011
1088012
1088013
1088014
1088015
1088016
1088017
1088018
1088019
1088020
1088021
1088022
1088023
1088024
1088025
1088029
1088030
1088031
1088032
1088033
1088034
1088035
1088037
1088038
1088039
1088040
1088041
1088042
1088043
1088044
1088046
1088047
1088048
1088049
1088050
1088051
1088052
1088058
1088059
1088060
1088061
1088062
1088063
1088064
1088065
1088066
1088067
1088068
1088069
1088070
1088074
1088075
1088077
1088078
1088079
1088080
1088081
1088082
1088083
1088085
1088086
1088087
1088088
1088089
1088090
1088091
1088092
1088093
1088094
1088095
1088096
1088097
1088098
1088099
1088100
1088101
1088102
1088103
1088104
1088105
1088106
1088107
1088108
1088109
1088110
1088111
1088112
1088113
1088114
1088115
1088116
1088117
1088118
1088119
1088120
1088121
1088122
1088123
1088124
1088125
1088126
1088127
1088128
1088129
1088130
1088131
1088132
1088133
1088134
1088135
1088136
1088137
1088138
1088139
1088140
1088141
1088142
1088143
1088144
1088145
1088146
1088147
1088148
1088149
1088150
1088152
1088153
1088154
1088155
1088156
1088157
1088158
1088159
1088160
1088161
1088162
1088163
1088164
1088165
1088166
1088167
1088168
1088169
1088170
1088171
1088172
1088173
1088174
1088175
1088176
1088177
1088178
1088179
1088180
1088181
1088182
1088183
1088184
1088186
1088187
1088188
1088189
1088190
1088191
1088192
1088193
1088195
1088196
1088197
1088198
1088199
1088200
1088201
1088202
1088203
1088204
1088205
1088206
1088208
1088209
1088210
1088211
1088213
1088214
1088215
1088216
1088217
1088218
1088219
1088220
1088221
1088223
1088224
1088226
1088227
1088228
1088229
1088230
1088231
1088232
1088233
1088234
1088237
1088238
1088239
1088240
1088241
1088242
1088243
1088244
1088245
1088246
1088247
1088249
1088250
1088251
1088252
1088254
1088255
1088256
1088257
1088258
1088259
1088260
1088261
1088263
1088264
1088265
1088266
1088267
1088268
1088270
1088271
1088272
1088273
1088274
1088275
1088276
1088277
1088279
1088280
1088281
1088282
1088283
1088284
1088285
1088286
1088289
1088290
1088291
1088292
1088293
1088294
1088296
1088297
1088298
1088299
1088300
1088301
1088302
1088303
1088304
1088305
1088306
1088307
1088308
1088311
1088312
1088315
1088318
1088319
1088320
1088321
1088322
1088323
1088325
1088326
1088327
1088328
1088329
1088330
1088331
1088332
1088333
1088334
1088335
1088336
1088337
1088338
1088339
1088340
1088341
1088342
1088343
1088344
1088345
1088346
1088347
1088348
1088349
1088350
1088351
1088353
1088354
1088355
1088357
1088358
1088359
1088360
1088361
1088363
1088364
1088365
1088366
1088367
1088368
1088370
1088372
1088373
1088374
1088375
1088376
1088377
1088378
1088379
1088381
1088382
1088383
1088384
1088385
1088387
1088388
1088389
1088390
1088391
1088393
1088394
1088395
1088396
1088399
1088400
1088401
1088402
1088404
1088405
1088406
1088407
1088408
1088409
1088410
1088411
1088413
1088414
1088415
1088416
1088417
1088418
1088419
1088420
1088421
1088422
1088423
1088424
1088425
1088427
1088428
1088429
1088430
1088431
1088432
1088433
1088434
1088436
1088437
1088438
1088439
1088441
1088442
1088443
1088444
1088445
1088446
1088447
1088448
1088449
1088450
1088451
1088452
1088453
1088454
1088455
1088456
1088458
1088459
1088460
1088461
1088462
1088463
1088465
1088467
1088468
1088469
1088470
1088472
1088473
1088474
1088475
1088476
1088477
1088478
1088479
1088480
1088481
1088482
1088483
1088484
1088485
1088486
1088487
1088488
1088489
1088490
1088491
1088492
1088493
1088494
1088495
1088496
1088497
1088498
1088499
1088500
1088501
1088502
1088503
1088504
1088505
1088506
1088509
1088510
1088511
1088512
1088514
1088515
1088516
1088518
1088519
1088520
1088521
1088522
1088523
1088524
1088525
1088527
1088528
1088529
1088530
1088531
1088532
1088533
1088535
1088536
1088537
1088538
1088539
1088541
1088542
1088543
1088544
1088545
1088546
1088547
1088548
1088549
1088550
1088551
1088552
1088553
1088554
1088555
1088556
1088557
1088558
1088559
1088560
1088561
1088562
1088563
1088564
1088565
1088566
1088567
1088568
1088570
1088571
1088572
1088573
1088574
1088575
1088576
1088577
1088578
1088584
1088586
1088587
1088588
1088589
1088592
1088593
1088594
1088595
1088596
1088597
1088598
1088599
1088600
1088601
1088602
1088603
1088605
1088606
1088607
1088608
1088609
1088610
1088611
1088612
1088613
1088614
1088615
1088616
1088617
1088618
1088619
1088620
1088621
1088622
1088623
1088624
1088625
1088626
1088627
1088628
1088630
1088631
1088632
1088633
1088634
1088635
1088636
1088637
1088638
1088640
1088641
1088642
1088643
1088645
1088646
1088647
1088648
1088649
1088650
1088651
1088653
1088654
1088655
1088656
1088657
1088658
1088659
1088660
1088661
1088662
1088664
1088665
1088666
1088667
1088668
1088670
1088671
1088672
1088673
1088674
1088675
1088676
1088677
1088679
1088680
1088681
1088682
1088683
1088684
1088685
1088686
1088687
1088688
1088689
1088690
1088691
1088693
1088694
1088695
1088696
1088697
1088698
1088699
1088700
1088701
1088702
1088703
1088704
1088705
1088706
1088707
1088708
1088709
1088710
1088713
1088714
1088715
1088716
1088717
1088718
1088719
1088720
1088721
1088722
1088723
1088724
1088725
1088726
1088727
1088728
1088729
1088730
1088732
1088733
1088734
1088735
1088736
1088737
1088739
1088740
1088741
1088742
1088743
1088744
1088745
1088746
1088747
1088748
1088749
1088750
1088751
1088752
1088753
1088754
1088755
1088756
1088758
1088759
1088760
1088761
1088763
1088764
1088765
1088766
1088767
1088768
1088769
1088770
1088771
1088772
1088773
1088774
1088775
1088776
1088779
1088780
1088781
1088782
1088783
1088784
1088785
1088787
1088788
1088790
1088791
1088792
1088794
1088795
1088797
1088798
1088800
1088801
1088802
1088803
1088804
1088806
1088807
1088808
1088809
1088812
1088813
1088817
1088818
1088819
1088820
1088821
1088823
1088824
1088825
1088826
1088827
1088828
1088829
1088830
1088831
1088832
1088833
1088835
1088836
1088837
1088838
1088841
1088842
1088843
1088844
1088845
1088846
1088847
1088848
1088849
1088850
1088851
1088852
1088853
1088854
1088855
1088856
1088857
1088858
1088859
1088860
1088861
1088862
1088863
1088864
1088865
1088866
1088867
1088868
1088869
1088870
1088871
1088872
1088873
1088874
1088876
1088877
1088878
1088879
1088880
1088881
1088882
1088883
1088884
1088885
1088886
1088888
1088889
1088890
1088891
1088892
1088893
1088894
1088895
1088896
1088897
1088898
1088899
1088900
1088901
1088902
1088903
1088904
1088905
1088906
1088907
1088908
1088909
1088910
1088912
1088913
1088914
1088916
1088918
1088919
1088920
1088921
1088922
1088923
1088924
1088925
1088926
1088927
1088929
1088930
1088931
1088932
1088933
1088934
1088935
1088936
1088937
1088938
1088939
1088940
1088941
1088943
1088944
1088946
1088947
1088948
1088949
1088950
1088951
1088952
1088953
1088954
1088955
1088956
1088957
1088958
1088959
1088960
1088961
1088962
1088963
1088964
1088965
1088966
1088967
1088968
1088969
1088970
1088971
1088972
1088973
1088975
1088976
1088977
1088978
1088979
1088980
1088981
1088982
1088984
1088985
1088986
1088987
1088988
1088989
1088990
1088992
1088994
1088995
1088996
1088997
1088998
1088999
1089000
1089001
1089002
1089003
1089004
1089005
1089006
1089007
1089008
1089009
1089010
1089011
1089012
1089013
1089014
1089015
1089016
1089017
1089018
1089019
1089020
1089021
1089024
1089025
1089026
1089027
1089028
1089029
1089030
1089031
1089032
1089033
1089034
1089035
1089036
1089037
1089038
1089039
1089040
1089041
1089042
1089043
1089044
1089045
1089046
1089047
1089049
1089050
1089051
1089052
1089053
1089054
1089055
1089056
1089057
1089058
1089059
1089060
1089061
1089062
1089063
1089064
1089065
1089066
1089067
1089068
1089069
1089070
1089071
1089072
1089073
1089074
1089076
1089077
1089078
1089079
1089080
1089082
1089083
1089084
1089086
1089087
1089088
1089089
1089090
1089092
1089093
1089094
1089095
1089096
1089097
1089098
1089099
1089100
1089101
1089102
1089103
1089104
1089105
1089106
1089107
1089108
1089109
1089110
1089111
1089114
1089115
1089116
1089117
1089118
1089119
1089121
1089122
1089123
1089124
1089125
1089126
1089128
1089130
1089131
1089132
1089133
1089134
1089136
1089137
1089138
1089139
1089140
1089142
1089143
1089144
1089145
1089146
1089147
1089148
1089149
1089150
1089151
1089152
1089154
1089155
1089156
1089158
1089160
1089161
1089162
1089163
1089164
1089166
1089168
1089169
1089170
1089171
1089172
1089173
1089174
1089175
1089176
1089177
1089178
1089179
1089180
1089181
1089182
1089183
1089184
1089185
1089186
1089187
1089188
1089189
1089190
1089191
1089192
1089193
1089194
1089195
1089196
1089198
1089199
1089201
1089202
1089204
1089205
1089206
1089207
1089208
1089210
1089212
1089213
1089217
1089218
1089220
1089221
1089223
1089224
1089225
1089226
1089227
1089228
1089230
1089231
1089232
1089234
1089235
1089236
1089237
1089238
1089239
1089241
1089242
1089243
1089245
1089248
1089249
1089250
1089251
1089252
1089253
1089254
1089256
1089257
1089258
1089259
1089260
1089261
1089262
1089263
1089264
1089265
1089266
1089267
1089268
1089269
1089270
1089271
1089272
1089273
1089274
1089275
1089276
1089278
1089279
1089280
1089281
1089282
1089283
1089284
1089285
1089286
1089287
1089288
1089289
1089290
1089291
1089292
1089293
1089294
1089295
1089296
1089297
1089298
1089299
1089300
1089301
1089302
1089303
1089305
1089306
1089307
1089308
1089309
1089311
1089312
1089313
1089315
1089316
1089318
1089319
1089320
1089321
1089322
1089323
1089324
1089325
1089326
1089328
1089329
1089330
1089331
1089332
1089333
1089334
1089335
1089336
1089337
1089338
1089339
1089340
1089341
1089342
1089343
1089344
1089345
1089346
1089347
1089348
1089349
1089350
1089351
1089352
1089353
1089354
1089356
1089357
1089360
1089361
1089362
1089363
1089364
1089365
1089366
1089367
1089368
1089370
1089371
1089372
1089373
1089374
1089375
1089376
1089377
1089378
1089379
1089380
1089381
1089382
1089383
1089384
1089385
1089386
1089387
1089388
1089389
1089390
1089391
1089392
1089393
1089394
1089395
1089396
1089397
1089398
1089399
1089400
1089401
1089403
1089404
1089405
1089406
1089408
1089409
1089410
1089411
1089412
1089413
1089414
1089415
1089417
1089418
1089420
1089421
1089422
1089423
1089424
1089425
1089426
1089427
1089428
1089429
1089430
1089431
1089432
1089433
1089434
1089436
1089437
1089439
1089440
1089441
1089442
1089443
1089444
1089447
1089448
1089449
1089450
1089451
1089452
1089453
1089454
1089455
1089456
1089457
1089458
1089459
1089460
1089461
1089462
1089463
1089464
1089465
1089466
1089467
1089468
1089469
1089470
1089471
1089472
1089473
1089474
1089475
1089476
1089477
1089478
1089479
1089480
1089482
1089483
1089484
1089485
1089487
1089488
1089490
1089491
1089492
1089493
1089494
1089496
1089497
1089498
1089499
1089500
1089501
1089504
1089505
1089506
1089507
1089508
1089509
1089510
1089511
1089512
1089513
1089514
1089515
1089516
1089517
1089518
1089519
1089521
1089522
1089523
1089524
1089525
1089526
1089527
1089528
1089529
1089530
1089531
1089532
1089533
1089534
1089535
1089536
1089537
1089538
1089539
1089540
1089541
1089542
1089543
1089544
1089545
1089546
1089547
1089548
1089549
1089550
1089552
1089554
1089555
1089556
1089557
1089558
1089559
1089560
1089561
1089562
1089564
1089565
1089566
1089567
1089568
1089569
1089570
1089571
1089572
1089573
1089574
1089575
1089577
1089578
1089579
1089580
1089581
1089583
1089585
1089586
1089587
1089588
1089589
1089590
1089591
1089592
1089593
1089595
1089596
1089597
1089598
1089599
1089600
1089601
1089602
1089603
1089604
1089605
1089606
1089607
1089608
1089609
1089610
1089612
1089613
1089614
1089615
1089616
1089618
1089619
1089620
1089621
1089622
1089623
1089624
1089626
1089628
1089629
1089630
1089631
1089632
1089633
1089634
1089635
1089636
1089637
1089638
1089639
1089640
1089641
1089642
1089644
1089645
1089646
1089647
1089648
1089649
1089650
1089651
1089652
1089653
1089654
1089655
1089656
1089657
1089659
1089660
1089661
1089662
1089663
1089664
1089665
1089666
1089667
1089668
1089669
1089670
1089671
1089672
1089673
1089674
1089675
1089676
1089677
1089678
1089679
1089680
1089681
1089682
1089684
1089685
1089686
1089687
1089688
1089689
1089690
1089691
1089692
1089694
1089696
1089697
1089698
1089699
1089700
1089701
1089702
1089705
1089706
1089707
1089708
1089709
1089710
1089711
1089712
1089713
1089714
1089715
1089716
1089718
1089719
1089720
1089721
1089722
1089723
1089724
1089725
1089726
1089728
1089729
1089730
1089731
1089732
1089735
1089736
1089737
1089738
1089739
1089740
1089741
1089742
1089743
1089744
1089746
1089747
1089749
1089754
1089755
1089757
1089758
1089759
1089760
1089761
1089762
1089763
1089764
1089765
1089766
1089767
1089768
1089769
1089770
1089771
1089772
1089773
1089774
1089775
1089776
1089777
1089778
1089779
1089780
1089781
1089782
1089783
1089784
1089785
1089786
1089787
1089788
1089789
1089790
1089791
1089792
1089793
1089794
1089795
1089796
1089797
1089799
1089800
1089801
1089802
1089803
1089804
1089805
1089806
1089807
1089808
1089809
1089810
1089812
1089814
1089815
1089816
1089817
1089818
1089820
1089821
1089822
1089823
1089824
1089825
1089826
1089827
1089828
1089829
1089830
1089832
1089833
1089834
1089835
1089836
1089837
1089838
1089839
1089840
1089843
1089844
1089845
1089846
1089847
1089848
1089849
1089850
1089851
1089852
1089853
1089854
1089855
1089856
1089857
1089858
1089859
1089860
1089861
1089862
1089863
1089864
1089865
1089867
1089869
1089871
1089872
1089873
1089874
1089876
1089877
1089878
1089879
1089880
1089882
1089883
1089885
1089886
1089887
1089888
1089889
1089890
1089891
1089892
1089893
1089894
1089895
1089896
1089897
1089898
1089899
1089900
1089901
1089902
1089903
1089904
1089905
1089906
1089907
1089908
1089909
1089910
1089911
1089912
1089913
1089914
1089915
1089916
1089917
1089918
1089919
1089920
1089921
1089922
1089923
1089924
1089925
1089926
1089927
1089929
1089930
1089931
1089932
1089933
1089935
1089936
1089937
1089938
1089939
1089940
1089941
1089942
1089943
1089944
1089948
1089949
1089951
1089952
1089953
1089954
1089955
1089957
1089958
1089959
1089960
1089961
1089962
1089963
1089964
1089965
1089966
1089967
1089968
1089970
1089971
1089972
1089973
1089974
1089975
1089976
1089977
1089978
1089979
1089980
1089981
1089982
1089983
1089984
1089985
1089986
1089987
1089989
1089991
1089993
1089994
1089995
1089997
1089998
1090000
1090001
1090002
1090003
1090004
1090005
1090006
1090007
1090008
1090009
1090010
1090011
1090012
1090014
1090015
1090016
1090017
1090018
1090022
1090023
1090024
1090025
1090026
1090027
1090028
1090029
1090030
1090031
1090032
1090033
1090034
1090035
1090036
1090037
1090039
1090040
1090041
1090042
1090044
1090045
1090046
1090047
1090048
1090049
1090050
1090051
1090054
1090057
1090058
1090059
1090060
1090062
1090063
1090064
1090065
1090066
1090067
1090069
1090070
1090071
1090073
1090074
1090075
1090076
1090077
1090079
1090080
1090081
1090083
1090084
1090085
1090086
1090087
1090088
1090089
1090090
1090092
1090093
1090094
1090095
1090097
1090098
1090099
1090101
1090102
1090103
1090104
1090105
1090106
1090107
1090108
1090109
1090110
1090111
1090112
1090115
1090116
1090117
1090118
1090119
1090120
1090121
1090122
1090123
1090125
1090126
1090127
1090128
1090130
1090131
1090132
1090133
1090134
1090135
1090136
1090137
1090138
1090139
1090140
1090141
1090142
1090143
1090144
1090145
1090146
1090147
1090148
1090149
1090150
1090151
1090152
1090154
1090155
1090156
1090157
1090158
1090159
1090161
1090162
1090163
1090164
1090165
1090166
1090167
1090168
1090169
1090170
1090171
1090172
1090173
1090174
