1090175
1090176
1090177
1090178
1090179
1090180
1090181
1090182
1090183
1090184
1090185
1090186
1090187
1090188
1090189
1090190
1090191
1090192
1090193
1090194
1090195
1090196
1090197
1090198
1090199
1090200
1090201
1090202
1090203
1090204
1090205
1090206
1090207
1090208
1090209
1090210
1090211
1090212
1090213
1090214
1090215
1090216
1090217
1090218
1090219
1090220
1090221
1090222
1090223
1090224
1090225
1090226
1090228
1090229
1090230
1090233
1090234
1090235
1090236
1090237
1090238
1090239
1090240
1090241
1090242
1090243
1090245
1090246
1090247
1090249
1090250
1090252
1090253
1090254
1090255
1090256
1090257
1090258
1090259
1090260
1090261
1090262
1090263
1090264
1090265
1090266
1090267
1090269
1090270
1090271
1090272
1090273
1090274
1090275
1090276
1090277
1090278
1090279
1090280
1090281
1090282
1090283
1090284
1090286
1090287
1090288
1090289
1090290
1090291
1090292
1090293
1090294
1090296
1090297
1090298
1090299
1090300
1090301
1090303
1090304
1090305
1090306
1090307
1090308
1090309
1090310
1090311
1090313
1090314
1090315
1090316
1090317
1090318
1090319
1090320
1090322
1090323
1090324
1090325
1090326
1090327
1090328
1090329
1090330
1090331
1090332
1090333
1090335
1090336
1090337
1090338
1090339
1090340
1090341
1090342
1090343
1090344
1090346
1090347
1090348
1090349
1090350
1090352
1090353
1090355
1090356
1090357
1090358
1090359
1090360
1090361
1090362
1090363
1090364
1090365
1090366
1090367
1090368
1090369
1090370
1090371
1090372
1090374
1090375
1090377
1090378
1090380
1090381
1090382
1090383
1090384
1090385
1090386
1090390
1090391
1090392
1090393
1090394
1090396
1090397
1090398
1090399
1090400
1090402
1090403
1090404
1090405
1090406
1090407
1090408
1090409
1090410
1090411
1090412
1090413
1090414
1090415
1090416
1090417
1090418
1090419
1090420
1090421
1090422
1090423
1090425
1090426
1090427
1090428
1090430
1090431
1090432
1090433
1090434
1090435
1090436
1090437
1090439
1090442
1090443
1090444
1090445
1090446
1090447
1090448
1090449
1090451
1090452
1090453
1090454
1090455
1090457
1090460
1090461
1090462
1090463
1090466
1090467
1090468
1090469
1090470
1090472
1090473
1090475
1090476
1090477
1090478
1090479
1090480
1090481
1090482
1090483
1090484
1090485
1090486
1090487
1090488
1090489
1090490
1090491
1090492
1090493
1090494
1090495
1090496
1090497
1090498
1090499
1090500
1090501
1090502
1090504
1090505
1090508
1090509
1090510
1090511
1090512
1090513
1090514
1090515
1090516
1090517
1090518
1090519
1090520
1090521
1090522
1090523
1090524
1090525
1090526
1090527
1090528
1090529
1090530
1090531
1090532
1090533
1090534
1090535
1090536
1090537
1090538
1090539
1090540
1090541
1090542
1090543
1090544
1090545
1090546
1090547
1090548
1090549
1090550
1090551
1090552
1090553
1090554
1090555
1090556
1090557
1090558
1090559
1090561
1090562
1090563
1090564
1090565
1090566
1090567
1090568
1090569
1090570
1090571
1090572
1090573
1090574
1090575
1090577
1090578
1090579
1090580
1090581
1090582
1090583
1090584
1090585
1090586
1090587
1090588
1090589
1090590
1090591
1090592
1090593
1090594
1090595
1090596
1090597
1090598
1090600
1090601
1090602
1090604
1090605
1090606
1090607
1090608
1090609
1090611
1090612
1090613
1090614
1090615
1090616
1090617
1090618
1090619
1090620
1090621
1090622
1090623
1090624
1090625
1090626
1090627
1090628
1090629
1090630
1090631
1090632
1090633
1090634
1090635
1090636
1090638
1090639
1090640
1090641
1090642
1090643
1090644
1090645
1090646
1090647
1090648
1090649
1090650
1090651
1090652
1090653
1090654
1090655
1090656
1090657
1090658
1090659
1090660
1090661
1090662
1090665
1090666
1090667
1090668
1090669
1090670
1090671
1090672
1090673
1090674
1090675
1090676
1090677
1090679
1090680
1090681
1090682
1090683
1090685
1090686
1090687
1090688
1090689
1090690
1090691
1090692
1090693
1090694
1090695
1090696
1090697
1090698
1090699
1090700
1090701
1090702
1090703
1090704
1090705
1090706
1090707
1090708
1090709
1090710
1090711
1090712
1090713
1090714
1090715
1090716
1090717
1090718
1090719
1090720
1090721
1090722
1090723
1090724
1090725
1090726
1090727
1090728
1090729
1090730
1090733
1090734
1090735
1090737
1090738
1090739
1090740
1090742
1090743
1090744
1090745
1090746
1090747
1090749
1090750
1090751
1090752
1090753
1090754
1090755
1090756
1090757
1090758
1090759
1090760
1090761
1090762
1090763
1090764
1090765
1090766
1090767
1090769
1090771
1090772
1090773
1090774
1090775
1090776
1090777
1090778
1090779
1090780
1090781
1090782
1090784
1090785
1090786
1090787
1090788
1090789
1090790
1090791
1090792
1090793
1090794
1090795
1090796
1090797
1090798
1090799
1090800
1090801
1090802
1090803
1090804
1090805
1090806
1090807
1090808
1090809
1090810
1090811
1090812
1090813
1090814
1090815
1090816
1090817
1090818
1090819
1090820
1090821
1090822
1090823
1090824
1090825
1090826
1090827
1090828
1090829
1090830
1090831
1090832
1090835
1090836
1090837
1090838
1090840
1090841
1090842
1090843
1090846
1090848
1090849
1090850
1090851
1090852
1090853
1090854
1090855
1090856
1090857
1090858
1090859
1090860
1090861
1090862
1090863
1090864
1090865
1090866
1090867
1090868
1090869
1090871
1090872
1090873
1090874
1090875
1090876
1090877
1090878
1090879
1090880
1090881
1090882
1090883
1090884
1090885
1090886
1090887
1090888
1090889
1090890
1090891
1090892
1090893
1090894
1090895
1090896
1090897
1090898
1090899
1090900
1090901
1090902
1090903
1090904
1090905
1090906
1090907
1090908
1090909
1090910
1090911
1090912
1090913
1090914
1090915
1090916
1090918
1090919
1090920
1090921
1090922
1090923
1090925
1090926
1090927
1090928
1090929
1090930
1090931
1090932
1090933
1090934
1090935
1090936
1090938
1090939
1090940
1090941
1090942
1090944
1090945
1090947
1090948
1090949
1090950
1090952
1090953
1090955
1090956
1090957
1090958
1090959
1090960
1090961
1090964
1090965
1090966
1090967
1090968
1090969
1090970
1090971
1090972
1090973
1090976
1090977
1090978
1090979
1090980
1090981
1090982
1090983
1090984
1090985
1090987
1090988
1090989
1090990
1090991
1090992
1090993
1090994
1090995
1090996
1090997
1090998
1090999
1091001
1091003
1091004
1091005
1091006
1091007
1091008
1091009
1091010
1091011
1091013
1091015
1091016
1091017
1091020
1091021
1091022
1091023
1091024
1091025
1091026
1091027
1091028
1091029
1091030
1091031
1091033
1091034
1091036
1091037
1091038
1091040
1091041
1091042
1091043
1091044
1091045
1091046
1091047
1091048
1091049
1091050
1091051
1091052
1091053
1091054
1091056
1091057
1091058
1091059
1091062
1091063
1091064
1091065
1091066
1091067
1091068
1091069
1091070
1091071
1091072
1091073
1091074
1091075
1091076
1091077
1091078
1091080
1091081
1091082
1091083
1091084
1091085
1091086
1091087
1091088
1091089
1091090
1091091
1091092
1091093
1091094
1091095
1091096
1091097
1091098
1091099
1091100
1091101
1091102
1091103
1091104
1091105
1091106
1091107
1091108
1091109
1091110
1091111
1091112
1091113
1091114
1091115
1091117
1091118
1091119
1091120
1091121
1091122
1091125
1091126
1091127
1091128
1091130
1091132
1091133
1091134
1091137
1091138
1091139
1091140
1091141
1091142
1091143
1091144
1091145
1091146
1091147
1091148
1091149
1091150
1091151
1091152
1091153
1091154
1091155
1091156
1091157
1091158
1091160
1091161
1091162
1091163
1091164
1091165
1091166
1091167
1091168
1091169
1091170
1091171
1091172
1091173
1091174
1091175
1091176
1091177
1091178
1091179
1091181
1091182
1091183
1091184
1091185
1091187
1091189
1091190
1091191
1091192
1091193
1091194
1091195
1091196
1091197
1091198
1091200
1091201
1091202
1091203
1091204
1091205
1091206
1091207
1091208
1091209
1091210
1091211
1091212
1091213
1091214
1091215
1091216
1091217
1091219
1091220
1091221
1091222
1091223
1091224
1091226
1091227
1091228
1091229
1091230
1091231
1091232
1091234
1091235
1091236
1091237
1091238
1091239
1091240
1091241
1091242
1091243
1091244
1091245
1091246
1091247
1091248
1091249
1091250
1091251
1091252
1091253
1091254
1091255
1091256
1091257
1091258
1091259
1091260
1091261
1091262
1091263
1091264
1091265
1091267
1091268
1091269
1091270
1091271
1091272
1091273
1091274
1091275
1091276
1091277
1091278
1091280
1091282
1091283
1091284
1091285
1091286
1091287
1091288
1091289
1091290
1091291
1091292
1091293
1091294
1091295
1091296
1091297
1091298
1091299
1091300
1091301
1091302
1091303
1091304
1091305
1091306
1091307
1091308
1091309
1091310
1091311
1091312
1091313
1091314
1091315
1091316
1091317
1091318
1091319
1091320
1091321
1091322
1091323
1091324
1091325
1091326
1091327
1091328
1091329
1091330
1091331
1091332
1091333
1091334
1091335
1091336
1091337
1091338
1091339
1091340
1091341
1091342
1091343
1091344
1091345
1091346
1091347
1091348
1091349
1091350
1091351
1091352
1091353
1091354
1091355
1091356
1091357
1091358
1091360
1091361
1091362
1091363
1091365
1091366
1091367
1091368
1091369
1091371
1091372
1091373
1091374
1091375
1091376
1091377
1091378
1091379
1091380
1091382
1091384
1091385
1091386
1091387
1091388
1091389
1091390
1091391
1091392
1091393
1091394
1091395
1091396
1091398
1091399
1091400
1091401
1091402
1091403
1091404
1091405
1091406
1091407
1091408
1091409
1091410
1091411
1091412
1091413
1091414
1091415
1091416
1091417
1091418
1091419
1091420
1091421
1091422
1091423
1091424
1091425
1091426
1091427
1091428
1091429
1091430
1091431
1091432
1091433
1091434
1091435
1091436
1091437
1091438
1091439
1091440
1091441
1091442
1091443
1091444
1091446
1091447
1091448
1091449
1091450
1091452
1091453
1091454
1091455
1091456
1091457
1091458
1091459
1091460
1091461
1091462
1091463
1091464
1091465
1091466
1091468
1091469
1091470
1091471
1091472
1091473
1091474
1091475
1091476
1091477
1091478
1091480
1091481
1091482
1091484
1091486
1091488
1091489
1091490
1091491
1091492
1091493
1091494
1091495
1091497
1091498
1091499
1091500
1091501
1091502
1091503
1091504
1091505
1091506
1091507
1091508
1091509
1091510
1091511
1091512
1091513
1091514
1091515
1091516
1091518
1091519
1091521
1091523
1091524
1091525
1091526
1091527
1091529
1091530
1091531
1091532
1091533
1091534
1091535
1091536
1091537
1091538
1091539
1091540
1091542
1091543
1091544
1091545
1091546
1091547
1091548
1091549
1091550
1091551
1091552
1091553
1091554
1091555
1091556
1091558
1091559
1091560
1091562
1091563
1091564
1091565
1091566
1091567
1091568
1091569
1091570
1091571
1091572
1091573
1091574
1091575
1091576
1091577
1091578
1091579
1091580
1091582
1091583
1091584
1091585
1091586
1091587
1091588
1091589
1091590
1091591
1091592
1091593
1091594
1091595
1091596
1091597
1091598
1091599
1091600
1091601
1091602
1091603
1091604
1091605
1091606
1091607
1091608
1091609
1091610
1091611
1091612
1091613
1091614
1091615
1091616
1091617
1091618
1091619
1091620
1091621
1091623
1091624
1091625
1091626
1091627
1091628
1091629
1091630
1091631
1091632
1091633
1091634
1091635
1091636
1091637
1091638
1091639
1091640
1091641
1091642
1091643
1091644
1091645
1091646
1091647
1091648
1091649
1091650
1091651
1091652
1091653
1091654
1091655
1091656
1091657
1091658
1091659
1091660
1091661
1091662
1091663
1091664
1091665
1091667
1091668
1091669
1091670
1091671
1091672
1091673
1091674
1091675
1091677
1091678
1091679
1091680
1091681
1091682
1091683
1091684
1091685
1091686
1091687
1091688
1091689
1091690
1091691
1091692
1091693
1091694
1091695
1091696
1091697
1091698
1091699
1091700
1091701
1091702
1091703
1091704
1091705
1091706
1091707
1091708
1091709
1091710
1091711
1091712
1091713
1091714
1091715
1091716
1091717
1091718
1091719
1091720
1091721
1091722
1091723
1091724
1091725
1091726
1091727
1091728
1091729
1091730
1091731
1091732
1091733
1091734
1091735
1091736
1091738
1091739
1091741
1091742
1091743
1091744
1091745
1091746
1091747
1091748
1091749
1091750
1091751
1091752
1091753
1091754
1091755
1091756
1091757
1091758
1091759
1091760
1091761
1091762
1091763
1091764
1091765
1091766
1091767
1091768
1091769
1091770
1091773
1091774
1091775
1091776
1091777
1091778
1091779
1091780
1091781
1091782
1091783
1091784
1091785
1091786
1091787
1091788
1091789
1091790
1091791
1091792
1091793
1091794
1091795
1091796
1091797
1091798
1091799
1091800
1091801
1091802
1091803
1091804
1091805
1091806
1091807
1091808
1091809
1091810
1091811
1091812
1091813
1091814
1091815
1091816
1091817
1091818
1091819
1091820
1091821
1091822
1091823
1091824
1091825
1091826
1091827
1091828
1091829
1091830
1091831
1091832
1091833
1091834
1091835
1091836
1091837
1091838
1091839
1091840
1091841
1091842
1091843
1091844
1091845
1091846
1091847
1091848
1091850
1091851
1091852
1091853
1091854
1091855
1091856
1091857
1091858
1091859
1091860
1091861
1091862
1091863
1091864
1091865
1091866
1091867
1091868
1091870
1091871
1091872
1091873
1091874
1091875
1091876
1091877
1091878
1091879
1091880
1091881
1091882
1091883
1091884
1091885
1091887
1091888
1091889
1091890
1091891
1091892
1091893
1091894
1091895
1091896
1091897
1091898
1091899
1091900
1091901
1091902
1091903
1091904
1091905
1091906
1091907
1091909
1091910
1091911
1091912
1091913
1091914
1091915
1091916
1091917
1091918
1091919
1091920
1091921
1091922
1091923
1091924
1091925
1091926
1091927
1091928
1091929
1091930
1091931
1091932
1091933
1091934
1091935
1091936
1091937
1091938
1091939
1091940
1091941
1091942
1091943
1091944
1091945
1091946
1091947
1091948
1091949
1091950
1091952
1091953
1091954
1091955
1091956
1091958
1091959
1091960
1091961
1091962
1091963
1091964
1091965
1091966
1091967
1091968
1091970
1091971
1091972
1091973
1091974
1091975
1091976
1091977
1091978
1091979
1091980
1091981
1091982
1091983
1091984
1091985
1091986
1091987
1091988
1091989
1091990
1091991
1091992
1091993
1091995
1091996
1091997
1091999
1092000
1092001
1092002
1092003
1092004
1092005
1092006
1092007
1092008
1092009
1092010
1092011
1092012
1092013
1092014
1092016
1092017
1092019
1092020
1092021
1092023
1092024
1092025
1092026
1092027
1092028
1092029
1092030
1092031
1092032
1092033
1092034
1092035
1092036
1092037
1092038
1092039
1092040
1092041
1092042
1092043
1092044
1092045
1092046
1092047
1092049
1092050
1092051
1092053
1092055
1092056
1092057
1092058
1092059
1092060
1092061
1092062
1092063
1092064
1092065
1092066
1092067
1092069
1092070
1092072
1092074
1092075
1092076
1092077
1092078
1092079
1092080
1092081
1092082
1092083
1092084
1092085
1092086
1092087
1092088
1092089
1092090
1092091
1092092
1092093
1092094
1092095
1092096
1092098
1092099
1092100
1092101
1092102
1092103
1092104
1092105
1092106
1092107
1092108
1092109
1092112
1092113
1092114
1092115
1092117
1092118
1092119
1092120
1092121
1092122
1092123
1092124
1092125
1092126
1092127
1092128
1092129
1092130
1092131
1092132
1092133
1092134
1092135
1092136
1092137
1092138
1092139
1092140
1092141
1092142
1092143
1092144
1092145
1092146
1092147
1092149
1092150
1092151
1092152
1092153
1092155
1092156
1092157
1092158
1092160
1092161
1092162
1092163
1092164
1092165
1092166
1092167
1092168
1092169
1092170
1092171
1092172
1092173
1092175
1092176
1092177
1092178
1092179
1092180
1092181
1092182
1092183
1092184
1092185
1092186
1092187
1092188
1092189
1092190
1092191
1092192
1092193
1092194
1092195
1092196
1092197
1092199
1092200
1092201
1092202
1092203
1092204
1092205
1092206
1092207
1092208
1092209
1092210
1092211
1092212
1092213
1092214
1092215
1092216
1092217
1092218
1092219
1092220
1092221
1092222
1092223
1092224
1092225
1092226
1092227
1092228
1092229
1092230
1092231
1092232
1092233
1092234
1092235
1092236
1092237
1092238
1092239
1092240
1092241
1092242
1092243
1092244
1092245
1092246
1092247
1092248
1092249
1092250
1092251
1092252
1092253
1092254
1092255
1092256
1092257
1092258
1092259
1092260
1092261
1092262
1092263
1092265
1092266
1092268
1092269
1092271
1092272
1092273
1092274
1092276
1092277
1092278
1092281
1092282
1092283
1092284
1092286
1092287
1092288
1092289
1092290
1092291
1092292
1092293
1092294
1092295
1092296
1092297
1092298
1092299
1092300
1092302
1092304
1092305
1092306
1092307
1092308
1092309
1092310
1092311
1092312
1092313
1092314
1092315
1092316
1092317
1092318
1092319
1092320
1092321
1092322
1092323
1092324
1092325
1092326
1092327
1092328
1092329
1092330
1092331
1092332
1092333
1092334
1092335
1092336
1092337
1092338
1092339
1092340
1092342
1092343
1092344
1092345
1092346
1092347
1092348
1092349
1092350
1092351
1092352
1092353
1092354
1092355
1092357
1092358
1092359
1092360
1092361
1092362
1092363
1092364
1092365
1092366
1092367
1092368
1092370
1092371
1092372
1092373
1092374
1092375
1092376
1092378
1092379
1092380
1092381
1092382
1092383
1092384
1092385
1092386
1092387
1092388
1092389
1092390
1092391
1092392
1092393
1092394
1092395
1092396
1092397
1092398
1092399
1092400
1092401
1092402
1092403
1092404
1092405
1092406
1092407
1092408
1092409
1092410
1092411
1092412
1092413
1092414
1092415
1092416
1092417
1092418
1092419
1092420
1092421
1092422
1092423
1092424
1092425
1092426
1092427
1092428
1092429
1092430
1092431
1092432
1092433
1092434
1092435
1092436
1092437
1092438
1092439
1092440
1092441
1092442
1092443
1092444
1092445
1092446
1092447
1092448
1092449
1092450
1092451
1092452
1092453
1092454
1092455
1092456
1092457
1092458
1092459
1092460
1092461
1092463
1092464
1092465
1092466
1092467
1092468
1092469
1092470
1092472
1092473
1092474
1092475
1092476
1092477
1092478
1092479
1092480
1092481
1092482
1092483
1092484
1092487
1092488
1092489
1092490
1092491
1092492
1092493
1092494
1092495
1092496
1092498
1092499
1092500
1092501
1092502
1092503
1092504
1092505
1092506
1092507
1092508
1092509
1092510
1092511
1092512
1092513
1092514
1092515
1092516
1092517
1092519
1092520
1092521
1092522
1092524
1092525
1092526
1092527
1092528
1092529
1092530
1092531
1092533
1092534
1092535
1092536
1092537
1092538
1092539
1092540
1092542
1092543
1092544
1092545
1092546
1092547
1092548
1092549
1092550
1092551
1092552
1092553
1092554
1092555
1092556
1092557
1092558
1092559
1092560
1092561
1092564
1092565
1092566
1092567
1092568
1092569
1092570
1092571
1092572
1092573
1092574
1092576
1092577
1092578
1092579
1092580
1092582
1092585
1092586
1092587
1092588
1092589
1092590
1092591
1092592
1092593
1092595
1092598
1092600
1092601
1092603
1092606
1092608
1092609
1092610
1092611
1092612
1092613
1092615
1092616
1092617
1092618
1092619
1092620
1092621
1092622
1092623
1092624
1092625
1092626
1092627
1092628
1092630
1092631
1092632
1092633
1092634
1092635
1092636
1092637
1092638
1092639
1092640
1092641
1092642
1092643
1092644
1092645
1092646
1092647
1092648
1092649
1092650
1092651
1092652
1092653
1092654
1092655
1092656
1092657
1092658
1092659
1092660
1092661
1092662
1092663
1092664
1092665
1092666
1092667
1092668
1092670
1092671
1092672
1092673
1092674
1092675
1092676
1092677
1092679
1092680
1092681
1092683
1092684
1092686
1092687
1092689
1092690
1092691
1092692
1092693
1092694
1092695
1092696
1092697
1092698
1092699
1092700
1092701
1092702
1092703
1092704
1092705
1092706
1092707
1092708
1092709
1092710
1092711
1092712
1092713
1092714
1092715
1092716
1092717
1092718
1092719
1092720
1092721
1092722
1092723
1092724
1092725
1092726
1092727
1092728
1092729
1092730
1092731
1092732
1092733
1092734
1092735
1092736
1092737
1092738
1092739
1092740
1092741
1092742
1092744
1092746
1092749
1092750
1092751
1092753
1092754
1092755
1092756
1092757
1092758
1092759
1092760
1092761
1092762
1092763
1092764
1092765
1092766
1092767
1092768
1092769
1092770
1092771
1092772
1092773
1092774
1092775
1092776
1092777
1092778
1092779
1092780
1092782
1092783
1092784
1092786
1092787
1092788
1092789
1092790
1092791
1092792
1092794
1092795
1092797
1092798
1092799
1092800
1092801
1092802
1092803
1092804
1092805
1092806
1092807
1092808
1092809
1092810
1092811
1092812
1092814
1092815
1092816
1092817
1092819
1092820
1092821
1092822
1092823
1092824
1092825
1092826
1092827
1092828
1092829
1092830
1092831
1092832
1092833
1092834
1092835
1092836
1092837
1092838
1092839
1092840
1092841
1092842
1092843
1092844
1092846
1092847
1092848
1092849
1092850
1092851
1092852
1092853
1092854
1092855
1092856
1092857
1092858
1092859
1092860
1092861
1092862
1092864
1092866
1092867
1092868
1092869
1092870
1092871
1092872
1092873
1092874
1092875
1092876
1092877
1092878
1092879
1092880
1092881
1092882
1092883
1092884
1092885
1092886
1092887
1092888
1092889
1092891
1092892
1092893
1092894
1092895
1092896
1092897
1092898
1092899
1092900
1092901
1092902
1092903
1092904
1092905
1092906
1092907
1092908
1092909
1092910
1092911
1092912
1092913
1092914
1092915
1092916
1092917
1092918
1092919
1092920
1092921
1092922
1092923
1092925
1092926
1092927
1092928
1092929
1092931
1092932
1092933
1092934
1092935
1092936
1092937
1092938
1092939
1092940
1092941
1092942
1092943
1092944
1092945
1092946
1092947
1092948
1092949
1092950
1092953
1092954
1092955
1092956
1092957
1092958
1092959
1092960
1092961
1092963
1092965
1092968
1092969
1092970
1092971
1092972
1092973
1092974
1092976
1092977
1092978
1092979
1092980
1092982
1092983
1092984
1092985
1092986
1092988
1092989
1092990
1092991
1092992
1092993
1092995
1092996
1092997
1092998
1092999
1093000
1093001
1093004
1093005
1093006
1093007
1093008
1093009
1093010
1093011
1093012
1093013
1093015
1093017
1093018
1093019
1093021
1093022
1093023
1093024
1093025
1093026
1093027
1093028
1093029
1093030
1093031
1093032
1093033
1093034
1093035
1093036
1093037
1093038
1093039
1093040
1093041
1093042
1093043
1093044
1093045
1093046
1093047
1093048
1093049
1093050
1093051
1093052
1093053
1093054
1093055
1093056
1093057
1093058
1093059
1093060
1093061
1093062
1093063
1093064
1093065
1093066
1093067
1093068
1093069
1093070
1093071
1093072
1093073
1093074
1093075
1093077
1093079
1093080
1093081
1093083
1093084
1093086
1093090
1093091
1093092
1093094
1093095
1093096
1093098
1093099
1093100
1093101
1093105
1093106
1093108
1093109
1093111
1093112
1093114
1093115
1093116
1093117
1093118
1093119
1093121
1093122
1093125
1093127
1093128
1093129
1093130
1093131
1093132
1093133
1093134
1093135
1093136
1093137
1093138
1093139
1093140
1093141
1093142
1093143
1093144
1093145
1093146
1093147
1093148
1093149
1093150
1093151
1093152
1093153
1093154
1093155
1093157
1093158
1093159
1093160
1093161
1093162
1093163
1093167
1093168
1093169
1093170
1093171
1093172
1093173
1093174
1093175
1093176
1093177
1093179
1093180
1093181
1093182
1093183
1093184
1093185
1093186
1093187
1093189
1093190
1093191
1093193
1093194
1093195
1093196
1093197
1093198
1093199
1093200
1093201
1093202
1093203
1093204
1093205
1093206
1093207
1093208
1093210
1093211
1093212
1093214
1093218
1093219
1093220
1093221
1093222
1093223
1093224
1093226
1093227
1093228
1093230
1093231
1093232
1093233
1093234
1093235
1093236
1093237
1093238
1093239
1093240
1093241
1093242
1093243
1093244
1093245
1093246
1093247
1093248
1093249
1093250
1093251
1093252
1093253
1093254
1093255
1093256
1093257
1093258
1093259
1093260
1093262
1093263
1093264
1093265
1093266
1093267
1093268
1093269
1093270
1093271
1093272
1093273
1093274
1093275
1093276
1093277
1093278
1093279
1093280
1093281
1093282
1093283
1093284
1093285
1093286
1093287
1093288
1093289
1093290
1093291
1093292
1093293
1093294
1093295
1093296
1093297
1093298
1093299
1093300
1093301
1093302
1093303
1093304
1093306
1093307
1093308
1093309
1093310
1093311
1093312
1093313
1093314
1093315
1093317
1093318
1093319
1093321
1093322
1093323
1093324
1093325
1093326
1093327
1093328
1093329
1093330
1093332
1093333
1093334
1093336
1093337
1093338
1093339
1093340
1093341
1093342
1093344
1093345
1093346
1093347
1093348
1093349
1093350
1093351
1093352
1093353
1093354
1093355
1093356
1093357
1093358
1093359
1093360
1093361
1093362
1093363
1093364
1093365
1093366
1093367
1093368
1093370
1093371
1093372
1093373
1093374
1093375
1093376
1093377
1093378
1093379
1093380
1093382
1093384
1093385
1093386
1093387
1093388
1093389
1093390
1093391
1093392
1093393
1093394
1093395
1093396
1093397
1093398
1093399
1093400
1093401
1093402
1093403
1093407
1093408
1093409
1093411
1093412
1093413
1093414
1093415
1093416
1093417
1093418
1093419
1093421
1093422
1093423
1093424
1093425
1093426
1093427
1093428
1093429
1093430
1093431
1093432
1093433
1093434
1093435
1093436
1093437
1093438
1093439
1093440
1093441
1093442
1093443
1093444
1093445
1093446
1093447
1093448
1093449
1093450
1093451
1093452
1093453
1093454
1093455
1093456
1093457
1093458
1093459
1093460
1093461
1093462
1093463
1093464
1093465
1093466
1093467
1093468
1093469
1093470
1093471
1093472
1093473
1093474
1093475
1093476
1093478
1093479
1093480
1093481
1093482
1093483
1093484
1093485
1093486
1093487
1093488
1093489
1093490
1093491
1093492
1093493
1093494
1093495
1093497
1093498
1093499
1093500
1093501
1093502
1093503
1093504
1093505
1093506
1093507
1093508
1093509
1093510
1093511
1093512
1093513
1093514
1093515
1093516
1093521
1093522
1093523
1093524
1093525
1093526
1093527
1093528
1093529
1093530
1093531
1093532
1093533
1093535
1093536
1093537
1093538
1093539
1093540
1093541
1093542
1093544
1093545
1093546
1093547
1093549
1093550
1093551
1093552
1093553
1093554
1093557
1093559
1093560
1093561
1093562
1093563
1093564
1093565
1093566
1093567
1093568
1093569
1093570
1093572
1093573
1093574
1093575
1093576
1093577
1093578
1093579
1093580
1093581
1093583
1093584
1093585
1093586
1093588
1093589
1093590
1093592
1093593
1093595
1093596
1093599
1093600
1093601
1093603
1093604
1093605
1093606
1093607
1093609
1093611
1093612
1093613
1093615
1093616
1093618
1093619
1093621
1093622
1093623
1093624
1093625
1093626
1093627
1093628
1093629
1093630
1093631
1093632
1093634
1093635
1093636
1093637
1093638
1093639
1093641
1093642
1093643
1093644
1093645
1093646
1093648
1093649
1093650
1093652
1093653
1093654
1093656
1093657
1093658
1093659
1093660
1093661
1093662
1093665
1093666
1093667
1093668
1093669
1093670
1093671
1093672
1093673
1093674
1093675
1093677
1093678
1093679
1093680
1093682
1093683
1093685
1093687
1093688
1093689
1093690
1093692
1093693
1093694
1093695
1093696
1093698
1093699
1093700
1093701
1093702
1093703
1093704
1093705
1093707
1093708
1093710
1093711
1093712
1093714
1093715
1093716
1093717
1093718
1093719
1093720
1093721
1093723
1093724
1093725
1093728
1093729
1093730
1093733
1093735
1093737
1093738
1093739
1093740
1093741
1093742
1093743
1093744
1093745
1093746
1093747
1093749
1093750
1093751
1093752
1093753
1093755
1093758
1093759
1093760
1093762
1093763
1093764
1093765
1093766
1093767
1093768
1093769
1093770
1093771
1093772
1093773
1093774
1093775
1093776
1093777
1093778
1093779
1093780
1093781
1093782
1093783
1093784
1093785
1093786
1093787
1093788
1093789
1093790
1093791
1093793
1093794
1093795
1093796
1093797
1093799
1093800
1093801
1093802
1093803
1093804
1093805
1093806
1093807
1093808
1093809
1093810
1093811
1093812
1093813
1093814
1093815
1093816
1093817
1093818
1093819
1093820
1093821
1093822
1093823
1093824
1093825
1093826
1093827
1093828
1093829
1093830
1093831
1093832
1093833
1093834
1093835
1093836
1093837
1093838
1093840
1093843
1093844
1093846
1093847
1093848
1093850
1093851
1093853
1093854
1093856
1093857
1093858
1093859
1093860
1093861
1093862
1093863
1093864
1093865
1093866
1093867
1093868
1093869
1093870
1093872
1093873
1093874
1093875
1093876
1093877
1093878
1093879
1093880
1093881
1093882
1093883
1093884
1093885
1093889
1093891
1093892
1093893
1093895
1093896
1093897
1093898
1093899
1093900
1093901
1093902
1093905
1093907
1093909
1093911
1093912
1093913
1093914
1093915
1093916
1093919
1093920
1093921
1093922
1093923
1093924
1093926
1093927
1093928
1093930
1093931
1093932
1093933
1093934
1093935
1093936
1093937
1093938
1093939
1093940
1093941
1093942
1093943
1093944
1093945
1093946
1093947
1093949
1093950
1093952
1093953
1093954
1093955
1093956
1093957
1093958
1093959
1093960
1093961
1093962
1093964
1093965
1093966
1093967
1093968
1093969
1093971
1093974
1093975
1093976
1093977
1093978
1093979
1093980
1093981
1093982
1093983
1093984
1093985
1093986
1093988
1093990
1093992
1093994
1093995
1093996
1093997
1093999
1094001
1094002
1094003
1094004
1094005
1094006
1094007
1094008
1094009
1094011
1094012
1094013
1094014
1094015
1094017
1094018
1094019
1094020
1094022
1094023
1094025
1094026
1094027
1094028
1094029
1094030
1094031
1094032
1094033
1094034
1094036
1094037
1094038
1094039
1094041
1094042
1094043
1094045
1094046
1094048
1094049
1094050
1094051
1094052
1094054
1094055
1094056
1094057
1094059
1094060
1094061
1094062
1094063
1094064
1094065
1094066
1094067
1094068
1094069
1094070
1094071
1094072
1094073
1094075
1094076
1094077
1094080
1094081
1094082
1094083
1094084
1094085
1094086
1094087
1094088
1094089
1094090
1094091
1094092
1094093
1094094
1094095
1094096
1094097
1094098
1094099
1094100
1094101
1094102
1094103
1094104
1094105
1094106
1094107
1094108
1094109
1094110
1094111
1094112
1094113
1094114
1094115
1094116
1094117
1094119
1094120
1094121
1094122
1094123
1094124
1094125
1094126
1094127
1094128
1094130
1094132
1094133
1094134
1094135
1094136
1094137
1094138
1094139
1094140
1094141
1094142
1094143
1094145
1094146
1094147
1094148
1094149
1094150
1094152
1094154
1094155
1094156
1094157
1094158
1094160
1094161
1094162
1094163
1094164
1094165
1094166
1094168
1094169
1094170
1094171
1094173
1094174
1094175
1094176
1094178
1094179
1094180
1094181
1094182
1094183
1094184
1094186
1094187
1094188
1094189
1094190
1094191
1094192
1094193
1094194
1094195
1094197
1094199
1094200
1094201
1094202
1094203
1094204
1094206
1094207
1094208
1094209
1094210
1094211
1094212
1094214
1094215
1094216
1094217
1094218
1094219
1094220
1094221
1094222
1094223
1094224
1094225
1094226
1094227
1094228
1094229
1094230
1094231
1094232
1094233
1094234
1094235
1094236
1094237
1094238
1094239
1094240
1094241
1094242
1094243
1094244
1094245
1094246
1094247
1094248
1094249
1094250
1094251
1094252
1094253
1094254
1094255
1094256
1094257
1094258
1094259
1094260
1094261
1094262
1094263
1094264
1094265
1094266
1094268
1094270
1094272
1094273
1094274
1094275
1094276
1094277
1094279
1094280
1094282
1094286
1094287
1094288
1094289
1094291
1094292
1094293
1094294
1094295
1094296
1094297
1094298
1094299
1094300
1094301
1094302
1094304
1094305
1094307
1094308
1094309
1094310
1094311
1094312
1094313
1094314
1094315
1094316
1094317
1094318
1094319
1094320
1094322
1094323
1094324
1094327
1094328
1094329
1094331
1094332
1094333
1094334
1094335
1094336
1094337
1094338
1094339
1094340
1094342
1094343
1094344
1094345
1094346
1094347
1094348
1094349
1094350
1094351
1094352
1094354
1094355
1094357
1094358
1094359
1094360
1094361
1094362
1094364
1094365
1094366
1094367
1094368
1094369
1094370
1094371
1094372
1094373
1094374
1094375
1094376
1094377
1094378
1094380
1094382
1094383
1094384
1094386
1094387
1094388
1094389
1094391
1094392
1094393
1094394
1094395
1094396
1094397
1094398
1094399
1094401
1094402
1094403
1094404
1094405
1094406
1094407
1094408
1094409
1094410
1094411
1094412
1094413
1094414
1094415
1094416
1094417
1094418
1094419
1094420
1094421
1094422
1094423
1094424
1094425
1094426
1094427
1094428
1094429
1094430
1094432
1094433
1094438
1094439
1094440
1094441
1094442
1094444
1094445
1094446
1094447
1094448
1094450
1094451
1094452
1094453
1094454
1094455
1094456
1094457
1094458
1094459
1094461
1094463
1094464
1094466
1094467
1094468
1094469
1094471
1094472
1094473
1094474
1094475
1094476
1094477
1094478
1094479
1094480
1094481
1094482
1094483
1094484
1094485
1094486
1094488
1094489
1094490
1094492
1094493
1094494
1094495
1094497
1094498
1094499
1094500
1094501
1094502
1094503
1094504
1094505
1094506
1094507
1094508
1094509
1094510
1094511
1094512
1094513
1094514
1094515
1094516
1094517
1094518
1094519
1094520
1094521
1094522
1094524
1094526
1094527
1094528
1094529
1094530
1094532
1094537
1094538
1094539
1094540
1094541
1094542
1094544
1094545
1094546
1094548
1094549
1094550
1094551
1094553
1094554
1094555
1094556
1094557
1094559
1094560
1094561
1094562
1094563
1094564
1094565
1094566
1094567
1094568
1094569
1094570
1094571
1094572
1094574
1094575
1094576
1094577
1094579
1094580
1094581
1094583
1094584
1094585
1094586
1094587
1094588
1094589
1094590
1094592
1094593
1094594
1094595
1094596
1094597
1094599
1094601
1094602
1094603
1094604
1094605
1094607
1094608
1094609
1094610
1094611
1094612
1094613
1094615
1094616
1094617
1094618
1094619
1094620
1094623
1094624
1094626
1094628
1094629
1094630
1094632
1094633
1094634
1094636
1094637
1094638
1094639
1094640
1094641
1094642
1094643
1094644
1094645
1094646
1094647
1094648
1094649
1094650
1094651
1094652
1094653
1094654
1094655
1094656
1094657
1094659
1094661
1094662
1094663
1094664
1094665
1094666
1094667
1094668
1094669
1094670
1094671
1094672
1094673
1094674
1094675
1094676
1094677
1094678
1094680
1094681
1094682
1094683
1094684
1094685
1094686
1094687
1094688
1094689
1094690
1094691
1094693
1094695
1094698
1094699
1094701
1094702
1094703
1094704
1094706
1094707
1094709
1094710
1094711
1094712
1094713
1094714
1094715
1094716
1094717
1094718
1094719
1094720
1094721
1094722
1094723
1094724
1094725
1094726
1094727
1094728
1094729
1094733
1094734
1094739
1094740
1094741
1094742
1094743
1094744
1094745
1094746
1094747
1094748
1094749
1094750
1094752
1094753
1094754
1094755
1094757
1094758
1094759
1094760
1094762
1094763
1094764
1094765
1094766
1094767
1094768
1094769
1094770
1094771
1094773
1094774
1094775
1094776
1094777
1094778
1094779
1094780
1094781
1094782
1094784
1094785
1094786
1094787
1094788
1094789
1094790
1094791
1094792
1094793
1094794
1094795
1094796
1094797
1094798
1094799
1094800
1094801
1094802
1094803
1094804
1094805
1094806
1094807
1094809
1094810
1094811
1094813
1094814
1094815
1094816
1094817
1094818
1094819
1094820
1094821
1094822
1094823
1094824
1094825
1094826
1094827
1094829
1094830
1094831
1094832
1094833
1094835
1094836
1094837
1094838
1094840
1094843
1094844
1094845
1094846
1094847
1094848
1094849
1094850
1094851
1094852
1094853
1094854
1094855
1094856
1094857
1094858
1094859
1094860
1094861
1094862
1094863
1094864
1094865
1094866
1094868
1094869
1094870
1094871
1094872
1094873
1094874
1094875
1094876
1094877
1094878
1094879
1094880
1094881
1094882
1094883
1094884
1094885
1094886
1094887
1094888
1094889
1094890
1094891
1094892
1094893
1094894
1094896
1094897
1094898
1094899
1094901
1094902
1094903
1094904
1094906
1094908
1094909
1094910
1094911
1094912
1094913
1094914
1094915
1094917
1094918
1094919
1094920
1094921
1094922
1094923
1094924
1094925
1094926
1094927
1094928
1094930
1094931
1094934
1094935
1094936
1094937
1094938
1094939
1094941
1094942
1094943
1094944
1094945
1094946
1094947
1094948
1094949
1094950
1094951
1094952
1094953
1094955
1094956
1094957
1094958
1094959
1094960
1094961
1094962
1094963
1094964
1094965
1094966
1094967
1094968
1094969
1094970
1094971
1094972
1094973
1094974
1094977
1094978
1094979
1094980
1094981
1094982
1094983
1094984
1094985
1094986
1094987
1094988
1094989
1094990
1094991
1094992
1094993
1094994
1094995
1094996
1094997
1094998
1094999
1095000
1095001
1095002
1095003
1095004
1095005
1095006
1095007
1095008
1095010
1095011
1095012
1095013
1095015
1095016
1095017
1095018
1095020
1095021
1095022
1095023
1095024
1095025
1095026
1095027
1095028
1095029
1095030
1095031
1095032
1095033
1095034
1095036
1095037
1095039
1095040
1095041
1095043
1095045
1095046
1095047
1095048
1095049
1095051
1095052
1095054
1095056
1095057
1095058
1095059
1095060
1095061
1095062
1095063
1095064
1095065
1095066
1095067
1095068
1095072
1095073
1095075
1095076
1095077
1095078
1095079
1095080
1095081
1095082
1095083
1095084
1095085
1095086
1095087
1095088
1095089
1095090
1095091
1095092
1095096
1095097
1095098
1095099
1095100
1095101
1095102
1095103
1095104
1095105
1095106
1095107
1095108
1095109
1095110
1095111
1095112
1095113
1095114
1095115
1095116
1095117
1095118
1095119
1095120
1095121
1095123
1095124
1095126
1095127
1095128
1095129
1095131
1095132
1095133
1095134
1095135
1095136
1095137
1095138
1095139
1095140
1095142
1095143
1095144
1095145
1095146
1095147
1095149
1095150
1095151
1095152
1095153
1095154
1095155
1095157
1095158
1095159
1095162
1095163
1095164
1095166
1095167
1095168
1095170
1095172
1095173
1095175
1095177
1095178
1095179
1095180
1095181
1095184
1095185
1095186
1095187
1095188
1095189
1095190
1095191
1095192
1095193
1095194
1095195
1095196
1095197
1095198
1095199
1095200
1095201
1095202
1095203
1095204
1095205
1095206
1095207
1095208
1095209
1095210
1095211
1095212
1095213
1095214
1095215
1095216
1095218
1095219
1095220
1095222
1095223
1095224
1095225
1095226
1095227
1095228
1095229
1095230
1095231
1095233
1095234
1095235
1095236
1095237
1095238
1095239
1095240
1095241
1095242
1095243
1095244
1095246
1095247
1095248
1095249
1095250
1095251
1095252
1095253
1095254
1095255
1095256
1095257
1095258
1095259
1095260
1095261
1095262
1095263
1095264
1095265
1095266
1095267
1095268
1095269
1095270
1095271
1095272
1095273
1095274
1095275
1095276
1095277
1095278
1095279
1095281
1095282
1095283
1095284
1095285
1095286
1095287
1095288
1095289
1095290
1095291
1095292
1095293
1095294
1095295
1095296
1095297
1095298
1095299
1095301
1095302
1095303
1095304
1095305
1095307
1095308
1095309
1095310
1095311
1095312
1095313
1095314
1095315
1095316
1095317
1095318
1095319
1095320
1095321
1095322
1095323
1095324
1095325
1095326
1095327
1095328
1095330
1095331
1095332
1095333
1095334
1095335
1095336
1095337
1095338
1095339
1095340
1095341
1095343
1095344
1095347
1095348
1095351
1095352
1095353
1095354
1095355
1095356
1095358
1095359
1095361
1095362
1095367
1095368
1095369
1095370
1095371
1095372
1095373
1095374
1095375
1095376
1095377
1095378
1095385
1095386
1095387
1095388
1095389
1095390
1095391
1095392
1095393
1095394
1095395
1095396
1095397
1095398
1095399
1095400
1095401
1095402
1095403
1095404
1095405
1095406
1095407
1095408
1095409
1095410
1095411
1095412
1095413
1095414
1095415
1095416
1095417
1095418
1095419
1095420
1095421
1095422
1095423
1095424
1095425
1095426
1095427
1095428
1095429
1095430
1095431
1095432
1095433
1095434
1095435
1095436
1095437
1095438
1095439
1095441
1095442
1095443
1095444
1095445
1095446
1095447
1095448
1095449
1095450
1095451
1095452
1095453
1095454
1095455
1095456
1095457
1095459
1095460
1095461
1095462
1095463
1095465
1095466
1095468
1095469
1095470
1095472
1095473
1095474
1095475
1095476
1095477
1095478
1095480
1095481
1095482
1095483
1095485
1095486
1095487
1095488
1095489
1095490
1095491
1095492
1095493
1095494
1095496
1095499
1095500
1095502
1095503
1095504
1095505
1095506
1095507
1095508
1095509
1095510
1095511
1095513
1095514
1095515
1095516
1095517
1095518
1095519
1095520
1095521
1095522
1095523
1095524
1095530
1095531
1095534
1095535
1095536
1095537
1095538
1095539
1095540
1095541
1095542
1095543
1095544
1095545
1095547
1095548
1095549
1095550
1095551
1095553
1095554
1095555
1095556
1095557
1095558
1095559
1095560
1095561
1095562
1095563
1095564
1095565
1095566
1095567
1095568
1095570
1095571
1095572
1095573
1095574
1095575
1095576
1095577
1095578
1095579
1095582
1095583
1095584
1095585
1095586
1095587
1095591
1095592
1095593
1095594
1095595
1095596
1095598
1095599
1095600
1095602
1095603
1095604
1095605
1095606
1095608
1095609
1095610
1095611
1095612
1095613
1095614
1095615
1095616
1095617
1095618
1095619
1095620
1095621
1095622
1095623
1095624
1095625
1095626
1095627
1095628
1095629
1095630
1095631
1095632
1095633
1095634
1095635
1095636
1095638
1095639
1095640
1095641
1095642
1095643
1095644
1095645
1095646
1095647
1095648
1095649
1095651
1095652
1095653
1095654
1095655
1095656
1095658
1095659
1095660
1095661
1095663
1095664
1095665
1095666
1095667
1095668
1095669
1095670
1095671
1095673
1095674
1095675
1095676
1095677
1095680
1095681
1095682
1095683
1095684
1095685
1095686
1095687
1095688
1095689
1095690
1095691
1095693
1095694
1095695
1095696
1095697
1095698
1095699
1095700
1095701
1095702
1095703
1095705
1095706
1095707
1095708
1095709
1095710
1095711
1095712
1095718
1095719
1095720
1095721
1095722
1095723
1095724
1095725
1095726
1095727
1095728
1095729
1095730
1095732
1095733
1095734
1095735
1095736
1095737
1095738
1095739
1095740
1095741
1095742
1095743
1095744
1095745
1095746
1095747
1095748
1095749
1095750
1095751
1095752
1095754
1095755
1095756
1095757
1095758
1095759
1095761
1095764
1095765
1095766
1095767
1095769
1095770
1095771
1095772
1095773
1095774
1095775
1095776
1095777
1095778
1095780
1095781
1095782
1095783
1095784
1095785
1095786
1095787
1095789
1095790
1095791
1095792
