966792
966793
966794
966795
966797
966798
966799
966800
966801
966802
966803
966804
966805
966806
966807
966808
966809
966811
966812
966813
966814
966815
966816
966817
966818
966819
966820
966822
966823
966825
966826
966827
966828
966829
96683
966830
966831
966832
966833
966834
966835
966836
966837
966838
966839
966840
966842
966843
966844
966845
966846
966847
966849
96685
966850
966851
966852
966853
966854
966855
966856
966857
966858
966859
96686
966860
966861
966862
966863
966864
966865
966866
966868
966869
966870
966871
966872
966873
966874
966875
966876
966877
966878
966879
96688
966880
966881
966882
966883
966884
966885
966886
966887
966889
966890
966891
966892
966893
966894
966895
966896
966897
966898
966899
9669
96690
966900
966901
966902
966903
966904
966905
966906
966907
966908
966909
96691
966910
966911
966912
966913
966914
966915
966916
966917
966918
966919
966920
966921
966922
966923
966925
966926
966928
966929
96693
966930
966931
966932
966933
966934
966936
966937
966938
966940
966941
966942
966943
966944
966946
966947
966948
96695
966950
966951
966952
966953
966954
966955
966956
966957
966958
966959
96696
966960
966961
966962
966963
966964
966965
966966
966967
966968
966969
96697
966970
966972
966973
966974
966975
966976
966977
966978
96698
966980
966981
966982
966983
966984
966985
966986
966987
966988
966990
966991
966992
966993
966994
966996
966997
966999
967
96700
967000
967001
967002
967003
967004
967005
967006
967007
967008
96701
967010
967012
967013
967014
967015
967016
967017
967018
967019
96702
967020
967021
967022
967023
967024
967027
967028
967029
96703
967030
967031
967032
967033
967035
967036
967039
96704
967040
967041
967042
967043
967044
967045
967046
967047
967049
96705
967050
967051
967052
967053
967054
967055
967056
967057
967058
967059
967061
967062
967063
967064
967065
967066
967067
967068
967069
967070
967071
967072
967073
967074
967075
967076
967077
967079
967080
967081
967082
967083
967084
967085
967086
967087
967088
967089
96709
967090
967091
967092
967094
967095
967096
967097
967098
967099
9671
96710
967101
967102
967103
967104
967105
967106
967107
967108
967109
967110
967111
967112
967115
967116
967118
96712
967120
967121
967122
967123
967124
967125
967126
967127
967129
96713
967130
967131
967132
967133
967134
967135
967136
967137
967138
96714
967141
967142
967143
967144
967145
967146
967147
967148
967149
96715
967150
967151
967152
967153
967154
967155
967157
967158
967159
96716
967160
967161
967162
967163
967165
967166
967167
967168
967169
96717
967170
967171
967172
967173
967175
967176
967177
967178
967179
967180
967181
967182
967183
967184
967185
967186
967187
967188
967189
96719
967190
967191
967192
967193
967194
967195
967196
967197
967198
967199
9672
967200
967202
967203
967204
967205
967206
967207
96721
967210
967211
967212
967213
967214
967215
967216
967217
967219
96722
967220
967221
967222
967223
967224
967225
967226
967227
967228
967229
967230
967231
967232
967233
967234
967235
967236
967237
967238
96724
967240
967241
967243
967244
967245
967246
967247
967248
967249
967250
967251
967252
967253
967254
967255
967256
967257
967258
967259
967260
967261
967262
967263
967264
967265
967266
967267
967268
967269
96727
967270
967271
967272
967273
967275
967276
967277
967278
96728
967280
967281
967282
967283
967284
967285
967286
967287
967288
967289
96729
967290
967291
967292
967293
967294
967297
967298
967299
9673
96730
967300
967302
967303
967304
967307
967309
967310
967311
967312
967314
967315
967316
967317
967318
967319
96732
967320
967321
967322
967323
967324
967325
967326
967328
967329
967330
967331
967332
967334
967335
967336
967337
967338
967339
967340
967341
967343
967344
967345
967347
967348
967349
967350
967352
967353
967354
967355
967356
967357
967358
967359
96736
967360
967361
967362
967363
967364
967365
967366
967367
967368
967369
96737
967370
967371
967372
967373
967374
967375
967376
967377
967378
967379
967380
967382
967383
967384
967386
967387
967388
967389
96739
967390
967391
967392
967393
967394
967395
967396
967397
967399
9674
96740
967400
967401
967405
967406
967407
967408
967409
96741
967410
967411
967412
967413
967414
967415
967416
967418
967419
96742
967420
967421
967422
967423
967424
967425
967426
967427
967428
967429
96743
967430
967432
967433
967434
967435
967436
967437
967438
967439
96744
967440
967441
967442
967443
967444
967445
967446
967447
967448
967449
967450
967451
967452
967454
967455
967456
967457
967458
967459
96746
967461
967462
967464
967465
967467
967468
967469
967470
967471
967472
967473
967474
967475
967476
967477
967478
967479
96748
967480
967481
967482
967483
967484
967485
967487
967490
967491
967492
967493
967495
967496
967497
967498
9675
96750
967500
967502
967503
967504
967505
967506
967507
967508
967509
96751
967510
967511
967512
967513
967514
967515
967516
967517
967518
967519
967520
967521
967522
967523
967524
967525
967526
967527
967528
967529
967530
967531
967532
967533
967534
967535
967536
967539
96754
967541
967542
967543
967544
967545
967546
967547
967548
967549
967550
967551
967552
967553
967554
967555
967556
967557
967558
967559
967560
967561
967562
967563
967564
967565
967566
967567
967568
967569
96757
967571
967572
967573
967574
967575
967576
967577
967578
96758
967580
967581
967582
967583
967584
967585
967586
967587
967588
967589
967590
967591
967592
967593
967594
967595
967596
967597
967598
967599
9676
967600
967601
967602
967603
967604
967605
967606
967607
967608
967609
967610
967612
967613
967614
967615
967616
967617
967618
967619
967620
967621
967622
967623
967624
967625
967626
967627
967628
967629
96763
967630
967631
967632
967633
967634
967635
967636
967637
967638
967639
967640
967641
967642
967643
967645
967646
967647
967648
967649
96765
967650
967652
967654
967656
967657
967658
967659
96766
967660
967661
967663
967664
967665
967666
967667
967668
967669
96767
967670
967671
967672
967673
967675
967676
967678
967679
96768
967680
967681
967682
967684
967687
967688
96769
967692
967694
967696
967699
9677
96770
967702
967703
967704
967705
96771
967711
967714
967715
967716
967717
967719
96772
967720
967721
967722
967723
967724
967725
967726
967727
967729
96773
967731
967732
967733
967735
967736
967737
967738
967739
967740
967741
967742
967743
967747
967748
967749
967751
967755
967756
967758
967759
967760
967761
967762
967763
967765
967766
967767
967769
967770
967771
967772
967773
967774
967775
967776
967778
967779
96778
967780
967781
967782
967784
967785
967786
967787
967788
967789
96779
967790
967791
967793
967794
967795
967796
967797
967798
967799
9678
96780
967800
967802
967803
967804
967805
967806
967807
967808
96781
967810
967811
967812
967813
967814
967815
967816
967817
967818
967819
96782
967820
967822
967823
967824
967825
967826
967827
967828
967829
96783
967830
967831
967832
967833
967834
967835
967836
967837
967838
967839
967840
967841
967842
967843
967844
967845
967846
967847
967848
967849
96785
967850
967851
967852
967853
967854
967855
967856
967857
967858
967859
96786
967861
967862
967865
967866
967868
967872
967873
967874
967875
967876
967877
967878
967879
96788
967880
967881
967882
967883
967884
967885
967886
967887
967888
967889
967890
967891
967892
967893
967894
967895
967896
967897
967898
967899
9679
967900
967901
967902
967903
967904
967905
967906
967907
967908
967909
96791
967910
967911
967912
967913
967914
967915
967916
967917
967918
96792
967926
967927
96793
967930
967931
967933
967934
967935
967936
967937
967939
967940
967941
967942
967943
967944
967945
967946
967947
967948
96795
967951
967952
967953
967954
967955
967956
967957
967959
96796
967960
967961
967963
967964
967965
967966
967967
967968
967969
96797
967970
967971
967973
967974
967975
967976
967977
967979
967980
967981
967982
967983
967984
967985
967986
967987
967988
967989
96799
967990
967992
967993
967994
967995
967996
967997
967998
967999
968
9680
96800
968001
968004
968005
968006
968007
968009
96801
968011
968012
968013
968014
968015
968016
968017
968018
968019
96802
968020
968021
968022
968023
968024
968025
968026
968027
968029
96803
968030
968031
968032
968033
968034
968036
968037
968038
968039
96804
968040
968041
968043
968044
968045
968047
968049
968050
968051
968053
968054
968055
968056
968057
968058
968060
968061
968062
968063
968064
968065
968066
968067
968068
968069
96807
968070
968071
968072
968073
968074
968076
968077
968079
968080
968081
968082
968083
968084
968085
968086
968087
968088
96809
968090
968091
968092
968094
968095
968097
968098
968099
9681
968100
968102
968103
968104
968105
968106
968107
968108
968109
96811
968110
968111
968112
968113
968114
968115
968116
968117
968118
968119
96812
968120
968121
968122
968123
968124
968125
968126
968127
968128
968129
96813
968130
968131
968132
968133
968134
968135
968136
968137
968138
968141
968142
968143
968144
968145
968146
968147
968148
968149
96815
968150
968151
968152
968153
968154
968155
968156
968157
968159
96816
968160
968161
968162
968163
968164
968165
968166
968168
968169
96817
968170
968171
968172
968173
968174
968175
968176
968177
968178
96818
968181
968182
968183
968184
968185
968186
968187
968188
968189
968190
968192
968193
968194
968195
968196
968197
968198
968199
9682
96820
968200
968201
968202
968203
968204
968205
968206
968207
968208
968209
96821
968210
968211
968213
968214
968215
968216
968217
968218
968219
968220
968221
968222
968223
968224
968225
968226
968227
968228
968229
96823
968230
968231
968232
968233
968234
968235
968236
968237
968238
968239
968240
968241
968242
968243
968244
968245
968246
968247
968248
968249
96825
968250
968251
968252
968253
968254
968255
968256
968257
968258
968259
96826
968260
968261
968262
968263
968264
968265
968266
968267
968268
968269
96827
968270
968271
968272
968273
968274
968275
968277
968278
968279
96828
968280
968281
968282
968283
968284
968287
968288
968289
968290
968292
968293
968294
968296
968297
968298
968299
9683
968300
968301
968302
968303
968304
968305
968306
968307
968308
968309
968310
968311
968312
968313
968314
968315
968316
968317
968318
968319
968320
968321
968322
968324
968325
968326
968328
96833
968330
968331
968332
968335
968336
968337
968338
968339
968340
968341
968342
968343
968344
968345
968346
968347
968348
968349
968350
968351
968352
968353
968354
968355
968357
968358
968359
96836
968360
968361
968362
968363
968365
968366
968367
968368
968369
968370
968371
968372
968373
968374
968375
968376
968377
968378
968379
96838
968380
968381
968382
968383
968384
968385
968386
968387
968388
968389
96839
968391
968392
968393
968394
968396
968397
968398
968399
9684
96840
968400
968401
968402
968403
968404
968405
968406
968407
968408
968409
968410
968411
968412
968413
968414
968415
968416
968417
968418
968419
968421
968422
968423
968424
968425
968426
968427
968428
968429
968430
968431
968432
968433
968434
968435
968436
968437
968438
968439
96844
968440
968441
968442
968443
968444
968445
968446
968448
968450
968451
968452
968453
968454
968455
968456
968458
968459
96846
968460
968461
968462
968463
968465
968466
968467
968468
968469
96847
968470
968471
968472
968474
968475
968476
968477
968478
968479
968480
968481
968482
968483
968484
968485
968486
968487
968488
968489
968490
968491
968494
968495
968496
968497
968498
968499
9685
968500
968501
968502
968503
968504
968505
968506
968507
968508
968509
96851
968510
968511
968512
968513
968514
968515
968516
968517
968518
968519
96852
968520
968521
968522
968523
968524
968525
968526
968527
968528
968529
96853
968530
968531
968532
968534
968535
968536
968537
968538
968539
96854
968540
968541
968542
968543
968544
968545
968546
968548
968549
96855
968550
968551
968552
968553
968554
968555
968556
968557
968558
968559
968560
968561
968562
968563
968564
968565
968566
968567
968568
968569
96857
968570
968571
968572
968573
968574
968575
968576
968577
968578
968579
96858
968580
968581
968582
968583
968585
968586
968587
968588
968589
968590
968591
968592
968593
968594
968595
968597
968599
9686
96860
968600
968601
968602
968603
968604
968605
968606
968607
968608
968609
968610
968613
968614
968615
968616
968617
968618
968619
968620
968621
968622
968623
968624
968625
968626
968627
968628
968629
968630
968631
968632
968633
968635
968636
968637
968638
968639
968640
968641
968642
968643
968644
968645
968646
968647
968648
968650
968651
968652
968653
968654
968655
968657
968658
968660
968661
968663
968664
968665
968667
968668
968669
968670
968671
968672
968673
968675
968676
968677
96868
968680
968681
968682
968683
968685
968686
968687
968688
96869
968690
968692
968694
968695
968696
968697
968698
968699
9687
968700
968702
968703
968704
968705
968706
968707
968711
968712
968714
968716
968717
968718
968719
96872
968720
968721
968722
968723
968724
968725
968726
968727
968728
968729
96873
968730
968731
968732
968733
968734
968735
968736
968737
968738
968739
96874
968741
968742
968743
968744
968745
968746
968747
968748
96875
968750
968752
968753
968754
968755
968756
968757
968758
968759
96876
968760
968761
968762
968763
968764
968765
968766
968767
968768
968769
968770
968771
968772
968773
968774
968775
968776
968777
968778
968779
96878
968780
968781
968782
968783
968784
968785
968786
968787
968788
968789
96879
968790
968791
968792
968793
968794
968795
968796
968797
968798
968799
9688
968800
968801
968802
968803
968804
968805
968806
968807
968808
968809
968811
968813
968814
968815
968816
968817
968818
968819
96882
968820
968821
968822
968823
968824
968825
968826
968827
968828
968829
96883
968830
968831
968832
968834
968835
968836
968837
968838
968839
96884
968840
968841
968842
968843
968844
968845
968846
968847
968848
968849
96885
968850
968851
968852
968853
968854
968855
968856
968857
968858
968859
968861
968862
968864
968865
968866
968867
968868
968869
96887
968870
968871
968872
968873
968874
968875
968876
968877
968878
968879
96888
968880
968881
968883
968884
968885
968886
968887
968888
968889
96889
968890
968891
968892
968893
968894
968895
968896
968897
968898
968899
9689
96890
968900
968901
968902
968903
968904
968905
968907
968908
968909
968911
968912
968913
968914
968915
968916
968917
968918
968919
96892
968920
968921
968922
968923
968924
968925
968926
968927
968928
968929
968930
968931
968932
968933
968934
968935
968936
968937
968938
968939
968940
968941
968942
968943
968944
968945
968946
968947
968948
968949
968952
968953
968954
968955
968956
968957
968958
968959
96896
968960
968961
968962
968963
968964
968965
968966
968967
968968
968969
968971
968972
968973
968975
968976
968977
968979
96898
968980
968982
968983
968984
968985
968987
968988
96899
968990
968991
968992
968993
968995
968996
968997
968998
968999
9690
96900
969000
969001
969002
969003
969004
969005
969006
969007
969008
969009
969010
969012
969013
969014
969016
969017
969018
969019
96902
969021
969022
969023
969024
969025
969026
969027
969028
969029
96903
969030
969031
969032
969033
969034
969035
969036
969037
969038
969039
96904
969040
969041
969042
969043
969044
969045
969047
969048
969049
96905
969050
969051
969052
969053
969054
969055
969056
969057
96906
969060
969061
969062
969063
969065
969066
969067
969068
969069
96907
969070
969071
969072
969073
969074
969075
969076
969077
969078
969079
96908
969080
969081
969082
969084
969085
969086
969087
969088
969089
96909
969090
969091
969092
969093
969094
969095
969096
969098
969099
9691
969100
969101
969103
969104
969105
969106
969109
96911
969110
969111
969112
969113
969114
969115
969116
969117
969118
969119
96912
969120
969121
969122
969123
969124
969125
969126
969128
969129
96913
969130
969131
969133
969134
969135
969136
969137
969138
969139
96914
969140
969141
969142
969143
969144
969145
969146
969147
969148
969149
96915
969150
969151
969152
969153
969154
969155
969156
969157
969158
969159
96916
969160
969161
969162
969163
969164
969165
969166
969167
969168
969169
96917
969170
969171
969173
969174
969175
969176
969177
969178
969179
96918
969180
969181
969183
969184
969185
969187
969188
969189
96919
969191
969192
969193
969194
969195
969196
969197
969199
9692
96920
969201
969202
969204
969205
969206
969207
969208
969209
96921
969210
969211
969212
969213
969214
969215
969216
969217
969218
969219
96922
969220
969221
969222
969223
969224
969225
969226
969227
969228
969229
969230
969231
969232
969233
969234
969235
969237
969238
969239
96924
969240
969241
969242
969243
969244
969245
969246
969247
969248
969249
96925
969250
969251
969252
969253
969254
969255
969256
969257
969258
969259
96926
969260
969261
969262
969263
969264
969265
969266
969267
969268
969273
969276
969277
969278
969279
96928
969280
969281
969283
969285
969286
969287
969288
969289
96929
969290
969291
969292
969293
969294
969295
969296
969298
969299
9693
96930
969300
969301
969303
969304
969305
969306
969307
969308
969310
969311
969312
969313
969314
969316
969317
969318
969319
969320
969322
969323
969324
969325
969326
969327
969328
969329
96933
969330
969331
969332
969333
969334
969335
969336
969337
969338
969339
969340
969341
969342
969343
969344
969345
969346
969347
969348
969349
96935
969350
969351
969353
969354
969355
969356
969357
969358
969359
96936
969360
969361
969362
969363
969364
969365
969366
969367
969368
969369
969370
969371
969373
969374
969376
969377
969378
969380
969381
969382
969383
969384
969385
969386
969387
969389
96939
969390
969391
969393
969396
969398
969399
9694
969400
969402
969403
969404
969406
969407
969408
969409
96941
969411
969412
969413
969414
969415
969416
969417
969418
969419
96942
969420
969421
969422
969423
969424
969425
969426
969427
969428
969429
969430
969431
969432
969433
969434
969435
969436
969437
969438
969439
96944
969440
969441
969442
969443
969446
969447
969449
96945
969450
969451
969452
969453
969454
969455
969456
969457
969458
969459
96946
969460
969461
969462
969463
969464
969465
969466
969467
969468
969469
96947
969471
969472
969475
969476
969477
969478
969479
96948
969480
969481
969482
969483
969484
969485
969487
969488
969489
96949
969490
969492
969493
969494
969495
969496
969497
969498
969499
9695
96950
969500
969501
969502
969503
969504
969506
969507
969508
969509
969510
969511
969512
969513
969514
969515
969517
969518
96952
969520
969521
969522
969524
969525
969526
969528
969529
96953
969530
969531
969532
969533
969534
969535
969536
969537
969538
969539
96954
969540
969541
969542
969543
969544
969545
969546
969547
969548
969549
96955
969550
969551
969552
969553
969554
969555
969556
969558
969559
96956
969560
969561
969562
969563
969564
969566
969567
969568
969569
96957
969570
969571
969572
969573
969574
969575
969576
969577
969578
969579
96958
969580
969581
969582
969583
969584
969585
969586
969587
969588
969589
96959
969590
969591
969592
969593
969594
969595
969596
969597
969599
9696
96960
969601
969602
969603
969604
969605
969606
969609
96961
969610
969611
969612
969613
969614
969615
969616
969617
969618
969619
96962
969620
969621
969622
969623
969624
969625
969626
969627
969628
969629
96963
969630
969631
969632
969635
969636
969637
969638
969639
96964
969641
969642
969643
969644
969648
969649
96965
969650
969653
969655
969656
969657
969658
96966
969660
969661
969663
969664
969665
969666
969667
969668
96967
969670
969671
969672
969673
969674
969675
969676
969677
969678
969679
96968
969680
969681
969682
969683
969684
969685
969686
969688
969689
96969
969690
969691
969692
969693
969694
969695
969696
969697
969698
969699
9697
96970
969700
969701
969702
969703
969704
969705
969706
969707
969708
969709
969711
969712
969714
969715
969716
969718
969719
96972
969720
969721
969722
969723
969724
969725
969726
969727
969728
969729
96973
969730
969731
969732
969733
969734
969735
969736
969737
969738
969739
96974
969740
969741
969742
969743
969744
969745
969746
969747
969748
969749
96975
969751
969752
969753
969754
969755
969756
969757
969758
969759
96976
969761
969762
969763
969764
969765
969766
969767
969768
969769
96977
969770
969771
969772
969773
969774
969775
969776
969777
969778
969779
96978
969780
969781
969782
969783
969784
969785
969786
969788
969789
96979
969790
969791
969795
969796
969797
969798
969799
9698
969800
969801
969802
969804
969805
969806
969807
969808
969809
969810
969811
969812
969813
969814
969815
969816
969817
969818
969819
96982
969821
969822
969823
969824
969825
969826
969827
969828
969829
96983
969830
969831
969832
969833
969834
969835
969836
969837
969838
96984
969840
969841
969842
969843
969844
969845
969846
969847
969848
969849
96985
969850
969851
969852
969853
969854
969855
969856
969857
969858
969859
96986
969860
969861
969862
969863
969864
969865
969866
969867
969868
969869
96987
969870
969871
969872
969873
969874
969875
969876
969877
969878
969879
96988
969880
969881
969882
969883
969884
969885
969887
969888
96989
969890
969891
969892
969893
969894
969895
969896
969897
969898
969899
9699
96990
969900
969901
969902
969904
969905
969906
969908
969909
96991
969910
969911
969912
969913
969914
969915
969916
969917
969918
969919
96992
969920
969921
969922
969923
969924
969925
969926
969927
969928
969929
96993
969930
969931
969932
969933
969934
969935
969936
969937
969938
969939
96994
969941
969942
969943
969944
969945
969946
969947
969949
96995
969950
969951
969952
969953
969954
969955
969956
969957
969958
96996
969960
969961
969962
969963
969965
969966
969968
969969
96997
969970
969971
969972
969973
969974
969975
969977
969978
969979
96998
969980
969981
969982
969983
969984
969985
969986
969987
969988
969989
96999
969990
969991
969992
969993
969994
969995
969996
969997
969998
969999
97
97000
970000
970001
970002
970003
970004
970005
970006
970007
970008
970009
97001
970010
970011
970012
970013
970014
970015
970016
970017
970018
970019
97002
970020
970021
970022
970023
970024
970025
970026
970027
970028
970029
97003
970030
970031
970032
970033
970034
970035
970036
970037
970038
970039
970040
970041
970042
970043
970044
970045
970046
970047
970048
970049
970051
970053
970054
970055
970057
970059
97006
970060
970063
970064
970065
970067
970069
97007
970070
970071
970075
970077
970078
970079
97008
970080
970081
970082
970083
970085
970086
970087
970088
97009
970090
970091
970092
970094
970095
970096
970098
970099
9701
97010
970101
970102
970105
970106
970109
970110
970111
970112
970113
970114
970115
970116
970117
970118
970119
970120
970122
970123
970124
970126
970127
970128
970129
970130
970131
970132
970133
970134
970135
970136
970137
970138
970139
970140
970141
970142
970143
970144
970145
970146
970147
970148
970149
97015
970150
970151
970152
970153
970155
970156
970157
970158
970159
97016
970160
970161
970162
970163
970164
970166
970167
970168
970169
970170
970171
970172
970173
970174
970175
970176
970177
970178
970179
97018
970180
970181
970182
970183
970184
970185
970186
970187
970188
970189
97019
970191
970192
970193
970194
970195
970196
970197
970198
970199
9702
97020
970200
970201
970203
970204
970205
970206
970207
970209
970210
970212
970213
970214
970215
970216
970217
970218
970219
970220
970221
970222
970223
970224
970225
970226
970227
970228
970229
97023
970231
970232
970233
970234
970235
970236
970237
970238
970239
97024
970240
970241
970242
970244
970245
970247
970248
970249
970250
970252
970253
970255
970258
970259
97026
970260
970261
970262
970263
970264
970265
970266
970267
970268
97027
970270
970271
970272
970273
970274
970275
970276
970277
970278
970279
970280
970281
970282
970283
970284
970285
970286
970288
970289
970290
970291
970292
970293
970294
970295
970296
970297
970298
970299
9703
97030
970300
970301
970302
970303
970304
970305
970306
970307
970308
970309
97031
970310
970311
970313
970314
970315
970316
970317
970318
970319
97032
970320
970321
970322
970323
970324
970325
970326
970327
970328
970329
97033
970331
970332
970333
970334
970335
970336
970337
970338
970339
970340
970341
970342
970343
970344
970345
970346
970347
970348
970349
97035
970350
970351
970352
970353
970354
970355
970356
970357
970358
970359
97036
970360
970362
970363
970364
970365
970366
970368
970369
97037
970370
970371
970372
970373
970374
970375
970377
970378
970379
970381
970384
970385
970386
970387
970388
97039
970390
970391
970392
970393
970394
970395
970396
970397
970398
970399
9704
97040
970400
970401
970403
970404
970405
970406
970407
970408
970409
97041
970410
970411
970412
970413
970414
970416
970417
970418
970419
970420
970421
970422
970423
970424
970425
970426
970427
970428
970429
97043
970430
970431
970432
970433
970434
970435
970436
970437
970438
970439
97044
970440
970441
970442
970443
970444
970445
970446
970447
970448
970449
97045
970450
970451
970452
970453
970454
970455
970456
970457
970458
970459
97046
970460
970461
970462
970464
970466
970467
970468
970469
97047
970471
970472
970473
970474
970475
970476
970477
970478
970479
97048
970480
970481
970482
970483
970486
970487
970488
970489
97049
970490
970491
970492
970493
970494
970495
970496
970497
9705
97050
970501
970502
970504
970506
970507
970509
97051
970510
970512
970513
970514
970515
970516
970517
970518
970519
970520
970522
970523
970524
970526
970527
970528
97053
970530
970531
970532
970533
970534
970535
970537
970539
97054
970540
970541
970542
970543
970544
970545
970546
970547
970548
970549
97055
970550
970551
970552
970553
970554
970555
970556
970557
970558
970559
97056
970560
970561
970563
970564
970565
970566
970567
970568
970569
970570
970571
970572
970573
970574
970575
970576
970577
970578
970579
970580
970584
970585
970586
970587
970588
970589
97059
970590
970591
970592
970593
970594
970595
970596
970597
970598
970599
9706
97060
970600
970601
970602
970604
970605
970606
970607
970608
970609
97061
970610
970611
970612
970613
970614
970616
970617
970618
970619
97062
970620
970621
970622
970623
970624
970625
970626
970627
970628
970629
97063
970630
970631
970632
970633
970634
970635
970636
970637
970639
97064
970640
970641
970642
970643
970644
970646
970647
970648
970649
97065
970651
970652
970653
970654
970655
970656
970657
970658
970659
970660
970661
970662
970663
970664
970666
970667
970668
970669
970670
970671
970672
970677
970679
97068
970680
970681
970682
970683
970684
970685
970686
970687
970688
970689
97069
970690
970691
970692
970693
970695
970696
970697
970698
970699
9707
97070
970700
970701
970702
970704
970705
970707
970709
97071
970710
970711
970712
970713
970714
970715
970717
970718
970719
97072
970720
970721
970722
970723
970724
970725
970726
970727
970728
970729
97073
970730
970731
970732
970733
970734
970735
970736
970737
970738
97074
970740
970741
970742
970743
970745
970746
970747
970748
970749
97075
970750
970751
970753
970754
970757
970758
970759
97076
970760
970761
970763
970764
970765
970766
970767
970769
97077
970770
970771
970772
970773
970774
970775
970776
970777
970779
970780
970781
970783
970784
970785
970786
970787
970788
970789
97079
970790
970791
970792
970793
970794
970795
970796
970797
970798
970799
9708
970800
970801
970802
970803
970805
970806
970807
970809
97081
970810
970811
970812
970813
970814
970815
970816
970817
970818
970819
97082
970821
970822
970824
970825
970826
970828
970829
97083
970830
970831
970832
970834
970835
970836
970837
970838
970839
97084
970840
970841
970842
970843
970844
970845
970846
970847
970848
970850
970851
970852
970853
970854
970855
970856
970857
970858
970859
97086
970860
970861
970862
970863
970864
970865
970866
970867
970868
970869
97087
970870
970871
970872
970873
970874
970875
970876
970877
970878
970879
97088
970880
970881
970882
970883
970884
970885
970886
970887
970888
970889
97089
970890
970891
970892
970893
970894
970895
970896
970898
9709
97090
970900
970902
970903
970904
970906
970907
970908
970909
97091
970910
970911
970912
970913
970914
970915
970916
970917
970918
970919
970920
970921
970922
970923
970924
970925
970926
970927
970928
970929
97093
970930
970931
970932
970933
970934
970935
970936
970939
97094
970940
970941
970942
970943
970945
970946
970948
970949
97095
970951
970952
970953
970954
970955
970956
970957
970958
970959
970960
970961
970962
970963
970964
970965
970967
970968
970969
970972
970976
970978
970979
97098
970980
970981
970982
970983
970984
970985
970986
970987
970988
970989
97099
970990
970991
970992
970993
970994
970995
970996
970997
970999
9710
97100
971000
971001
971002
971003
971004
971005
971006
971007
971008
971009
97101
971010
971011
971012
971013
971014
971015
971016
971017
971018
971019
97102
971020
971021
971022
971023
971024
971025
971027
971028
971029
97103
971030
971031
971032
971033
971034
971035
971036
971037
971038
971039
971040
971041
971042
971043
971044
971045
971046
971047
971048
971049
97105
971050
971052
971054
971056
971061
971062
971063
971065
971066
971067
971068
971069
97107
971070
971071
971072
971073
971074
971075
971076
971077
971078
971079
97108
971080
971081
971082
971083
971084
971085
971086
971087
971088
971089
971090
971091
971092
971093
971094
971095
971096
971097
971098
971099
9711
97110
971100
971101
971102
971103
971104
971105
971106
971107
971108
971109
97111
971110
971111
971112
971113
971114
971115
971116
971117
971118
971119
97112
971120
971121
971122
971123
971124
971125
971126
971127
971128
971129
971130
971131
971132
971133
971134
971135
971136
971138
971139
97114
971140
971141
971143
971144
971145
971146
971147
971148
971149
97115
971150
971151
971152
971153
971154
971155
971156
971158
971159
971161
971162
971163
971164
971165
971166
971167
971168
971169
97117
971170
971171
971172
971173
971174
971175
971176
971177
971178
971179
971180
971181
971182
971183
971184
971185
971186
971187
971188
971189
97119
971190
971191
971192
971193
971195
971196
971197
971198
971199
971200
971201
971202
971203
971204
971205
971206
971207
971208
971209
97121
971210
971211
971213
971215
971216
971217
971218
971219
97122
971220
971221
971222
971223
971224
971225
971226
971227
971228
971229
97123
971230
971231
971232
971233
971234
971235
971236
971237
971239
97124
971240
971241
971242
971243
971244
971245
971246
971247
971248
971249
97125
971250
971251
971252
971253
971254
971255
971256
971257
971258
971259
97126
971260
971261
971262
971263
971264
971265
971266
971267
971268
971269
97127
971270
971271
971272
971273
971274
971275
971276
971277
97128
971281
971283
971284
971285
971286
971287
971288
971289
97129
971290
971291
971292
971293
971294
971295
971296
971297
971298
971299
9713
97130
971300
971301
971302
971303
971304
971306
971307
971309
971310
971311
971313
971315
971316
971317
971318
971319
97132
971320
971321
971322
971323
971324
971325
971326
971327
971328
971329
97133
971330
971332
971333
971335
971336
971337
971338
971339
97134
971340
971341
971342
971343
971344
971345
971346
971347
971348
971349
97135
971350
971351
971352
971353
971354
971355
971356
971357
971358
971359
97136
971360
971361
971362
971363
971364
971365
971366
971367
971368
971369
97137
971370
971371
971372
971373
971374
971375
971376
971377
971378
971379
97138
971380
971383
971384
971385
971386
971387
971388
971389
971390
971392
971393
971394
971396
971398
971399
9714
97140
971400
971401
971402
971403
971404
971405
971406
971407
971408
971409
97141
971410
971411
971412
971414
971415
971416
971417
971418
971419
97142
971420
971422
971423
971424
971426
971427
97143
971430
971431
971432
971433
971434
971435
971436
971438
971439
971441
971442
971443
971445
971447
971448
971449
971450
971451
971452
971453
971454
971455
971456
971457
971458
971459
97146
971460
971461
971462
971463
971464
971465
971466
971467
971468
971469
97147
971470
971471
971472
971473
971474
971475
971476
971477
97148
971482
971485
971489
97149
971491
971492
971495
971496
971497
971498
971499
9715
97150
971500
971501
971502
971503
971504
971505
971506
971507
971508
971509
971510
971511
971512
971513
971514
971515
971516
971517
971518
971519
97152
971522
971525
971527
971528
97153
971530
971531
971532
971533
971534
971535
971536
971539
97154
971540
971541
971542
971543
971544
971545
971546
971547
971548
971550
971551
971552
971553
971554
971558
971559
971560
971561
971562
971563
971564
971565
971566
971567
971568
971569
97157
971570
971571
971572
971573
971575
971576
971577
971578
971579
97158
971580
971581
971582
971583
971584
971585
971586
971588
971589
97159
971590
971592
971594
971597
971598
971599
9716
971601
971602
971603
971604
971605
971606
971607
971608
971609
97161
971610
971614
971615
971617
971618
971619
971620
971621
971622
971624
971625
971626
971627
971628
971629
97163
971630
971631
971633
971634
971635
971636
971637
971638
97164
971640
971641
971642
971643
971644
971646
971647
971648
971649
971650
971651
971652
971653
971655
971656
971657
971658
971659
97166
971660
971661
971662
971665
971666
971667
971668
971669
97167
971671
971673
971674
971675
971676
971677
971678
971679
97168
971680
971681
971682
971683
971684
971685
971686
971687
971688
971689
97169
971690
971691
971692
971694
971695
971696
971697
971698
971699
9717
97170
971700
971701
971702
971703
971704
971705
971706
971707
97171
971710
971711
971712
971714
971716
971718
97172
971722
971723
971724
971725
971726
971727
971728
971729
97173
971730
971731
971732
971733
971734
971735
971736
971737
971738
971739
97174
971740
971741
971743
971744
971746
971747
971748
971749
971750
971751
971752
971753
971754
971755
971756
971757
971759
971760
971762
971763
971765
971766
971767
971768
971769
97177
971770
971771
971772
971773
971774
971775
971776
971777
971778
971779
97178
971780
971781
971782
971783
971784
971785
971787
971788
971789
971790
971791
971792
971794
971795
971796
971797
971798
971799
9718
97180
971800
971801
971802
971803
971804
971805
971806
971807
971808
971809
97181
971810
971811
971812
971813
971814
971815
971816
971817
971818
971819
97182
971820
971821
971822
971823
971824
971825
971826
971827
971828
971829
97183
971830
971831
971832
971833
971834
971835
971836
971837
971838
971839
971840
971841
971842
971843
971844
971845
971846
971847
971849
971850
971852
971853
971854
971855
971856
971858
971859
97186
971860
971861
971863
971864
971866
97187
971870
971871
971873
971875
971877
971878
971879
97188
971882
971883
971884
971886
971888
971889
97189
971890
971891
971892
971893
971894
971895
971896
971897
971898
971899
9719
971900
971901
971902
971903
971904
971905
971906
971907
971908
971909
97191
971910
971911
971912
971913
971914
971915
971916
971917
971918
971919
97192
971920
971922
971923
971924
971925
971926
971927
971928
971929
97193
971930
971931
971932
971933
971934
971935
971936
971937
971938
971939
97194
971940
971941
971942
971943
971944
971945
971946
971947
971948
971949
97195
971950
971951
971952
971953
971954
971955
971956
971957
971958
971959
971960
971961
971962
