982285
982286
982287
982288
982289
98229
982290
982291
982292
982293
982294
982295
982296
982297
982298
982299
9823
98230
982300
982301
982303
982304
982305
982306
982307
982308
982309
982310
982311
982312
982313
982314
982315
982317
982319
98232
982320
982321
982322
982323
982324
982325
982326
982327
982328
982329
982330
982332
982333
982334
982335
982336
982337
982338
982339
98234
982340
982341
982342
982343
982344
982345
982346
982347
982348
982349
98235
982350
982351
982352
982353
982354
982355
982356
982357
982358
982360
982361
982362
982363
982364
982366
982367
982368
982369
98237
982371
982372
982373
982374
982375
982376
982377
982379
98238
982380
982381
982382
982383
982384
982385
982386
982387
982388
982389
98239
982390
982391
982393
982394
982395
982396
982397
982398
9824
982400
982401
982404
982405
982406
982408
982409
98241
982410
982411
982412
982413
982414
982415
982417
982418
982419
98242
982420
982421
982422
982424
982425
982427
982428
982429
98243
982430
982431
982433
982434
982435
982436
982437
982438
982439
982441
982442
982443
982445
982446
982447
982448
982449
98245
982450
982451
982452
982453
982455
982456
982457
982458
982459
98246
982460
982461
982462
982464
982465
982466
982467
982468
982469
982470
982471
982472
982473
982474
982475
982477
982478
982479
98248
982481
982482
982483
982484
982485
982487
982488
982489
98249
982490
982491
982492
982494
982495
982496
982497
982498
982499
9825
98250
982500
982501
982502
982503
982504
982505
982506
982507
982508
982509
98251
982510
982511
982513
982514
982515
982516
982517
982518
982519
98252
982520
982521
982522
982523
982524
982525
982526
982529
98253
982530
982531
982532
982533
982535
982536
982538
982539
982541
982542
982543
982545
982546
982547
982548
982549
98255
982550
982551
982552
982553
982554
982555
982558
98256
982561
982562
982563
982564
982565
982567
982568
982569
98257
982570
982571
982572
982573
982574
982575
982576
982577
982578
982579
98258
982580
982581
982582
982583
982584
982586
982588
982589
982590
982591
982592
982593
982594
982595
982596
982597
982598
982599
9826
98260
982600
982601
982602
982603
982604
982605
982606
982607
982608
982609
982610
982611
982612
982613
982614
982615
982616
982617
982618
982619
98262
982620
982621
982622
982624
982626
982627
982628
982630
982631
982632
982633
982634
982636
982637
982640
982642
982643
982645
982646
982647
982649
982650
982651
982653
982654
982655
982656
982657
982658
982659
982660
982661
982662
982663
982664
982665
982667
982668
982669
982673
982675
982676
982677
982678
982679
982680
982682
982683
982684
982685
982686
982688
982689
98269
982690
982691
982692
982693
982694
982695
982696
982697
982698
982699
982700
982701
982702
982703
982704
982705
982706
982707
982709
98271
982710
982711
982712
982713
982714
982715
982716
982717
982718
982719
982720
982721
982722
982723
982724
982725
982726
982727
982728
982729
98273
982730
982731
982732
982733
982734
982735
982736
982737
982738
982741
982742
982743
982744
982745
982746
982747
982748
982749
982750
982751
982752
982753
982754
982755
982756
982757
982759
98276
982760
982761
982762
982763
982765
982766
982767
982768
982769
98277
982770
982771
982772
982773
982775
982776
982777
982778
982779
982780
982781
982782
982783
982784
982785
982786
982787
982788
982789
98279
982791
982793
982794
982795
982798
982799
9828
98280
982800
982801
982803
982804
982805
982806
982807
982808
982809
982810
982811
982812
982813
982814
982815
982816
982817
982818
982819
98282
982820
982821
982822
982823
982824
982825
982826
982828
982830
982832
982833
982834
982835
982836
982837
982838
982839
982840
982841
982842
982843
982844
982845
982847
982848
982849
982850
982851
982852
982854
982855
982856
982857
982858
982859
982860
982861
982862
982863
982864
982865
982866
982867
982868
982869
98287
982870
982871
982872
982873
982874
982875
982876
982877
982878
982879
98288
982880
982882
982883
982884
982885
982886
982887
982888
982889
98289
982890
982891
982892
982893
982894
982895
982896
982897
982899
9829
982900
982901
982902
982904
982905
982906
982907
982908
982909
982910
982911
982913
982914
982915
982916
982917
982918
982919
98292
982920
982921
982925
982927
982929
98293
982930
982932
982933
982935
982936
982937
982938
982939
982940
982945
982946
982947
982948
982949
982950
982951
982952
982954
982955
982956
982957
982958
982959
982960
982961
982962
982963
982964
982966
982967
982968
982969
98297
982970
982971
982972
982974
982975
982976
982977
982978
982979
982981
982982
982985
982986
982987
982988
982989
98299
982991
982992
982993
982994
982995
982996
982998
983
9830
98300
983000
983001
983002
983003
983004
983005
983006
983007
983008
983009
98301
983010
983011
983012
983013
983014
983015
983016
983017
983018
983019
98302
983020
983021
983022
983023
983024
983025
983026
983028
983029
98303
983030
983031
983032
983033
983035
983036
983037
983038
983039
983040
983041
983042
983043
983044
983045
983046
983047
983048
983049
983050
983051
983052
983053
983054
983055
983056
983058
983059
98306
983060
983061
983062
983063
983064
983065
983066
983067
983068
983069
983071
983072
983073
983074
983075
983076
983077
983078
983079
98308
983080
983081
983082
983083
983084
983086
983087
983088
98309
983090
983091
983092
983094
983095
983096
983100
983102
983103
983104
983105
983107
983108
98311
983110
983111
983112
983113
983114
983115
983116
983117
983118
983119
983120
983121
983122
983123
983124
983125
983126
983127
983128
983129
983130
983131
983132
983133
983134
983135
983136
983137
983138
983139
983140
983141
983142
983143
983144
983146
983147
983149
983150
983151
983152
983153
983154
983155
983156
983157
983158
983159
983160
983164
983165
983166
983167
983168
983169
98317
983170
983171
983172
983173
983174
983175
983176
983177
983178
983179
983180
983181
983182
983183
983184
983185
983186
983188
983189
983190
983191
983192
983193
983194
983195
983196
983197
983198
983199
9832
983200
983201
983202
983203
983204
983205
983207
983208
983209
98321
983210
983211
983212
983213
983215
983216
983217
983219
98322
983221
983222
983223
983224
983225
983226
983227
983228
983229
983230
983231
983232
983233
983235
983236
983239
983241
983242
983243
983244
983245
983246
983247
983248
983249
98325
983250
983251
983252
983253
983254
983255
983256
983257
983259
98326
983261
983263
983264
983266
983267
983268
983269
98327
983270
983271
983272
983273
983274
983276
983277
983278
983279
98328
983280
983281
983282
983283
983284
983285
983286
983287
983289
983291
983292
983293
983294
983295
983296
983297
983298
983299
9833
983300
983301
983302
983303
983304
983306
983308
98331
983310
983311
983313
983314
983315
983318
983319
983320
983321
983322
983323
983324
983325
983326
983328
983329
98333
983330
983331
983332
983333
983334
983335
983336
983337
983338
983341
983342
983343
983344
983345
983346
983347
983348
983349
98335
983351
983352
983355
983356
983357
983358
983359
983361
983362
983364
983365
983366
983367
983368
983369
983370
983371
983372
983373
983374
983375
983376
983377
983378
983379
983380
983381
983383
983384
983387
983388
983389
98339
983391
983392
983393
983394
983395
983396
983397
983398
983399
9834
983400
983401
983402
983403
983404
983405
983406
983407
983408
983409
983410
983413
983414
983415
983416
983418
983419
983420
983421
983422
983423
983424
983425
983426
983427
983428
983430
983431
983432
983433
983434
983436
983437
983438
983439
98344
983441
983442
983444
983445
983446
983447
983449
98345
983450
983451
983452
983453
983454
983455
983456
983458
983459
98346
983461
983462
983463
983464
983465
983466
983467
983468
983469
98347
983470
983471
983472
983473
983474
983475
983476
983477
983478
983479
98348
983480
983482
983483
983485
983486
983487
983488
983489
98349
983490
983491
983492
983493
983494
983495
983496
983497
983498
983499
9835
98350
983500
983501
983502
983503
983504
983505
983506
983507
983508
983509
98351
983510
983511
983512
983513
983514
983515
983517
983518
983519
983520
983521
983522
983523
983524
983525
983526
983527
98353
983531
983532
983535
983538
983539
983541
983542
983543
983544
983545
983546
983547
983548
983549
98355
983550
983551
983552
983554
983555
983556
983557
983558
983559
983560
983562
983564
983565
983566
983568
983569
98357
983570
983571
983574
983575
983576
983577
983578
983579
98358
983580
983581
983582
983583
983585
983586
983587
983588
983589
983590
983591
983592
983593
983594
983595
983596
983597
983598
983599
9836
98360
983600
983601
983602
983603
983604
983605
983606
983607
983608
983609
98361
983610
983612
983613
983614
983615
983616
983617
983618
983619
983620
983621
983622
983623
983624
983625
983626
983627
983628
983629
98363
983630
983631
983632
983633
983634
983635
983636
983637
983638
98364
983640
983641
983642
983643
983644
983645
983646
983647
983648
983649
98365
983652
983653
983654
983655
983656
983657
983658
983659
983660
983661
983663
983664
983665
983666
983667
983668
983669
983670
983671
983672
983673
983674
983675
983676
983677
983678
983679
98368
983680
983681
983682
983683
983686
983687
983689
98369
983690
983691
983692
983693
983694
983695
983696
983697
983698
983699
9837
98370
983700
983701
983702
983703
983704
983705
983706
983707
983708
983709
983710
983714
983716
983717
98372
983720
983721
983722
983723
983724
983725
983726
983727
983728
983729
983730
983731
983732
983733
983734
983735
983736
983737
983738
983739
983740
983741
983742
983743
983744
983745
983746
983747
983749
98375
983750
983751
983752
983754
983755
983756
983757
983758
98376
983760
983761
983762
983763
983764
983765
983766
983768
983769
98377
983770
983771
983772
983773
983774
983775
983776
983777
983778
983779
983780
983781
983782
983783
983784
983785
983786
983787
983788
983789
983790
983791
983792
983793
983794
983795
983796
983797
983798
983799
9838
983800
983801
983803
983804
983806
983808
983809
983810
983811
983812
983813
983814
983815
983816
983817
983818
983819
983820
983821
983822
983823
983824
983825
983826
983827
983828
983829
98383
983831
983832
983833
983834
983835
983836
983837
983838
983839
983840
983841
983842
983843
983844
983845
983846
983847
983848
983849
98385
983851
983853
983854
983855
983857
983858
983859
983860
983861
983862
983863
983864
983865
983866
983867
983868
983869
98387
983870
983871
983872
983873
983874
983875
983876
983877
983879
983880
983881
983882
983883
983885
983887
983888
983889
983890
983891
983892
983893
983894
983895
983896
983897
983898
983899
9839
983900
983901
983902
983903
983904
983905
983906
983907
983908
983909
983910
983911
983912
983913
983914
983915
983916
983918
983922
983923
983924
983925
983926
983927
983928
983929
98393
983930
983931
983932
983933
983934
983935
983936
983937
983938
983939
98394
983940
983941
983942
983943
983944
983945
983946
983947
983948
983949
983950
983951
983952
983954
983955
983956
983957
983958
983959
983960
983961
983962
983963
983964
983965
983966
983967
983968
983969
98397
983970
983971
983972
983973
983974
983975
983976
983978
98398
983981
983982
983983
983984
983986
983987
983988
983989
98399
983990
983991
983992
983993
983994
983995
983996
983997
983998
983999
984
9840
984000
984001
984002
984003
984004
984005
984006
984007
984008
984009
98401
984010
984012
984013
984014
984015
984016
984017
984018
984019
984020
984021
984023
984024
984025
984026
984027
984028
984029
984030
984031
984032
984033
984034
984035
984036
984037
984038
984039
98404
984040
984041
984042
984044
984045
984046
984047
984048
984049
98405
984050
984051
984052
984053
984054
984055
984056
984057
984058
984059
98406
984060
984061
984062
984063
984064
984066
984067
984068
984069
98407
984070
984071
984072
984073
984074
984075
984076
984077
984078
984079
98408
984081
984082
984083
984084
984085
984086
984087
984088
984089
98409
984090
984091
984092
984093
984094
984096
984097
984098
984099
9841
984100
984101
984102
984103
984104
984105
984106
984108
984110
984111
984112
984113
984114
984115
984117
984118
98412
984121
984122
984124
984125
984126
984129
98413
984130
984131
984132
984133
984134
984135
984136
984137
984139
98414
984141
984142
984144
984145
984147
984148
984149
984150
984151
984152
984153
984154
984155
984156
984157
984158
984159
98416
984160
984161
984163
984164
984165
984166
984167
984168
984169
984170
984171
984172
984173
984174
984175
984176
984177
984178
984179
98418
984180
984181
984183
984184
984185
984186
984188
984189
98419
984190
984191
984192
984193
984194
984195
984196
984197
984198
9842
98420
984201
984202
984203
984204
984205
984206
984207
984208
984209
98421
984210
984211
984214
984215
984216
984217
984218
984219
98422
984220
984221
984222
984223
984224
984225
984226
984227
984228
984229
98423
984231
984232
984233
984234
984235
984236
984237
984238
984239
984240
984241
984242
984243
984244
984245
984248
984249
98425
984250
984251
984252
984253
984255
984256
984257
984258
984259
98426
984261
984262
984263
984264
984265
984266
984267
984268
984269
984270
984271
984272
984273
984274
984275
984276
984277
984278
984279
984281
984282
984283
984284
984285
984286
984287
984288
984289
98429
984290
984291
984292
984293
984294
984295
984296
984297
984299
9843
98430
984301
984302
984303
984304
984305
984306
984307
984308
984309
98431
984310
984311
984312
984313
984314
984315
984316
984317
984318
984319
98432
984320
984321
984322
984323
984324
984325
984326
984327
984328
984329
98433
984330
984331
984332
984333
984334
984335
984336
984337
984338
984339
98434
984340
984341
984342
984343
984344
984345
984346
984347
984348
984350
984351
984352
984353
984354
984355
984356
984357
984358
984359
984360
984361
984362
984363
984364
984365
984366
984367
984368
984369
98437
984370
984371
984372
984373
984375
984377
984378
984379
98438
984380
984381
984383
984384
984385
984386
984387
984388
984389
98439
984390
984391
984392
984393
984394
984395
984396
984397
984398
984399
9844
98440
984401
984403
984406
984407
984408
984410
984412
984414
984415
984417
984418
984419
98442
984420
984422
984423
984424
984425
984426
984428
98443
984430
984431
984432
984433
984434
984435
984436
984437
984438
984439
98444
984440
984441
984442
984443
984445
984446
984447
984448
984449
98445
984450
984451
984452
984453
984454
984455
984456
984457
984458
98446
984460
984461
984462
984463
984464
984465
984466
984467
984468
984469
984470
984472
984473
984474
984475
984476
984477
984478
984479
98448
984480
984482
984484
984485
984486
984487
984488
98449
984490
984491
984492
984493
984494
984495
984496
984497
984498
984499
9845
98450
984500
984501
984502
984503
984504
984505
984506
984510
984512
984513
984516
984517
984518
984519
984520
984521
984522
984523
984524
984525
984526
984527
984528
984529
98453
984530
984531
984532
984533
984534
984536
984537
984538
984539
984540
984541
984542
984543
984544
984546
984547
984548
984549
98455
984551
984552
984553
984554
984555
984556
984557
984559
98456
984560
984561
984562
984563
984564
984565
984566
984567
984569
98457
984570
984571
984572
984573
984574
984577
984578
984579
98458
984580
984581
984583
984584
984585
984586
984587
984588
984589
984590
984591
984592
984594
984595
984596
984597
984599
9846
984600
984601
984602
984603
984604
984605
984606
984607
984608
984609
98461
984610
984611
984612
984613
984614
984615
984616
984617
984618
984619
98462
984620
984621
984622
984623
984624
984625
984627
984628
984629
98463
984630
984631
984632
984633
984634
984635
984636
984637
984638
984639
98464
984640
984641
984642
984643
984644
984645
984646
984647
984648
984649
984650
984651
984653
984654
984655
984656
984657
984659
98466
984661
984662
984663
984664
984666
984667
984668
984669
98467
984670
984671
984672
984673
984675
984677
984678
98468
984680
984681
984684
984686
984687
984688
984689
98469
984690
984691
984692
984694
984696
984697
984698
984699
9847
984701
984702
984703
984704
984705
984706
984707
984708
984709
98471
984711
984713
984714
984715
984717
984718
984719
98472
984720
984722
984723
984724
984725
984726
984727
984728
984729
984730
984731
984732
984733
984734
984735
984736
984737
984738
984739
98474
984740
984741
984742
984743
984744
984745
984746
984747
984748
984749
984750
984751
984752
984753
984755
984756
984757
984759
98476
984760
984761
984762
984763
984764
984765
984767
984768
984769
98477
984770
984771
984772
984773
984774
984775
984776
984777
984778
984779
98478
984780
984781
984782
984783
984784
984785
984786
984787
984788
984789
984790
984791
984792
984793
984794
984795
984796
984797
984799
98480
984800
984801
984803
984804
984805
984806
984808
984809
984810
984811
984813
984814
984815
984816
984817
984818
984819
98482
984820
984821
984822
984823
984824
984825
984826
984827
984828
984829
98483
984830
984831
984832
984833
984834
984835
984836
984837
984838
984840
984841
984842
984843
984844
984845
984846
984847
984848
984849
98485
984850
984851
984852
984853
984854
984855
984856
984857
984858
984859
98486
984860
984861
984862
984864
984865
984866
984867
984868
984869
98487
984870
984871
984872
984873
984874
984875
984876
984877
984878
984879
984880
984881
984882
984883
984884
984885
984887
984888
984889
984890
984891
984892
984893
984894
984895
984896
984897
984898
984899
9849
98490
984901
984902
984903
984904
984905
984906
984907
984908
984909
98491
984910
984912
984913
984914
984915
984916
984918
984919
984921
984922
984923
984924
984925
984926
984928
984929
98493
984931
984932
984934
984935
984936
984937
984938
984939
984940
984941
984942
984943
984944
984945
984946
984947
984948
984949
98495
984950
984951
984952
984953
984954
984955
984956
984957
984959
98496
984960
984961
984962
984963
984964
984965
984966
984967
984968
984969
98497
984970
984971
984972
984973
984974
984975
984976
984977
984978
984979
98498
984980
984981
984982
984983
984986
984987
984988
98499
984992
984993
984994
984995
984996
984997
984998
985
98500
985001
985002
985003
985004
985006
985007
985008
985009
98501
985010
985011
985012
985013
985014
985015
985017
985018
985019
98502
985020
985021
985022
985023
985024
985025
985026
985027
985028
985029
985030
985031
985032
985033
985034
985035
985036
985037
985038
985039
985040
985042
985043
985044
985045
985046
985047
985048
985049
98505
985050
985051
985052
985053
985054
985055
985056
985057
985058
985059
985060
985062
985064
985065
985066
985067
985068
985069
98507
985070
985071
985072
985073
985074
985075
985076
985077
985078
98508
985080
985081
985082
985083
985084
985085
985086
985087
985088
985089
985090
985091
985092
985093
985095
985096
985097
985098
985099
985100
985101
985102
985103
985104
985105
985107
985108
985109
985110
985111
985112
985113
985115
985116
985119
985120
985121
985123
985125
985126
985127
985128
985129
985130
985131
985132
985133
985134
985135
985136
985137
985138
985139
98514
985140
985141
985142
985143
985144
985145
985146
985147
985148
985149
98515
985150
985152
985153
985154
985155
985156
985157
985158
985159
985160
985161
985162
985164
985165
985166
985167
985168
985169
985170
985172
985173
985174
985176
985177
98518
985180
985182
985183
985184
985185
985187
985188
985189
985191
985192
985193
985195
985196
985197
985198
985199
985200
985201
985202
985203
985204
985205
985206
985207
985208
985209
985210
985211
985212
985213
985214
985215
985216
985217
985219
98522
985220
985221
985222
985223
985224
985225
985226
985227
985228
985229
985230
985231
985232
985233
985234
985235
985236
985238
98524
985240
985241
985242
985243
985244
985245
985246
985247
985248
98525
985250
985251
985252
985253
985254
985255
985256
985257
985258
985259
98526
985260
985261
985262
985263
985264
985267
985269
985271
985272
985273
985274
985275
985276
985277
985278
985279
985280
985281
985282
985283
985284
985286
985287
985288
98529
985290
985291
985292
985294
985295
985296
985297
985298
985299
985300
985301
985303
985304
985305
985306
985307
985308
985309
985310
985312
985313
985314
985315
985316
98532
985321
985322
985323
985324
985325
985326
985327
985328
985329
985330
985331
985332
985333
985334
985335
985336
985338
985339
98534
985340
985341
985342
985343
985344
985345
985346
985347
985348
985349
985350
985351
985352
985353
985354
985355
985356
985357
985358
985359
98536
985360
985361
985362
985363
985364
985366
985367
985368
985369
98537
985370
985371
985372
985373
985375
985377
985378
985379
985380
985381
985383
985384
985385
985386
985387
985388
985389
98539
985390
985391
985392
985393
985394
985395
985396
985397
985398
985399
985400
985401
985402
985403
985404
985405
985407
985408
985409
98541
985410
985411
985412
985413
985414
985415
985416
985417
985419
98542
985420
985421
985422
985423
985424
985425
985426
985427
985428
985429
98543
985431
985433
985435
985436
985438
985439
98544
985440
985441
985442
985443
985444
985445
985446
985447
985448
985449
98545
985450
985451
985452
985453
985454
985455
985456
985457
985458
985459
985460
985461
985462
985463
985464
985465
985466
985467
985468
985469
98547
985470
985471
985472
985473
985475
985476
985478
985479
98548
985480
985481
985483
985484
985485
985486
985487
985488
985489
98549
985490
985491
985492
985493
985494
985495
985496
985497
985498
985499
985500
985501
985502
985503
985504
985505
985506
985507
985508
985509
98551
985510
985511
985512
985513
985514
985515
985517
985518
985519
98552
985521
985523
985524
985525
985527
985528
985529
985530
985531
985532
985533
985534
985535
985536
985537
985538
985539
98554
985540
985541
985542
985543
985544
985545
985546
985547
985548
985549
98555
985550
985553
985554
985555
985556
985557
985558
985559
985560
985561
985562
985563
985564
985565
985566
985567
985568
985569
98557
985570
985571
985572
985578
985579
98558
985580
985581
985583
985584
985585
985586
985587
985588
98559
985590
985591
985593
985594
985595
985596
985597
985598
985599
98560
985601
985602
985603
985604
985605
985606
985607
985608
985609
985610
985611
985612
985613
985614
985615
985616
985617
985618
985619
98562
985620
985621
985622
985623
985624
985625
985627
985628
985629
98563
985630
985631
985632
985633
985634
985635
985636
985637
985638
985639
98564
985640
985641
985642
985643
985644
985645
985646
985647
985648
985649
98565
985650
985651
985652
985653
985654
985655
985656
985657
985659
98566
985660
985661
985662
985663
985664
985665
985666
985667
985668
985669
98567
985670
985671
985672
985673
985674
985676
985677
985678
985679
985680
985681
985682
985683
985684
985685
985686
985687
985688
985689
98569
985690
985691
985692
985693
985694
985695
985696
985698
985699
98570
985700
985701
985702
985703
985704
985705
985706
985707
985708
985709
98571
985710
985711
985712
985713
985714
985715
985716
985717
985719
98572
985720
985721
985722
985723
985724
985725
985726
985727
985728
985729
985731
985732
985733
985734
985735
985736
985737
985738
985739
98574
985740
985741
985742
985743
985744
985746
985747
985748
985749
98575
985750
985751
985752
985753
985754
985755
985756
985757
985758
985759
98576
985760
985761
985762
985763
985764
985765
985766
985767
985768
985769
98577
985770
985771
985772
985773
985774
985775
985777
985778
985779
98578
985780
985781
985782
985783
985784
985785
985786
985787
985788
985789
98579
985790
985791
985792
985793
985794
985795
985796
985797
985798
985799
98580
985800
985801
985802
985803
985804
985805
985806
985807
985808
985809
98581
985810
985811
985812
985813
985815
985816
985817
985818
985819
98582
985820
985821
985822
985823
985824
985825
985826
985827
985828
985829
985830
985834
985835
985836
985837
985838
985839
98584
985840
985842
985843
985845
985846
985848
985849
98585
985850
985851
985852
985853
985854
985855
985856
985857
985858
985859
98586
985860
985861
985862
985863
985865
985866
985867
985868
985869
98587
985871
985873
985874
985877
98588
985880
985881
985882
985883
985884
985886
985888
985889
98589
985890
985891
985892
985894
985895
985896
985897
985898
98590
985900
985901
985902
985903
985904
985906
985907
985908
985910
985911
985913
985914
985915
985916
985917
985919
98592
985921
985922
985924
985925
985926
985927
985928
985929
98593
985930
985931
985932
985936
985937
985938
985939
98594
985940
985941
985942
985943
985944
985946
985948
985949
98595
985951
985952
985953
985958
985959
98596
985960
985961
985963
985964
985965
985966
985967
985968
985969
985970
985971
985972
985973
985974
985976
985977
98598
985981
985982
985984
985985
985987
985988
985989
98599
985990
985991
985992
985993
985994
985995
985996
985997
985998
985999
986
98600
986000
986001
986002
986003
986004
986005
986006
986007
986009
986010
986011
986012
986013
986014
986015
986016
986017
986018
986019
98602
986020
986021
986022
986023
986024
986025
986026
986027
986028
986029
98603
986030
986031
986032
986033
986035
986036
986037
986038
986039
98604
986040
986041
986043
986044
986045
986046
986048
986049
986050
986051
986052
986054
986055
986056
986057
986058
986059
98606
986060
986061
986062
986063
986064
986065
986066
986067
986068
986069
98607
986070
986071
986073
986074
986075
986076
986077
986078
986079
98608
986080
986081
986082
986084
986085
986086
986087
986088
986089
98609
986090
986091
986092
986093
986094
986095
986097
986098
986099
98610
986100
986101
986103
986104
986105
986106
986107
986108
986109
98611
986110
986111
986112
986114
986115
986116
986117
986118
986119
98612
986120
986121
986122
986123
986124
986125
986126
98613
986130
986131
986136
986137
98614
986140
986141
986142
986144
986145
986147
986149
98615
986150
986151
986152
986153
986154
986157
986158
986159
98616
986160
986162
986163
986164
986165
986166
986167
986168
986169
98617
986170
986171
986172
986173
986174
986175
986176
986177
986178
986179
98618
986180
986181
986182
986183
986184
986185
986186
986187
986188
986189
986190
986191
986192
986193
986194
986195
986196
986197
986198
986199
98620
986200
986201
986203
986204
986205
986206
986207
986208
986209
98621
986210
986211
986212
986213
986215
986217
986218
98622
986220
986221
986222
986223
986224
986225
986226
986227
986228
986230
986231
986232
986233
986234
986235
986236
986237
986238
986239
986240
986241
986243
986244
986245
986246
986247
986248
986249
98625
986250
986251
986252
986253
986254
986255
986256
986257
986258
986259
98626
986260
986261
986262
986263
986264
986265
986266
986267
986268
986269
98627
986270
986271
986272
986273
986274
986275
986276
986277
986278
986279
98628
986280
986282
986283
986284
986285
986286
986287
986288
986289
98629
986290
986291
986292
986293
986294
986295
986296
986297
986298
986299
98630
986300
986301
986302
986303
986304
986305
986306
986307
986308
986309
98631
986310
986311
986313
986314
986315
986316
986317
986318
986319
98632
986320
986321
986322
986323
986324
986325
986326
986327
986328
986329
98633
986330
986331
986332
986333
986334
986335
986336
986337
986338
986339
98634
986340
986341
986342
986343
986344
986345
986346
986347
986348
986349
98635
986350
986351
986352
986353
986354
986355
986356
986357
986359
98636
986360
986361
986363
986366
986368
986369
98637
986370
986371
986373
986374
986375
986376
986377
986378
986379
98638
986380
986381
986382
986384
986385
986386
986387
986388
986389
98639
986390
986391
986392
986393
986394
986396
986397
986398
986399
98640
986400
986401
986402
986403
986404
986405
986406
986407
986408
986409
98641
986410
986411
986412
986413
986414
986415
986417
986418
98642
986420
986421
986422
986423
986424
986425
986426
986427
986428
986429
98643
986430
986431
986432
986433
986434
986435
986436
986437
986438
986439
98644
986440
986441
986442
986443
986444
986445
986446
986447
986448
986449
98645
986450
986451
986452
986453
986454
986455
98646
986460
986461
986462
986465
986466
986467
986468
986469
98647
986470
986471
986472
986473
986474
986475
986476
986477
986478
986479
98648
986480
986481
986482
986483
986484
986485
986486
986487
986488
986489
98649
986490
986491
986492
986493
986494
986495
986496
986497
986498
986499
98650
986500
986501
986502
986503
986504
986505
986506
986507
986508
986509
98651
986510
986511
986512
986514
986518
986525
986527
986528
986529
98653
986530
986531
986532
986533
986534
986535
986536
986537
986538
986539
986540
986541
986542
986543
986544
986545
986546
986547
986548
986549
98655
986550
986551
986552
986554
986555
986558
986559
98656
986560
986561
986562
986563
986564
986565
986566
986567
986569
98657
986570
986571
986572
986573
986574
986575
986577
986578
986579
986580
986581
986582
986583
986584
986585
986586
986587
986588
986589
986591
986592
986593
986594
986595
986596
986597
986599
986600
986601
986602
986603
986604
986605
986606
986607
986608
98661
986610
986612
986613
986614
986615
986616
986617
986618
986619
986620
986621
986622
986623
986624
986625
986626
986627
986628
986629
986630
986631
986632
986633
986634
986636
986637
986638
986639
98664
986640
986641
986642
986643
986644
986645
986646
986647
986648
986649
986650
986651
986652
986653
986654
986655
986656
986657
986658
986659
98666
986660
986661
986662
986663
986664
986666
986667
986668
986671
986672
986673
986674
986675
986676
986677
986678
986679
98668
986680
986681
986682
986683
986684
986685
986686
986687
986688
986689
986690
986691
986693
986694
986695
986696
986698
986699
9867
986700
986701
986702
986703
986704
986705
986706
986707
986708
986709
986711
986712
986713
986714
986715
986716
986717
986718
986719
986720
986721
986722
986723
986725
986727
986730
986731
986735
986737
986740
986742
986743
986745
986746
986749
98675
986750
986751
986752
986753
986754
986755
986756
986757
986758
986759
98676
986761
986762
986764
986765
986766
986768
986769
986771
986772
986773
986775
986776
986777
986778
986779
986780
986781
986782
986783
986784
986785
986786
986787
986788
986789
98679
986790
986791
986792
986793
986794
986795
986796
986797
986798
986799
9868
986800
986801
986802
986803
986804
986805
986806
986807
986809
986810
986811
986812
986813
986814
986815
986816
986817
986818
986819
986820
986821
986822
986823
986824
986825
986826
986827
986828
986829
986830
986831
986832
986833
986836
986838
986839
986840
986841
986842
986843
986844
986845
986846
986847
986848
986849
986851
986852
986853
986854
986855
986856
986858
986859
986860
986861
986862
986863
986864
986865
986866
986867
986868
986874
986878
986879
986880
986881
986882
986883
986884
986885
986886
986887
986888
986889
986890
986891
986892
986896
986897
986898
986899
9869
986900
986901
986902
986903
986904
986905
986906
986907
986908
986909
986910
986912
986913
986915
986917
986918
986919
986920
986921
986922
986923
986924
986926
986928
986929
986930
986931
986932
986933
986934
986935
986937
986938
986939
986940
986941
986942
986943
986944
986945
986946
986947
986948
986949
986950
986951
986952
986953
986954
986955
986956
986957
986958
986959
986960
986961
986962
986963
986964
986965
986966
986967
986968
986969
986970
986971
986972
986973
986974
986975
986976
986977
986978
986979
986980
986981
986982
986983
986984
986985
986986
986987
986988
986989
986990
986991
986997
986998
986999
987
9870
987000
987001
987002
987003
987004
987005
987006
987007
987008
987009
987011
987012
987013
987014
987015
987016
987017
987018
987020
987021
987022
987023
987024
987025
987026
987027
987028
987029
987030
987031
987032
987033
987034
987035
987036
987038
987039
987041
987042
987043
987044
987045
987046
987047
987048
987049
987050
987051
987053
987054
987055
987056
987057
987058
987059
987060
987061
987063
987065
987066
987067
987068
987069
987070
987071
987072
987073
987074
987075
987076
987077
987078
987079
987080
987081
987082
987083
987084
987085
987086
987087
987088
987089
98709
987090
987091
987092
987093
987094
987095
987096
987097
987098
987099
9871
98710
987100
987101
987102
987103
987104
987105
987106
987107
987108
987109
987110
987111
987112
987113
987114
987115
987116
987117
987118
987119
98712
987120
987121
987122
987123
987124
987125
987126
987127
987128
987129
98713
987130
987131
987132
987133
987134
987135
987136
987140
987141
987142
987143
987144
987145
987146
987147
987148
987149
987150
987151
987152
987153
987154
987155
987156
987158
987159
987160
987162
987164
987165
987166
987167
987168
987169
987170
987171
987172
987173
987174
987176
987177
987178
987179
987180
987181
987183
987184
987185
987186
987187
987188
987189
987190
987191
987192
987193
987194
987195
987196
987197
987198
987199
9872
987200
987201
987202
987203
987204
987205
987206
987207
987208
987209
98721
987210
987211
987212
987213
987214
987215
987216
987218
987219
987220
987221
987222
987223
987224
987225
987226
987227
987228
987229
98723
987230
987231
987232
987234
987235
987236
987237
987238
98724
987240
987241
987242
987243
987244
987245
987246
987247
987248
987249
987250
987251
987252
987253
987254
987255
987256
987257
987258
987259
987260
987261
987263
987264
987269
987270
987271
987272
987273
987274
987275
987276
987277
987278
987279
987280
987281
987282
987283
987284
987285
987286
987287
987288
987289
987290
987292
987293
987294
987295
987296
987297
9873
98730
987301
987303
987304
987305
987306
987307
987308
987309
987310
987311
987312
987313
987315
987316
987317
987318
987319
987320
987321
987322
987323
987324
987325
987326
987327
987328
987329
98733
987330
987331
987332
987333
987334
987335
987336
987337
987338
987339
987340
987342
987343
987344
987345
987346
987347
987348
987349
987350
987351
987353
987354
987355
987356
987358
98736
987360
987361
987362
987363
987364
987365
987367
987368
987369
987370
987371
987372
987373
987374
987375
987376
987377
987378
987379
987380
987381
987382
987383
987385
987387
987388
987389
987390
987391
987392
987393
987394
987395
987396
987397
987398
987399
9874
98740
987400
987401
987402
987404
987405
987406
987407
987408
987409
98741
987410
987412
987413
987414
987415
987416
987417
987418
987419
987420
987421
987422
987423
987424
987425
987426
987427
987428
987429
987430
987431
987432
987433
987434
987436
987438
987439
987440
987441
987445
987446
987447
987448
987449
987451
987452
987453
987454
987455
987456
987457
987458
987459
98746
987460
987461
987462
987463
987464
987465
987467
987468
987469
987470
987471
987472
987473
987474
987475
987476
987477
987478
987479
987480
987481
987482
987483
987484
987485
987486
987487
987489
987490
987491
987492
987493
987494
987495
987496
987497
987498
987499
9875
98750
987500
987501
987502
987503
987504
987505
987506
987507
987508
987509
98751
987510
987511
987512
987513
987514
987515
987516
987517
987518
987519
987520
987524
987526
987527
987528
987529
987530
987531
987533
987534
987535
987536
987537
987538
987539
98754
987540
987541
987543
987544
987545
987546
987547
987548
987549
987550
987551
987552
987553
987554
987555
987556
987557
987558
987559
987560
987561
987562
