1103863
1103864
1103865
1103866
1103867
1103868
1103869
110387
1103870
1103871
1103872
1103873
1103874
1103875
1103876
1103877
1103878
1103879
1103880
1103881
1103882
1103883
1103884
1103885
1103886
1103887
1103888
1103889
110389
1103890
1103891
1103892
1103893
1103894
1103895
1103896
1103897
1103898
1103899
11039
110390
1103900
1103901
1103902
1103903
1103905
1103906
1103907
1103908
1103910
1103911
1103912
1103913
1103914
1103916
1103917
1103918
1103919
110392
1103921
1103922
1103923
1103924
1103925
1103926
1103927
1103928
1103929
110393
1103930
1103931
1103932
1103933
1103934
1103935
1103936
1103937
1103938
1103939
1103940
1103941
1103942
1103943
1103944
1103945
1103946
1103947
1103948
1103949
110395
1103950
1103951
1103952
1103953
1103954
1103955
1103956
1103957
1103958
1103959
110396
1103960
1103961
1103962
1103963
1103964
1103965
1103966
1103968
1103969
110397
1103970
1103971
1103972
1103973
1103974
1103975
1103976
1103977
1103978
1103979
110398
1103980
1103981
1103982
1103983
1103984
1103985
1103986
1103987
1103988
1103989
1103990
1103991
1103992
1103993
1103994
1103995
1103996
1103997
1103998
11040
110400
1104000
1104001
1104002
1104003
1104004
1104005
1104006
1104007
1104008
1104009
110401
1104010
1104011
1104012
1104013
1104015
1104016
1104018
1104019
110402
1104020
1104021
1104022
1104023
1104024
1104025
1104026
1104027
1104028
1104029
1104030
1104031
1104032
1104033
1104034
1104035
1104036
1104037
1104038
1104039
110404
1104040
1104041
1104042
1104044
1104045
1104046
1104047
1104048
1104049
1104050
1104051
1104052
1104053
1104054
1104055
1104056
1104057
1104058
1104059
110406
1104060
1104061
1104062
1104063
1104064
1104065
1104066
1104067
1104068
1104069
1104070
1104071
1104072
1104073
1104074
1104075
1104076
1104077
1104078
1104079
110408
1104080
1104081
1104082
1104083
1104084
1104085
1104086
1104087
1104088
1104089
1104090
1104091
1104092
1104093
1104094
1104095
1104096
1104097
1104098
1104099
11041
110410
1104100
1104101
1104102
1104103
1104104
1104105
1104106
1104107
1104108
1104109
1104110
1104111
1104112
1104113
1104114
1104115
1104116
1104117
1104118
1104119
110412
1104120
1104121
1104122
1104123
1104124
1104125
1104126
1104127
1104128
1104129
1104130
1104131
1104132
1104133
1104134
1104135
1104136
1104137
1104138
1104139
1104141
1104142
1104143
1104144
1104145
1104146
1104147
1104148
1104149
110415
1104150
1104151
1104152
1104153
1104154
1104155
1104156
1104158
1104159
110416
1104160
1104161
1104162
1104163
1104164
1104165
1104166
1104167
1104168
1104169
110417
1104170
1104171
1104172
1104174
1104175
1104176
1104177
1104178
1104179
110418
1104180
1104181
1104182
1104183
1104184
1104185
1104186
1104187
1104188
1104189
110419
1104190
1104191
1104192
1104193
1104194
1104195
1104196
1104197
1104198
1104199
11042
110420
1104200
1104201
1104202
1104203
1104204
1104205
1104206
1104207
1104208
1104209
110421
1104210
1104211
1104212
1104214
1104215
1104216
1104217
1104218
1104219
1104220
1104221
1104222
1104223
1104224
1104225
1104226
1104227
1104228
1104229
1104230
1104231
1104232
1104233
1104234
1104235
1104236
1104237
1104238
1104239
1104240
1104241
1104242
1104243
1104244
1104245
1104246
1104247
1104248
1104249
1104250
1104251
1104252
1104253
1104254
1104255
1104256
1104257
1104258
1104259
1104260
1104261
1104263
1104265
1104266
1104267
1104268
1104269
110427
1104271
1104272
1104275
1104279
110428
1104280
1104281
1104283
1104284
1104285
1104286
1104287
1104288
1104289
110429
1104290
1104291
1104292
1104293
1104294
1104295
1104296
1104297
1104298
1104299
11043
110430
1104300
1104301
1104302
1104304
1104305
1104306
1104307
1104308
1104309
110431
1104310
1104311
1104312
1104313
1104314
1104315
1104316
1104317
1104318
1104319
1104320
1104321
1104322
1104323
1104324
1104325
1104326
1104327
1104328
1104329
110433
1104330
1104331
1104332
1104334
1104335
1104336
1104337
1104338
1104339
1104341
1104342
1104344
1104345
1104346
1104347
1104348
1104349
110435
1104350
1104351
1104352
1104353
1104354
1104355
1104356
1104357
1104358
1104359
1104360
1104361
1104362
1104364
1104365
1104366
1104367
1104368
1104369
110437
1104370
1104371
1104372
1104373
1104374
1104375
1104376
1104377
1104378
1104379
110438
1104380
1104381
1104382
1104383
1104384
1104385
1104386
1104388
1104389
110439
1104390
1104391
1104393
1104394
1104395
1104396
1104397
1104398
1104399
11044
110440
1104400
1104401
1104402
1104403
1104404
1104405
1104406
1104407
1104408
1104409
110441
1104410
1104411
1104412
1104413
1104414
1104415
1104416
1104417
1104418
1104420
1104421
1104422
1104423
1104424
1104425
1104426
1104427
1104428
1104429
110443
1104430
1104431
1104432
1104433
1104434
1104435
1104436
1104437
1104438
1104439
1104440
1104441
1104443
1104444
1104445
1104446
1104447
1104448
1104449
110445
1104451
1104452
1104453
1104454
1104455
1104456
1104457
1104458
1104459
1104460
1104461
1104462
1104463
1104464
1104465
1104466
1104467
1104468
1104469
110447
1104470
1104471
1104473
1104474
1104475
1104476
1104477
1104478
1104479
1104480
1104481
1104482
1104483
1104484
1104485
1104486
1104487
1104488
1104489
1104490
1104491
1104492
1104493
1104494
1104495
1104496
1104497
1104498
1104499
11045
110450
1104500
1104501
1104502
1104503
1104504
1104505
1104506
1104507
1104508
1104509
1104510
1104511
1104512
1104513
1104514
1104515
1104516
1104517
1104519
1104520
1104521
1104522
1104525
1104526
1104527
1104528
1104529
1104530
1104531
1104532
1104533
1104534
1104535
1104536
1104537
1104538
1104539
110454
1104540
1104541
1104543
1104544
1104545
1104546
1104547
1104548
1104549
110455
1104550
1104551
1104552
1104553
1104554
1104555
1104556
1104557
1104558
1104559
1104560
1104561
1104562
1104563
1104564
1104565
1104566
1104567
1104568
1104569
110457
1104570
1104571
1104572
1104573
1104574
1104575
1104577
1104578
1104579
1104580
1104581
1104582
1104583
1104584
1104585
1104586
1104587
1104588
1104589
1104590
1104591
1104592
1104593
1104594
1104595
1104596
1104597
1104598
1104599
11046
1104600
1104601
1104602
1104603
1104604
1104608
1104610
1104612
1104613
1104614
1104615
1104616
1104618
1104619
110462
1104620
1104621
1104622
1104623
1104625
1104626
1104627
1104628
1104629
1104630
1104631
1104633
1104634
1104635
1104636
1104637
1104638
1104639
1104640
1104641
1104642
1104643
1104644
1104645
1104646
1104647
1104648
1104649
110465
1104650
1104651
1104652
1104653
1104655
1104656
1104657
1104658
1104659
1104660
1104661
1104662
1104663
1104664
1104665
1104666
1104667
1104668
1104669
1104670
1104671
1104672
1104673
1104674
1104675
1104676
1104677
1104678
110468
1104680
1104681
1104682
1104683
1104684
1104685
1104686
1104687
1104688
110469
1104691
1104692
1104694
1104695
1104696
1104697
1104698
1104699
11047
110470
1104700
1104701
1104702
1104703
1104704
1104705
1104706
1104707
1104708
1104709
110471
1104710
1104711
1104712
1104713
1104714
1104715
1104716
1104717
1104718
1104719
1104720
1104721
1104722
1104723
1104724
1104725
1104726
1104727
1104728
1104729
110473
1104730
1104731
1104733
1104734
1104735
1104737
1104738
1104739
110474
1104741
1104742
1104743
1104744
1104745
1104746
1104747
1104748
1104749
1104750
1104751
1104752
1104753
1104754
1104755
1104756
1104757
1104758
1104759
1104760
1104761
1104762
1104763
1104764
1104765
1104766
1104767
1104768
1104769
1104770
1104771
1104772
1104773
1104774
1104775
1104776
1104777
1104778
1104779
110478
1104781
1104782
1104786
1104787
1104788
1104789
110479
1104790
1104791
1104792
1104793
1104794
1104795
1104796
1104797
1104799
11048
110480
1104800
1104801
1104802
1104803
1104805
1104806
1104807
1104808
1104809
110481
1104810
1104811
1104812
1104813
1104814
1104815
1104816
1104817
1104818
1104819
1104820
1104821
1104822
1104823
1104824
1104825
1104826
1104827
1104828
1104829
110483
1104830
1104831
1104832
1104833
1104834
1104835
1104837
1104838
1104839
1104840
1104841
1104842
1104843
1104844
1104845
1104846
1104847
1104848
1104849
1104850
1104851
1104852
1104853
1104854
1104855
1104856
1104858
1104859
110486
1104860
1104861
1104863
1104864
1104865
1104867
1104868
1104869
1104870
1104871
1104872
1104873
1104874
1104875
1104876
1104877
1104878
1104879
110488
1104880
1104881
1104882
1104883
1104884
1104885
1104886
1104887
1104888
1104889
1104890
1104891
1104892
1104893
1104894
1104895
1104896
1104897
1104898
1104899
11049
110490
1104900
1104901
1104902
1104903
1104904
1104905
1104906
1104907
1104908
1104909
110491
1104910
1104911
1104912
1104914
1104915
1104916
1104917
1104918
1104919
1104920
1104921
1104922
1104923
1104924
1104925
1104926
1104927
1104929
110493
1104931
1104932
1104934
1104935
1104936
1104938
1104939
1104941
1104943
1104944
1104946
1104947
1104948
110495
1104950
1104951
1104952
1104953
1104955
1104956
1104957
1104958
1104959
110496
1104960
1104961
1104963
1104965
1104966
1104967
1104968
1104969
110497
1104971
1104972
1104973
1104975
1104978
1104979
1104980
1104981
1104982
1104983
1104984
1104985
1104986
1104987
1104988
1104989
110499
1104990
1104991
1104992
1104993
1104994
1104995
1104996
1104997
1104998
1104999
11050
1105000
1105001
1105002
1105003
1105004
1105005
1105007
1105008
1105009
110501
1105010
1105011
1105013
1105014
1105015
1105016
1105017
1105018
1105019
110502
1105020
1105021
1105022
1105023
1105024
1105025
1105026
1105027
1105028
1105029
1105030
1105031
1105032
1105033
1105034
1105035
1105036
1105037
1105038
1105039
110504
1105040
1105041
1105042
1105043
1105044
1105045
1105046
1105047
1105048
1105049
1105050
1105051
1105052
1105053
1105054
1105056
1105057
1105058
1105059
110506
1105060
1105061
1105062
1105063
1105064
1105065
1105066
1105067
1105069
1105070
1105071
1105072
1105073
1105074
1105075
1105076
1105077
1105078
1105079
1105080
1105081
1105083
1105084
1105085
1105086
1105087
1105088
1105089
110509
1105090
1105091
1105092
1105093
1105094
1105096
1105098
1105099
11051
110510
1105100
1105101
1105102
1105103
1105104
1105106
1105107
1105108
1105109
1105110
1105111
1105112
1105113
1105114
1105115
1105116
1105118
1105119
1105121
1105122
1105123
1105124
1105125
1105126
1105127
1105129
110513
1105130
1105131
1105132
1105133
1105134
1105135
1105136
1105138
1105139
110514
1105140
1105141
1105142
1105143
1105144
1105145
1105146
1105147
1105148
1105149
110515
1105150
1105151
1105152
1105153
1105154
1105155
1105156
1105157
1105158
1105159
1105160
1105161
1105162
1105163
1105164
1105165
1105166
1105167
1105168
1105169
1105170
1105171
1105174
1105175
1105176
1105177
1105178
1105179
1105181
1105182
1105183
1105184
1105185
1105186
1105187
1105189
110519
1105190
1105191
1105192
1105193
1105194
1105195
1105196
1105197
1105198
1105199
11052
110520
1105200
1105201
1105202
1105203
1105204
1105205
1105206
1105207
1105208
1105209
110521
1105210
1105211
1105212
1105213
1105214
1105215
1105216
1105217
1105218
1105219
1105220
1105221
1105222
1105223
1105224
1105225
1105226
1105227
1105228
1105229
110523
1105230
1105231
1105232
1105233
1105234
1105235
1105237
1105238
1105239
1105240
1105241
1105242
1105243
1105244
1105245
1105246
1105247
1105248
1105249
110525
1105250
1105255
1105257
1105258
1105259
1105260
1105261
1105262
1105263
1105264
1105265
1105266
1105267
1105268
1105269
110527
1105270
1105271
1105272
1105273
1105274
1105275
1105276
1105277
1105278
1105279
110528
1105280
1105281
1105282
1105283
1105284
1105285
1105286
1105287
1105288
1105289
1105290
1105291
1105292
1105294
1105295
1105296
1105297
1105298
1105299
11053
110530
1105300
1105301
1105302
1105303
1105304
1105305
1105306
1105307
1105309
1105310
1105311
1105312
1105313
1105314
1105315
1105316
1105317
1105318
1105319
1105320
1105321
1105322
1105323
1105324
1105325
1105326
1105327
1105328
1105329
110533
1105330
1105331
1105332
1105333
1105334
1105335
1105336
1105337
1105338
1105339
1105340
1105341
1105342
1105343
1105344
1105345
1105346
1105347
1105348
1105349
110535
1105350
1105351
1105352
1105353
1105354
1105355
1105356
1105357
1105358
1105359
110536
1105360
1105361
1105362
1105363
1105364
1105365
1105366
1105367
1105369
1105370
1105371
1105372
1105373
1105374
1105375
1105376
1105377
1105378
1105379
110538
1105380
1105381
1105382
1105383
1105384
1105385
1105386
1105387
1105388
1105389
1105390
1105391
1105392
1105393
1105394
1105395
1105396
1105397
1105398
1105399
11054
110540
1105400
1105402
1105404
1105405
1105407
1105408
1105409
110541
1105410
1105411
1105412
1105413
1105414
1105415
1105416
1105417
1105418
1105419
1105420
1105422
1105423
1105425
1105427
1105428
1105429
1105431
1105432
1105433
1105434
1105435
1105436
1105437
1105438
1105439
110544
1105440
1105441
1105442
1105443
1105444
1105445
1105446
1105447
1105448
1105449
110545
1105450
1105451
1105452
1105453
1105454
1105455
1105456
1105457
1105458
1105459
1105461
1105462
1105463
1105464
1105465
1105466
1105467
1105468
1105469
110547
1105470
1105471
1105472
1105473
1105474
1105475
1105476
1105477
110548
1105481
1105482
1105483
1105484
1105485
1105486
1105487
1105488
1105489
110549
1105490
1105491
1105492
1105493
1105495
1105496
1105497
1105498
1105499
11055
110550
1105500
1105501
1105502
1105503
1105504
1105506
1105507
1105508
1105509
110551
1105510
1105511
1105512
1105513
1105514
1105515
1105516
1105517
1105518
1105519
110552
1105521
1105522
1105523
1105524
1105526
1105527
1105529
110553
1105530
1105531
1105533
1105534
1105536
1105539
110554
1105540
1105541
1105543
1105544
1105545
1105546
1105547
1105548
1105549
110555
1105550
1105551
1105552
1105553
1105555
1105556
1105557
1105558
1105559
1105560
1105561
1105562
1105563
1105564
1105565
1105566
1105567
1105568
1105569
1105570
1105571
1105572
1105573
1105574
1105575
1105576
1105577
1105578
1105579
110558
1105580
1105581
1105583
1105584
1105585
1105588
1105589
110559
1105590
1105591
1105592
1105593
1105594
1105596
1105597
1105598
1105599
11056
110560
1105600
1105601
1105602
1105603
1105604
1105605
1105606
1105607
1105608
1105609
110561
1105610
1105611
1105612
1105613
1105614
1105615
1105616
1105617
1105618
1105619
1105620
1105621
1105622
1105623
1105624
1105625
1105626
1105627
1105628
1105629
1105630
1105631
1105632
1105633
1105634
1105635
1105636
1105637
1105638
1105639
110564
1105640
1105641
1105642
1105643
1105644
1105645
1105646
1105647
1105648
1105649
1105651
1105652
1105653
1105654
1105655
1105656
1105657
1105658
110566
1105660
1105663
1105664
1105665
1105666
1105667
1105668
1105669
1105670
1105677
1105679
110568
1105680
1105681
1105682
1105683
1105684
1105685
1105686
1105687
1105688
1105689
1105690
1105691
1105692
1105693
1105694
1105695
1105696
1105697
1105698
1105699
11057
110570
1105700
1105701
1105702
1105703
1105704
1105705
1105706
1105707
1105709
110571
1105710
1105711
1105712
1105713
1105714
1105715
1105717
1105718
1105719
1105720
1105721
1105722
1105723
1105724
1105725
1105726
1105727
1105728
1105729
110573
1105730
1105731
1105732
1105733
1105735
1105736
1105737
1105738
1105739
1105740
1105741
1105742
1105743
1105744
1105745
1105746
1105747
1105748
1105749
110575
1105750
1105751
1105752
1105753
1105754
1105755
1105756
1105757
1105758
1105759
110576
1105760
1105762
1105763
1105764
1105765
1105767
1105768
1105769
1105770
1105771
1105772
1105773
1105774
1105775
1105776
1105777
1105778
1105779
1105780
1105781
1105782
1105783
1105784
1105785
1105786
1105787
1105789
1105790
1105791
1105792
1105793
1105795
1105796
1105797
1105798
11058
110580
1105800
1105801
1105802
1105803
1105804
1105805
1105806
1105808
1105809
1105810
1105811
1105812
1105813
1105814
1105816
1105817
1105818
1105819
1105820
1105822
1105823
1105824
1105825
1105826
1105827
1105828
1105829
1105830
1105831
1105832
1105833
1105834
1105835
1105837
1105838
1105839
110584
1105840
1105841
1105842
1105843
1105844
1105845
1105846
1105847
1105848
1105849
110585
1105850
1105851
1105852
1105853
1105854
1105855
1105856
1105857
1105858
1105859
110586
1105860
1105861
1105862
1105863
1105864
1105865
1105866
1105867
1105869
110587
1105870
1105872
1105873
1105875
1105876
1105877
1105878
1105879
110588
1105880
1105881
1105883
1105884
1105885
1105886
1105887
1105888
1105889
110589
1105890
1105891
1105892
1105893
1105894
1105895
1105896
1105897
1105898
1105899
11059
110590
1105900
1105901
1105902
1105903
1105905
1105906
1105907
1105908
1105909
110591
1105910
1105911
1105912
1105913
1105914
1105915
1105916
1105917
1105918
1105919
1105920
1105921
1105922
1105923
1105924
1105925
1105927
1105928
1105929
1105930
1105931
1105932
1105933
1105934
1105935
1105936
1105937
1105938
1105939
110594
1105940
1105941
1105942
1105944
1105946
1105948
110595
1105950
1105951
1105952
1105953
1105954
1105955
1105956
1105957
1105958
1105959
1105960
1105961
1105962
1105963
1105964
1105965
1105966
1105967
1105968
1105970
1105971
1105972
1105973
1105974
1105975
1105976
1105979
110598
1105980
1105981
1105982
1105983
1105984
1105985
1105986
1105987
1105988
1105989
110599
1105990
1105991
1105992
1105993
1105994
1105995
1105996
1105997
1105998
1105999
11060
110600
1106000
1106001
1106002
1106003
1106004
1106006
1106007
1106008
1106009
1106010
1106011
1106012
1106013
1106014
1106015
1106016
1106017
1106018
1106019
1106020
1106021
1106022
1106023
1106024
1106025
1106026
1106027
1106028
1106029
110603
1106030
1106031
1106032
1106033
1106034
1106035
1106037
1106038
1106039
1106040
1106041
1106042
1106043
1106044
1106045
1106047
1106048
1106049
110605
1106050
1106051
1106052
1106053
1106054
1106056
1106057
1106058
1106059
1106060
1106061
1106062
1106063
1106064
1106065
1106066
1106068
1106069
1106070
1106071
1106073
1106074
1106075
1106076
1106078
1106079
110608
1106081
1106082
1106084
1106085
1106086
1106087
1106088
1106089
1106090
1106091
1106093
1106094
1106095
1106096
1106097
1106098
1106099
11061
1106100
1106101
1106102
1106103
1106105
1106106
1106107
1106108
1106109
1106110
1106112
1106113
1106114
1106115
1106117
1106119
110612
1106120
1106121
1106122
1106123
1106124
1106126
1106127
1106128
1106129
110613
1106130
1106131
1106132
1106133
1106134
1106135
1106136
1106137
1106138
1106139
110614
1106140
1106141
1106142
1106143
1106144
1106145
1106146
1106147
1106148
1106151
1106152
1106155
1106156
1106157
1106158
1106159
110616
1106160
1106161
1106162
1106163
1106164
1106165
1106166
1106167
1106168
1106169
110617
1106170
1106171
1106172
1106173
1106174
1106175
1106176
1106177
1106178
1106179
110618
1106180
1106181
1106182
1106183
1106184
1106185
1106186
1106189
110619
1106190
1106192
1106194
1106195
1106196
1106197
1106198
1106199
11062
110620
1106200
1106201
1106202
1106203
1106204
1106205
1106206
1106207
1106208
1106209
1106210
1106211
1106212
1106213
1106214
1106215
1106216
1106217
1106219
110622
1106220
1106221
1106222
1106223
1106224
1106225
1106226
1106227
1106229
1106231
1106232
1106233
1106235
1106236
1106238
1106239
110624
1106240
1106241
1106242
1106243
1106244
1106245
1106246
1106247
1106248
1106249
1106250
1106251
1106252
1106253
1106254
1106255
1106256
1106257
1106258
1106259
110626
1106260
1106261
1106262
1106263
1106264
1106265
1106266
1106267
1106268
1106269
1106271
1106272
1106273
1106274
1106275
1106276
1106277
1106278
1106279
110628
1106280
1106281
1106282
1106283
1106284
1106285
1106286
1106287
1106288
1106289
110629
1106290
1106291
1106292
1106293
1106294
1106295
1106296
1106297
1106298
1106299
11063
110630
1106300
1106301
1106302
1106303
1106304
1106305
1106306
1106307
1106308
1106309
110631
1106310
1106311
1106312
1106314
1106315
1106316
1106318
1106320
1106321
1106322
1106323
1106324
1106325
1106326
1106327
1106328
1106329
110633
1106330
1106331
1106332
1106333
1106334
1106335
1106336
1106337
1106338
1106339
1106340
1106341
1106342
1106343
1106344
1106345
1106346
1106347
1106348
1106349
110635
1106350
1106351
1106352
1106353
1106354
1106355
1106356
1106357
1106358
1106359
110636
1106360
1106361
1106362
1106363
1106364
1106365
1106367
1106368
1106369
110637
1106370
1106372
1106373
1106374
1106375
1106376
1106377
1106378
1106380
1106381
1106382
1106383
1106385
1106386
1106387
1106388
1106389
1106390
1106391
1106392
1106393
1106394
1106395
1106396
1106397
1106398
1106399
11064
1106400
1106401
1106402
1106403
1106404
1106405
1106406
1106407
1106408
110641
1106410
1106411
1106412
1106413
1106414
1106415
1106416
1106417
1106418
1106419
110642
1106420
1106421
1106422
1106423
1106424
1106426
1106427
1106429
110643
1106430
1106431
1106432
1106433
1106434
1106435
1106436
1106437
1106438
1106439
110644
1106440
1106441
1106442
1106443
1106444
1106445
1106446
1106447
1106448
1106449
1106450
1106451
1106452
1106453
1106454
1106455
1106456
1106457
1106458
1106459
110646
1106460
1106461
1106462
1106463
1106464
1106465
1106466
1106468
1106469
110647
1106470
1106471
1106472
1106473
1106474
1106475
1106476
1106477
1106478
1106479
1106480
1106481
1106482
1106483
1106484
1106485
1106486
1106487
1106488
1106489
1106490
1106491
1106492
1106493
1106494
1106496
1106497
1106498
1106499
11065
110650
1106500
1106501
1106502
1106503
1106504
1106505
1106506
1106507
1106508
1106509
110651
1106510
1106511
1106512
1106513
1106514
1106515
1106516
1106517
1106518
1106519
1106520
1106521
1106522
1106523
1106524
1106525
1106526
1106527
1106528
1106529
110653
1106530
1106531
1106532
1106533
1106534
1106535
1106537
1106539
1106540
1106541
1106542
1106543
1106544
1106545
1106546
1106547
1106548
1106549
110655
1106550
1106551
1106552
1106553
1106554
1106555
1106556
1106557
1106558
1106559
110656
1106560
1106561
1106562
1106563
1106564
1106565
1106566
1106567
1106568
1106569
1106570
1106571
1106572
1106573
1106574
1106575
1106576
1106577
1106578
1106579
1106581
1106582
1106583
1106584
1106585
1106586
1106587
1106588
1106589
110659
1106590
1106591
1106592
1106593
1106594
1106595
1106596
1106597
1106598
1106599
11066
110660
1106600
1106601
1106602
1106603
1106605
1106606
1106607
1106608
1106609
110661
1106611
1106612
1106613
1106614
1106615
1106616
1106617
1106618
1106619
110662
1106620
1106621
1106622
1106623
1106624
1106625
1106626
1106627
1106628
1106629
1106630
1106631
1106632
1106633
1106634
1106635
1106636
1106637
1106638
1106639
110664
1106641
1106642
1106643
1106644
1106645
1106646
1106647
1106648
1106649
1106650
1106651
1106652
1106653
1106654
1106655
1106656
1106657
1106659
110666
1106660
1106661
1106662
1106663
1106664
1106665
1106666
1106667
1106668
1106669
110667
1106670
1106671
1106672
1106673
1106674
1106675
1106676
1106678
1106679
110668
1106680
1106681
1106682
1106683
1106684
1106685
1106686
1106687
1106688
1106689
110669
1106690
1106691
1106692
1106693
1106694
1106695
1106697
1106698
1106699
11067
110670
1106701
1106702
1106703
1106704
1106705
1106706
1106707
1106708
1106709
110671
1106710
1106711
1106713
1106714
1106715
1106716
1106717
1106718
1106719
1106720
1106721
1106722
1106723
1106724
1106725
1106726
1106727
1106728
1106729
110673
1106730
1106731
1106732
1106733
1106734
1106735
1106736
1106737
1106739
110674
1106740
1106741
1106744
1106745
1106746
1106747
1106748
1106749
110675
1106750
1106751
1106753
1106754
1106755
1106756
1106757
1106758
1106759
1106760
1106761
1106763
1106765
1106766
1106767
1106768
1106769
110677
1106772
1106773
1106774
1106775
1106776
1106777
1106778
1106779
1106780
1106781
1106782
1106783
1106784
1106785
1106786
1106787
1106788
1106789
110679
1106790
1106791
1106792
1106793
1106794
1106795
1106796
1106797
1106798
1106799
11068
110680
1106800
1106801
1106802
1106803
1106804
1106805
1106806
1106807
1106808
1106809
110681
1106810
1106811
1106812
1106813
1106814
1106815
1106816
1106817
1106819
1106820
1106821
1106822
1106823
1106824
1106825
1106826
1106827
1106828
110683
1106830
1106831
1106832
1106833
1106834
1106835
1106836
1106837
1106838
110684
1106840
1106841
1106842
1106843
1106844
1106845
1106846
1106847
1106848
1106849
110685
1106850
1106851
1106852
1106853
1106854
1106855
1106856
1106857
1106858
1106859
1106860
1106861
1106862
1106863
1106864
1106865
1106866
1106867
1106868
1106869
110687
1106870
1106871
1106872
1106873
1106874
1106875
1106876
1106877
1106878
1106879
110688
1106880
1106881
1106882
1106883
1106884
1106885
1106886
1106887
1106889
110689
1106890
1106891
1106892
1106894
1106895
1106896
1106897
1106898
1106899
11069
1106900
1106901
1106902
1106903
1106904
1106905
1106906
1106907
1106908
1106909
1106910
1106911
1106912
1106913
1106914
1106915
1106916
1106917
1106918
1106919
110692
1106920
1106921
1106922
1106923
1106924
1106925
1106926
1106927
1106928
1106929
110693
1106930
1106931
1106932
1106934
1106935
1106937
1106938
1106939
110694
1106940
1106941
1106942
1106943
1106944
1106945
1106946
1106947
1106948
1106949
1106950
1106951
1106953
1106954
1106955
1106956
1106957
1106958
1106959
110696
1106960
1106961
1106962
1106963
1106964
1106965
1106966
1106967
1106968
1106969
1106970
1106971
1106972
1106973
1106974
1106975
1106976
1106977
1106978
1106979
110698
1106981
1106982
1106983
1106984
1106985
1106986
1106987
1106988
1106989
110699
1106990
1106991
1106992
1106993
1106994
1106995
1106996
1106997
1106998
1106999
11070
110700
1107000
1107001
1107002
1107003
1107007
1107008
1107009
110701
1107010
1107011
1107012
1107013
1107015
1107017
1107018
1107019
110702
1107020
1107021
1107023
1107024
1107025
1107026
1107027
1107028
1107029
110703
1107030
1107031
1107032
1107034
1107035
1107036
1107037
1107038
1107039
110704
1107040
1107041
1107042
1107043
1107044
1107045
1107046
1107047
1107048
1107049
110705
1107050
1107051
1107052
1107053
1107054
1107055
1107056
1107057
1107058
1107059
1107060
1107061
1107064
1107065
1107066
1107067
1107068
1107069
110707
1107070
1107071
1107072
1107073
1107074
1107075
1107076
1107077
1107083
1107085
1107086
1107088
1107091
1107096
1107097
1107098
1107099
11071
1107100
1107101
1107103
1107104
1107105
1107106
1107107
1107108
1107109
1107110
1107111
1107112
1107113
1107114
1107115
1107118
1107119
1107120
1107121
1107122
1107123
1107124
1107125
1107127
1107128
1107129
110713
1107130
1107131
1107132
1107133
1107134
1107135
1107136
1107137
1107138
1107139
110714
1107140
1107141
1107142
1107143
1107144
1107145
1107146
1107147
1107148
1107149
1107150
1107151
1107152
1107153
1107154
1107155
1107156
1107157
1107158
1107159
110716
1107160
1107161
1107162
1107163
1107165
1107166
1107167
1107168
1107169
110717
1107171
1107172
1107173
1107174
1107175
1107176
1107177
1107178
1107179
1107180
1107181
1107182
1107183
1107184
1107185
1107187
1107188
1107189
110719
1107190
1107191
1107192
1107193
1107194
1107195
1107196
1107198
1107199
11072
1107200
1107201
1107202
1107203
1107204
1107205
1107206
1107207
1107208
1107210
1107211
1107212
1107213
1107214
1107215
1107216
1107217
1107218
1107219
1107220
1107221
1107222
1107224
1107225
1107226
1107227
1107228
1107229
1107230
1107231
1107233
1107234
1107235
1107237
1107238
1107239
1107240
1107241
1107242
1107243
1107244
1107245
1107246
1107247
1107248
1107249
1107250
1107251
1107252
1107253
1107254
1107255
1107256
1107257
1107258
1107259
1107260
1107261
1107262
1107263
1107264
1107265
1107266
1107267
1107269
1107270
1107271
1107272
1107273
1107274
1107275
1107276
1107277
1107278
1107279
1107280
1107281
1107282
1107283
1107284
1107285
1107286
1107287
110729
1107290
1107291
1107292
1107293
1107294
1107295
1107296
1107297
1107298
1107299
11073
110730
1107300
1107304
1107305
1107306
1107307
1107308
1107309
110731
1107310
1107311
1107312
1107314
1107317
1107318
1107319
1107320
1107321
1107323
1107324
1107325
1107326
1107327
1107328
1107329
110733
1107330
1107331
1107332
1107333
1107334
1107335
1107336
1107337
1107338
1107339
110734
1107340
1107341
1107342
1107343
1107345
1107346
1107347
1107348
1107349
1107350
1107351
1107352
1107353
1107354
1107355
1107356
1107357
1107358
1107359
110736
1107360
1107361
1107362
1107363
1107364
1107365
1107366
1107367
1107368
1107369
1107370
1107371
1107372
1107373
1107374
1107375
1107376
1107378
1107379
110738
1107380
1107381
1107383
1107384
1107385
1107386
1107387
1107388
1107389
110739
1107390
1107391
1107392
1107393
1107394
1107395
1107396
1107397
1107398
1107399
11074
110740
1107401
1107402
1107403
1107404
1107405
1107406
1107407
1107408
1107409
110741
1107411
1107412
1107413
1107414
1107415
1107416
1107417
1107418
1107419
110742
1107420
1107421
1107422
1107423
1107425
1107426
1107427
1107429
110743
1107430
1107431
1107432
1107433
1107434
1107435
1107436
1107437
1107438
1107439
1107440
1107441
1107442
1107443
1107445
1107446
1107447
1107448
110745
1107450
1107451
1107452
1107453
1107454
1107455
1107456
1107457
1107458
1107459
1107460
1107461
1107462
1107463
1107464
1107465
1107466
1107467
1107468
1107469
110747
1107470
1107471
1107472
1107473
1107474
1107475
1107476
1107477
1107478
110748
1107481
1107482
1107483
1107484
1107485
1107486
1107487
1107488
1107489
1107490
1107491
1107492
1107493
1107494
1107495
1107496
1107497
11075
1107500
1107501
1107503
1107504
1107505
1107506
1107507
1107508
1107509
110751
1107510
1107511
1107512
1107513
1107514
1107517
1107518
1107519
110752
1107520
1107522
1107523
1107524
1107525
1107526
1107527
1107528
1107529
1107530
1107531
1107532
1107533
1107534
1107535
1107536
1107537
1107538
1107539
110754
1107540
1107541
1107542
1107543
1107544
1107545
1107546
1107547
1107548
1107549
1107550
1107551
1107552
1107553
1107554
1107555
1107556
1107557
1107558
1107559
1107560
1107561
1107562
1107563
1107565
1107566
1107568
1107569
1107570
1107571
1107572
1107574
1107575
1107576
1107577
1107578
1107579
1107580
1107581
1107582
1107583
1107584
1107585
1107586
1107587
1107588
1107589
1107590
1107592
1107593
1107594
1107595
1107596
1107597
1107598
1107599
11076
110760
1107600
1107601
1107602
1107603
1107604
1107605
1107606
1107607
1107608
1107609
110761
1107610
1107611
1107612
1107613
1107614
1107615
1107616
1107617
1107618
1107619
110762
1107620
1107621
1107622
1107623
1107624
1107625
1107626
1107627
1107628
1107629
1107630
1107631
1107632
1107633
1107634
1107635
1107636
1107637
1107638
1107639
1107640
1107642
1107643
1107644
1107645
1107646
1107647
1107648
1107649
1107650
1107651
1107652
1107653
1107654
1107655
1107656
1107657
1107658
1107659
1107660
1107661
1107662
1107663
1107664
1107665
1107666
1107667
1107668
1107669
1107670
1107671
1107672
1107673
1107674
1107675
1107676
1107678
1107679
110768
1107680
1107681
1107682
1107683
1107684
1107685
1107686
1107687
1107688
1107689
1107690
1107691
1107692
1107693
1107694
1107695
1107697
1107698
1107699
11077
110770
1107700
1107701
1107702
1107703
1107704
1107706
1107707
1107708
1107709
110771
1107710
1107712
1107713
1107715
1107716
1107717
1107718
1107719
110772
1107720
1107722
1107723
1107724
1107725
1107726
1107727
1107728
1107729
110773
1107730
1107731
1107732
1107733
1107734
1107735
1107736
1107737
1107738
1107740
1107742
1107744
1107745
1107746
1107747
1107748
1107749
110775
1107750
1107751
1107752
1107753
1107754
1107755
1107756
1107757
1107758
1107761
1107762
1107763
1107764
1107766
1107767
1107768
1107769
110777
1107771
1107773
1107774
1107775
1107777
1107779
1107780
1107781
1107782
1107783
1107784
1107786
1107787
1107788
110779
1107790
1107791
1107792
1107793
1107794
1107795
1107796
1107797
1107798
11078
1107800
1107801
1107802
1107803
1107804
1107805
1107806
1107807
1107808
1107809
110781
1107810
1107811
1107812
1107813
1107814
1107815
1107816
1107817
1107818
1107819
1107821
1107822
1107823
1107824
1107825
1107826
1107827
1107828
1107829
1107830
1107831
1107832
1107833
1107834
1107835
1107836
1107837
1107838
1107840
1107841
1107842
1107843
1107844
1107845
1107846
1107847
1107848
1107849
1107851
1107852
1107853
1107854
1107855
1107856
1107857
1107858
1107859
1107860
1107861
1107862
1107863
1107864
1107865
1107866
1107868
1107869
110787
1107871
1107872
1107873
1107874
1107875
1107876
1107877
1107878
1107879
1107880
1107881
1107883
1107884
1107885
1107886
1107887
1107888
1107889
110789
1107890
1107891
1107892
1107893
1107894
1107895
1107896
1107897
1107898
1107899
110790
1107900
1107901
1107902
1107903
1107904
1107905
1107906
1107907
1107908
1107909
1107910
1107911
1107912
1107914
1107915
1107916
1107917
1107918
1107919
110792
1107920
1107921
1107922
1107923
1107924
1107925
1107926
1107927
1107928
1107929
1107930
1107931
1107932
1107933
1107934
1107935
1107936
1107937
1107938
1107939
1107940
1107941
1107942
1107943
1107944
1107945
1107946
1107947
1107948
1107949
1107950
1107951
1107952
1107953
1107954
1107955
1107956
1107957
1107958
1107959
1107960
1107961
1107962
1107963
1107964
1107965
1107967
1107968
1107969
110797
1107970
1107971
1107972
1107973
1107976
1107978
1107979
1107980
1107981
1107982
1107983
1107984
1107985
1107986
1107987
1107988
1107989
1107990
1107991
1107992
1107993
1107994
1107995
1107997
1107998
1107999
1108000
1108001
1108002
1108003
1108004
1108005
1108006
1108007
1108008
1108009
1108010
1108011
1108012
1108013
1108014
1108015
1108018
1108019
1108020
1108021
1108022
1108023
1108024
1108026
1108027
1108028
1108029
110803
1108030
1108031
1108032
1108034
1108035
1108036
1108037
1108038
1108039
110804
1108040
1108041
1108042
1108044
1108045
1108047
1108048
1108049
1108050
1108051
1108053
1108054
1108055
1108056
1108057
1108058
1108059
110806
1108060
1108061
1108062
1108063
1108064
1108065
1108066
1108067
1108068
1108069
110807
1108070
1108071
1108073
1108074
1108075
1108076
1108077
1108078
1108079
110808
1108080
1108081
1108082
1108083
1108084
1108085
1108086
1108087
1108088
1108089
110809
1108090
1108091
1108092
1108093
1108094
1108095
1108096
1108097
1108099
11081
1108100
1108101
1108103
1108105
1108106
1108107
1108108
1108109
1108110
1108111
1108112
1108113
1108114
1108115
1108116
1108117
1108118
1108119
110812
1108120
1108121
1108124
1108125
1108126
1108127
1108128
1108129
110813
1108132
1108134
1108135
1108136
1108137
1108138
1108139
110814
1108140
1108141
1108142
1108143
1108144
1108145
1108146
1108147
1108148
1108149
110815
1108150
1108151
1108153
1108154
1108155
1108156
1108157
1108158
1108159
1108160
1108162
1108163
1108164
1108165
1108166
1108167
1108168
1108169
110817
1108170
1108171
1108172
1108174
1108176
1108177
1108178
1108179
110818
1108180
1108181
1108182
1108183
1108184
1108187
1108188
1108189
110819
1108190
1108191
1108192
1108193
1108194
1108195
1108196
1108197
1108198
1108199
11082
110820
1108200
1108201
1108202
1108203
1108204
1108205
1108206
1108208
1108209
1108211
1108212
1108213
1108214
1108215
1108216
1108217
1108218
1108219
110822
1108220
1108221
1108222
1108223
1108224
1108225
1108226
1108227
1108228
1108229
110823
1108230
1108231
1108232
1108233
1108234
1108235
1108237
1108239
110824
1108241
1108244
1108245
1108246
1108247
1108249
110825
1108251
1108252
1108253
1108254
1108255
1108256
1108257
1108258
1108259
1108260
1108261
1108262
1108263
1108264
1108265
1108266
1108267
1108268
1108269
110827
1108270
1108271
1108272
1108273
1108274
1108275
1108276
1108278
1108279
1108280
1108281
1108282
1108283
1108284
1108285
1108286
1108287
1108288
1108289
110829
1108290
1108291
1108292
1108293
1108294
1108295
1108296
1108297
1108298
1108299
11083
110830
1108300
1108301
1108302
1108303
1108304
1108305
1108306
1108307
1108308
1108309
1108310
1108311
1108313
1108314
1108315
1108316
1108318
1108319
110832
1108320
1108321
1108322
1108323
1108324
1108325
1108326
1108327
1108328
1108329
1108330
1108331
1108332
1108333
1108334
1108335
1108336
1108337
1108338
1108339
1108340
1108341
1108342
1108343
1108344
1108345
1108346
1108347
1108348
1108349
1108350
1108351
1108352
1108353
1108354
1108355
1108357
1108358
1108359
110836
1108360
1108361
1108362
1108363
1108364
1108365
1108366
1108367
1108368
1108369
1108370
1108371
1108372
1108373
1108374
1108375
1108377
1108379
1108380
1108381
1108382
1108383
1108384
1108385
1108386
1108387
1108388
1108389
1108390
1108391
1108392
1108393
1108394
1108395
1108396
1108397
1108398
1108399
11084
110840
1108400
1108401
1108402
1108403
1108404
1108405
1108406
1108407
1108408
1108409
110841
1108410
1108411
1108412
1108413
1108414
1108415
1108416
1108417
1108418
1108421
1108422
1108423
1108424
1108425
1108426
1108427
1108428
1108429
110843
1108431
1108432
1108433
1108434
1108435
1108436
1108437
1108438
1108439
1108440
1108441
1108442
1108443
1108444
1108445
1108446
1108447
1108448
1108450
1108451
1108452
1108453
1108454
1108455
1108456
1108457
1108458
1108459
110846
1108460
1108461
1108462
1108463
1108464
1108465
1108467
1108468
1108469
110847
1108470
1108471
1108472
1108473
1108474
1108475
1108476
1108478
1108479
1108480
1108481
1108482
1108483
1108484
1108485
1108486
1108487
1108488
1108489
110849
1108490
1108491
1108492
1108493
1108494
1108495
1108496
1108497
1108498
1108499
11085
110850
1108500
1108501
1108502
1108503
1108504
1108505
1108506
1108507
1108508
1108509
110851
1108510
1108511
1108512
1108513
1108514
1108515
1108516
1108517
1108518
110852
1108520
1108521
1108522
1108523
1108524
1108525
1108526
1108527
1108528
1108530
1108531
1108532
1108533
1108535
1108537
1108538
1108539
1108540
1108541
1108542
1108543
1108544
1108545
1108546
1108547
1108548
1108549
110855
1108550
1108551
1108552
1108553
1108554
1108555
1108556
1108557
1108558
1108559
1108560
1108561
1108565
1108566
1108567
1108568
1108569
1108570
1108571
1108572
1108573
1108574
1108575
1108576
1108578
1108580
1108581
1108582
1108583
1108584
1108585
1108586
1108587
1108588
1108589
110859
1108590
1108591
1108592
1108593
1108594
1108595
1108596
1108598
1108599
11086
110860
1108600
1108601
1108602
1108603
1108604
1108605
1108606
1108608
1108609
110861
1108610
1108611
1108612
1108613
1108615
1108617
1108618
1108619
1108620
1108621
1108622
1108623
1108624
1108625
1108626
1108627
1108628
1108629
1108630
1108632
1108633
1108634
1108635
1108636
1108637
1108638
1108639
1108640
1108641
1108642
1108643
1108644
1108645
1108646
1108647
1108648
1108649
110865
1108651
1108652
1108653
1108654
1108655
1108656
1108657
1108658
1108659
1108660
1108661
1108662
1108663
1108664
1108665
1108666
1108667
1108668
1108669
110867
1108670
1108671
1108672
1108673
1108674
1108675
1108676
1108677
1108678
110868
1108680
1108681
1108682
1108683
1108684
1108685
1108686
1108687
1108688
1108689
1108690
1108691
1108692
1108693
1108694
1108695
1108696
1108697
1108698
1108699
11087
1108700
1108701
1108702
1108703
1108708
1108710
1108711
1108712
1108713
1108714
1108715
1108716
1108717
1108718
1108719
1108720
1108721
1108722
1108723
1108724
1108725
1108726
1108727
1108728
1108729
1108730
1108731
1108732
1108733
1108734
1108735
1108736
1108737
1108738
1108739
1108740
1108741
1108742
1108743
1108744
1108745
1108746
1108747
1108748
1108749
110875
1108750
1108751
1108752
1108753
1108754
1108755
1108756
1108757
1108758
1108759
110876
1108760
1108761
1108762
1108763
1108764
1108765
1108766
1108767
1108768
1108769
1108770
1108771
1108773
1108774
1108775
1108776
1108777
1108778
1108779
110878
1108781
1108782
1108783
1108784
1108785
1108786
1108787
1108788
1108789
1108790
1108791
1108792
1108793
1108794
1108795
1108796
1108798
1108799
11088
1108800
1108801
1108802
1108803
1108805
1108806
1108807
1108808
1108809
1108810
1108811
1108812
1108813
1108814
1108815
1108816
1108817
1108818
1108819
1108820
1108821
1108822
1108823
1108824
1108825
1108826
1108827
1108828
1108829
1108830
1108831
1108832
1108833
1108834
1108835
1108836
1108837
1108838
1108839
1108840
1108841
1108842
1108843
1108844
1108846
1108847
110885
1108850
1108854
1108855
1108856
1108857
1108858
1108859
1108860
1108861
1108862
1108863
1108864
1108865
1108866
1108867
1108868
1108869
110887
1108870
1108871
1108872
1108873
1108874
1108875
1108876
1108877
1108878
1108879
1108880
1108881
1108882
1108883
1108884
1108886
1108887
1108888
1108889
1108890
1108891
1108892
1108893
1108894
1108895
1108896
1108897
1108898
1108899
11089
1108900
1108901
1108902
1108903
1108904
1108905
1108906
1108907
1108908
1108909
1108910
1108911
1108912
1108913
1108916
1108917
1108918
1108919
110892
1108922
1108923
1108924
1108925
1108926
1108927
1108928
1108929
1108930
1108931
1108932
1108933
1108934
1108935
1108936
1108937
1108938
1108939
1108940
1108941
1108942
1108943
1108944
1108945
