1108946
1108947
1108948
1108949
110895
1108951
1108952
1108953
1108954
1108955
1108956
1108957
1108958
1108960
1108961
1108962
1108963
1108964
1108965
1108966
1108967
1108968
1108969
1108970
1108971
1108972
1108973
1108974
1108975
1108976
1108978
1108979
110898
1108980
1108981
1108982
1108983
1108984
1108985
1108986
1108987
1108989
110899
1108990
1108991
1108992
1108993
1108994
1108995
1108996
1108997
1108998
11090
110900
1109000
1109001
1109003
1109004
1109005
1109006
1109007
1109008
1109009
110901
1109010
1109011
1109012
1109013
1109014
1109016
1109017
1109018
1109019
110902
1109020
1109022
1109023
1109024
1109028
110903
1109030
1109031
1109034
1109035
1109036
1109038
1109041
1109042
1109046
1109047
1109050
1109051
1109053
1109056
1109057
1109058
1109059
1109062
1109063
1109064
1109065
1109066
1109067
1109068
1109070
1109071
1109072
1109073
1109074
1109075
1109076
1109077
1109078
1109079
110908
1109080
1109081
1109082
1109083
1109084
1109086
1109087
1109088
110909
1109090
1109091
1109092
1109093
1109094
1109095
1109096
1109097
1109098
1109099
11091
110910
1109100
1109101
1109102
1109103
1109104
1109105
1109106
1109107
1109108
1109109
110911
1109110
1109111
1109112
1109114
1109115
1109116
1109117
1109119
1109120
1109121
1109123
1109124
1109125
1109126
1109127
1109128
1109129
110913
1109130
1109131
1109132
1109133
1109134
1109135
1109136
1109137
1109138
1109139
1109140
1109141
1109142
1109143
1109144
1109145
1109146
1109147
1109148
1109149
110915
1109150
1109151
1109152
1109153
1109154
1109155
1109156
1109157
1109158
1109159
110916
1109160
1109161
1109162
1109163
1109164
1109165
1109166
1109167
1109168
1109169
1109170
1109171
1109172
1109173
1109174
1109175
1109176
1109177
1109178
1109179
1109180
1109181
1109182
1109183
1109184
1109185
1109186
1109187
1109188
1109189
110919
1109190
1109191
1109192
1109193
1109194
1109195
1109196
1109197
1109198
1109199
11092
110920
1109200
1109201
1109202
1109203
1109204
1109205
1109206
1109207
1109208
1109209
110921
1109210
1109211
1109212
1109213
1109214
1109215
1109216
1109217
1109218
1109219
110922
1109220
1109221
1109225
1109226
1109227
1109228
1109229
110923
1109230
1109231
1109232
1109233
1109234
1109235
1109236
1109237
1109239
110924
1109240
1109241
1109242
1109243
1109244
1109245
1109246
1109247
1109248
1109249
1109250
1109251
1109252
1109253
1109254
1109255
1109256
1109257
1109258
1109259
110926
1109260
1109261
1109262
1109263
1109264
1109265
1109266
1109267
1109268
1109269
110927
1109270
1109271
1109272
1109273
1109274
1109275
1109276
1109277
1109278
1109279
110928
1109280
1109281
1109282
1109283
1109285
1109286
1109287
1109288
1109289
110929
1109290
1109291
1109292
1109293
1109294
1109295
1109296
1109297
1109298
1109299
11093
110930
1109300
1109301
1109302
1109303
1109304
1109305
1109306
1109307
1109308
1109309
1109310
1109311
1109312
1109313
1109314
1109315
1109316
1109317
1109318
1109319
110932
1109320
1109321
1109322
1109323
1109324
1109325
1109326
1109328
110933
1109330
1109331
1109332
1109333
1109334
1109335
1109336
1109337
1109338
1109339
1109340
1109341
1109342
1109343
1109344
1109345
1109346
1109347
1109348
1109349
110935
1109350
1109351
1109352
1109353
1109354
1109356
1109357
1109358
1109359
110936
1109360
1109361
1109362
1109363
1109364
1109365
1109366
1109367
1109368
1109369
110937
1109370
1109371
1109372
1109373
1109374
1109375
1109376
1109377
1109378
110938
1109380
1109381
1109382
1109383
1109384
1109385
1109386
1109388
1109389
110939
1109390
1109391
1109392
1109393
1109394
1109395
1109396
1109397
1109398
1109399
11094
1109400
1109401
1109402
1109403
1109404
1109405
1109406
1109407
1109408
1109409
110941
1109411
1109412
1109414
1109415
1109416
1109417
1109418
1109419
110942
1109420
1109421
1109422
1109423
1109424
1109425
1109426
1109427
1109428
1109429
1109431
1109432
1109433
1109435
1109436
1109437
1109438
1109439
110944
1109440
1109441
1109443
1109444
1109445
1109446
1109447
1109448
1109449
110945
1109450
1109451
1109452
1109453
1109454
1109455
1109456
1109457
1109458
1109459
110946
1109460
1109461
1109462
1109463
1109464
1109465
1109466
1109467
1109468
1109469
1109470
1109471
1109472
1109473
1109474
1109475
1109476
1109477
1109478
1109479
110948
1109480
1109481
1109482
1109483
1109484
1109485
1109486
1109487
1109488
1109489
110949
1109490
1109491
1109492
1109493
1109494
1109495
1109496
1109497
1109498
1109499
11095
1109500
1109501
1109502
1109503
1109504
1109505
1109506
1109507
1109508
1109509
110951
1109510
1109511
1109512
1109513
1109514
1109515
1109516
1109517
1109518
1109519
1109520
1109521
1109522
1109524
1109525
1109527
1109528
1109529
110953
1109530
1109531
1109532
1109533
1109534
1109535
1109536
1109537
1109538
1109539
110954
1109540
1109541
1109542
1109543
1109544
1109545
1109546
1109547
1109548
1109549
1109550
1109551
1109552
1109553
1109554
1109555
1109556
1109557
1109558
1109559
110956
1109560
1109561
1109562
1109563
1109564
1109565
1109566
1109567
1109568
1109569
110957
1109570
1109571
1109572
1109573
1109574
1109575
1109576
1109577
1109578
1109579
110958
1109580
1109581
1109582
1109583
1109584
1109585
1109586
1109587
1109588
1109589
1109590
1109591
1109592
1109593
1109594
1109595
1109596
1109597
1109598
1109599
11096
1109600
1109601
1109602
1109603
1109604
1109605
1109606
1109607
1109608
1109609
110961
1109610
1109615
1109617
1109618
110962
1109621
1109622
1109624
1109625
1109627
1109628
1109629
110963
1109630
1109631
1109632
1109633
1109634
1109635
1109636
1109637
1109638
1109639
1109640
1109641
1109642
1109643
1109644
1109645
1109646
1109647
1109648
1109649
110965
1109650
1109651
1109652
1109653
1109654
1109655
1109656
1109657
1109658
1109659
1109660
1109661
1109662
1109663
1109664
1109666
1109667
1109668
1109669
1109670
1109671
1109672
1109673
1109674
1109675
1109676
1109677
1109678
110968
1109680
1109682
1109683
1109684
1109686
1109687
1109689
110969
1109690
1109691
1109692
1109693
1109694
1109695
1109696
1109698
1109699
11097
110970
1109700
1109701
1109702
1109703
1109704
1109705
1109706
1109707
1109708
1109709
110971
1109710
1109711
1109712
1109713
1109714
1109715
1109716
1109717
1109718
1109719
110972
1109720
1109721
1109722
1109723
1109725
1109726
1109727
1109728
1109729
1109730
1109731
1109732
1109733
1109734
1109735
1109736
1109737
1109738
1109739
110974
1109740
1109741
1109742
1109743
1109745
1109747
1109748
1109749
1109751
1109752
1109753
1109754
1109755
1109756
1109757
1109758
1109759
110976
1109760
1109761
1109762
1109763
1109764
1109765
1109766
1109767
1109768
1109769
110977
1109770
1109771
1109772
1109773
1109774
1109775
1109776
1109777
1109778
1109779
110978
1109780
1109781
1109782
1109783
1109784
1109785
1109786
1109787
1109788
1109789
1109790
1109791
1109792
1109793
1109794
1109795
1109796
1109797
1109798
1109799
11098
110980
1109800
1109801
1109802
1109803
1109804
1109805
1109806
1109807
1109808
1109809
110981
1109810
1109811
1109812
1109813
1109814
1109815
1109816
1109817
1109818
1109819
1109820
1109821
1109822
1109823
1109824
1109825
1109826
1109827
1109828
1109829
1109830
1109831
1109832
1109833
1109834
1109835
1109836
1109837
1109838
1109839
1109840
1109841
1109842
1109843
1109844
1109845
1109847
1109850
1109851
1109852
1109853
1109854
1109855
1109856
1109857
1109858
1109859
110986
1109860
1109861
1109862
1109863
1109864
1109865
1109866
1109867
1109868
1109869
1109870
1109871
1109872
1109873
1109874
1109875
1109876
1109877
1109878
1109879
1109880
1109882
1109883
1109884
1109885
1109886
1109887
1109888
1109889
110989
1109890
1109891
1109892
1109893
1109894
1109895
1109896
1109897
1109898
1109899
11099
110990
1109900
1109901
1109902
1109903
1109904
1109905
1109906
1109907
1109908
1109909
110991
1109910
1109912
1109914
1109915
1109916
1109917
1109918
1109919
1109920
1109921
1109922
1109923
1109924
1109925
1109926
1109927
1109928
1109929
1109930
1109931
1109932
1109933
1109934
1109935
1109936
1109937
1109938
1109939
110994
1109940
1109941
1109942
1109943
1109944
1109945
1109946
1109947
1109948
1109949
1109950
1109951
1109952
1109954
1109955
1109956
1109957
1109958
1109959
1109960
1109961
1109962
1109963
1109964
1109965
1109966
1109967
1109968
1109969
110997
1109970
1109971
1109972
1109973
1109974
1109976
1109977
1109978
1109979
1109980
1109981
1109982
1109983
1109984
1109985
1109986
1109987
1109988
1109989
110999
1109990
1109991
1109992
1109995
1109996
1109997
1109998
1109999
111
11100
111000
1110000
1110001
1110002
1110003
1110004
1110005
1110006
1110007
1110008
1110009
1110011
1110012
1110013
1110014
1110015
1110016
1110017
111002
1110021
1110022
1110023
1110024
1110025
1110026
1110027
1110028
1110029
111003
1110030
1110031
1110032
1110033
1110034
1110035
1110037
111004
1110040
1110041
1110042
1110043
1110044
1110045
1110046
1110047
1110048
1110049
111005
1110050
1110052
1110053
1110054
1110055
1110056
1110057
1110058
1110059
1110060
1110061
1110062
1110063
1110064
1110065
1110066
1110067
1110068
1110069
111007
1110070
1110071
1110072
1110073
1110074
1110075
1110076
1110077
1110078
1110079
111008
1110080
1110081
1110082
1110084
1110085
1110086
1110087
1110088
1110090
1110091
1110092
1110093
1110094
1110095
1110096
1110097
1110098
1110099
11101
1110100
1110101
1110103
1110104
1110106
1110107
1110108
1110109
1110110
1110112
1110113
1110116
1110117
1110119
111012
1110120
1110121
1110122
1110123
1110124
1110126
1110127
1110128
1110130
1110131
1110132
1110133
1110135
1110136
1110139
111014
1110140
1110141
1110142
1110143
1110144
1110145
1110146
1110147
1110148
1110149
111015
1110150
1110151
1110152
1110153
1110154
1110156
1110157
1110158
1110159
111016
1110160
1110161
1110162
1110163
1110164
1110165
1110166
1110167
1110168
111017
1110170
1110171
1110172
1110173
1110174
1110175
1110176
1110178
1110179
1110180
1110181
1110182
1110183
1110184
1110185
1110186
1110187
1110188
1110189
111019
1110190
1110191
1110192
1110194
1110195
1110196
1110197
1110198
1110199
1110200
1110201
1110202
1110204
1110205
1110207
1110208
1110209
1110210
1110211
1110212
1110213
1110214
1110215
1110216
1110217
1110218
1110219
111022
1110220
1110221
1110222
1110223
1110224
1110226
1110227
1110228
1110229
111023
1110230
1110231
1110232
1110233
1110234
1110235
1110237
1110238
111024
1110241
1110242
1110246
1110247
1110249
111025
1110250
1110251
1110253
1110254
1110255
1110256
1110257
1110258
1110259
1110260
1110262
1110263
1110264
1110265
1110266
1110268
1110269
111027
1110270
1110271
1110272
1110273
1110274
1110275
1110277
1110278
1110279
111028
1110280
1110281
1110282
1110283
1110284
1110285
1110286
1110287
1110288
1110289
1110291
1110292
1110293
1110294
1110295
1110296
1110297
1110298
11103
1110300
1110301
1110302
1110303
1110304
1110306
1110307
1110308
1110309
111031
1110310
1110311
1110312
1110314
1110315
1110316
1110317
1110318
1110319
1110320
1110321
1110322
1110323
1110325
1110326
1110327
1110328
1110329
1110330
1110331
1110332
1110333
1110334
1110335
1110337
1110338
1110339
1110340
1110341
1110342
1110343
1110344
1110345
1110346
1110347
1110349
1110350
1110351
1110352
1110353
1110354
1110355
1110356
1110357
1110358
1110359
1110360
1110361
1110362
1110363
1110364
1110365
1110366
1110367
1110368
1110369
111037
1110370
1110371
1110372
1110373
1110374
1110375
1110376
1110377
1110380
1110381
1110382
1110383
1110384
1110385
1110386
1110387
1110388
1110389
111039
1110390
1110391
1110392
1110393
1110394
1110395
1110396
1110397
1110398
1110399
11104
1110400
1110401
1110402
1110403
1110404
1110405
1110406
1110407
1110409
1110411
1110412
1110413
1110414
1110415
1110416
1110417
1110418
1110419
111042
1110420
1110421
1110422
1110423
1110424
1110425
1110426
1110427
1110428
1110429
111043
1110430
1110431
1110432
1110433
1110434
1110435
1110436
1110437
1110438
1110439
111044
1110440
1110441
1110442
1110443
1110444
1110445
1110446
1110447
1110448
1110449
1110450
1110451
1110454
1110455
1110456
1110457
1110458
111046
1110460
1110461
1110462
1110463
1110464
1110465
1110466
1110467
1110468
1110469
1110470
1110471
1110472
1110473
1110474
1110475
1110476
1110477
1110478
1110479
1110480
1110481
1110482
1110483
1110484
1110485
1110486
1110487
1110488
1110489
1110490
1110491
1110492
1110494
1110495
1110496
1110497
1110498
1110499
11105
111050
1110500
1110501
1110502
1110503
1110504
1110505
1110506
1110507
1110508
1110509
1110510
1110511
1110512
1110513
1110514
1110515
1110516
1110517
1110518
1110519
1110520
1110521
1110522
1110523
1110524
1110525
1110526
1110527
1110528
1110529
1110530
1110531
1110533
1110534
1110535
1110536
1110538
1110539
1110540
1110541
1110542
1110543
1110544
1110546
1110547
1110548
1110549
1110550
1110551
1110552
1110553
1110554
1110555
1110556
1110557
1110558
1110559
111056
1110560
1110561
1110562
1110563
1110564
1110565
1110566
1110567
1110568
111057
1110570
1110571
1110572
1110573
1110574
1110575
1110576
1110577
1110578
1110579
111058
1110580
1110581
1110582
1110583
1110584
1110585
1110586
1110587
1110588
1110589
1110590
1110591
1110592
1110593
1110594
1110596
1110597
1110598
1110599
11106
1110600
1110602
1110603
1110604
1110605
1110606
1110607
1110609
111061
1110610
1110612
1110613
1110614
1110615
1110616
1110617
1110618
1110619
1110620
1110621
1110622
1110623
1110624
1110625
1110626
1110627
1110628
1110629
1110630
1110631
1110632
1110633
1110634
1110635
1110636
1110637
1110638
1110639
1110640
1110641
1110642
1110643
1110644
1110645
1110646
1110647
1110648
1110649
1110650
1110651
1110652
1110653
1110654
1110655
1110656
1110657
1110658
1110659
111066
1110660
1110661
1110662
1110663
1110664
1110665
1110666
1110668
1110669
1110670
1110671
1110672
1110673
1110674
1110675
1110676
1110677
1110678
1110679
1110680
1110682
1110683
1110685
1110686
1110687
1110688
1110689
1110690
1110691
1110692
1110693
1110694
1110695
1110696
1110697
1110698
11107
111070
1110700
1110701
1110702
1110703
1110704
1110705
1110706
1110707
1110708
1110709
111071
1110710
1110711
1110712
1110713
1110714
1110717
1110718
1110719
1110720
1110721
1110722
1110723
1110724
1110725
1110726
1110727
1110728
1110729
111073
1110731
1110732
1110733
1110734
1110735
1110736
1110737
1110738
1110739
111074
1110740
1110741
1110742
1110744
1110745
1110746
1110747
1110748
1110749
111075
1110750
1110751
1110752
1110753
1110754
1110755
1110756
1110757
1110759
111076
1110760
1110761
1110762
1110763
1110764
1110765
1110766
1110767
1110768
1110769
111077
1110770
1110771
1110772
1110773
1110774
1110775
1110776
1110777
1110778
1110779
111078
1110780
1110781
1110782
1110783
1110784
1110785
1110786
1110787
1110788
1110789
1110790
1110791
1110792
1110793
1110794
1110795
1110796
11108
1110800
1110801
1110802
1110803
1110804
1110806
1110807
1110808
1110809
1110810
1110811
1110812
1110814
1110815
1110816
1110817
1110819
1110820
1110821
1110822
1110823
1110824
1110825
1110826
1110827
1110828
111083
1110832
1110833
1110835
1110836
1110837
1110838
1110839
111084
1110840
1110841
1110842
1110843
1110845
1110847
1110848
1110849
111085
1110850
1110851
1110852
1110853
1110854
1110855
1110856
1110857
1110858
1110859
111086
1110862
1110863
1110865
1110866
1110867
1110868
1110869
1110870
1110871
1110873
1110874
1110875
1110876
1110877
1110878
1110879
111088
1110880
1110881
1110883
1110884
1110885
1110886
1110887
1110888
1110889
111089
1110890
1110891
1110892
1110893
1110894
1110895
1110896
1110897
1110899
11109
1110900
1110901
1110902
1110903
1110904
1110905
1110906
1110907
1110908
1110909
1110910
1110911
1110913
1110914
1110915
1110916
1110917
1110918
1110919
111092
1110920
1110921
1110922
1110923
1110924
1110925
1110926
1110927
1110928
1110929
1110930
1110931
1110932
1110933
1110934
1110935
1110936
1110937
1110938
1110939
1110940
1110941
1110942
1110943
1110944
1110945
1110946
1110947
1110948
1110949
1110950
1110951
1110952
1110953
1110954
1110955
1110956
1110957
1110958
1110959
111096
1110960
1110961
1110962
1110964
1110965
1110967
1110968
1110969
1110971
1110972
1110973
1110974
1110975
1110976
1110977
1110978
1110979
111098
1110980
1110981
1110982
1110983
1110984
1110985
1110986
1110987
1110988
1110989
1110990
1110991
1110993
1110994
1110995
1110997
1110998
1110999
11110
111100
1111001
1111003
1111004
1111006
1111007
1111008
1111009
111101
1111010
1111011
1111012
1111013
1111014
1111015
1111016
1111017
1111018
1111019
111102
1111020
1111021
1111022
1111023
1111024
1111025
1111026
1111027
1111029
111103
1111030
1111032
1111033
1111034
1111035
1111036
1111037
1111038
1111039
111104
1111040
1111041
1111042
1111043
1111044
1111046
1111047
1111048
1111049
1111050
1111051
1111052
1111053
1111055
1111056
1111057
1111058
1111059
111106
1111060
1111061
1111062
1111063
1111064
1111065
1111067
1111068
1111069
1111070
1111071
1111072
1111073
1111074
1111075
1111076
1111077
1111078
1111079
111108
1111080
1111081
1111083
1111084
1111085
1111087
1111088
1111089
111109
1111090
1111091
1111092
1111093
1111094
1111095
1111096
1111098
11111
111110
1111101
1111102
1111103
1111104
1111106
1111107
1111108
1111109
1111110
1111111
1111113
1111114
1111115
1111117
1111118
1111119
1111120
1111121
1111122
1111123
1111124
1111125
1111126
1111127
1111128
1111129
111113
1111130
1111131
1111132
1111133
1111134
1111135
1111136
1111137
1111138
1111139
111114
1111140
1111141
1111142
1111144
1111145
1111146
1111147
1111148
1111149
111115
1111150
1111151
1111152
1111153
1111154
1111155
1111156
1111157
1111158
1111159
111116
1111160
1111161
1111162
1111163
1111164
1111165
1111166
1111168
1111169
1111170
1111171
1111172
1111173
1111174
1111175
1111176
1111178
1111179
111118
1111180
1111181
1111182
1111184
1111185
1111186
1111187
1111188
1111189
1111190
1111191
1111192
1111193
1111194
1111195
1111196
1111197
1111198
1111199
11112
1111200
1111202
1111203
1111204
1111205
1111206
1111207
1111208
1111209
111121
1111210
1111211
1111213
1111214
1111215
1111216
1111217
1111218
1111219
1111220
1111222
1111223
1111224
1111225
1111226
1111227
1111235
1111237
1111238
1111239
1111240
1111241
1111242
1111243
1111244
1111245
1111246
1111247
1111248
1111249
111125
1111250
1111251
1111252
1111253
1111254
1111255
1111256
1111257
1111258
1111259
1111260
1111261
1111262
1111263
1111264
1111265
1111266
1111267
1111268
1111269
1111270
1111271
1111272
1111273
1111274
1111275
1111277
1111278
1111279
1111280
1111281
1111282
1111283
1111284
1111285
1111286
1111287
1111288
1111289
1111290
1111291
1111292
1111293
1111294
1111295
1111296
1111297
1111298
1111299
11113
1111300
1111301
1111302
1111303
1111304
1111305
1111306
1111307
1111308
1111309
1111310
1111311
1111312
1111313
1111314
1111315
1111316
1111317
1111318
1111319
111132
1111320
1111321
1111322
1111323
1111324
1111325
1111326
1111327
1111329
1111330
1111331
1111332
1111333
1111334
1111335
1111336
1111337
1111338
1111339
1111340
1111341
1111342
1111343
1111344
1111345
1111346
1111347
1111348
1111349
1111350
1111351
1111352
1111353
1111354
1111355
1111356
1111357
1111358
1111360
1111361
1111362
1111363
1111364
1111365
1111366
1111367
1111368
1111369
1111370
1111371
1111372
1111373
1111374
1111375
1111376
1111377
1111378
1111379
1111380
1111381
1111382
1111383
1111384
1111385
1111386
1111387
1111388
1111389
1111390
1111391
1111392
1111393
1111394
1111395
1111396
1111397
1111398
1111399
11114
1111400
1111401
1111402
1111403
1111404
1111405
1111407
1111408
1111409
1111410
1111411
1111412
1111413
1111415
1111416
1111417
1111418
1111419
1111420
1111421
1111422
1111426
1111427
1111430
1111431
1111432
1111434
1111436
1111437
1111439
1111440
1111441
1111442
1111444
1111445
1111446
1111447
1111448
111145
1111451
1111452
1111454
1111455
1111456
1111457
1111458
1111459
1111460
1111461
1111462
1111464
1111465
1111466
1111467
1111468
1111469
111147
1111470
1111471
1111472
1111473
1111474
1111475
1111476
1111477
1111478
1111479
1111480
1111481
1111482
1111483
1111484
1111485
1111486
1111487
1111488
1111489
111149
1111490
1111491
1111492
1111493
1111494
1111495
1111496
1111497
1111498
1111499
11115
1111500
1111501
1111502
1111503
1111504
1111505
1111506
1111507
1111508
1111510
1111511
1111512
1111513
1111514
1111515
1111516
1111518
1111519
111152
1111520
1111521
1111522
1111523
1111524
1111525
1111526
1111527
1111528
1111529
111153
1111530
1111531
1111532
1111533
1111534
1111535
1111536
1111537
1111538
1111539
111154
1111540
1111541
1111542
1111543
1111544
1111545
1111546
1111547
1111548
1111549
111155
1111550
1111551
1111552
1111553
1111554
1111555
1111556
1111557
1111558
1111559
1111560
1111561
1111562
1111563
1111564
1111565
1111566
1111568
1111570
1111571
1111572
1111573
1111574
1111575
1111576
1111577
1111578
1111579
1111580
1111581
1111582
1111583
1111584
1111585
1111587
1111588
1111589
1111590
1111591
1111592
1111593
1111594
1111595
1111596
1111597
1111598
1111599
11116
111160
1111600
1111603
1111604
1111605
1111606
1111607
1111608
1111609
111161
1111610
1111611
1111612
1111613
1111614
1111616
1111617
1111618
1111619
1111620
1111621
1111622
1111623
1111624
1111625
1111626
1111627
1111628
1111629
111163
1111630
1111631
1111632
1111633
1111634
1111635
1111636
1111637
1111639
111164
1111640
1111641
1111642
1111644
1111645
1111646
1111647
1111648
1111649
1111650
1111651
1111652
1111653
1111654
1111656
1111657
1111659
111166
1111660
1111661
1111662
1111663
1111664
1111665
1111666
1111667
1111668
1111669
1111670
1111671
1111672
1111673
1111674
1111675
1111676
1111677
1111678
1111679
1111680
1111681
1111682
1111683
1111684
1111685
1111686
1111687
1111688
1111689
1111690
1111691
1111692
1111693
1111696
1111697
1111698
1111699
11117
111170
1111700
1111701
1111702
1111703
1111704
1111705
1111707
1111708
1111709
111171
1111710
1111711
1111712
1111713
1111714
1111715
1111716
1111717
1111719
111172
1111720
1111721
1111722
1111723
1111724
1111725
1111726
1111727
1111728
1111729
111173
1111730
1111731
1111732
1111733
1111734
1111735
1111736
1111737
1111738
1111739
111174
1111740
1111741
1111742
1111743
1111745
1111746
1111747
1111748
1111749
1111750
1111751
1111752
1111753
1111754
1111755
1111756
1111757
1111758
1111759
111176
1111760
1111761
1111762
1111763
1111764
1111765
1111766
1111767
1111768
1111769
111177
1111770
1111772
1111774
1111775
1111776
1111777
1111778
1111779
111178
1111780
1111781
1111782
1111783
1111784
1111785
1111786
1111787
1111788
1111789
111179
1111790
1111791
1111792
1111793
1111794
1111795
1111796
1111797
1111798
1111799
1111800
1111801
1111802
1111803
1111804
1111805
1111806
1111807
1111808
1111809
1111810
1111811
1111812
1111813
1111814
1111815
1111816
1111817
1111819
111182
1111820
1111821
1111822
1111823
1111824
1111825
1111828
111183
1111830
1111831
1111832
1111834
1111835
1111836
1111837
1111838
1111839
1111841
1111843
1111844
1111845
1111846
1111848
1111849
111185
1111850
1111851
1111852
1111853
1111854
1111855
1111856
1111857
1111858
1111859
111186
1111860
1111861
1111862
1111863
1111864
1111865
1111867
1111868
1111869
1111870
1111871
1111872
1111873
1111874
1111875
1111876
1111877
1111878
1111879
111188
1111880
1111882
1111883
1111884
1111885
1111886
1111887
1111888
1111889
1111890
1111891
1111892
1111893
1111894
1111895
1111896
1111897
1111898
1111899
11119
111190
1111901
1111902
1111903
1111904
1111905
1111906
1111907
1111908
1111909
1111910
1111911
1111912
1111913
1111914
1111915
1111916
1111917
1111918
1111919
111192
1111920
1111921
1111923
1111924
1111926
1111927
1111928
1111929
111193
1111930
1111931
1111932
1111933
1111934
1111935
1111936
1111937
1111938
1111939
111194
1111940
1111941
1111942
1111943
1111944
1111945
1111946
1111947
1111948
1111949
111195
1111950
1111951
1111952
1111953
1111954
1111955
1111956
1111957
1111958
1111959
111196
1111960
1111961
1111962
1111963
1111964
1111965
1111966
1111967
1111968
1111969
1111971
1111972
1111973
1111974
1111975
1111976
1111977
1111978
1111979
111198
1111980
1111981
1111982
1111983
1111984
1111985
1111986
1111987
1111988
1111989
1111991
1111992
1111993
1111994
1111995
1111997
1111998
1111999
11120
1112000
1112001
1112002
1112003
1112004
1112005
1112006
1112007
1112008
1112009
111201
1112010
1112011
1112012
1112013
1112014
1112015
1112016
1112017
1112018
1112019
1112022
1112023
1112024
1112025
1112026
1112027
1112028
1112029
111203
1112030
1112032
1112034
1112038
1112039
1112040
1112043
1112044
1112045
1112046
1112047
1112048
1112049
1112050
1112051
1112052
1112053
1112054
1112055
1112057
1112058
1112059
1112061
1112062
1112063
1112064
1112065
1112066
1112067
1112068
1112069
111207
1112070
1112071
1112072
1112073
1112074
1112075
1112076
1112078
1112079
111208
1112082
1112083
1112084
1112085
1112086
1112088
1112089
1112090
1112091
1112092
1112093
1112095
1112096
1112098
1112099
11121
1112101
1112102
1112103
1112104
1112105
1112106
1112107
1112108
1112109
1112110
1112111
1112112
1112113
1112114
1112115
1112116
1112117
1112118
1112120
1112121
1112122
1112123
1112124
1112125
1112126
1112127
1112128
1112129
1112130
1112131
1112132
1112133
1112134
1112136
1112137
1112138
1112139
111214
1112140
1112142
1112143
1112144
1112145
1112146
1112147
1112148
1112149
1112150
1112151
1112152
1112153
1112154
1112155
1112156
1112157
1112159
111216
1112160
1112161
1112162
1112163
1112164
1112165
1112166
1112167
1112168
1112169
1112170
1112171
1112172
1112173
1112174
1112175
1112176
1112177
1112178
1112179
111218
1112180
1112181
1112182
1112183
1112184
1112185
1112186
1112187
1112189
1112190
1112191
1112192
1112194
1112195
1112198
1112199
11122
111220
1112200
1112201
1112202
1112203
1112206
1112207
1112208
1112209
111221
1112210
1112211
1112212
1112213
1112214
1112215
1112216
1112217
1112218
1112219
1112220
1112221
1112222
1112223
1112224
1112225
1112226
1112228
1112230
1112231
1112232
1112233
1112234
1112235
1112236
1112237
1112238
1112239
111224
1112240
1112241
1112242
1112243
1112244
1112245
1112246
1112247
1112248
1112250
1112251
1112252
1112253
1112254
1112256
1112257
1112258
1112259
1112260
1112261
1112263
1112264
1112266
1112267
1112268
1112269
111227
1112270
1112271
1112272
1112273
1112274
1112275
1112276
1112277
1112278
1112279
111228
1112280
1112281
1112282
1112283
1112284
1112285
1112286
1112287
1112288
1112289
1112290
1112291
1112292
1112293
1112294
1112295
1112296
1112297
1112299
11123
1112300
1112301
1112302
1112303
1112304
1112305
1112307
1112309
1112310
1112311
1112312
1112313
1112314
1112315
1112316
1112317
1112318
111232
1112320
1112321
1112322
1112323
1112324
1112325
1112326
1112327
1112328
1112329
111233
1112330
1112331
1112332
1112334
1112335
1112336
1112337
1112338
1112339
111234
1112340
1112341
1112342
1112343
1112345
1112346
1112347
1112348
111235
1112350
1112351
1112352
1112353
1112354
1112355
1112356
1112357
1112358
1112359
1112360
1112361
1112363
1112364
1112365
1112367
1112368
1112369
111237
1112370
1112371
1112372
1112373
1112374
1112375
1112376
1112377
1112378
1112379
1112380
1112381
1112383
1112384
1112385
1112386
1112387
1112388
1112389
111239
1112390
1112391
1112392
1112393
1112394
1112395
1112396
1112397
1112398
1112399
11124
111240
1112400
1112401
1112402
1112403
1112404
1112405
1112406
1112407
1112408
1112409
1112410
1112411
1112413
1112414
1112415
1112416
1112417
1112418
1112419
111242
1112420
1112421
1112423
1112424
1112425
1112426
1112427
1112428
1112429
111243
1112430
1112431
1112432
1112433
1112434
1112435
1112436
1112437
1112438
1112439
111244
1112440
1112441
1112442
1112443
1112444
1112445
1112446
1112447
1112449
111245
1112450
1112451
1112452
1112453
1112454
1112456
1112457
1112458
1112459
111246
1112460
1112461
1112462
1112463
1112464
1112465
1112466
1112467
1112468
1112469
1112470
1112471
1112472
1112473
1112474
1112475
1112476
1112477
1112478
1112479
111248
1112480
1112481
1112482
1112483
1112484
1112485
1112486
1112487
1112489
1112490
1112491
1112492
1112493
1112494
1112495
1112497
11125
111250
1112500
1112501
1112502
1112503
1112504
1112505
1112506
1112507
1112508
1112509
1112510
1112512
1112513
1112514
1112515
1112516
1112517
1112518
1112519
1112520
1112521
1112522
1112523
1112524
1112525
1112526
1112527
1112528
1112529
1112530
1112531
1112532
1112533
1112534
1112535
1112537
1112538
1112539
1112540
1112541
1112542
1112543
1112544
1112545
1112546
1112547
1112548
1112549
1112551
1112552
1112553
1112555
1112556
1112557
1112558
1112559
111256
1112560
1112561
1112562
1112563
1112564
1112565
1112566
1112567
1112568
1112569
111257
1112570
1112571
1112572
1112573
1112574
1112575
1112576
1112577
1112578
1112579
111258
1112580
1112581
1112583
1112585
1112586
1112587
1112588
1112589
111259
1112590
1112591
1112592
1112593
1112594
1112595
1112596
1112597
1112598
1112599
11126
1112600
1112601
1112602
1112603
1112604
1112605
1112606
1112607
1112608
1112609
111261
1112610
1112611
1112612
1112613
1112615
1112616
1112617
1112618
1112619
1112620
1112624
1112625
1112626
1112627
1112628
1112629
1112630
1112631
1112632
1112633
1112635
1112636
1112637
1112638
1112639
1112640
1112641
1112642
1112643
1112644
1112645
1112646
1112647
1112648
1112649
1112650
1112651
1112652
1112653
1112654
1112655
1112656
1112657
1112658
111266
1112660
1112662
1112663
1112664
1112665
1112666
1112667
1112668
1112669
1112670
1112671
1112672
1112673
1112674
1112676
1112677
1112678
1112679
111268
1112680
1112681
1112682
1112683
1112684
1112685
1112686
1112687
1112688
1112689
111269
1112690
1112691
1112692
1112693
1112694
1112695
1112696
1112697
1112698
11127
1112701
1112702
1112703
1112704
1112705
1112706
1112707
1112708
1112709
111271
1112710
1112711
1112712
1112713
1112714
1112715
1112716
1112717
1112718
1112719
111272
1112721
1112722
1112723
1112724
1112725
1112726
1112727
1112729
111273
1112731
1112733
1112735
1112737
1112740
1112741
1112742
1112743
1112745
1112746
1112747
1112748
1112750
1112751
1112752
1112753
1112755
1112756
1112757
111276
1112760
1112762
1112763
1112764
1112765
1112766
1112768
1112769
111277
1112771
1112772
1112774
1112775
1112776
1112777
1112778
1112780
1112781
1112782
1112783
1112784
1112785
1112786
1112787
1112788
1112789
111279
1112790
1112791
1112792
1112793
1112794
1112795
1112796
1112797
1112799
11128
1112800
1112801
1112802
1112803
1112804
1112805
1112806
1112807
1112808
1112809
1112810
1112811
1112812
1112813
1112814
1112815
1112816
1112817
1112818
1112819
1112820
1112821
1112822
1112823
1112825
1112826
1112827
1112828
1112831
1112833
1112834
1112836
1112837
1112838
1112839
1112840
1112842
1112843
1112844
1112845
1112846
1112847
1112848
1112849
1112850
1112851
1112852
1112853
1112854
1112855
1112856
1112857
1112858
1112859
1112860
1112861
1112862
1112863
1112864
1112865
1112866
1112867
1112868
1112869
1112870
1112872
1112873
1112874
1112875
1112876
1112877
1112878
1112879
1112880
1112881
1112882
1112883
1112884
1112885
1112886
1112887
1112888
1112889
111289
1112890
1112892
1112893
1112894
1112895
1112896
1112897
1112898
1112899
11129
1112900
1112901
1112902
1112903
1112904
1112905
1112906
1112907
1112908
1112909
1112910
1112911
1112912
1112913
1112914
1112915
1112916
1112918
1112919
1112920
1112921
1112922
1112923
1112924
1112925
1112926
1112927
1112928
1112929
111293
1112930
1112931
1112932
1112937
1112938
1112939
111294
1112940
1112941
1112942
1112943
1112944
1112946
1112948
1112949
1112952
1112955
1112956
1112957
1112958
1112959
1112960
1112961
1112962
1112963
1112964
1112965
1112966
1112967
1112968
1112969
1112970
1112971
1112972
1112973
1112974
1112975
1112976
1112977
1112978
1112979
1112980
1112981
1112982
1112983
1112984
1112985
1112986
1112987
1112988
1112989
1112990
1112991
1112992
1112993
1112994
1112995
1112996
1112997
1112998
1112999
11130
111300
1113000
1113001
1113002
1113003
1113004
1113005
1113006
1113007
1113008
1113009
1113010
1113011
1113012
1113013
1113014
1113015
1113016
1113017
1113018
1113019
111302
1113020
1113021
1113022
1113023
1113024
1113025
1113026
1113028
1113029
1113030
1113031
1113032
1113033
1113034
1113035
1113037
1113039
111304
1113040
1113041
1113042
1113043
1113044
1113045
1113047
1113048
1113049
111305
1113050
1113051
1113053
1113054
1113055
1113056
1113058
1113059
111306
1113060
1113061
1113062
1113064
1113065
1113066
1113067
1113068
1113069
111307
1113070
1113071
1113072
1113073
1113075
1113076
1113077
1113079
111308
1113080
1113081
1113082
1113083
1113084
1113085
1113086
1113087
1113088
1113089
1113090
1113091
1113092
1113093
1113094
1113095
1113096
1113097
1113098
11131
111310
1113100
1113101
1113102
1113103
1113104
1113105
1113106
1113107
1113109
1113110
1113111
1113112
1113113
1113114
1113115
1113116
1113117
1113118
1113119
111312
1113120
1113122
1113123
1113125
1113126
1113127
1113128
1113129
111313
1113130
1113131
1113133
1113134
1113135
1113136
1113137
1113138
1113139
111314
1113140
1113141
1113142
1113144
1113145
1113146
1113147
1113148
111315
1113150
1113151
1113152
1113153
1113154
1113155
1113156
1113157
1113158
1113159
111316
1113161
1113162
1113164
1113166
1113168
1113169
111317
1113170
1113171
1113172
1113173
1113174
1113175
1113176
1113177
1113178
1113179
1113182
1113183
1113184
1113185
1113189
1113190
1113191
1113192
1113193
1113194
1113195
1113197
1113198
1113199
11132
1113201
1113202
1113203
1113204
1113205
1113206
1113208
1113209
1113210
1113213
1113215
1113218
1113219
111322
1113220
1113221
1113224
1113226
1113228
1113229
111323
1113230
1113231
1113232
1113233
1113234
1113236
1113238
1113240
1113241
1113243
1113244
1113245
1113246
1113247
1113248
1113249
111325
1113250
1113251
1113252
1113253
1113254
1113259
111326
1113261
1113262
1113263
1113264
1113265
1113266
1113267
1113268
1113269
111327
1113270
1113271
1113272
1113274
1113275
1113276
1113277
1113278
1113279
1113280
1113281
1113282
1113283
1113284
1113285
1113286
1113287
1113288
1113289
111329
1113290
1113291
1113292
1113293
1113294
1113295
1113296
1113297
1113298
1113299
11133
1113300
1113301
1113302
1113303
1113304
1113306
1113307
1113308
1113309
111331
1113310
1113311
1113312
1113313
1113314
1113316
1113317
1113318
1113319
111332
1113320
1113321
1113322
1113323
1113324
1113325
1113326
1113327
1113328
1113329
111333
1113330
1113331
1113332
1113333
1113334
1113335
1113339
1113340
1113341
1113342
1113343
1113344
1113345
1113347
1113348
1113349
111335
1113353
1113355
1113356
1113358
1113362
1113363
1113364
1113365
1113366
1113367
1113368
1113369
1113370
1113371
1113372
1113373
1113374
1113375
1113376
1113377
1113378
1113379
111338
1113380
1113381
1113382
1113383
1113386
1113387
1113388
1113389
111339
1113390
1113391
1113392
1113393
1113394
1113395
1113396
1113397
1113398
1113399
11134
111340
1113400
1113401
1113402
1113403
1113404
1113405
1113406
1113407
1113408
1113409
1113410
1113411
1113413
1113414
1113416
1113417
1113418
1113419
111342
1113420
1113421
1113422
1113423
1113424
1113425
1113426
1113427
1113428
1113429
1113430
1113431
1113432
1113433
1113434
1113435
1113436
1113437
1113438
1113439
111344
1113440
1113442
1113443
1113444
1113445
1113446
1113447
1113448
1113449
1113450
1113451
1113452
1113453
1113454
1113455
1113456
1113457
1113458
1113459
1113460
1113461
1113462
1113463
1113464
1113465
1113466
1113467
1113468
1113469
1113470
1113471
1113472
1113473
1113474
1113475
1113476
1113477
1113478
1113479
1113480
1113481
1113482
1113484
1113485
1113486
1113487
1113488
1113489
111349
1113490
1113491
1113492
1113493
1113494
1113495
1113496
11135
1113502
1113503
1113504
1113505
1113506
1113508
1113509
1113510
1113511
1113512
1113513
1113514
1113515
1113516
1113517
1113519
111352
1113520
1113521
1113522
1113523
1113525
1113526
1113527
1113528
1113529
1113531
1113533
1113534
1113535
1113536
1113539
111354
1113543
1113544
1113545
1113546
1113547
1113549
1113552
1113553
1113554
1113555
1113556
1113561
1113562
1113563
1113564
1113565
1113566
1113567
1113569
1113570
1113572
1113573
1113574
1113577
1113578
1113579
1113580
1113581
1113582
1113583
1113584
1113585
1113586
1113587
1113588
1113589
111359
1113590
1113591
1113592
1113593
1113594
1113595
1113596
1113597
1113599
1113600
1113601
1113602
1113604
1113605
1113606
1113608
1113609
1113610
1113611
1113612
1113614
1113615
1113616
1113617
1113618
1113619
1113620
1113621
1113622
1113623
1113624
1113627
1113628
1113629
111363
1113630
1113631
1113633
1113636
1113637
1113638
1113639
1113641
1113642
1113644
1113645
1113646
1113647
1113648
1113649
1113650
1113652
1113653
1113654
1113655
1113656
1113657
1113658
1113659
1113662
1113663
1113664
1113665
1113666
1113669
111367
1113670
1113671
1113673
1113674
1113675
1113676
1113677
1113678
1113679
1113680
1113681
1113682
1113683
1113684
1113685
1113686
1113687
1113688
1113689
1113690
1113691
1113692
1113693
1113694
1113695
1113696
1113697
1113698
1113699
11137
111370
1113700
1113701
1113702
1113703
1113704
1113705
1113706
1113707
1113708
1113709
1113710
1113711
1113712
1113713
1113714
1113715
1113716
1113720
1113721
1113722
1113723
1113724
1113725
1113726
1113727
1113728
1113730
1113731
1113732
1113736
1113738
1113739
111374
1113740
1113741
1113742
1113745
1113747
111375
1113750
1113751
1113752
1113753
1113754
1113756
1113757
1113759
1113760
1113761
1113766
1113768
1113769
1113771
1113772
1113774
1113775
1113776
1113777
1113778
1113779
111378
1113780
1113781
1113782
1113783
1113784
1113785
1113786
1113787
1113788
1113789
1113790
1113792
1113793
1113794
1113795
1113796
1113797
1113798
1113799
111380
1113802
1113803
1113805
1113806
1113807
1113808
1113809
1113810
1113811
1113812
1113813
1113814
1113815
1113818
1113819
111382
1113822
1113824
1113825
1113826
1113827
111383
1113830
1113832
1113833
1113835
1113837
1113838
1113839
1113840
1113841
1113842
1113843
1113844
1113845
1113846
1113847
1113848
1113849
1113852
1113853
1113854
1113855
1113856
1113857
1113858
1113859
111386
1113860
1113861
1113862
1113863
1113864
1113865
1113866
1113867
111387
1113870
1113871
1113872
1113873
1113875
1113876
1113877
1113879
111388
1113881
1113882
1113884
1113888
1113889
1113890
1113891
1113892
1113893
1113894
1113895
1113896
1113897
1113898
1113899
11139
111390
1113900
1113901
1113902
1113903
1113904
1113905
1113906
1113907
1113908
1113909
1113910
1113911
1113912
1113913
1113914
1113915
1113916
1113917
1113918
1113919
1113920
1113921
1113922
1113923
1113924
1113925
1113926
1113927
1113928
1113929
1113930
1113931
1113932
1113933
1113934
1113935
1113936
1113937
1113938
1113939
111394
1113940
1113941
1113942
1113943
1113946
1113948
1113949
1113950
1113951
1113952
1113953
1113954
1113955
1113956
1113957
1113958
1113959
111396
1113960
1113961
1113962
1113963
1113964
1113965
1113966
1113967
1113968
1113969
111397
1113970
1113971
1113972
1113973
1113974
1113975
1113976
1113977
1113978
1113979
111398
1113982
1113983
1113985
1113986
1113987
1113988
1113989
1113990
1113991
1113993
1113994
1113995
1113997
1113998
1113999
1114
1114000
1114001
1114002
1114003
1114005
1114006
1114007
1114008
111401
1114010
1114015
1114017
1114019
111402
1114020
1114022
1114023
1114024
1114025
1114026
1114027
1114028
111403
1114031
1114032
1114033
1114034
1114035
1114036
1114037
1114039
111404
1114040
1114041
1114042
1114043
1114044
1114045
1114046
1114047
1114049
111405
1114050
1114051
1114053
1114054
1114056
1114057
1114059
1114060
1114062
1114063
1114064
1114065
1114066
1114067
1114068
1114069
111407
1114072
1114073
1114074
1114076
1114077
1114078
1114079
111408
1114080
1114081
1114082
1114083
1114084
1114085
1114086
1114088
1114089
111409
1114090
1114091
1114092
1114093
1114094
1114095
1114096
1114097
1114098
1114099
11141
1114100
1114101
1114102
1114104
1114105
1114106
1114107
1114108
1114109
111411
1114110
1114111
1114112
1114113
1114115
1114116
1114117
1114118
1114119
111412
1114120
1114121
1114122
1114124
1114126
1114127
1114129
1114130
1114131
1114133
1114134
1114135
1114136
1114137
1114139
1114140
1114141
1114142
1114143
1114144
1114145
1114146
1114147
1114148
1114149
1114150
1114151
1114152
1114153
1114154
1114155
1114156
1114157
1114158
1114159
1114160
1114161
1114162
1114163
1114164
1114165
1114166
1114167
1114168
1114169
111417
1114170
1114171
1114172
1114174
1114175
1114176
1114177
1114178
1114179
111418
1114180
1114182
1114183
1114184
