1114187
1114188
1114189
111419
1114190
1114191
1114192
1114193
1114194
1114196
1114197
1114198
1114199
11142
111420
1114200
1114201
1114202
1114203
1114204
1114205
1114206
1114207
1114209
111421
1114210
1114212
1114213
1114214
1114215
1114216
1114217
1114218
111422
1114220
1114221
1114222
1114226
1114227
111423
1114230
1114232
1114234
1114235
1114236
1114237
1114238
1114239
1114240
1114241
1114242
1114243
1114244
1114245
1114246
1114247
1114248
1114249
111425
1114250
1114251
1114254
1114255
1114256
1114257
111426
1114260
1114261
1114262
1114263
1114265
1114266
1114267
1114268
1114269
111427
1114270
1114271
1114272
1114273
1114274
1114275
1114276
1114277
1114278
1114279
1114280
1114281
1114282
1114283
1114284
1114285
1114286
1114287
1114288
1114289
1114290
1114292
1114293
1114294
1114295
1114296
1114297
1114298
1114299
11143
1114300
1114301
1114302
1114303
1114304
1114305
1114306
1114307
1114310
1114311
1114312
1114313
1114314
1114316
1114317
1114318
111432
1114320
1114321
1114322
1114323
1114324
1114325
1114326
1114327
1114328
1114329
1114330
1114331
1114333
1114334
1114335
1114337
1114338
1114339
1114340
1114341
1114342
1114343
1114344
1114345
1114346
1114347
1114348
1114349
1114350
1114351
1114352
1114353
1114354
1114355
1114356
1114357
1114358
1114359
1114360
1114361
1114362
1114363
1114364
1114365
1114366
1114367
1114368
1114369
1114370
1114371
1114372
1114373
1114374
1114375
1114376
1114377
1114378
1114379
111438
1114380
1114381
1114382
1114383
1114384
1114385
1114386
1114387
1114389
1114391
1114395
1114396
1114397
1114398
1114399
11144
111440
1114400
1114401
1114402
1114403
1114404
1114405
1114406
1114407
1114408
1114409
111441
1114410
1114411
1114412
1114413
1114414
1114415
1114416
1114417
1114418
1114419
1114420
1114421
1114423
1114424
1114425
1114426
1114427
1114428
1114429
111443
1114430
1114431
1114432
1114433
1114434
1114435
1114437
1114438
1114440
1114441
1114442
1114443
1114444
1114446
1114447
1114448
1114449
111445
1114450
1114451
1114452
1114453
1114455
1114456
1114457
1114459
111446
1114460
1114461
1114463
1114465
1114466
1114468
1114469
111447
1114471
1114473
1114474
1114475
1114477
1114478
1114479
1114481
1114482
1114484
1114485
1114487
1114488
1114489
111449
1114490
1114491
1114492
1114493
1114494
1114495
1114496
1114497
1114498
1114499
11145
111450
1114500
1114501
1114502
1114503
1114504
1114505
1114506
1114507
1114508
1114509
1114511
1114512
1114513
1114514
1114515
1114516
1114517
1114518
1114519
111452
1114520
1114521
1114522
1114523
1114524
1114525
1114526
1114528
1114529
1114531
1114533
1114534
1114535
1114536
1114538
1114539
1114540
1114542
1114543
1114544
1114545
1114546
1114547
1114548
1114549
1114550
1114551
1114552
1114557
1114558
1114559
1114560
1114561
1114562
1114563
1114564
1114565
1114566
1114567
1114568
1114569
111457
1114570
1114571
1114572
1114573
1114574
1114575
1114576
1114577
1114578
1114579
1114580
1114581
1114582
1114583
1114584
1114585
1114586
1114587
1114588
1114589
111459
1114590
1114592
1114593
1114594
1114595
1114596
1114597
1114599
111460
1114600
1114601
1114602
1114603
1114604
1114605
1114606
1114607
1114608
1114609
111461
1114610
1114611
1114612
1114613
1114614
1114615
1114616
1114617
1114619
111462
1114620
1114622
1114623
1114624
1114625
1114626
1114627
1114628
1114629
111463
1114630
1114631
1114632
1114633
1114634
1114635
1114636
1114637
1114638
1114639
111464
1114641
1114643
1114644
1114645
1114647
1114649
1114650
1114651
1114652
1114653
1114654
1114655
1114656
1114657
1114659
1114660
1114661
1114662
1114664
1114665
1114666
1114667
1114668
1114669
1114670
1114671
1114672
1114674
1114675
1114676
1114677
1114678
1114679
1114680
1114681
1114682
1114683
1114684
1114686
1114687
1114688
1114689
111469
1114690
1114691
1114692
1114693
1114694
1114695
1114699
11147
111470
1114701
1114702
1114703
1114704
1114705
1114706
1114707
1114708
1114709
111471
1114710
1114711
1114712
1114713
1114714
1114716
1114717
1114719
1114720
1114721
1114722
1114724
1114725
1114726
1114727
1114728
1114729
111473
1114730
1114731
1114732
1114733
1114734
1114735
1114736
1114737
1114738
1114739
111474
1114740
1114741
1114742
1114743
1114744
1114745
1114746
1114747
1114748
1114749
111475
1114750
1114751
1114752
1114753
1114754
1114755
1114756
1114757
1114758
1114759
111476
1114760
1114761
1114762
1114763
1114764
1114765
1114768
1114769
111477
1114770
1114771
1114772
1114773
1114775
1114776
1114777
1114778
1114779
1114780
1114781
1114782
1114784
1114785
1114786
1114788
111479
1114790
1114791
1114792
1114793
1114794
1114795
1114796
1114797
1114798
1114799
11148
111480
1114800
1114802
1114803
1114804
1114806
1114808
1114809
111481
1114810
1114812
1114813
1114814
1114815
1114816
1114817
1114818
1114819
111482
1114820
1114821
1114822
1114823
1114824
1114825
1114826
1114827
1114828
1114829
1114830
1114831
1114832
1114833
1114834
1114835
1114836
1114837
1114838
1114839
1114840
1114841
1114842
1114843
1114844
1114845
1114847
1114848
1114849
111485
1114850
1114851
1114852
1114853
1114854
1114855
1114856
1114857
1114858
1114859
1114860
1114861
1114862
1114863
1114864
1114865
1114866
1114867
1114868
1114869
1114870
1114871
1114873
1114876
1114878
1114879
1114880
1114881
1114882
1114883
1114884
1114885
1114886
1114887
1114888
1114889
1114890
1114891
1114892
1114893
1114894
1114895
1114896
1114897
1114898
1114899
11149
111490
1114900
1114901
1114902
1114903
1114904
1114905
1114908
1114909
1114910
1114911
1114912
1114913
1114915
1114916
1114917
1114918
1114919
111492
1114920
1114922
1114924
1114925
1114926
1114927
1114928
1114929
111493
1114930
1114931
1114933
1114934
1114935
1114936
1114937
1114938
1114939
1114940
1114942
1114943
1114945
1114946
1114948
1114949
1114950
1114951
1114952
1114953
1114954
1114955
1114956
1114957
1114958
111496
1114960
1114961
1114962
1114963
1114964
1114965
1114966
1114967
1114968
1114969
1114970
1114971
1114972
1114974
1114975
1114976
1114977
1114978
1114979
1114980
1114981
1114982
1114983
1114984
1114986
1114987
1114988
111499
1114990
1114991
1114992
1114993
1114994
1114995
1114996
1114997
1114998
1114999
1115
11150
1115001
1115003
1115004
1115006
1115007
1115008
1115009
111501
1115011
1115012
1115013
1115014
1115015
1115016
1115017
1115018
1115020
1115021
1115022
1115024
1115025
1115026
1115027
1115028
1115029
1115030
1115031
1115032
1115033
1115034
1115036
1115037
1115038
1115039
111504
1115040
1115041
1115043
1115044
1115045
1115046
1115047
1115048
1115049
111505
1115050
1115051
1115052
1115053
1115054
1115055
1115056
1115057
1115058
1115059
1115060
1115061
1115062
1115063
1115064
1115066
1115068
1115069
111507
1115070
1115071
1115072
1115073
1115074
1115075
1115076
1115077
1115078
1115079
1115080
1115081
1115082
1115083
1115084
1115085
1115086
1115087
1115088
1115089
111509
1115090
1115091
1115092
1115093
1115094
1115095
1115096
1115098
1115099
11151
1115100
1115101
1115102
1115103
1115104
1115105
1115106
1115107
1115108
1115109
1115110
1115112
1115113
1115115
1115116
1115117
1115118
1115119
1115120
1115121
1115122
1115123
1115124
1115125
1115126
1115127
1115128
1115129
1115130
1115131
1115132
1115133
1115134
1115135
1115136
1115137
1115138
1115139
1115140
1115141
1115142
1115143
1115144
1115145
1115146
1115147
1115148
1115149
1115150
1115151
1115152
1115153
1115154
1115155
1115156
1115157
1115158
1115159
1115160
1115161
1115162
1115163
1115164
1115165
1115167
1115168
1115169
1115170
1115171
1115172
1115173
1115175
1115176
1115177
1115178
1115179
1115180
1115182
1115183
1115184
1115185
1115186
1115187
1115188
1115189
111519
1115190
1115191
1115192
1115193
1115194
1115195
1115196
1115197
1115198
1115199
11152
1115200
1115201
1115202
1115203
1115207
1115208
1115209
111521
1115210
1115212
1115213
1115214
1115215
1115216
1115217
1115218
1115219
111522
1115220
1115221
1115222
1115223
1115224
1115225
1115226
1115228
1115229
1115230
1115231
1115232
1115233
1115234
1115235
1115236
1115237
1115238
1115239
111524
1115240
1115241
1115242
1115243
1115244
1115245
1115246
1115247
1115248
1115249
1115250
1115251
1115252
1115253
1115254
1115255
1115256
1115257
1115258
1115259
1115260
1115261
1115263
1115264
1115265
1115266
1115268
1115269
1115270
1115271
1115272
1115273
1115274
1115275
1115276
1115277
1115278
1115279
1115280
1115281
1115282
1115283
1115284
1115285
1115286
1115287
1115288
1115289
1115290
1115291
1115292
1115293
1115294
1115295
1115296
1115297
1115298
1115299
11153
1115300
1115301
1115302
1115303
1115304
1115305
1115307
1115308
1115309
1115310
1115311
1115313
1115314
1115315
1115316
1115317
1115318
1115319
111532
1115320
1115323
1115324
1115325
1115326
1115327
1115328
1115329
1115330
1115331
1115332
1115333
1115335
1115336
1115337
1115338
1115339
1115340
1115341
1115342
1115343
1115344
1115345
1115346
1115347
1115348
1115349
1115351
1115352
1115353
1115354
1115356
1115357
1115358
1115359
111536
1115360
1115361
1115362
1115363
1115364
1115365
1115366
1115367
1115368
1115369
111537
1115370
1115371
1115372
1115373
1115374
1115375
1115376
1115377
1115378
1115379
1115380
1115381
1115382
1115383
1115384
1115385
1115386
1115387
1115388
1115389
1115390
1115391
1115392
1115393
1115394
1115395
1115396
1115397
1115398
1115399
111540
1115401
1115402
1115403
1115404
1115405
1115406
1115407
1115408
111541
1115410
1115411
1115412
1115413
1115414
1115415
1115416
1115417
1115418
1115419
111542
1115420
1115421
1115422
1115424
1115425
1115426
1115427
1115428
1115429
111543
1115430
1115432
1115433
1115434
1115435
1115437
1115438
1115439
111544
1115440
1115441
1115443
1115444
1115445
1115446
1115447
1115448
1115449
111545
1115450
1115451
1115452
1115453
1115454
1115455
1115456
1115457
1115459
1115460
1115461
1115462
1115463
1115465
1115466
1115467
1115468
1115469
1115470
1115471
1115472
1115473
1115474
1115475
1115476
1115477
1115478
1115479
1115480
1115481
1115482
1115483
1115484
1115485
1115486
1115487
1115488
1115490
1115491
1115492
1115493
1115494
1115495
1115496
1115497
1115498
1115499
11155
111550
1115500
1115502
1115503
1115504
1115505
1115506
1115507
1115509
1115510
1115512
1115513
1115514
1115515
1115516
1115517
1115518
1115519
1115520
1115521
1115522
1115523
1115524
1115525
1115526
1115527
1115528
1115529
1115530
1115531
1115532
1115533
1115534
1115535
1115536
1115537
1115538
1115539
1115541
1115543
1115544
1115545
1115546
1115547
1115548
1115549
1115550
1115551
1115552
1115553
1115554
1115555
1115556
1115557
1115558
1115559
111556
1115560
1115562
1115565
1115568
1115569
1115570
1115571
1115572
1115573
1115574
1115575
1115576
1115577
1115578
1115579
111558
1115580
1115581
1115582
1115583
1115584
1115585
1115586
1115587
1115588
1115589
1115591
1115592
1115593
1115594
1115595
1115596
1115597
1115598
1115599
11156
111560
1115600
1115601
1115602
1115603
1115604
1115605
1115606
1115607
1115608
1115609
111561
1115610
1115611
1115612
1115613
1115615
1115619
1115620
1115621
1115622
1115623
1115624
1115625
1115626
1115627
1115628
1115629
111563
1115630
1115631
1115632
1115637
1115638
1115639
111564
1115640
1115641
1115642
1115643
1115644
1115645
1115646
1115649
1115650
1115651
1115654
1115655
1115656
1115657
1115658
111566
1115660
1115661
1115662
1115663
1115665
1115666
1115668
1115669
1115670
1115671
1115672
1115673
1115674
1115675
1115676
1115677
1115678
1115679
1115680
1115681
1115682
1115683
1115684
1115685
1115686
1115687
1115688
1115689
111569
1115690
1115691
1115692
1115693
1115694
1115695
1115696
1115697
1115698
1115699
11157
111570
1115700
1115701
1115702
1115703
1115704
1115705
1115706
1115707
1115708
1115709
1115710
1115711
1115712
1115713
1115715
1115716
1115717
1115718
1115719
111572
1115720
1115721
1115722
1115723
1115725
1115726
1115727
1115728
1115729
111573
1115730
1115731
1115732
1115733
1115734
1115736
1115737
1115738
1115739
111574
1115740
1115741
1115742
1115743
1115744
1115745
1115746
1115747
1115749
111575
1115751
1115753
1115754
1115755
1115756
1115757
1115758
1115759
1115760
1115761
1115762
1115763
1115765
1115766
1115767
1115768
111577
1115770
1115771
1115772
1115773
1115774
1115776
1115777
1115778
1115779
111578
1115780
1115781
1115782
1115783
1115784
1115785
1115786
1115787
1115788
1115789
111579
1115790
1115791
1115792
1115793
1115794
1115795
1115796
1115797
1115798
1115799
11158
111580
1115800
1115801
1115802
1115803
1115805
1115806
1115807
1115808
111581
1115810
1115811
1115812
1115813
1115814
1115815
1115816
1115817
1115818
1115819
111582
1115820
1115821
1115822
1115823
1115824
1115825
1115827
1115828
1115829
111583
1115831
1115832
1115833
1115834
1115836
1115838
1115839
111584
1115840
1115841
1115842
1115843
1115844
1115846
1115847
1115848
1115849
111585
1115850
1115851
1115852
1115854
1115855
1115857
1115858
1115860
1115861
1115862
1115864
1115865
1115866
1115867
1115868
1115869
111587
1115870
1115871
1115872
1115873
1115874
1115875
1115876
1115877
1115878
1115879
1115880
1115881
1115882
1115883
1115884
1115885
1115887
1115888
1115889
1115890
1115892
1115893
1115894
1115895
1115896
1115898
1115899
11159
111590
1115901
1115903
1115904
1115905
1115906
1115907
1115908
1115909
1115910
1115911
1115912
1115913
1115915
1115916
1115917
1115919
111592
1115920
1115921
1115922
1115923
1115924
1115925
1115926
1115927
1115928
1115929
1115930
1115931
1115932
1115933
1115934
1115936
1115937
1115938
1115939
1115940
1115941
1115942
1115943
1115945
1115948
1115949
111595
1115950
1115951
1115952
1115954
1115955
1115956
1115957
1115958
1115959
1115960
1115961
1115962
1115963
1115964
1115965
1115966
1115967
1115968
1115969
1115970
1115971
1115972
1115973
1115974
1115975
1115976
1115977
1115978
111598
1115980
1115981
1115982
1115983
1115984
1115985
1115986
1115987
1115988
1115989
111599
1115990
1115991
1115992
1115993
1115994
1115995
1115996
1115997
1115998
1115999
1116
11160
1116000
1116001
1116002
1116003
1116004
1116005
1116006
1116007
1116008
1116009
1116010
1116011
1116012
1116014
1116015
1116016
1116017
1116018
1116019
111602
1116020
1116021
1116022
1116023
1116024
1116025
1116026
1116027
1116028
1116029
1116031
1116032
1116033
1116034
1116035
1116036
1116037
1116038
1116039
111604
1116040
1116041
1116042
1116043
1116044
1116045
1116046
1116047
1116048
1116049
111605
1116050
1116051
1116052
1116053
1116056
1116057
1116058
1116059
1116064
1116066
1116067
1116068
1116069
111607
1116070
1116071
1116072
1116073
1116074
1116075
1116076
1116078
1116079
111608
1116081
1116082
1116084
1116085
1116086
1116088
1116089
1116090
1116091
1116092
1116093
1116094
1116096
1116097
1116099
11161
1116100
1116101
1116102
1116103
1116104
1116105
1116106
1116107
1116108
1116109
111611
1116112
1116113
1116114
1116115
1116116
1116117
1116118
1116119
1116120
1116121
1116122
1116124
1116125
1116126
1116127
1116128
1116129
1116130
1116131
1116132
1116133
1116134
1116135
1116136
1116138
1116139
111614
1116140
1116141
1116142
1116143
1116144
1116145
1116146
1116147
1116148
1116149
111615
1116150
1116151
1116152
1116159
111616
1116161
1116163
1116164
1116165
1116166
1116167
1116168
1116169
1116170
1116171
1116172
1116173
1116174
1116175
1116176
1116178
1116179
111618
1116180
1116181
1116182
1116183
1116184
1116185
1116186
1116187
1116188
1116189
111619
1116190
1116191
1116192
1116193
1116194
1116195
1116196
1116197
1116198
1116199
11162
111620
1116201
1116202
1116203
1116204
1116206
1116207
1116210
1116212
1116213
1116214
1116216
111622
1116221
1116223
1116225
1116226
1116228
1116229
111623
1116233
1116235
1116237
1116238
1116240
1116241
1116242
1116243
1116244
1116245
1116246
1116247
1116248
1116249
111625
1116250
1116251
1116252
1116253
1116254
1116255
1116256
1116257
1116258
1116259
111626
1116260
1116261
1116262
1116263
1116265
1116266
1116267
1116268
1116269
111627
1116270
1116271
1116272
1116273
1116274
1116275
1116276
1116277
1116278
1116279
1116280
1116281
1116282
1116283
1116284
1116285
1116286
1116287
1116288
1116289
111629
1116291
1116292
1116295
1116296
1116298
1116299
11163
1116300
1116301
1116302
1116303
1116304
1116305
1116306
1116308
1116309
1116311
1116312
1116313
1116314
1116315
1116316
1116317
1116318
111632
1116320
1116321
1116322
1116323
1116324
1116325
1116326
1116327
1116328
1116329
1116330
1116331
1116332
1116333
1116334
1116335
1116336
1116337
1116338
1116339
1116340
1116341
1116342
1116343
1116344
1116345
1116346
1116347
1116348
1116349
111635
1116350
1116351
1116352
1116353
1116354
1116355
1116357
1116358
1116359
111636
1116360
1116361
1116362
1116363
1116364
1116365
1116367
1116368
1116369
111637
1116370
1116371
1116372
1116374
1116375
1116376
1116377
1116378
1116379
111638
1116380
1116381
1116382
1116383
1116384
1116385
1116386
1116387
1116388
1116389
1116390
1116391
1116392
1116393
1116394
1116395
1116397
1116398
1116399
11164
111640
1116400
1116401
1116402
1116403
1116404
1116405
1116406
1116407
1116408
1116409
111641
1116410
1116411
1116412
1116415
1116416
1116417
1116418
1116419
111642
1116420
1116421
1116422
1116423
1116424
1116425
1116426
1116427
1116428
1116429
111643
1116430
1116431
1116432
1116433
1116434
1116436
1116438
1116439
1116440
1116441
1116442
1116444
1116445
1116446
1116447
1116448
1116449
111645
1116450
1116451
1116452
1116453
1116454
1116455
1116456
1116457
1116458
1116459
111646
1116460
1116461
1116463
1116464
1116465
1116466
1116467
1116468
1116469
111647
1116470
1116471
1116472
1116473
1116474
1116475
1116476
1116477
1116478
1116479
111648
1116480
1116481
1116482
1116483
1116484
1116485
1116486
1116487
1116488
1116489
111649
1116490
1116491
1116493
1116494
1116495
1116496
1116498
1116499
11165
111650
1116502
1116503
1116504
1116505
1116507
111651
1116510
1116511
1116512
1116513
1116515
1116516
1116517
1116518
1116519
111652
1116520
1116521
1116522
1116523
1116524
1116526
1116527
1116528
1116529
111653
1116530
1116531
1116532
1116533
1116534
1116535
1116536
1116537
111654
1116540
1116541
1116542
1116543
1116546
1116547
1116548
1116549
111655
1116550
1116552
1116553
1116554
1116555
1116556
1116557
1116558
1116559
111656
1116560
1116561
1116562
1116563
1116564
1116565
1116566
1116568
1116569
1116570
1116571
1116572
1116573
1116574
1116575
1116576
1116577
1116578
1116579
111658
1116580
1116581
1116582
1116583
1116584
1116585
1116586
1116587
1116588
1116589
1116590
1116591
1116592
1116593
1116594
1116595
1116596
1116598
1116599
11166
1116600
1116601
1116603
1116604
1116606
1116607
111661
1116610
1116611
1116612
1116613
1116614
1116615
1116616
1116617
111662
1116623
1116625
1116626
1116627
1116628
111663
1116630
1116631
1116632
1116633
1116634
1116635
1116636
1116637
1116638
1116639
1116640
1116641
1116642
1116643
1116644
1116645
1116646
1116647
1116648
1116649
111665
1116650
1116652
1116653
1116654
1116655
1116656
1116657
1116658
1116659
1116660
1116661
1116662
1116663
1116664
1116665
1116666
1116668
1116669
111667
1116670
1116671
1116672
1116673
1116674
1116675
1116676
1116677
1116678
111668
1116680
1116686
1116687
1116689
111669
1116690
1116691
1116692
1116693
1116694
1116695
1116696
1116697
1116698
1116699
11167
1116700
1116701
1116702
1116703
1116704
1116705
1116706
1116708
111671
1116710
1116711
1116712
1116713
1116714
1116715
1116716
1116717
1116718
111672
1116720
1116721
1116722
1116723
1116724
1116725
1116727
1116728
1116729
1116731
1116732
1116733
1116734
1116735
1116737
1116738
1116740
1116741
1116742
1116743
1116746
1116747
1116748
1116749
111675
1116750
1116752
1116753
1116754
1116755
1116756
1116757
1116759
111676
1116760
1116761
1116762
1116763
1116764
1116765
1116766
1116767
1116768
1116769
111677
1116770
1116771
1116772
1116773
1116774
1116775
1116776
1116777
1116778
1116779
111678
1116780
1116781
1116782
1116783
1116784
1116785
1116786
1116787
1116788
1116789
1116790
1116791
1116792
1116793
1116794
1116795
1116796
1116797
1116798
1116799
11168
1116800
1116801
1116802
1116803
1116804
1116805
1116806
1116807
1116808
1116809
1116810
1116812
1116813
1116814
1116815
1116816
1116817
1116818
1116819
1116820
1116821
1116822
1116823
1116825
1116827
1116828
1116829
111683
1116830
1116831
1116832
1116833
1116834
1116835
1116836
1116837
1116838
1116839
111684
1116840
1116841
1116842
1116843
1116844
1116845
1116847
1116848
1116849
1116850
1116851
1116852
1116853
1116854
1116855
1116857
1116858
1116859
1116860
1116861
1116862
1116863
1116864
1116865
1116866
1116867
1116868
1116871
1116873
1116874
1116875
1116876
1116877
1116878
1116879
111688
1116880
1116881
1116882
1116883
1116884
1116885
1116886
111689
1116890
1116891
1116892
1116893
1116894
1116895
1116896
1116897
1116898
1116899
11169
111690
1116900
1116901
1116902
1116904
1116905
1116907
1116908
1116909
111691
1116910
1116911
1116912
1116913
1116914
1116916
1116918
1116919
1116920
1116921
1116922
1116924
1116925
1116926
1116927
1116929
111693
1116933
1116935
1116937
1116941
1116942
1116943
1116945
1116946
1116947
1116948
1116949
111695
1116950
1116951
1116952
1116953
1116954
1116955
1116957
1116958
1116959
111696
1116960
1116961
1116964
1116965
1116966
1116967
1116968
1116969
111697
1116970
1116971
1116972
1116973
1116974
1116975
1116977
1116978
1116979
111698
1116980
1116982
1116984
1116985
1116989
111699
1116990
1116991
1116992
1116994
1116995
1116996
1116997
1116998
1116999
11170
111700
1117000
1117001
1117003
1117004
1117005
1117006
1117007
1117008
1117009
111701
1117010
1117011
1117012
1117014
1117015
1117016
1117017
1117018
1117019
111702
1117020
1117021
1117022
1117023
1117024
1117026
1117027
1117028
1117029
111703
1117030
1117031
1117032
1117033
1117035
1117036
1117037
1117038
1117039
1117040
1117041
1117042
1117043
1117044
1117045
1117047
1117048
1117049
111705
1117050
1117051
1117054
1117055
1117056
1117057
1117058
1117059
111706
1117060
1117061
1117062
1117063
1117065
1117066
1117067
1117068
1117069
111707
1117070
1117071
1117072
1117073
1117074
1117075
1117076
1117077
1117078
1117079
111708
1117080
1117081
1117082
1117083
1117084
1117085
1117086
1117087
1117090
1117091
1117092
1117093
1117094
1117095
1117096
1117097
1117098
1117099
11171
1117100
1117102
1117103
1117105
1117106
1117109
1117110
1117111
1117112
1117113
1117114
1117115
1117116
1117118
1117119
111712
1117120
1117121
1117122
1117123
1117124
1117125
1117126
1117127
1117129
111713
1117130
1117131
1117132
1117133
1117134
1117135
1117136
1117137
1117138
1117139
1117140
1117141
1117142
1117147
1117148
1117149
1117151
1117152
1117153
1117154
1117155
1117156
1117157
1117158
1117159
111716
1117160
1117161
1117163
1117164
1117165
1117166
1117168
1117169
111717
1117170
1117171
1117172
1117173
1117174
1117175
1117176
1117177
1117178
1117179
111718
1117180
1117181
1117182
1117183
1117185
1117186
1117188
1117189
111719
1117190
1117191
1117192
1117193
1117194
1117195
1117196
1117197
1117198
1117199
11172
111720
1117200
1117201
1117202
1117203
1117204
1117205
1117206
1117207
1117208
1117209
1117210
1117211
1117212
1117213
1117215
1117216
1117217
1117218
1117219
111722
1117220
1117221
1117222
1117223
1117224
1117225
1117226
1117227
1117228
1117229
111723
1117230
1117231
1117232
1117233
1117234
1117235
1117236
1117237
1117238
1117239
1117240
1117241
1117242
1117243
1117245
1117246
1117247
1117248
111725
1117251
1117252
1117253
1117254
1117255
1117256
1117257
1117258
1117259
1117260
1117261
1117262
1117263
1117265
1117266
1117267
1117269
1117270
1117271
1117272
1117273
1117274
1117275
1117276
1117277
1117278
1117279
111728
1117280
1117281
1117282
1117283
1117284
1117285
1117287
1117288
1117290
1117291
1117294
1117297
111730
1117300
1117303
1117304
1117306
1117307
1117308
1117309
1117310
1117311
1117312
1117313
1117315
1117316
1117317
1117318
1117319
111732
1117320
1117321
1117322
1117323
1117324
1117325
1117326
1117327
1117328
1117329
111733
1117330
1117331
1117332
1117333
1117334
1117335
1117336
1117337
1117338
1117339
111734
1117340
1117342
1117343
1117344
1117345
1117347
1117348
1117349
111735
1117350
1117351
1117352
1117357
111736
1117361
1117362
1117364
1117365
1117366
1117367
1117368
1117369
1117371
1117372
1117373
1117375
1117376
1117377
1117378
1117379
111738
1117381
1117382
1117383
1117385
1117386
1117387
1117388
1117389
1117390
1117391
1117392
1117393
1117394
1117395
1117397
1117399
11174
111740
1117400
1117401
1117402
1117403
1117404
1117405
1117406
1117408
1117409
111741
1117410
1117411
1117412
1117413
1117414
1117415
1117416
1117417
1117418
1117419
111742
1117420
1117421
1117423
1117424
1117425
1117426
1117427
1117428
1117429
111743
1117430
1117432
1117433
1117434
1117436
1117437
1117438
111744
1117441
1117442
1117444
1117445
1117446
1117447
1117449
1117450
1117451
1117452
1117453
1117454
1117455
1117458
1117460
1117462
1117463
1117464
1117465
1117466
1117467
1117468
1117469
111747
1117470
1117472
1117473
1117474
1117475
1117476
1117477
1117478
1117479
1117480
1117481
1117482
1117483
1117484
1117485
1117486
1117488
1117489
111749
1117490
1117491
1117492
1117494
1117495
1117496
11175
111750
1117500
1117501
1117502
1117503
1117507
1117508
1117509
1117510
1117511
1117513
1117514
1117515
1117516
1117517
1117519
111752
1117520
1117522
1117524
1117525
1117526
1117527
1117528
111753
1117530
1117532
1117533
1117535
1117536
1117537
1117538
1117539
111754
1117540
1117541
1117542
1117543
1117544
1117545
1117546
1117547
1117548
1117549
1117550
1117551
1117552
1117553
1117554
1117555
1117556
1117557
1117558
1117559
1117560
1117561
1117562
1117563
1117564
1117565
1117566
1117567
1117568
1117569
111757
1117570
1117571
1117572
1117573
1117574
1117576
1117577
1117578
1117579
111758
1117580
1117581
1117582
1117583
1117585
1117586
1117587
1117588
1117589
111759
1117590
1117592
1117593
1117594
1117595
1117596
1117597
1117598
1117599
11176
1117600
1117601
1117604
1117608
1117609
1117610
1117611
1117612
1117613
1117614
1117615
1117616
1117617
1117618
1117619
1117620
1117621
1117622
1117624
1117625
1117627
1117628
1117629
111763
1117630
1117631
1117632
1117633
1117634
1117637
1117640
1117641
1117642
1117643
1117644
1117645
1117646
1117647
1117648
1117649
111765
1117651
1117652
1117653
1117654
1117655
1117656
1117658
1117659
1117661
1117662
1117665
1117667
1117668
1117669
1117670
1117671
1117672
1117673
1117675
1117676
1117677
1117678
1117679
1117680
1117681
1117682
1117683
1117684
1117685
1117686
1117687
1117688
1117689
111769
1117690
1117691
1117692
1117693
1117694
1117695
1117696
1117697
1117698
1117699
11177
111770
1117700
1117702
1117703
1117704
1117705
1117706
1117707
1117708
1117709
111771
1117710
1117711
1117712
1117713
1117714
1117715
1117716
1117719
111772
1117720
1117721
1117722
1117723
1117724
1117725
1117726
1117727
1117728
1117729
111773
1117730
1117731
1117732
1117733
1117734
1117736
1117737
1117738
1117739
111774
1117740
1117741
1117742
1117743
1117744
1117745
1117746
1117747
1117749
111775
1117750
1117751
1117752
1117753
1117754
1117755
1117756
1117759
1117760
1117761
1117763
1117764
1117768
1117769
111777
1117771
1117772
1117775
1117776
1117777
1117778
1117779
1117782
1117783
1117785
1117786
1117787
1117788
1117789
111779
1117794
1117798
1117799
11178
111780
1117801
1117802
1117803
1117804
1117805
1117807
1117808
1117809
1117811
1117812
1117813
1117814
1117815
1117816
1117818
1117819
111782
1117820
1117821
1117822
1117823
1117825
1117826
1117827
1117828
1117830
1117831
1117832
1117833
1117834
1117839
111784
1117842
1117843
1117845
1117846
1117847
1117848
1117849
111785
1117851
1117852
1117853
1117854
1117855
1117856
1117857
1117858
1117859
111786
1117860
1117861
1117862
1117863
1117864
1117865
1117866
1117867
1117868
1117869
111787
1117870
1117871
1117872
1117873
1117874
1117875
1117876
1117877
1117878
111788
1117880
1117885
1117886
1117887
1117888
1117889
1117890
1117891
1117892
1117893
1117894
1117895
1117896
1117897
1117898
1117899
11179
111790
1117900
1117901
1117902
1117903
1117904
1117905
1117906
1117907
1117909
111791
1117910
1117911
1117912
1117913
1117914
1117915
1117917
1117918
1117919
1117920
1117921
1117922
1117923
1117924
1117925
1117926
1117927
1117928
1117929
111793
1117930
1117931
1117932
1117933
1117934
1117935
1117936
1117937
1117938
1117939
111794
1117940
1117942
1117944
1117945
1117946
1117947
1117948
1117949
111795
1117950
1117951
1117952
1117954
1117956
1117957
1117958
1117959
111796
1117960
1117961
1117962
1117964
1117965
1117966
1117967
1117968
1117969
1117970
1117971
1117972
1117973
1117974
1117975
1117976
1117977
1117978
1117979
111798
1117980
1117981
1117982
1117983
1117986
1117987
1117988
1117989
111799
1117990
1117991
1117992
1117993
1117994
1117995
1117996
1117997
1117998
1117999
1118000
1118001
1118002
1118003
1118004
1118005
1118006
1118007
1118008
1118009
1118011
1118012
1118013
1118014
1118015
1118016
1118017
1118018
1118019
111802
1118021
1118022
1118023
1118024
1118025
1118026
1118027
1118028
1118029
111803
1118031
1118032
1118033
1118034
1118035
1118036
1118038
1118041
1118043
1118044
1118045
1118046
1118047
1118048
1118049
1118051
1118052
1118054
1118055
1118056
1118057
1118058
1118059
1118060
1118061
1118062
1118063
1118064
1118066
1118067
1118068
1118069
1118070
1118071
1118072
1118073
1118074
1118075
1118076
1118077
1118079
111808
1118081
1118082
1118083
1118084
1118085
1118086
1118087
1118088
1118089
111809
1118090
1118091
1118092
1118093
1118095
1118096
1118097
1118098
1118099
11181
111810
1118100
1118102
1118105
1118106
1118107
1118108
1118109
111811
1118110
1118111
1118112
1118113
1118114
1118115
1118116
1118117
1118118
1118119
111812
1118120
1118122
1118123
1118124
1118125
1118127
1118128
1118129
111813
1118130
1118131
1118132
1118133
1118134
1118136
1118137
1118139
111814
1118140
1118141
1118143
1118144
1118145
1118146
1118147
1118148
111815
1118150
1118151
1118152
1118153
1118154
1118155
1118156
1118157
1118158
1118159
111816
1118160
1118161
1118162
1118163
1118164
1118165
1118166
1118167
1118169
111817
1118170
1118171
1118172
1118173
1118174
1118175
1118176
1118177
1118178
1118179
111818
1118180
1118181
1118182
1118183
1118184
1118185
1118186
1118187
1118188
1118189
111819
1118190
1118191
1118192
1118193
1118194
1118195
1118196
1118197
1118198
1118199
11182
111820
1118200
1118201
1118202
1118203
1118204
1118205
1118206
1118207
1118208
1118209
1118210
1118211
1118212
1118213
1118214
1118215
1118216
1118217
1118218
1118219
111822
1118220
1118221
1118222
1118223
1118224
1118225
1118226
1118227
1118228
1118229
1118230
1118231
1118232
1118233
1118234
1118235
1118236
1118237
1118238
1118239
1118240
1118241
1118242
1118243
1118244
1118245
1118246
1118247
1118248
1118249
1118250
1118251
1118252
1118253
1118255
1118256
1118257
1118259
1118260
1118261
1118262
1118263
1118264
1118265
1118266
1118267
111827
1118270
1118271
1118272
1118273
1118275
1118276
1118277
1118278
1118279
1118280
1118281
1118282
1118283
1118285
1118286
1118287
1118288
1118289
111829
1118290
1118291
1118292
1118293
1118294
1118295
1118296
11183
1118300
1118301
1118302
1118303
1118304
1118305
1118307
1118308
1118309
111831
1118310
1118311
1118312
1118313
1118314
1118315
1118316
1118317
1118318
1118319
1118320
1118321
1118322
1118323
1118324
1118325
1118326
1118327
1118329
111833
1118330
1118331
1118332
1118333
1118334
1118335
1118336
1118337
1118338
1118339
1118340
1118341
1118342
1118343
1118344
1118345
1118346
1118347
1118348
1118349
111835
1118350
1118351
1118352
1118353
1118355
1118356
1118357
1118358
1118359
111836
1118360
1118361
1118362
1118363
1118364
1118365
1118367
1118368
1118369
111837
1118372
1118374
1118375
1118376
1118377
1118378
1118379
111838
1118380
1118381
1118382
1118383
1118384
1118385
1118386
1118387
1118388
1118389
111839
1118390
1118391
1118392
1118393
1118394
1118395
1118396
1118397
1118398
1118399
11184
1118400
1118401
1118402
1118403
1118404
1118405
1118406
1118407
1118408
1118409
111841
1118411
1118412
1118413
1118414
1118415
1118416
1118417
1118418
1118419
1118420
1118421
1118422
1118423
1118424
1118425
1118426
1118427
1118428
1118429
111843
1118430
1118431
1118432
1118433
1118434
1118435
1118436
1118437
1118438
1118439
1118440
1118441
1118442
1118443
1118444
1118445
1118446
1118447
1118449
1118450
1118453
1118454
1118455
1118456
1118457
1118458
1118459
1118460
1118461
1118462
1118463
1118464
1118465
1118466
1118467
1118468
1118469
111847
1118471
1118472
1118473
1118474
1118475
1118476
1118478
1118479
1118480
1118481
1118482
1118483
1118484
1118485
1118486
1118487
1118489
111849
1118490
1118491
1118492
1118493
1118494
1118495
1118496
1118497
1118498
1118499
11185
1118500
1118501
1118502
1118503
1118504
1118505
1118506
1118507
1118508
1118509
111851
1118510
1118511
1118512
1118513
1118514
1118515
1118516
1118517
1118518
1118519
1118520
1118521
1118522
1118523
1118524
1118525
1118526
1118527
1118528
1118529
111853
1118530
1118531
1118532
1118533
1118534
1118535
1118536
1118537
1118538
1118539
111854
1118540
1118541
1118542
1118543
1118544
1118547
1118548
1118549
111855
1118550
1118551
1118552
1118553
1118554
1118555
1118556
1118557
1118558
1118559
111856
1118560
1118561
1118562
1118563
1118564
1118565
1118566
1118568
1118569
111857
1118570
1118571
1118572
1118573
1118574
1118575
1118577
1118578
1118579
111858
1118580
1118582
1118584
1118585
1118586
1118587
1118588
1118589
111859
1118590
1118591
1118592
1118593
1118594
1118595
1118597
1118598
11186
111860
1118600
1118601
1118602
1118603
1118604
1118605
1118606
1118607
1118608
1118609
1118610
1118611
1118612
1118613
1118614
1118615
1118616
1118617
1118618
1118619
111862
1118620
1118621
1118622
1118623
1118624
1118625
1118626
1118627
1118628
1118629
111863
1118630
1118631
1118632
1118633
1118634
1118635
1118636
1118637
1118638
111864
1118640
1118641
1118642
1118643
1118644
1118645
1118646
1118650
1118652
1118653
1118654
1118655
1118656
1118658
1118662
1118663
1118665
1118666
1118667
1118669
111867
1118671
1118673
1118674
1118675
1118676
1118677
1118678
111868
1118680
1118681
1118682
1118683
1118684
1118686
1118687
1118688
1118689
1118690
1118691
1118692
1118693
1118694
1118695
1118696
1118697
1118698
1118699
11187
111870
1118700
1118701
1118702
1118703
1118704
1118705
1118706
1118707
1118708
1118709
111871
1118710
1118711
1118712
1118713
1118715
1118716
1118717
1118718
1118719
111872
1118720
1118721
1118722
1118723
1118724
1118725
1118726
111873
1118730
1118732
1118733
1118734
1118735
1118736
1118737
1118738
1118739
111874
1118740
1118741
1118742
1118743
1118744
1118745
1118746
1118747
1118748
1118749
111875
1118750
1118751
1118752
1118753
1118754
1118755
1118756
1118757
1118758
1118759
1118760
1118761
1118762
1118763
1118764
1118765
1118766
1118767
1118768
111877
1118770
1118771
1118772
1118774
1118775
1118776
1118778
1118779
111878
1118780
1118781
1118782
1118784
1118786
1118787
1118788
1118789
111879
1118790
1118791
1118792
1118793
1118794
1118795
1118796
1118797
1118798
1118799
11188
1118800
1118801
1118802
1118803
1118804
1118805
1118806
1118807
1118808
1118809
111881
1118810
1118811
1118812
1118815
1118816
1118817
1118818
1118819
1118820
1118821
1118822
1118823
1118824
1118825
1118826
1118827
1118828
1118829
111883
1118830
1118831
1118832
1118833
1118834
1118835
1118836
1118837
1118838
1118839
1118840
1118841
1118842
1118843
1118844
1118845
1118846
1118847
1118848
1118849
111885
1118850
1118851
1118852
1118853
1118854
1118855
1118856
1118857
1118858
111886
1118860
1118861
1118863
1118864
1118865
1118866
1118867
1118868
1118869
1118870
1118871
1118872
1118873
1118874
1118875
1118876
1118877
1118879
111888
1118880
1118881
1118884
1118885
1118886
1118887
1118888
1118889
1118890
1118891
1118892
1118893
1118894
1118895
1118896
1118897
1118898
1118899
11189
1118900
1118901
1118902
1118903
1118904
1118905
1118906
1118907
1118908
1118909
111891
1118910
1118911
1118913
1118916
1118917
111892
1118920
1118922
1118925
1118926
1118927
1118928
1118929
1118930
1118931
1118932
1118933
1118934
1118935
1118936
1118937
1118938
1118939
111894
1118940
1118941
1118942
1118943
1118944
1118945
1118946
1118947
1118948
1118951
1118952
1118954
1118955
1118956
1118958
1118959
111896
1118960
1118961
1118962
1118963
1118964
1118965
1118966
1118967
1118968
1118969
111897
1118970
1118971
1118973
1118975
1118976
1118977
1118979
1118980
1118981
1118983
1118984
1118985
1118986
1118988
111899
1118990
1118992
1118993
1118994
1118995
1118996
1118997
1118998
1118999
11190
1119001
1119002
1119003
1119004
1119005
1119006
1119007
1119008
1119009
111901
1119010
1119011
1119012
1119013
1119014
1119015
1119016
1119017
1119018
1119019
111902
1119020
1119021
1119022
1119023
1119024
1119025
1119026
1119027
1119028
111903
1119030
1119031
1119032
1119033
1119034
1119035
1119036
1119037
1119038
1119039
111904
1119040
1119041
1119042
1119043
1119045
1119046
1119047
1119049
1119050
1119052
1119053
1119054
1119055
1119056
1119057
1119058
1119059
1119060
1119063
1119064
1119065
1119066
1119067
1119068
1119069
1119070
1119071
1119072
1119073
1119074
1119076
1119077
1119079
1119080
1119081
1119082
1119083
1119084
1119085
1119086
1119087
1119088
1119089
1119090
1119091
1119092
1119093
1119094
1119095
1119096
1119097
1119098
1119099
11191
111910
1119100
1119101
1119104
1119105
1119106
1119107
1119108
1119109
111911
1119110
1119111
1119112
1119114
1119115
1119116
1119118
1119119
1119122
1119124
1119127
1119128
111913
1119130
1119131
1119132
1119133
1119134
1119136
1119137
1119138
1119139
111914
1119140
1119141
1119143
1119144
1119145
1119146
1119147
1119148
1119149
1119150
1119151
1119152
1119153
1119154
1119155
1119156
1119157
1119158
1119159
1119160
1119161
1119162
1119163
1119164
1119165
1119166
1119167
1119168
1119169
1119170
1119171
1119172
1119173
1119174
1119175
1119176
1119177
1119178
1119179
1119180
1119181
1119182
1119183
1119184
1119185
1119186
1119187
1119188
1119189
111919
1119190
1119191
1119192
1119193
1119194
1119195
1119196
1119197
1119198
1119199
11192
1119200
1119201
1119203
1119204
1119205
1119206
1119208
1119209
111921
1119210
1119212
1119213
1119214
1119215
1119216
1119217
1119218
1119219
1119220
1119221
1119222
1119223
1119224
1119225
1119226
1119227
1119228
1119229
1119230
1119231
1119232
1119233
1119234
1119235
1119236
1119237
1119238
1119241
1119242
1119243
1119244
1119245
1119246
1119247
1119248
1119249
1119250
1119251
1119252
1119253
1119254
1119255
1119256
1119257
1119258
1119259
111926
1119260
1119261
1119262
1119263
1119264
1119265
1119266
1119267
1119268
1119269
111927
1119270
1119271
1119272
1119273
1119274
1119275
1119276
1119277
1119278
1119279
111928
1119280
1119281
1119282
1119283
1119284
1119285
1119286
1119287
1119288
1119289
1119290
1119291
1119292
1119293
1119294
1119295
1119296
1119297
1119298
1119299
11193
1119300
1119301
1119302
1119303
1119304
1119305
1119306
1119307
1119308
1119310
1119311
1119312
1119313
1119314
1119315
1119316
1119317
1119318
1119319
111932
1119320
1119321
1119322
1119323
1119324
1119325
1119326
1119327
1119328
1119329
1119330
1119331
1119332
1119333
1119334
1119335
1119338
1119339
111934
1119340
1119341
1119342
1119343
1119344
1119345
1119346
1119347
1119348
1119349
111935
1119350
1119351
1119352
1119353
1119354
1119355
1119356
1119357
1119358
1119359
1119360
1119361
1119362
1119363
1119364
1119365
1119366
1119367
1119368
1119369
111937
1119370
1119371
1119372
1119373
1119374
1119375
1119377
1119378
1119379
1119380
1119381
1119382
1119383
1119384
1119385
1119386
1119387
1119388
1119389
1119390
1119391
1119392
1119393
1119394
1119395
1119396
1119397
1119398
11194
111940
1119400
1119401
1119402
1119403
1119406
1119408
1119409
1119411
1119412
1119413
1119414
1119415
1119416
1119417
1119418
1119419
111942
1119420
1119421
1119422
1119423
1119424
1119425
1119426
1119427
1119428
1119429
111943
1119430
1119431
1119432
1119433
1119434
1119435
1119436
1119437
1119438
1119439
1119440
1119441
1119443
1119444
1119446
1119447
1119448
1119449
111945
1119450
1119451
1119452
1119453
1119454
1119455
1119457
1119458
1119459
1119460
1119461
1119462
1119463
1119464
1119465
1119466
1119467
1119468
1119469
1119470
1119471
1119472
1119473
1119474
1119475
1119476
1119478
1119479
