174003
174006
174007
174008
174009
174010
174011
174012
174013
174014
174015
174016
174018
174020
174022
174023
174024
174025
174026
174027
174028
174029
174030
174031
174032
174033
174035
174037
174038
174039
174041
174042
174043
174044
174045
174046
174047
174048
174049
174050
174051
174052
174053
174054
174055
174058
174059
174060
174061
174062
174064
174065
174066
174068
174069
174070
174071
174072
174073
174075
174077
174078
174079
174080
174081
174082
174083
174084
174085
174087
174088
174089
174090
174091
174093
174094
174095
174096
174097
174098
174099
174100
174102
174103
174104
174106
174107
174108
174109
174111
174113
174115
174116
174117
174120
174121
174122
174123
174124
174125
174126
174127
174128
174129
174130
174131
174132
174133
174134
174135
174136
174137
174138
174139
174140
174141
174142
174143
174144
174145
174146
174148
174149
174150
174152
174153
174154
174155
174156
174157
174158
174159
174160
174161
174162
174163
174165
174167
174171
174173
174174
174176
174177
174178
174179
174180
174182
174183
174184
174185
174187
174188
174190
174191
174192
174193
174194
174195
174196
174197
174198
174199
174200
174201
174202
174203
174204
174207
174208
174209
174210
174211
174212
174213
174214
174215
174216
174217
174219
174220
174221
174222
174223
174224
174225
174226
174228
174229
174230
174231
174232
174234
174239
174241
174242
174243
174244
174246
174248
174249
174251
174252
174253
174254
174255
174256
174257
174258
174259
174260
174261
174262
174263
174264
174266
174267
174269
174270
174271
174272
174273
174274
174275
174277
174278
174279
174280
174281
174282
174284
174285
174286
174287
174288
174289
174291
174292
174295
174296
174298
174300
174302
174303
174304
174305
174308
174309
174310
174311
174312
174313
174314
174315
174316
174317
174318
174319
174321
174322
174323
174324
174325
174326
174328
174330
174331
174332
174333
174334
174335
174336
174337
174338
174339
174340
174341
174343
174344
174345
174346
174348
174349
174350
174351
174352
174353
174354
174357
174358
174361
174362
174364
174366
174367
174368
174369
174371
174372
174373
174374
174376
174377
174378
174379
174383
174384
174385
174386
174388
174389
174390
174391
174392
174393
174394
174396
174397
174398
174399
174400
174401
174402
174405
174407
174409
174411
174412
174414
174415
174416
174417
174418
174419
174421
174423
174424
174425
174427
174430
174435
174436
174437
174438
174439
174440
174441
174442
174443
174444
174445
174446
174447
174448
174450
174452
174453
174454
174455
174456
174457
174458
174459
174460
174461
174462
174463
174464
174465
174466
174468
174469
174470
174472
174473
174474
174475
174476
174478
174479
174481
174482
174483
174484
174485
174487
174488
174490
174492
174493
174494
174496
174497
174498
174499
174501
174503
174505
174506
174507
174508
174509
174510
174511
174512
174513
174514
174515
174517
174518
174520
174521
174522
174524
174525
174526
174528
174530
174531
174532
174533
174536
174537
174538
174539
174540
174541
174542
174543
174545
174546
174547
174549
174550
174552
174553
174554
174555
174556
174558
174559
174561
174562
174563
174564
174565
174567
174569
174571
174572
174573
174575
174576
174577
174578
174579
174581
174582
174583
174585
174586
174588
174589
174590
174591
174592
174593
174594
174595
174596
174597
174598
174599
174601
174602
174603
174604
174605
174609
174611
174613
174615
174616
174618
174619
174620
174621
174622
174623
174624
174625
174626
174627
174628
174629
174631
174633
174634
174635
174639
174640
174641
174642
174643
174645
174646
174647
174648
174649
174650
174651
174652
174653
174654
174655
174657
174658
174659
174660
174661
174662
174663
174664
174665
174666
174667
174668
174670
174671
174672
174673
174675
174676
174678
174680
174681
174682
174683
174684
174685
174686
174687
174688
174689
174690
174691
174692
174695
174696
174697
174699
174702
174704
174705
174706
174707
174708
174709
174710
174711
174712
174713
174714
174715
174716
174717
174718
174719
174720
174721
174722
174723
174724
174725
174726
174727
174728
174729
174730
174731
174733
174734
174735
174736
174737
174740
174741
174742
174744
174745
174747
174748
174749
174751
174754
174755
174758
174759
174762
174764
174765
174767
174768
174769
174770
174771
174772
174773
174775
174776
174777
174778
174779
174781
174782
174783
174784
174785
174786
174787
174789
174790
174792
174795
174797
174798
174799
174800
174802
174803
174805
174806
174807
174808
174809
174812
174815
174818
174819
174821
174822
174823
174824
174825
174826
174828
174831
174834
174837
174838
174839
174842
174844
174845
174849
174850
174852
174853
174854
174855
174856
174857
174859
174860
174861
174862
174863
174864
174865
174866
174868
174869
174870
174871
174872
174873
174874
174875
174876
174877
174878
174879
174881
174882
174883
174884
174885
174886
174887
174888
174890
174892
174893
174894
174895
174896
174898
174899
174900
174901
174902
174904
174905
174906
174907
174909
174911
174912
174913
174914
174915
174916
174917
174919
174921
174922
174923
174924
174925
174928
174930
174933
174934
174935
174936
174937
174938
174939
174940
174942
174943
174944
174945
174946
174947
174948
174949
174950
174951
174952
174953
174954
174955
174956
174958
174959
174960
174961
174962
174964
174965
174966
174967
174968
174969
174970
174971
174972
174973
174974
174975
174976
174977
174978
174979
174980
174981
174982
174984
174985
174986
174987
174988
174989
174990
174991
174992
174993
174996
174998
174999
175000
175001
175002
175003
175004
175005
175007
175008
175010
175011
175012
175013
175014
175015
175017
175018
175021
175023
175024
175025
175027
175032
175035
175036
175037
175038
175040
175041
175042
175044
175045
175046
175047
175050
175051
175054
175056
175057
175061
175063
175064
175065
175066
175068
175071
175072
175073
175074
175075
175076
175077
175078
175079
175080
175082
175083
175084
175085
175086
175087
175088
175089
175090
175091
175093
175096
175098
175099
175100
175102
175103
175104
175106
175107
175108
175109
175110
175111
175112
175114
175115
175116
175117
175118
175119
175120
175121
175122
175125
175126
175128
175129
175130
175131
175132
175134
175135
175136
175137
175138
175139
175140
175141
175142
175143
175144
175145
175146
175147
175148
175149
175150
175151
175152
175153
175154
175155
175156
175157
175158
175159
175160
175161
175162
175163
175164
175165
175166
175167
175168
175169
175170
175171
175172
175173
175176
175177
175179
175180
175181
175182
175183
175184
175185
175186
175189
175190
175191
175193
175194
175195
175200
175202
175204
175205
175206
175208
175213
175216
175217
175218
175220
175221
175222
175223
175225
175226
175227
175228
175229
175230
175231
175233
175234
175236
175237
175238
175239
175240
175243
175245
175248
175251
175256
175261
175264
175267
175270
175272
175274
175275
175276
175277
175278
175280
175283
175284
175285
175287
175288
175289
175290
175291
175293
175294
175295
175296
175297
175298
175300
175301
175302
175304
175305
175306
175307
175309
175310
175311
175314
175315
175316
175317
175319
175321
175322
175323
175324
175325
175326
175327
175328
175329
175330
175331
175333
175334
175335
175337
175338
175339
175341
175342
175343
175345
175346
175351
175352
175354
175355
175358
175359
175360
175361
175362
175363
175365
175367
175368
175369
175371
175373
175374
175375
175376
175377
175379
175380
175381
175382
175383
175385
175386
175387
175388
175389
175390
175391
175392
175395
175396
175397
175398
175399
175400
175401
175402
175403
175404
175405
175407
175408
175409
175410
175411
175412
175413
175414
175416
175418
175419
175421
175422
175423
175424
175426
175427
175428
175430
175431
175435
175436
175437
175439
175440
175441
175442
175444
175445
175446
175447
175448
175449
175450
175451
175453
175455
175456
175457
175458
175459
175461
175462
175463
175464
175465
175466
175469
175470
175472
175473
175474
175476
175478
175479
175481
175483
175484
175485
175486
175487
175489
175490
175491
175492
175495
175496
175497
175499
175500
175502
175503
175505
175507
175509
175510
175511
175513
175514
175515
175517
175518
175519
175520
175521
175522
175524
175525
175526
175527
175528
175529
175531
175532
175533
175534
175535
175536
175538
175539
175541
175542
175543
175544
175545
175547
175548
175549
175551
175552
175553
175555
175556
175558
175559
175561
175562
175563
175564
175565
175568
175569
175570
175572
175573
175574
175575
175577
175578
175579
175580
175583
175584
175585
175586
175587
175589
175590
175592
175594
175595
175596
175597
175598
175599
175600
175601
175602
175604
175605
175606
175607
175611
175612
175614
175615
175616
175618
175620
175623
175624
175625
175626
175628
175629
175631
175633
175634
175635
175636
175637
175638
175641
175643
175646
175647
175648
175651
175653
175656
175657
175659
175660
175663
175664
175666
175668
175670
175671
175673
175675
175676
175678
175679
175680
175681
175682
175686
175688
175689
175691
175692
175693
175694
175695
175696
175697
175698
175699
175700
175702
175703
175707
175708
175709
175710
175712
175714
175715
175716
175717
175718
175719
175720
175722
175723
175724
175725
175727
175729
175730
175731
175732
175733
175734
175735
175736
175737
175738
175739
175740
175741
175743
175745
175747
175748
175749
175750
175751
175752
175754
175755
175756
175757
175758
175759
175760
175761
175762
175763
175764
175765
175766
175767
175769
175770
175772
175773
175774
175778
175779
175780
175781
175783
175789
175790
175791
175792
175794
175796
175797
175799
175800
175802
175803
175804
175805
175806
175808
175810
175811
175812
175814
175815
175816
175817
175818
175819
175821
175822
175825
175826
175827
175828
175830
175832
175833
175834
175835
175836
175837
175838
175839
175840
175841
175842
175843
175844
175846
175848
175849
175851
175853
175855
175856
175857
175858
175859
175860
175861
175862
175863
175865
175866
175867
175868
175869
175870
175872
175873
175874
175875
175877
175879
175880
175881
175882
175883
175884
175885
175886
175887
175888
175889
175890
175894
175895
175896
175897
175898
175899
175900
175901
175902
175903
175904
175906
175908
175909
175910
175911
175912
175916
175917
175919
175920
175921
175922
175924
175925
175926
175927
175928
175929
175932
175933
175934
175935
175936
175937
175939
175940
175941
175942
175944
175945
175946
175948
175951
175952
175953
175954
175956
175957
175958
175959
175960
175961
175962
175963
175965
175966
175967
175968
175969
175970
175972
175973
175974
175975
175977
175983
175984
175986
175987
175988
175989
175990
175992
175993
175994
175996
175997
175998
175999
176000
176004
176005
176007
176008
176009
176013
176015
176016
176017
176018
176019
176021
176023
176025
176026
176027
176031
176032
176034
176035
176037
176039
176040
176041
176043
176044
176045
176046
176047
176049
176051
176052
176053
176055
176061
176068
176069
176070
176072
176074
176075
176076
176077
176078
176079
176080
176081
176083
176085
176086
176087
176088
176089
176091
176093
176095
176096
176101
176102
176104
176105
176106
176107
176108
176111
176112
176113
176114
176116
176117
176118
176119
176121
176122
176124
176126
176127
176128
176129
176132
176136
176137
176138
176139
176140
176142
176143
176144
176146
176147
176148
176153
176154
176155
176156
176157
176158
176159
176160
176161
176162
176163
176164
176166
176167
176168
176169
176171
176172
176175
176176
176177
176179
176180
176181
176182
176184
176185
176186
176194
176195
176203
176205
176207
176208
176212
176213
176216
176217
176218
176219
176220
176223
176227
176228
176230
176231
176232
176233
176238
176239
176241
176243
176244
176246
176247
176248
176251
176252
176253
176256
176257
176259
176263
176267
176268
176269
176270
176272
176273
176275
176276
176277
176279
176283
176284
176286
176287
176289
176291
176292
176293
176294
176295
176298
176299
176301
176302
176304
176305
176306
176307
176309
176310
176311
176312
176313
176315
176316
176317
176319
176321
176323
176324
176325
176326
176329
176336
176338
176339
176344
176345
176349
176350
176353
176354
176357
176358
176359
176362
176363
176366
176369
176371
176375
176376
176379
176382
176386
176387
176389
176391
176392
176393
176394
176396
176397
176398
176399
176402
176403
176404
176406
176407
176408
176409
176411
176413
176414
176415
176419
176420
176421
176424
176427
176429
176430
176431
176434
176435
176436
176437
176438
176439
176440
176441
176442
176444
176445
176446
176448
176450
176452
176453
176457
176460
176462
176464
176465
176467
176469
176470
176473
176474
176475
176478
176481
176482
176483
176486
176487
176491
176493
176494
176495
176496
176497
176498
176501
176502
176503
176504
176513
176515
176516
176519
176523
176524
176525
176526
176527
176528
176529
176530
176533
176534
176535
176536
176537
176538
176539
176542
176545
176547
176548
176549
176554
176558
176563
176565
176568
176570
176575
176582
176588
176589
176590
176593
176595
176596
176599
176600
176603
176604
176606
176611
176613
176615
176617
176618
176619
176622
176624
176626
176627
176628
176629
176630
176631
176632
176633
176635
176638
176640
176642
176643
176646
176650
176651
176653
176654
176655
176656
176657
176663
176664
176665
176666
176668
176669
176670
176671
176672
176673
176675
176677
176679
176680
176681
176684
176688
176690
176691
176693
176694
176701
176702
176704
176705
176706
176707
176710
176715
176718
176720
176721
176723
176729
176733
176734
176736
176739
176743
176745
176747
176750
176758
176769
176774
176775
176779
176780
176783
176786
176788
176790
176791
176793
176794
176797
176799
176801
176803
176804
176807
176809
176810
176812
176813
176815
176822
176823
176825
176827
176829
176830
176832
176834
176838
176840
176841
176842
176843
176846
176848
176851
176852
176855
176857
176861
176863
176864
176867
176868
176869
176872
176874
176875
176877
176878
176880
176881
176882
176885
176886
176888
176889
176890
176891
176893
176896
176897
176901
176903
176908
176915
176917
176918
176923
176926
176931
176932
176935
176943
176946
176948
176951
176953
176955
176957
176959
176961
176964
176966
176968
176970
176972
176975
176976
176979
176980
176981
176982
176983
176986
176990
176992
176994
176999
177001
177003
177007
177008
177014
177018
177020
177022
177024
177032
177034
177035
177036
177041
177043
177045
177046
177047
177048
177049
177051
177054
177055
177059
177060
177063
177065
177066
177067
177071
177072
177074
177076
177077
177078
177079
177081
177082
177083
177085
177086
177089
177090
177091
177092
177094
177096
177097
177098
177099
177100
177101
177102
177104
177105
177106
177107
177109
177110
177111
177112
177113
177115
177116
177117
177118
177119
177120
177121
177122
177123
177125
177128
177129
177130
177133
177135
177137
177138
177139
177140
177141
177142
177143
177144
177145
177146
177147
177148
177149
177152
177153
177155
177156
177159
177160
177161
177162
177164
177166
177169
177170
177171
177172
177174
177175
177178
177179
177181
177183
177184
177185
177189
177190
177192
177193
177195
177196
177198
177200
177203
177204
177205
177207
177208
177211
177212
177214
177216
177217
177218
177219
177221
177227
177228
177229
177231
177232
177234
177235
177236
177237
177238
177239
177240
177241
177242
177243
177245
177246
177248
177250
177252
177254
177255
177256
177257
177258
177259
177260
177261
177262
177263
177264
177266
177268
177271
177272
177275
177282
177283
177284
177286
177288
177290
177291
177292
177293
177294
177296
177298
177300
177302
177303
177304
177306
177309
177312
177313
177314
177316
177317
177319
177320
177324
177325
177326
177327
177328
177329
177330
177331
177332
177335
177338
177339
177340
177341
177343
177344
177345
177346
177347
177349
177351
177354
177355
177356
177357
177358
177359
177360
177361
177362
177365
177366
177367
177369
177370
177371
177373
177374
177375
177377
177379
177381
177382
177383
177384
177387
177388
177390
177391
177392
177393
177396
177398
177401
177402
177405
177406
177407
177408
177410
177411
177414
177415
177416
177419
177424
177425
177426
177428
177429
177430
177431
177433
177434
177435
177436
177438
177439
177440
177441
177443
177444
177446
177447
177449
177451
177452
177454
177455
177456
177457
177459
177462
177465
177466
177467
177470
177471
177472
177474
177475
177476
177478
177479
177481
177482
177486
177489
177491
177493
177494
177496
177499
177501
177502
177503
177504
177505
177506
177507
177508
177510
177513
177515
177516
177517
177520
177522
177523
177524
177526
177529
177531
177534
177535
177536
177537
177539
177540
177541
177542
177543
177544
177545
177547
177548
177549
177550
177552
177553
177554
177555
177556
177557
177559
177560
177561
177564
177565
177566
177567
177569
177570
177572
177574
177575
177578
177579
177580
177581
177583
177584
177585
177586
177587
177588
177589
177590
177598
177599
177600
177603
177605
177606
177607
177609
177610
177611
177612
177613
177616
177618
177619
177621
177622
177623
177624
177625
177628
177629
177633
177634
177637
177638
177639
177645
177646
177648
177649
177650
177651
177652
177653
177656
177660
177661
177662
177663
177664
177666
177667
177669
177670
177671
177672
177673
177674
177677
177678
177681
177683
177685
177687
177688
177690
177692
177694
177697
177699
177701
177702
177703
177704
177706
177707
177709
177710
177711
177712
177713
177714
177716
177717
177719
177720
177721
177723
177724
177727
177728
177730
177732
177733
177740
177741
177742
177743
177748
177749
177750
177751
177753
177756
177757
177758
177759
177760
177761
177762
177766
177767
177768
177771
177772
177777
177778
177779
177780
177782
177783
177787
177789
177790
177791
177792
177794
177795
177797
177798
177799
177801
177803
177809
177810
177813
177815
177816
177818
177820
177822
177824
177825
177827
177828
177830
177831
177832
177833
177834
177835
177838
177839
177841
177843
177844
177845
177846
177848
177849
177850
177851
177852
177853
177854
177856
177858
177859
177860
177863
177864
177865
177868
177869
177870
177874
177875
177876
177877
177878
177879
177880
177881
177882
177885
177888
177894
177895
177896
177897
177898
177899
177901
177902
177903
177904
177906
177908
177909
177911
177912
177913
177916
177917
177918
177919
177920
177922
177923
177929
177931
177933
177934
177935
177937
177938
177940
177942
177944
177945
177946
177947
177948
177949
177950
177951
177954
177955
177957
177962
177963
177964
177965
177968
177969
177970
177973
177974
177977
177978
177979
177980
177981
177982
177983
177986
177987
177988
177989
177991
177992
177994
177995
177996
177997
177998
177999
178000
178001
178002
178004
178005
178006
178008
178009
178010
178011
178015
178017
178018
178019
178021
178022
178023
178024
178029
178031
178032
178034
178035
178036
178037
178039
178040
178041
178042
178043
178044
178045
178047
178049
178050
178052
178054
178057
178058
178059
178060
178062
178063
178065
178068
178069
178071
178073
178074
178076
178077
178080
178083
178085
178087
178089
178092
178094
178095
178096
178097
178099
178100
178101
178102
178103
178104
178105
178106
178110
178111
178112
178113
178116
178117
178118
178119
178120
178121
178123
178124
178125
178129
178132
178133
178134
178135
178136
178138
178139
178141
178142
178143
178144
178146
178148
178150
178152
178153
178154
178155
178156
178158
178160
178162
178163
178164
178165
178167
178168
178171
178172
178173
178174
178175
178177
178180
178181
178182
178184
178186
178187
178189
178194
178195
178196
178198
178199
178200
178205
178207
178208
178209
178211
178212
178213
178215
178220
178221
178222
178224
178225
178227
178228
178231
178233
178234
178235
178236
178238
178239
178240
178242
178247
178248
178249
178252
178254
178255
178256
178257
178258
178259
178260
178261
178262
178268
178269
178270
178272
178273
178274
178275
178276
178277
178278
178279
178281
178282
178283
178285
178286
178288
178290
178293
178295
178296
178297
178298
178299
178300
178302
178303
178305
178306
178308
178311
178314
178315
178316
178319
178320
178321
178324
178326
178327
178328
178330
178331
178332
178334
178335
178336
178337
178338
178339
178340
178341
178342
178343
178345
178346
178347
178348
178349
178350
178351
178352
178354
178355
178356
178357
178358
178359
178360
178361
178363
178364
178365
178366
178367
178375
178376
178377
178378
178379
178380
178382
178383
178385
178386
178388
178390
178391
178392
178393
178396
178401
178404
178406
178407
178408
178412
178413
178416
178417
178423
178424
178425
178426
178427
178428
178429
178432
178433
178437
178439
178442
178443
178445
178447
178448
178449
178450
178451
178452
178453
178454
178457
178459
178460
178461
178463
178465
178466
178467
178468
178469
178473
178475
178476
178478
178480
178484
178485
178486
178488
178492
178494
178496
178497
178501
178503
178505
178506
178508
178509
178510
178512
178513
178514
178516
178517
178518
178519
178522
178524
178526
178527
178528
178529
178530
178531
178532
178534
178535
178538
178539
178540
178541
178542
178543
178544
178545
178546
178547
178548
178549
178550
178551
178552
178553
178554
178556
178559
178561
178563
178564
178565
178566
178567
178569
178573
178574
178575
178577
178579
178580
178581
178582
178584
178585
178586
178587
178588
178589
178590
178592
178594
178595
178597
178598
178599
178601
178602
178603
178604
178606
178607
178609
178611
178612
178613
178614
178615
178616
178618
178619
178620
178622
178623
178624
178627
178628
178631
178633
178635
178636
178638
178639
178641
178642
178643
178645
178646
178649
178650
178654
178655
178656
178657
178658
178659
178661
178663
178664
178666
178667
178672
178673
178674
178675
178677
178678
178680
178681
178682
178683
178684
178687
178688
178689
178694
178695
178696
178700
178703
178708
178712
178713
178714
178715
178716
178717
178718
178720
178721
178723
178725
178726
178728
178729
178732
178733
178736
178737
178738
178740
178743
178744
178745
178746
178747
178749
178750
178751
178752
178753
178755
178756
178757
178758
178759
178760
178763
178764
178765
178766
178767
178768
178770
178771
178772
178773
178774
178775
178776
178777
178778
178779
178780
178783
178785
178786
178787
178788
178791
178792
178797
178798
178800
178801
178803
178805
178806
178807
178808
178809
178810
178811
178812
178817
178818
178819
178820
178821
178822
178823
178826
178827
178828
178829
178832
178833
178834
178835
178836
178837
178839
178841
178842
178845
178847
178848
178850
178851
178852
178854
178855
178858
178861
178862
178863
178864
178865
178866
178870
178871
178875
178877
178878
178880
178881
178882
178883
178885
178887
178888
178890
178892
178893
178894
178896
178897
178899
178900
178901
178902
178903
178905
178907
178909
178911
178912
178913
178914
178915
178916
178917
178919
178920
178922
178923
178924
178925
178927
178928
178929
178932
178935
178936
178938
178939
178940
178941
178942
178944
178945
178946
178947
178949
178951
178952
178953
178955
178960
178962
178966
178969
178971
178972
178974
178975
178977
178978
178980
178981
178983
178984
178985
178987
178989
178991
178993
178994
178995
178996
178997
178998
179000
179001
179002
179003
179004
179005
179007
179008
179010
179011
179012
179013
179015
179016
179018
179019
179020
179023
179024
179026
179027
179029
179030
179031
179032
179034
179036
179038
179040
179042
179043
179045
179046
179047
179050
179051
179053
179054
179055
179057
179058
179059
179063
179064
179065
179066
179067
179070
179072
179074
179075
179078
179079
179080
179082
179085
179086
179087
179089
179090
179091
179092
179093
179095
179098
179099
179100
179101
179102
179103
179105
179107
179108
179109
179111
179112
179113
179114
179115
179116
179117
179118
179120
179122
179123
179124
179125
179127
179129
179130
179132
179133
179136
179138
179139
179142
179143
179144
179146
179148
179150
179151
179154
179155
179156
179159
179160
179162
179163
179165
179167
179169
179172
179174
179175
179176
179177
179178
179179
179182
179183
179184
179185
179186
179187
179188
179189
179191
179192
179195
179197
179202
179203
179205
179206
179207
179208
179211
179213
179216
179217
179224
179227
179228
179229
179230
179231
179232
179233
179234
179235
179236
179239
179241
179242
179244
179246
179248
179249
179250
179251
179252
179254
179255
179257
179260
179261
179262
179263
179264
179265
179267
179268
179269
179270
179271
179272
179273
179275
179276
179277
179278
179279
179280
179282
179283
179286
179288
179289
179291
179292
179293
179294
179296
179297
179299
179301
179302
179303
179304
179305
179307
179308
179309
179310
179314
179315
179316
179317
179319
179320
179321
179322
179326
179327
179328
179329
179335
179336
179338
179339
179340
179341
179342
179344
179345
179346
179347
179348
179349
179350
179351
179352
179353
179355
179358
179360
179361
179362
179363
179365
179366
179367
179370
179371
179372
179373
179374
179375
179376
179377
179378
179380
179382
179384
179385
179386
179387
179388
179389
179391
179393
179396
179397
179398
179399
179400
179402
179404
179405
179406
179407
179408
179411
179412
179413
179415
179416
179420
179422
179423
179424
179426
179427
179428
179431
179432
179435
179436
179437
179438
179439
179442
179443
179445
179447
179448
179449
179451
179452
179453
179454
179455
179457
179460
179461
179464
179465
179467
179468
179469
179470
179471
179472
179473
179474
179475
179477
179481
179483
179486
179487
179489
179490
179491
179492
179493
179494
179496
179497
179498
179499
179500
179501
179502
179503
179505
179507
179509
179510
179512
179513
179514
179515
179516
179518
179519
179523
179524
179527
179528
179529
179531
179533
179534
179535
179537
179538
179539
179541
179542
179544
179545
179546
179547
179548
179549
179552
179553
179554
179555
179559
179560
179561
179562
179563
179564
179565
179567
179568
179569
179570
179573
179574
179576
179580
179581
179582
179583
179584
179585
179586
179587
179588
179589
179590
179592
179594
179595
179596
179598
179599
179600
179601
179602
179603
179606
179607
179609
179611
179612
179613
179614
179615
179617
179618
179622
179624
179626
179628
179629
179631
179632
179634
179635
179638
179639
179640
179641
179643
179644
179646
179647
179650
179651
179654
179656
179657
179658
179659
179660
179661
179662
179664
179666
179668
179672
179673
179675
179677
179678
179680
179681
179683
179684
179685
179690
179692
179693
179694
179695
179696
179697
179699
179704
179705
179706
179707
179709
179710
179711
179712
179713
179714
179715
179716
179717
179718
179719
179721
179724
179725
179726
179727
179728
179730
179731
179732
179733
179734
179735
179736
179737
179738
179739
179741
179743
179746
179747
179751
179752
179753
179754
179755
179759
179760
179762
179764
179765
179767
179771
179772
179774
179777
179778
179779
179782
179783
179785
179786
179788
179790
179792
179794
179795
179796
179798
179799
179801
179803
179804
179805
179807
179809
179810
179811
179812
179814
179817
179818
179819
179820
179821
179822
179823
179824
179825
179826
179827
179828
179832
179833
179834
179835
179837
179840
179841
179843
179846
179847
179848
179850
179851
179852
179855
179857
179858
179860
179863
179866
179867
179868
179869
179871
179873
179875
179876
179877
179880
179882
179883
179884
179885
179887
179889
179890
179891
179892
179893
179894
179895
179897
179900
179903
179905
179907
179908
179909
179912
179915
179916
179917
179920
179921
179922
179923
179924
179927
179928
179929
179930
179931
179932
179933
179934
179939
179940
179941
179942
179943
179944
179946
179947
179948
179950
179951
179953
179954
179955
179956
179957
179958
179960
179961
179966
179967
179968
179972
179974
179975
179976
179980
179982
179983
179984
179985
179986
179987
179988
179989
179990
179991
179992
179995
179996
179998
179999
180000
180001
180002
180004
180005
180006
180007
180009
180010
180011
180015
180016
180017
180018
180019
180020
180021
180022
180023
180026
180030
180031
180032
180036
180038
180039
180040
180041
180044
180045
180046
180048
180050
180052
180053
180054
180056
180057
180060
180061
180064
180067
180068
180069
180071
180076
180077
180078
180081
180082
180083
180084
180085
180086
180087
180088
180089
180090
180091
180093
180094
180095
180096
180097
180098
180099
180101
180102
180103
180104
180105
180108
180109
180111
180112
180114
180117
180118
180121
180123
180128
180131
180132
180135
180136
180137
180139
180140
180141
180144
180145
180146
180147
180148
180150
180153
180155
180156
180157
180158
180159
180160
180162
180163
180165
180168
180175
180176
180177
180179
180180
180181
180183
180184
180185
180188
180189
180192
180194
180195
180196
180197
180198
180202
180203
180204
180205
180206
180207
180208
180210
180211
180212
180213
180216
180217
180218
180219
180220
180222
180223
180225
180227
180228
180229
180230
180231
180232
180236
180237
180238
180240
180241
180243
180244
180245
180246
180247
180248
180249
180250
180251
180252
180253
180254
180256
180258
180259
180261
180264
180265
180267
180268
180269
180271
180272
180273
180274
180275
180276
180278
180280
180284
180285
180286
180287
180290
180292
180293
180294
180296
180297
180298
180299
180300
180302
180305
180308
180312
180313
180314
180315
180316
180318
180321
180322
180323
180325
180326
180328
180330
180333
180334
180337
180338
180341
180342
180345
180346
180347
180348
180350
180351
180352
180355
180356
180357
180358
180359
180361
180362
180363
180364
180365
180366
180368
180369
180371
180373
180374
180375
180376
180377
180381
180383
180385
180386
180388
180389
180392
180395
180396
180398
180399
180401
180403
180404
180405
180406
180407
180408
180409
180410
180411
180413
180414
180417
180419
180420
180422
180423
180424
180426
180427
180428
180431
180432
180433
180435
180436
180437
180438
180440
180441
180443
180444
180445
180446
180448
180449
180450
180452
180453
180454
180455
180457
180460
180463
180464
180465
180467
180468
180471
180473
180474
180475
180476
180477
180483
180485
180486
180488
180489
180490
180491
180492
180494
180495
180499
180502
180504
180505
180506
180507
180508
180509
180510
180511
180512
180513
180514
180518
180519
180520
180522
180523
180524
180525
180526
180527
180528
180529
180531
180532
180534
180536
180538
180539
180546
180548
180549
180550
180552
180554
180555
180556
180557
180559
180561
180562
180564
180565
180566
180567
180570
180571
180573
180574
180575
180576
180577
180578
180579
180582
180583
180585
180586
180587
180589
180591
180593
180595
180596
180598
180599
180602
180604
180607
180608
180609
180611
180612
180613
180614
180615
180617
180620
180621
180622
180623
180624
180625
180627
180629
180631
180632
180634
180635
180636
180638
180641
180643
180644
180647
180649
180652
180654
180655
180656
180658
180659
180662
180666
180668
180669
180670
180673
180675
180677
180678
180679
180680
180681
180682
180683
180685
180686
180687
180688
180691
180693
180694
180695
180697
180700
180701
180702
180703
180705
180706
180707
180708
180710
180713
180714
180715
180716
180717
180718
180719
180721
180722
180723
180725
180727
180729
180731
180732
180733
180734
180736
180737
180740
180743
180744
180746
180747
180748
180749
180751
180753
180754
180755
180756
180758
180759
180760
180761
180762
180764
180765
180766
180767
180769
180773
180774
180775
180776
180777
180778
180779
180780
180781
180782
180784
180786
180787
180790
180793
180794
180795
180796
180798
180799
180802
180804
180805
180806
180807
180808
180809
180810
180812
180813
180815
180816
180817
180818
180819
180821
180822
180823
180825
180826
180827
180828
180829
180831
180833
180834
180836
180840
180842
180843
180845
180846
180847
180848
180849
180850
180851
180852
180853
180854
180855
180856
180857
180859
180861
180862
180863
180864
180866
180867
180876
180879
180882
180883
180884
180885
180886
180887
180888
180889
180891
180893
180894
180895
180896
180897
180900
180901
180902
180903
180905
180906
180907
180908
180909
180910
180911
180916
180917
180918
180921
180924
180925
180926
180927
180928
180929
180931
180932
180933
180934
180935
180936
180940
180943
180944
180947
180948
180949
180950
180951
180953
180954
180955
180956
180959
180960
180963
180964
180965
180967
180969
180970
180971
180973
180974
180975
180976
180978
180979
180982
180985
180986
180988
180991
180993
180995
180996
180997
180998
180999
181000
181001
181002
181006
181007
181008
181009
181010
181011
181012
181013
181014
181015
181016
181017
181021
181022
181025
181026
181027
181028
181029
181030
181031
181039
181040
181041
181042
181043
181044
181045
181048
181049
181051
181053
181054
181055
181056
181057
181058
181061
181062
181064
181065
181067
181069
181071
181073
181075
181076
181077
181080
181081
181082
181083
181084
181085
181089
181090
181091
181092
181095
181096
181097
181100
181101
181102
181103
181104
181105
181106
181107
181108
181109
181110
181111
181112
181113
181114
181115
181116
181117
181118
181120
181122
181123
181128
181130
181132
181133
181135
181136
181137
181140
181141
181142
181144
181146
181148
181149
181150
181152
181156
181157
181158
181160
181161
181163
181164
181166
181167
181168
181169
181171
181172
181173
181175
181176
181177
181180
181181
181184
181186
181191
181192
181194
181196
181199
181201
181203
181205
181206
181212
181213
181215
181216
181217
181218
181219
181221
181224
181225
181227
181228
181230
181231
181232
181233
181234
181236
181238
181239
181240
181243
181244
181249
181250
181252
181253
181254
181255
181256
181257
181259
181262
181264
181266
181267
181268
181269
181271
181272
181273
181274
181275
181276
181277
181279
181280
181282
181283
181284
181285
181286
181287
181291
181292
181293
181294
181297
181299
181300
181302
181303
181304
181305
181307
181308
181309
181310
181312
181314
181315
181316
181319
181320
181324
181325
181326
181327
181328
181330
181331
181333
181334
181335
181337
181338
181340
181342
181344
181345
181350
181351
181352
181353
181354
181356
181359
181360
181361
181364
181365
181367
181368
181371
181372
181373
181374
181375
181376
181378
181379
181387
181389
181390
181391
181393
181395
181399
181401
181402
181403
181404
181406
181407
181409
181411
181412
181416
181417
181418
181419
181420
181423
181425
181426
181427
181429
181430
181431
181434
181435
181436
181439
181441
181442
181445
181446
181447
181451
181453
181454
181456
181457
181459
181461
181462
181463
181470
181471
181472
181474
181475
181478
181479
181480
181481
181482
181483
181484
181485
181487
181489
181490
181491
181492
181493
181494
181496
181497
181499
181500
181501
181503
181504
181506
181507
181508
181509
181510
181511
181512
181516
181517
181518
181521
181522
181523
181524
181527
181528
181529
181530
181531
181532
181533
181534
181535
181536
181537
181539
181540
181546
181548
181549
181550
181551
181552
181553
181554
181557
181559
181561
181562
181563
181564
181565
181566
181568
181569
181570
181572
181573
181574
181575
181576
181577
181581
181582
181583
181584
181586
181587
181591
181592
181594
181595
181597
181601
181603
181605
181606
181609
181611
181618
181619
181620
181621
181622
181626
181628
181631
181633
181635
181638
181641
181642
181645
181647
181649
181650
181651
181653
181656
181657
181659
181660
181663
181665
181666
181667
181668
181669
181670
181671
181672
181673
181674
181675
181677
181680
181683
181685
