181686
181687
181689
181693
181694
181698
181700
181701
181703
181707
181709
181711
181712
181714
181715
181717
181719
181721
181722
181723
181724
181726
181727
181728
181730
181731
181732
181733
181734
181735
181738
181740
181742
181743
181744
181745
181746
181747
181748
181749
181750
181751
181753
181756
181757
181758
181760
181761
181762
181764
181765
181766
181767
181768
181770
181772
181773
181776
181778
181779
181780
181784
181787
181788
181789
181790
181791
181792
181795
181798
181799
181800
181801
181802
181803
181805
181806
181807
181808
181809
181810
181811
181812
181813
181815
181816
181818
181819
181820
181822
181825
181826
181833
181835
181837
181839
181841
181843
181844
181845
181846
181850
181851
181852
181854
181855
181858
181859
181861
181862
181863
181864
181865
181866
181868
181869
181870
181871
181874
181875
181876
181879
181880
181882
181883
181884
181886
181887
181888
181890
181892
181894
181896
181897
181898
181900
181902
181905
181906
181910
181911
181912
181914
181916
181917
181918
181920
181921
181922
181923
181924
181925
181926
181927
181928
181929
181930
181932
181933
181934
181935
181936
181937
181938
181939
181940
181941
181942
181943
181947
181948
181949
181950
181951
181953
181955
181958
181959
181961
181962
181963
181964
181965
181966
181968
181970
181971
181972
181973
181975
181976
181977
181979
181980
181981
181982
181983
181984
181987
181988
181989
181992
181994
181995
181996
181998
181999
182000
182002
182007
182008
182009
182012
182013
182014
182017
182019
182020
182021
182022
182023
182026
182027
182029
182030
182032
182033
182034
182035
182036
182037
182038
182040
182041
182043
182044
182045
182046
182047
182048
182049
182050
182051
182054
182056
182057
182060
182062
182063
182065
182066
182067
182069
182073
182075
182078
182081
182082
182083
182084
182085
182086
182088
182089
182090
182091
182093
182095
182096
182097
182098
182099
182101
182102
182103
182105
182106
182107
182109
182111
182112
182114
182116
182117
182118
182120
182121
182122
182124
182125
182126
182127
182129
182130
182131
182132
182134
182140
182141
182145
182146
182148
182149
182150
182151
182152
182153
182154
182155
182156
182158
182160
182161
182162
182163
182164
182165
182166
182167
182171
182172
182174
182175
182177
182178
182179
182180
182181
182182
182186
182188
182191
182192
182193
182194
182195
182196
182197
182199
182200
182201
182202
182204
182205
182207
182209
182210
182211
182212
182217
182219
182220
182221
182222
182223
182224
182225
182226
182227
182228
182229
182230
182232
182234
182236
182237
182238
182239
182240
182241
182244
182245
182246
182248
182250
182251
182252
182254
182256
182258
182259
182260
182261
182263
182265
182266
182267
182268
182269
182270
182271
182273
182274
182275
182277
182278
182281
182282
182283
182287
182291
182292
182296
182298
182299
182300
182301
182303
182304
182306
182307
182308
182309
182310
182311
182314
182316
182322
182323
182324
182326
182327
182333
182334
182335
182336
182337
182338
182339
182341
182342
182343
182344
182345
182346
182348
182349
182350
182352
182353
182354
182355
182356
182357
182360
182364
182366
182369
182370
182372
182373
182375
182376
182378
182379
182380
182384
182389
182390
182391
182393
182395
182396
182398
182401
182402
182404
182405
182409
182413
182414
182415
182416
182417
182419
182420
182421
182422
182423
182424
182425
182426
182427
182430
182431
182432
182437
182438
182445
182446
182447
182448
182449
182450
182451
182456
182457
182458
182460
182461
182463
182465
182466
182469
182470
182471
182472
182473
182475
182476
182477
182480
182483
182484
182485
182487
182488
182489
182490
182491
182494
182496
182497
182499
182500
182501
182502
182503
182504
182506
182507
182508
182510
182511
182512
182514
182516
182518
182520
182521
182522
182524
182525
182526
182527
182528
182529
182530
182531
182532
182533
182534
182535
182537
182538
182540
182543
182545
182546
182547
182548
182549
182552
182553
182554
182556
182558
182559
182560
182561
182562
182563
182564
182565
182566
182567
182571
182572
182575
182578
182580
182582
182583
182584
182586
182589
182590
182591
182592
182594
182596
182597
182599
182600
182603
182604
182606
182609
182611
182612
182614
182615
182616
182617
182619
182620
182621
182622
182625
182628
182629
182632
182633
182635
182637
182638
182640
182641
182642
182646
182648
182649
182650
182651
182653
182654
182655
182659
182660
182661
182662
182664
182665
182666
182667
182669
182670
182673
182674
182680
182683
182685
182686
182687
182688
182689
182690
182692
182695
182703
182704
182706
182709
182710
182711
182712
182714
182715
182716
182719
182721
182722
182723
182725
182728
182729
182730
182731
182732
182733
182734
182737
182738
182739
182745
182746
182747
182750
182751
182752
182753
182754
182755
182756
182757
182759
182762
182763
182766
182768
182769
182771
182772
182774
182775
182776
182777
182778
182779
182780
182781
182782
182783
182786
182787
182789
182790
182791
182792
182794
182796
182798
182799
182801
182802
182803
182805
182810
182811
182815
182818
182820
182821
182822
182823
182824
182825
182826
182827
182828
182829
182830
182832
182833
182834
182835
182836
182837
182839
182842
182843
182844
182845
182847
182848
182849
182850
182852
182853
182854
182855
182856
182858
182859
182860
182861
182862
182863
182865
182866
182867
182869
182870
182871
182872
182873
182874
182876
182877
182878
182881
182884
182885
182886
182888
182891
182893
182894
182895
182896
182899
182901
182902
182903
182904
182908
182909
182911
182912
182913
182914
182916
182917
182918
182919
182920
182921
182922
182923
182924
182925
182926
182927
182928
182929
182930
182933
182934
182936
182937
182938
182940
182941
182942
182943
182946
182948
182949
182950
182951
182952
182953
182954
182956
182957
182958
182959
182960
182963
182966
182967
182968
182970
182972
182973
182974
182977
182978
182979
182981
182986
182987
182991
182993
182997
182998
183003
183004
183005
183008
183010
183011
183013
183015
183017
183020
183021
183023
183024
183025
183026
183027
183029
183030
183032
183033
183035
183036
183038
183039
183041
183042
183043
183044
183045
183046
183047
183048
183049
183051
183052
183053
183054
183055
183056
183058
183059
183061
183062
183064
183065
183066
183067
183068
183069
183070
183071
183072
183073
183074
183075
183076
183077
183078
183081
183082
183083
183085
183086
183088
183093
183095
183096
183097
183098
183099
183101
183102
183103
183106
183107
183108
183109
183110
183111
183113
183114
183116
183117
183119
183122
183123
183124
183125
183127
183128
183130
183132
183133
183134
183135
183136
183137
183138
183139
183140
183141
183143
183144
183145
183146
183147
183148
183149
183151
183152
183153
183154
183155
183156
183157
183159
183160
183161
183162
183164
183166
183167
183169
183170
183171
183172
183173
183175
183176
183177
183178
183179
183180
183181
183182
183183
183184
183186
183187
183188
183190
183192
183193
183194
183195
183196
183199
183201
183204
183205
183208
183209
183210
183211
183213
183214
183216
183217
183218
183219
183222
183224
183225
183229
183230
183231
183232
183233
183235
183236
183237
183241
183242
183243
183244
183245
183246
183247
183248
183249
183252
183254
183258
183259
183260
183261
183262
183263
183268
183269
183270
183272
183273
183274
183275
183276
183277
183278
183279
183280
183282
183284
183285
183288
183291
183292
183293
183294
183296
183297
183298
183299
183300
183302
183303
183304
183306
183307
183308
183309
183310
183311
183312
183313
183315
183316
183318
183319
183320
183321
183322
183323
183324
183325
183326
183327
183329
183330
183331
183332
183333
183334
183336
183337
183338
183339
183340
183343
183344
183347
183348
183350
183351
183353
183354
183355
183359
183360
183361
183362
183363
183364
183365
183367
183369
183371
183372
183373
183374
183376
183377
183378
183379
183382
183383
183385
183386
183387
183388
183390
183392
183393
183396
183397
183398
183399
183400
183401
183403
183404
183405
183406
183407
183408
183409
183410
183412
183414
183417
183418
183420
183423
183424
183427
183428
183429
183430
183431
183432
183433
183435
183436
183437
183438
183439
183440
183441
183442
183443
183444
183445
183446
183447
183448
183451
183452
183453
183454
183456
183457
183459
183460
183462
183467
183469
183471
183474
183475
183477
183478
183479
183481
183482
183483
183484
183485
183487
183488
183492
183494
183497
183498
183499
183502
183503
183504
183505
183506
183507
183510
183511
183512
183513
183514
183515
183518
183519
183520
183521
183522
183526
183528
183529
183532
183533
183535
183536
183538
183539
183540
183541
183542
183543
183544
183545
183546
183547
183549
183551
183552
183555
183556
183557
183558
183559
183560
183562
183563
183564
183566
183567
183568
183570
183574
183576
183577
183579
183581
183582
183583
183584
183586
183587
183589
183590
183591
183593
183594
183595
183596
183597
183598
183599
183600
183601
183602
183603
183605
183606
183607
183609
183610
183611
183612
183613
183614
183615
183616
183618
183620
183622
183623
183625
183626
183629
183630
183632
183635
183638
183640
183641
183645
183647
183648
183650
183651
183653
183654
183655
183656
183657
183658
183659
183660
183661
183664
183665
183666
183668
183669
183670
183671
183672
183674
183675
183676
183678
183679
183681
183682
183683
183684
183686
183687
183688
183692
183693
183694
183695
183697
183701
183703
183704
183705
183706
183707
183708
183709
183712
183713
183714
183716
183718
183722
183725
183727
183728
183730
183731
183732
183735
183738
183739
183740
183742
183743
183745
183748
183749
183750
183751
183752
183753
183754
183755
183756
183758
183759
183760
183762
183763
183764
183766
183767
183768
183770
183772
183774
183775
183776
183777
183778
183780
183781
183783
183784
183785
183786
183788
183789
183790
183791
183792
183793
183795
183796
183798
183799
183800
183801
183805
183806
183808
183809
183810
183812
183813
183814
183815
183819
183821
183825
183827
183829
183830
183832
183833
183834
183835
183836
183837
183840
183841
183843
183845
183846
183848
183849
183854
183855
183856
183857
183858
183859
183860
183861
183862
183863
183864
183865
183866
183868
183869
183871
183872
183873
183874
183876
183878
183879
183880
183881
183882
183883
183884
183886
183887
183889
183890
183891
183892
183893
183898
183902
183904
183907
183910
183913
183916
183917
183918
183919
183920
183921
183922
183923
183924
183925
183926
183927
183928
183929
183931
183932
183933
183934
183935
183936
183938
183939
183940
183944
183946
183947
183948
183950
183951
183952
183953
183954
183955
183956
183957
183958
183959
183960
183961
183962
183963
183964
183965
183966
183967
183968
183969
183971
183972
183973
183974
183975
183977
183979
183980
183981
183982
183983
183984
183985
183986
183988
183989
183990
183991
183992
183993
183994
183995
183996
183997
183998
183999
184000
184002
184003
184004
184005
184006
184008
184010
184011
184012
184013
184014
184016
184017
184018
184019
184020
184021
184022
184023
184024
184025
184029
184032
184033
184035
184036
184037
184038
184039
184040
184041
184044
184045
184046
184047
184049
184050
184053
184055
184056
184057
184059
184060
184061
184062
184063
184064
184065
184066
184068
184070
184071
184073
184074
184075
184076
184077
184080
184082
184083
184085
184086
184088
184093
184095
184098
184100
184101
184102
184103
184104
184106
184108
184109
184114
184115
184117
184120
184121
184123
184124
184125
184126
184127
184128
184129
184131
184132
184134
184136
184138
184139
184141
184142
184143
184147
184148
184149
184150
184151
184152
184155
184156
184158
184159
184162
184163
184164
184165
184168
184169
184170
184171
184172
184173
184176
184178
184181
184183
184184
184185
184187
184189
184190
184193
184195
184196
184197
184198
184200
184201
184202
184203
184204
184205
184206
184207
184208
184209
184210
184211
184212
184213
184217
184218
184219
184220
184222
184224
184226
184227
184228
184229
184230
184231
184232
184234
184236
184237
184238
184241
184242
184244
184245
184246
184247
184249
184250
184251
184252
184253
184254
184255
184258
184260
184262
184263
184264
184266
184267
184269
184274
184275
184276
184277
184278
184279
184281
184287
184288
184289
184290
184291
184293
184294
184298
184299
184301
184302
184304
184306
184307
184308
184310
184312
184313
184314
184315
184317
184318
184320
184321
184322
184323
184327
184328
184329
184330
184331
184332
184335
184337
184339
184340
184341
184342
184345
184346
184347
184349
184351
184352
184354
184355
184357
184359
184360
184363
184364
184365
184366
184367
184368
184369
184370
184372
184373
184374
184375
184376
184377
184379
184380
184381
184382
184383
184384
184386
184388
184389
184390
184391
184392
184393
184394
184395
184397
184398
184399
184401
184402
184404
184405
184406
184407
184411
184414
184416
184418
184419
184420
184421
184422
184423
184424
184425
184426
184427
184428
184429
184430
184431
184432
184433
184434
184435
184436
184437
184438
184440
184441
184442
184443
184445
184446
184447
184448
184450
184452
184453
184454
184456
184457
184458
184459
184461
184462
184463
184464
184465
184466
184468
184469
184470
184471
184472
184473
184474
184475
184476
184478
184479
184480
184481
184482
184483
184484
184485
184486
184487
184489
184491
184493
184494
184496
184497
184499
184500
184501
184502
184505
184507
184508
184510
184511
184512
184513
184514
184516
184519
184522
184524
184525
184528
184530
184531
184532
184533
184534
184535
184536
184537
184539
184540
184541
184542
184543
184544
184545
184546
184547
184549
184550
184551
184552
184554
184555
184557
184558
184559
184560
184561
184562
184563
184564
184565
184566
184567
184568
184570
184571
184572
184573
184574
184575
184576
184578
184579
184580
184581
184583
184585
184586
184587
184588
184589
184590
184591
184592
184593
184594
184595
184596
184597
184598
184599
184601
184602
184603
184604
184605
184606
184608
184609
184611
184612
184613
184614
184615
184616
184617
184618
184619
184620
184621
184622
184623
184624
184625
184626
184627
184629
184630
184631
184632
184633
184634
184635
184636
184637
184639
184640
184641
184642
184645
184646
184647
184648
184649
184651
184653
184654
184655
184656
184657
184658
184659
184660
184661
184662
184663
184664
184665
184666
184667
184668
184669
184672
184673
184674
184676
184677
184678
184679
184680
184681
184682
184683
184686
184687
184688
184691
184692
184694
184696
184697
184698
184700
184701
184702
184703
184704
184705
184706
184707
184708
184709
184710
184712
184714
184716
184718
184719
184720
184724
184725
184726
184731
184732
184735
184739
184741
184743
184744
184745
184746
184748
184749
184750
184753
184754
184755
184756
184757
184759
184760
184761
184764
184765
184766
184769
184771
184772
184773
184774
184775
184780
184781
184782
184784
184785
184787
184788
184789
184791
184793
184795
184796
184798
184799
184800
184801
184802
184803
184804
184805
184806
184808
184809
184811
184812
184813
184814
184816
184817
184818
184819
184820
184821
184822
184824
184825
184826
184827
184828
184830
184832
184833
184834
184835
184836
184837
184838
184839
184841
184842
184843
184845
184846
184847
184848
184849
184850
184851
184852
184853
184854
184855
184856
184857
184858
184860
184861
184862
184863
184864
184866
184867
184868
184869
184870
184872
184874
184875
184876
184877
184878
184879
184880
184881
184882
184883
184885
184887
184890
184892
184894
184895
184896
184897
184899
184900
184902
184903
184904
184905
184906
184907
184908
184909
184911
184913
184914
184916
184917
184918
184919
184921
184923
184924
184925
184926
184927
184928
184929
184930
184931
184933
184935
184936
184937
184938
184939
184940
184941
184942
184943
184944
184945
184946
184948
184951
184952
184953
184954
184955
184957
184958
184960
184961
184963
184964
184965
184966
184967
184968
184969
184971
184972
184974
184976
184978
184979
184980
184981
184982
184983
184985
184986
184987
184989
184990
184992
184993
184994
184996
184998
184999
185001
185004
185007
185008
185011
185012
185013
185014
185015
185016
185017
185018
185020
185021
185022
185023
185024
185025
185026
185027
185029
185034
185035
185036
185038
185040
185041
185043
185044
185045
185046
185047
185048
185049
185050
185052
185053
185054
185055
185056
185057
185058
185061
185062
185063
185064
185065
185066
185067
185068
185069
185070
185073
185074
185075
185076
185077
185078
185079
185081
185082
185083
185084
185085
185086
185087
185088
185090
185091
185092
185093
185095
185096
185100
185102
185104
185105
185106
185108
185110
185111
185112
185113
185114
185115
185117
185118
185119
185120
185121
185123
185125
185126
185130
185131
185132
185133
185134
185135
185137
185138
185139
185140
185142
185144
185145
185146
185147
185148
185149
185150
185151
185152
185153
185154
185155
185156
185157
185159
185160
185161
185162
185163
185164
185165
185167
185168
185169
185170
185171
185172
185174
185175
185176
185177
185179
185180
185181
185182
185183
185184
185185
185187
185188
185189
185190
185191
185192
185193
185194
185195
185196
185197
185198
185200
185201
185203
185204
185206
185207
185208
185209
185213
185214
185215
185216
185218
185219
185220
185221
185223
185225
185228
185229
185230
185234
185236
185240
185241
185246
185247
185248
185249
185250
185251
185252
185254
185255
185261
185262
185263
185264
185265
185266
185267
185268
185269
185271
185272
185273
185274
185276
185278
185279
185280
185283
185284
185285
185286
185289
185291
185292
185293
185295
185297
185298
185299
185300
185302
185306
185308
185309
185311
185312
185313
185315
185317
185318
185321
185324
185325
185326
185327
185328
185329
185331
185332
185333
185334
185335
185336
185337
185338
185339
185340
185341
185342
185343
185345
185347
185348
185349
185350
185351
185352
185353
185354
185355
185357
185358
185359
185360
185362
185363
185366
185367
185368
185369
185370
185371
185373
185376
185377
185378
185379
185381
185382
185383
185387
185391
185392
185393
185394
185395
185399
185400
185401
185404
185406
185407
185408
185409
185412
185414
185415
185416
185417
185418
185419
185420
185421
185422
185423
185424
185426
185427
185428
185429
185430
185431
185432
185433
185434
185435
185438
185440
185441
185442
185443
185444
185447
185449
185451
185452
185453
185455
185457
185458
185460
185462
185464
185465
185466
185467
185468
185470
185471
185472
185473
185474
185475
185476
185477
185481
185483
185484
185485
185488
185489
185490
185492
185493
185494
185495
185496
185497
185498
185499
185500
185502
185504
185505
185506
185508
185510
185511
185512
185514
185515
185517
185518
185519
185520
185521
185522
185525
185526
185529
185530
185532
185534
185536
185537
185540
185541
185543
185544
185545
185546
185548
185549
185550
185551
185552
185555
185557
185558
185562
185563
185564
185567
185568
185570
185571
185572
185573
185574
185575
185576
185577
185578
185579
185581
185583
185585
185586
185590
185591
185595
185596
185597
185598
185600
185602
185605
185607
185608
185611
185615
185616
185618
185621
185622
185623
185624
185625
185626
185627
185628
185629
185630
185631
185633
185634
185635
185637
185638
185639
185640
185641
185642
185644
185645
185646
185647
185648
185649
185650
185651
185652
185660
185663
185664
185665
185666
185668
185669
185670
185671
185673
185674
185675
185677
185678
185679
185683
185685
185688
185689
185692
185693
185695
185696
185697
185698
185699
185700
185701
185702
185703
185704
185705
185706
185707
185708
185709
185710
185711
185712
185713
185714
185715
185716
185721
185722
185723
185724
185725
185726
185727
185729
185734
185735
185736
185737
185738
185739
185740
185741
185742
185744
185745
185746
185747
185749
185751
185752
185753
185755
185756
185758
185759
185761
185763
185764
185765
185766
185767
185768
185769
185770
185771
185774
185775
185777
185778
185780
185781
185782
185783
185784
185785
185786
185787
185789
185790
185791
185793
185794
185796
185797
185799
185800
185801
185802
185804
185806
185807
185808
185809
185811
185812
185813
185815
185817
185818
185819
185823
185824
185826
185827
185828
185830
185832
185834
185835
185837
185838
185840
185841
185843
185846
185847
185849
185850
185851
185852
185853
185855
185856
185859
185860
185861
185863
185864
185866
185868
185869
185872
185875
185883
185885
185889
185890
185896
185899
185900
185903
185904
185906
185907
185908
185912
185913
185915
185916
185917
185918
185919
185920
185921
185922
185923
185924
185926
185927
185929
185930
185931
185933
185934
185935
185936
185938
185942
185944
185946
185948
185949
185950
185951
185953
185954
185955
185956
185957
185958
185961
185962
185963
185966
185967
185968
185969
185971
185972
185973
185976
185977
185980
185981
185983
185984
185985
185986
185987
185988
185991
185992
185993
185994
185995
185996
185997
185998
186000
186003
186006
186007
186008
186010
186011
186012
186014
186015
186016
186017
186019
186020
186021
186022
186024
186025
186026
186028
186029
186030
186031
186033
186034
186036
186037
186038
186041
186042
186043
186044
186045
186046
186047
186048
186050
186051
186052
186053
186055
186056
186057
186058
186059
186060
186062
186063
186064
186065
186066
186068
186069
186070
186071
186074
186077
186079
186080
186081
186082
186083
186086
186087
186090
186092
186094
186095
186096
186098
186100
186101
186103
186105
186106
186107
186108
186109
186110
186111
186112
186114
186116
186117
186118
186119
186120
186121
186123
186124
186125
186126
186127
186129
186131
186132
186133
186135
186136
186137
186138
186139
186140
186142
186143
186144
186145
186146
186147
186148
186149
186150
186151
186152
186153
186154
186155
186156
186157
186159
186160
186161
186162
186163
186164
186165
186166
186167
186168
186169
186170
186171
186172
186173
186175
186176
186178
186179
186180
186181
186184
186186
186187
186188
186189
186190
186193
186194
186195
186196
186197
186198
186199
186200
186201
186202
186203
186205
186208
186209
186210
186211
186212
186213
186214
186215
186217
186222
186223
186225
186227
186228
186230
186233
186234
186235
186236
186237
186238
186240
186242
186243
186245
186246
186248
186250
186251
186252
186254
186257
186258
186259
186260
186262
186263
186265
186268
186270
186271
186272
186274
186277
186279
186281
186285
186287
186289
186292
186293
186296
186297
186298
186302
186303
186304
186305
186306
186307
186308
186309
186310
186314
186315
186317
186319
186320
186321
186322
186323
186324
186325
186328
186329
186330
186332
186338
186340
186341
186342
186343
186344
186346
186349
186351
186352
186353
186355
186356
186357
186359
186360
186361
186362
186365
186366
186367
186368
186369
186370
186371
186372
186373
186374
186375
186377
186378
186379
186380
186381
186382
186383
186384
186385
186387
186389
186391
186392
186394
186395
186397
186398
186399
186402
186406
186408
186409
186410
186411
186412
186414
186415
186416
186418
186420
186421
186422
186423
186424
186425
186426
186428
186429
186431
186432
186433
186434
186435
186436
186438
186440
186441
186442
186443
186445
186446
186447
186449
186450
186451
186452
186453
186454
186455
186456
186458
186459
186460
186461
186462
186463
186464
186466
186467
186468
186469
186470
186472
186473
186474
186475
186476
186477
186478
186479
186480
186481
186482
186483
186484
186485
186486
186488
186490
186491
186492
186493
186494
186495
186496
186497
186498
186499
186500
186501
186502
186503
186504
186507
186508
186511
186514
186515
186516
186517
186518
186522
186523
186524
186525
186526
186528
186529
186531
186532
186533
186536
186538
186539
186541
186542
186546
186547
186548
186549
186550
186551
186553
186554
186555
186556
186557
186558
186559
186560
186562
186563
186564
186565
186566
186567
186568
186569
186571
186572
186573
186574
186576
186577
186578
186579
186580
186581
186582
186583
186584
186585
186586
186587
186588
186589
186590
186591
186592
186593
186595
186596
186598
186599
186600
186601
186602
186605
186606
186607
186609
186610
186611
186612
186613
186614
186615
186616
186617
186618
186620
186621
186622
186623
186624
186625
186626
186627
186629
186630
186631
186632
186633
186634
186635
186636
186637
186639
186641
186643
186646
186647
186648
186649
186650
186651
186653
186655
186656
186657
186659
186660
186661
186662
186663
186664
186665
186666
186667
186670
186671
186672
186673
186676
186677
186678
186679
186680
186682
186683
186685
186686
186687
186688
186689
186690
186691
186693
186694
186695
186696
186697
186698
186699
186700
186701
186702
186703
186704
186705
186707
186708
186709
186710
186712
186713
186714
186715
186716
186718
186719
186720
186721
186723
186724
186725
186726
186727
186729
186730
186731
186732
186734
186735
186736
186737
186738
186740
186741
186743
186744
186745
186746
186747
186748
186750
186751
186752
186753
186754
186755
186757
186759
186761
186764
186765
186766
186774
186775
186776
186780
186782
186783
186784
186786
186787
186788
186789
186790
186791
186792
186793
186794
186795
186796
186798
186801
186804
186805
186809
186810
186813
186814
186816
186817
186819
186820
186822
186823
186825
186828
186831
186833
186834
186835
186836
186837
186838
186840
186842
186843
186844
186845
186847
186848
186850
186851
186852
186853
186854
186857
186858
186859
186861
186863
186864
186866
186868
186869
186872
186874
186875
186876
186877
186881
186882
186884
186885
186886
186887
186889
186890
186892
186893
186896
186897
186898
186899
186900
186901
186902
186903
186905
186906
186907
186908
186909
186910
186912
186913
186914
186915
186916
186917
186918
186919
186920
186921
186923
186924
186925
186926
186927
186929
186930
186931
186932
186935
186936
186938
186940
186941
186942
186944
186946
186947
186948
186950
186951
186955
186956
186957
186958
186959
186961
186963
186964
186965
186966
186967
186969
186970
186971
186973
186974
186975
186976
186979
186980
186981
186982
186983
186984
186988
186989
186991
186992
186993
186994
186995
186997
186998
187001
187002
187003
187004
187005
187007
187008
187010
187011
187012
187013
187014
187015
187016
187017
187018
187020
187021
187022
187023
187024
187027
187028
187029
187030
187031
187033
187034
187036
187037
187039
187040
187044
187046
187047
187048
187049
187050
187051
187052
187053
187054
187055
187056
187058
187061
187062
187064
187065
187069
187077
187084
187087
187088
187090
187091
187092
187093
187095
187097
187098
187099
187100
187102
187104
187106
187107
187109
187110
187112
187115
187116
187117
187118
187123
187125
187126
187128
187131
187133
187139
187141
187143
187144
187146
187147
187151
187152
187153
187154
187156
187161
187164
187165
187167
187168
187169
187170
187172
187174
187176
187178
187179
187182
187183
187184
187185
187186
187187
187188
187190
187191
187192
187193
187194
187195
187196
187198
187199
187201
187205
187206
187207
187209
187213
187215
187216
187217
187218
187219
187221
187222
187225
187226
187227
187230
187232
187234
187235
187236
187238
187239
187240
187241
187242
187244
187246
187247
187248
187250
187252
187254
187255
187257
187259
187262
187263
187265
187269
187270
187271
187273
187274
187276
187277
187282
187284
187285
187286
187288
187289
187291
187292
187294
187298
187299
187300
187301
187302
187304
187305
187306
187308
187310
187312
187313
187314
187317
187318
187320
187321
187324
187326
187327
187328
187329
187331
187332
187333
187334
187336
187337
187339
187341
187343
187345
187346
187348
187349
187351
187353
187354
187355
187358
187361
187363
187364
187365
187369
187371
187373
187376
187377
187378
187380
187381
187382
187383
187385
187386
187387
187388
187390
187391
187392
187394
187396
187397
187398
187399
187401
187403
187405
187406
187408
187409
187412
187413
187414
187416
187418
187419
187420
187422
187423
187425
187427
187429
187430
187432
187433
187435
187437
187439
187440
187442
187443
187445
187446
187447
187448
187451
187456
187457
187458
187459
187460
187461
187462
187464
187466
187467
187468
187470
187473
187475
187478
187481
187482
187485
187486
187487
187488
187490
187491
187493
187494
187496
187498
187500
187502
187503
187504
187505
187509
187511
187512
187513
187515
187516
187518
187519
187520
187521
187523
187525
187527
187529
187533
187534
187535
187537
187540
187541
187542
187544
187545
187546
187548
187550
187553
187558
187562
187563
187565
187566
187567
187569
187570
187578
187579
187580
187581
187583
187584
187585
187586
187587
187590
187591
187592
187594
187596
187598
187600
187602
187606
187611
187612
187613
187614
187615
187617
187621
187624
187626
187628
187631
187632
187633
187636
187638
187644
187647
187652
187653
187655
187657
187659
187662
187663
187666
187668
187669
187671
187672
187674
187676
187678
187679
187680
187682
187683
187684
187686
187688
187689
187692
187693
187694
187695
187697
187698
187700
187701
187704
187705
187707
187709
187713
187715
187716
187717
187719
187720
187721
187722
187723
187724
187726
187727
187731
187737
187738
187739
187743
187744
187745
187746
187748
187749
187750
187751
187752
187754
187756
187757
187758
187759
187760
187762
187763
187764
187766
187767
187768
187769
187770
187771
187772
187773
187774
187775
187776
187778
187782
187784
187785
187787
187788
187789
187790
187791
187793
187795
187796
187799
187801
187803
187804
187805
187806
187808
187810
187813
187815
187816
187817
187820
187821
187826
187827
187830
187831
187832
187834
187838
187841
187842
187843
187844
187845
187846
187847
187848
187849
187851
187852
187855
187856
187857
187861
187862
187863
187864
187865
187866
187867
187868
187870
187871
187872
187873
187874
187876
187877
187879
187881
187882
187883
187884
187886
187887
187888
187889
187891
187894
187895
187897
187898
187899
187900
187901
187902
187903
187904
187905
187906
187907
187909
187911
187912
187913
187915
187916
187917
187918
187921
187922
187924
187925
187927
187929
187930
187933
187934
187935
187936
187937
187938
187939
187940
187941
187943
187944
187945
187949
187950
187951
187952
187953
187956
187959
187960
187962
187963
187964
187965
187968
187969
187970
187971
187972
187973
187974
187976
187977
187978
187979
187980
187981
187982
187983
187985
187986
187987
187988
187989
187991
187993
187996
187997
187998
187999
188001
188002
188003
188006
188013
188015
188017
188020
188021
188023
188024
188026
188027
188028
188029
188032
188033
188034
188036
188037
188038
188040
188042
188044
188045
188046
188047
188048
188049
188050
188051
188052
188053
188055
188056
188057
188060
188061
188062
188065
188066
188068
188069
188070
188072
188073
188074
188076
188077
188078
188079
188080
188081
188082
188083
188084
188085
188087
188089
188090
188092
188093
188094
188096
188097
188098
188099
188100
188102
188104
188106
188107
188108
188109
188110
188111
188112
188113
188114
188115
188116
188117
188118
188119
188120
188121
188122
188123
188125
188127
188129
188130
188131
188132
188134
188136
188137
188142
188144
188146
188147
188148
188151
188154
188155
188160
188161
188162
188165
188166
188170
188171
188173
188175
188176
188178
188179
188180
188181
188182
188183
188184
188185
188186
188187
188188
188189
188190
188191
188192
188193
188194
188198
188200
188201
188203
188204
188205
188206
188207
188208
188209
188210
188215
188216
188218
188219
188220
188221
188222
188223
188225
188226
188227
188228
188229
188230
188231
188232
188233
188234
188235
188236
188237
188238
188239
188242
188244
188246
188247
188249
188255
188257
188258
188259
188260
188262
188264
188265
188266
188268
188269
188270
188271
188273
188274
188275
188276
188277
188278
188279
188281
188282
188283
188284
188285
188288
188289
188291
188293
188294
188295
188296
188297
188298
188299
188300
188301
188302
188303
188304
188305
188306
188307
188309
188311
188312
188313
188315
188316
188317
188318
188319
188320
188321
188322
188324
188325
188326
188327
188328
188329
188330
188332
188334
188335
188336
188337
188341
188342
188343
188344
188345
188346
188348
188349
188350
188352
188353
188355
188357
188358
188359
188360
188363
188364
188365
188366
188368
188369
188370
188371
188373
188374
188375
188376
188377
188378
188380
188381
188382
188383
188384
188385
188386
188388
188389
188390
188391
188392
188393
188394
188395
188397
188398
188399
188400
188403
188404
188406
188407
188408
188411
188412
188416
188417
188418
188419
188420
188422
188423
188425
188427
188428
188429
188430
188432
188433
188434
188435
188436
188437
188440
188441
188442
188444
188445
188446
188447
188448
188451
188452
188453
188454
188457
188460
188461
188462
188463
188464
188465
188466
188467
188468
188470
188472
188473
188476
188478
188479
188482
188484
188485
188487
188488
188489
188490
188493
188495
188499
188501
188505
188506
188507
188509
188510
188512
188514
188518
188519
188520
188521
188522
188524
188525
188527
188528
188529
188531
188532
188534
188536
188538
188539
188540
188541
188542
188543
188548
188549
188557
188558
188559
188560
188561
188562
188564
188565
188566
188567
188569
188571
188572
188573
188575
188577
188578
188579
188581
188584
188587
188588
188589
188590
188591
188592
188594
188597
188598
188599
188600
188602
188603
188604
188605
188606
188607
188608
188609
188610
188612
188614
188616
188618
188620
188621
188624
188625
188626
188628
188629
188631
188632
188633
188634
188635
188637
188639
188640
188641
188642
188643
188644
188646
188647
188648
188649
188650
188652
188653
188654
188655
188656
188657
188658
188659
188661
188663
188665
188667
188668
188669
188670
188671
188674
188675
188676
188677
188680
188682
188683
188684
188685
188686
188687
188688
188689
188690
188691
188693
188694
188696
188697
188698
188700
188701
188702
188703
188704
188705
188706
188707
188709
188710
188712
188714
188715
188716
188717
188719
188721
188722
188723
188724
188726
188727
188728
188729
188730
188731
188732
188733
188734
188735
188736
188737
188738
188739
188740
188741
188742
188744
188748
188749
188750
188751
188752
188753
188754
188755
188756
188757
188758
188760
188761
188762
188763
188764
188765
188767
188768
188769
188771
188772
188773
188774
188776
188777
188778
188779
188781
188782
188783
188785
188786
188787
188788
188789
188794
188800
188801
188804
188805
188807
188810
188812
188813
188816
188817
188819
188820
188821
188822
188823
188826
188827
188828
188830
188831
188832
188834
188835
188836
188837
188839
188841
188843
188844
188845
188846
188847
188851
188852
188853
188855
188856
188858
188859
188861
188862
188865
188867
188870
188871
188872
188873
188876
188878
188880
188884
188885
188886
188887
188888
188889
188890
188891
188892
188893
188899
188900
188901
188902
188905
188906
188907
188908
188910
188911
188912
188913
188914
188915
188916
188919
188920
188922
188924
188927
188928
188929
188930
188931
188932
188933
188934
188936
188939
188944
188945
188947
188949
188950
188951
188952
188954
188956
188957
188958
188960
188961
188962
188963
188966
188967
188970
188972
188973
188974
188975
188976
188977
188978
188980
188981
188982
188984
188985
188986
188987
188988
188989
188990
188991
188992
188993
188994
188996
188997
188999
189000
189002
189003
189004
189005
189007
189008
189009
189010
189011
189012
189013
189014
189015
189017
189018
189019
189021
189022
