1129728
1129729
112973
1129730
1129731
1129732
1129733
1129734
1129735
1129736
1129737
1129738
1129739
1129740
1129741
1129742
1129743
1129746
1129747
1129749
112975
1129750
1129751
1129753
1129754
1129755
1129756
1129757
1129758
1129759
1129760
1129761
1129762
1129763
1129764
1129765
1129766
1129767
1129768
1129769
112977
1129770
1129771
1129772
1129773
1129774
1129775
1129776
1129777
1129778
1129779
112978
1129780
1129781
1129782
1129783
1129784
1129785
1129786
1129787
1129788
1129789
1129790
1129791
1129792
1129793
1129794
1129795
1129796
1129797
1129798
1129799
11298
1129800
1129801
1129802
1129803
1129804
1129805
1129806
1129807
1129808
1129809
1129810
1129811
1129812
1129813
1129814
1129816
1129817
1129818
1129819
1129820
1129821
1129822
1129823
1129824
1129825
1129826
1129827
1129828
1129829
112983
1129830
1129831
1129832
1129833
1129834
1129835
1129836
1129837
1129838
1129839
1129840
1129841
1129842
1129843
1129844
1129845
1129847
1129848
1129849
1129850
1129851
1129852
1129853
1129854
1129855
1129856
1129857
1129858
1129859
1129860
1129861
1129863
1129864
1129865
1129866
1129867
1129868
1129869
112987
1129870
1129871
1129872
1129873
1129874
1129875
1129876
1129877
1129878
1129879
112988
1129880
1129882
1129883
1129885
1129886
1129887
1129888
1129889
1129890
1129891
1129892
1129893
1129894
1129895
1129896
1129897
1129898
1129899
11299
112990
1129900
1129902
1129903
1129904
1129905
1129906
1129907
1129908
1129909
112991
1129910
1129911
1129912
1129913
1129914
1129915
1129916
1129917
1129918
1129919
1129920
1129921
1129922
1129923
1129924
1129925
1129926
1129927
1129928
1129929
112993
1129930
1129931
1129932
1129933
1129934
1129935
1129936
1129937
1129938
1129939
112994
1129941
1129942
1129943
1129944
1129946
1129947
1129948
1129949
1129950
1129952
1129953
1129954
1129955
1129956
1129957
1129958
1129959
1129960
1129961
1129962
1129963
1129965
1129967
1129968
1129969
112997
1129970
1129971
1129972
1129973
1129974
1129975
1129976
1129977
1129978
1129979
1129980
1129981
1129982
1129983
1129984
1129985
1129986
1129987
1129988
1129989
112999
1129990
1129991
1129992
1129993
1129994
1129995
1129996
1129997
1129998
1129999
113
11300
1130000
1130001
1130002
1130003
1130004
1130005
1130006
1130007
1130008
1130009
113001
1130010
1130011
1130012
1130013
1130014
1130015
1130018
1130019
1130020
1130021
1130022
1130023
1130024
1130025
1130026
1130027
1130028
1130029
113003
1130030
1130031
1130032
1130033
1130034
1130035
1130036
1130037
1130038
1130039
113004
1130040
1130041
1130042
1130043
1130044
1130045
1130046
1130047
1130048
1130049
1130050
1130052
1130053
1130054
1130055
1130056
1130057
1130058
1130059
1130060
1130061
1130062
1130063
1130064
1130065
1130066
1130067
1130068
1130069
1130070
1130071
1130072
1130073
1130074
1130075
1130076
1130077
1130078
1130079
1130080
1130081
1130082
1130083
1130084
1130085
1130086
1130087
1130088
1130089
113009
1130090
1130091
1130092
1130093
1130094
1130095
1130096
1130097
1130098
1130099
1130100
1130101
1130102
1130103
1130104
1130105
1130106
1130107
1130108
1130109
1130110
1130111
1130112
1130113
1130114
1130115
1130116
1130117
1130118
1130119
113012
1130120
1130121
1130122
1130123
1130124
1130125
1130126
1130127
1130128
1130129
1130130
1130131
1130132
1130133
1130134
1130135
1130136
1130137
1130138
1130139
1130140
1130141
1130142
1130143
1130144
1130145
1130146
1130147
1130148
1130149
113015
1130150
1130151
1130153
1130154
1130155
1130156
1130157
1130158
1130159
113016
1130160
1130161
1130162
1130163
1130165
1130166
1130167
1130168
1130169
113017
1130170
1130171
1130172
1130173
1130174
1130175
1130176
1130177
1130178
1130179
113018
1130180
1130181
1130182
1130183
1130184
1130185
1130186
1130187
1130188
1130189
1130190
1130191
1130192
1130193
1130194
1130195
1130196
1130197
1130198
1130199
11302
113020
1130200
1130201
1130202
1130203
1130204
1130205
1130206
1130207
1130208
1130209
113021
1130210
1130211
1130212
1130213
1130214
1130215
1130216
1130217
1130218
1130219
1130220
1130221
1130222
1130223
1130224
1130225
1130227
113023
1130230
1130231
1130232
1130235
1130236
1130238
1130239
113024
1130240
1130241
1130242
1130243
1130244
1130245
1130246
1130247
1130248
1130249
113025
1130250
1130251
1130252
1130254
1130255
1130257
1130258
1130259
113026
1130260
1130261
1130262
1130263
1130264
1130265
1130266
1130267
1130268
1130269
1130270
1130272
1130273
1130275
1130276
1130277
1130278
1130279
113028
1130280
1130281
1130282
1130283
1130284
1130285
1130286
1130287
1130288
1130289
113029
1130290
1130291
1130292
1130293
1130294
1130295
1130296
1130297
1130298
1130299
11303
113030
1130300
1130301
1130302
1130303
1130304
1130305
1130306
1130307
1130308
1130309
113031
1130310
1130311
1130312
1130314
1130315
1130316
1130317
1130318
1130319
1130320
1130321
1130322
1130323
1130324
1130325
1130326
1130327
1130328
1130329
113033
1130330
1130331
1130332
1130333
1130334
1130335
1130336
1130337
1130338
1130339
113034
1130340
1130341
1130342
1130343
1130344
1130345
1130346
1130347
1130348
113035
1130350
1130351
1130352
1130353
1130354
1130355
1130356
1130357
1130358
1130359
113036
1130360
1130361
1130362
1130363
1130364
1130365
1130366
1130367
1130368
1130369
113037
1130370
1130371
1130372
1130373
1130374
1130375
1130376
1130377
1130378
1130379
113038
1130380
1130381
1130382
1130383
1130384
1130385
1130386
1130387
1130388
1130389
113039
1130390
1130391
1130392
1130393
1130394
1130397
1130398
1130399
11304
113040
1130400
1130401
1130402
1130403
1130404
1130405
1130406
1130407
1130408
1130409
1130410
1130411
1130412
1130413
1130414
1130415
1130416
1130417
1130419
1130420
1130421
1130422
1130423
1130424
1130425
1130426
1130427
1130428
1130429
113043
1130430
1130431
1130432
1130433
1130434
1130435
1130436
1130437
1130438
1130439
113044
1130440
1130441
1130442
1130443
1130444
1130446
1130447
1130448
1130449
1130450
1130451
1130452
1130453
1130454
1130457
1130458
1130459
113046
1130460
1130461
1130462
1130463
1130464
1130465
1130466
1130467
1130468
1130469
113047
1130470
1130471
1130472
1130473
1130474
1130475
1130476
1130477
1130478
1130479
1130481
1130482
1130483
1130484
1130485
1130486
1130487
1130488
1130489
1130490
1130491
1130492
1130493
1130494
1130495
1130496
1130498
1130499
11305
113050
1130500
1130501
1130502
1130503
1130504
1130505
1130506
1130507
1130508
1130509
113051
1130510
1130511
1130512
1130513
1130514
1130515
1130516
1130517
1130518
1130519
1130520
1130521
1130522
1130523
1130524
1130525
1130526
1130527
1130528
1130529
113053
1130530
1130531
1130532
1130533
1130534
1130535
1130536
1130537
1130538
1130539
113054
1130540
1130541
1130543
1130544
1130545
1130546
1130547
1130548
113055
1130551
1130552
1130553
1130554
1130555
1130556
1130557
1130558
1130559
1130560
1130561
1130562
1130563
1130564
1130565
1130566
1130567
1130568
1130569
113057
1130570
1130571
1130572
1130573
1130574
1130575
1130576
1130577
1130578
1130579
113058
1130580
1130581
1130582
1130583
1130584
1130585
1130586
1130587
1130588
1130589
1130590
1130591
1130592
1130593
1130594
1130595
1130596
1130597
1130598
1130599
11306
113060
1130600
1130601
1130602
1130603
1130604
1130605
1130606
1130607
1130608
1130609
113061
1130610
1130611
1130612
1130613
1130614
1130615
1130616
1130617
1130618
1130619
113062
1130620
1130621
1130622
1130623
1130624
1130625
1130626
1130627
1130628
1130629
113063
1130630
1130631
1130632
1130633
1130634
1130635
1130636
1130638
1130639
1130640
1130641
1130642
1130643
1130644
1130645
1130646
1130647
1130648
1130649
1130651
1130652
1130653
1130654
1130655
1130656
1130657
1130658
1130659
1130660
1130661
1130662
1130663
1130664
1130665
1130666
1130667
1130668
1130669
113067
1130670
1130671
1130672
1130673
1130674
1130675
1130676
1130677
1130678
1130679
113068
1130680
1130681
1130682
1130683
1130684
1130685
1130686
1130687
1130688
1130689
1130690
1130691
1130692
1130693
1130694
1130695
1130696
1130697
1130698
1130699
11307
1130700
1130701
1130702
1130703
1130704
1130705
1130706
1130707
1130708
1130709
1130710
1130711
1130712
1130713
1130714
1130715
1130716
1130717
1130718
1130719
113072
1130720
1130721
1130722
1130723
1130724
1130725
1130726
1130727
1130728
1130729
113073
1130730
1130731
1130732
1130733
1130734
1130735
1130736
1130737
1130738
1130739
1130740
1130741
1130742
1130743
1130744
1130745
1130746
1130747
1130748
1130749
1130750
1130751
1130752
1130753
1130754
1130755
1130757
1130758
1130759
113076
1130760
1130761
1130762
1130763
1130764
1130765
1130766
1130767
1130768
1130769
1130770
1130771
1130772
1130773
1130774
1130775
1130776
1130777
1130778
1130779
1130780
1130781
1130782
1130783
1130784
1130785
1130786
1130787
1130788
1130789
1130790
1130791
1130792
1130793
1130794
1130795
1130796
1130797
1130798
1130799
11308
113080
1130800
1130801
1130802
1130803
1130804
1130805
1130806
1130807
1130808
1130809
1130810
1130811
1130812
1130813
1130814
1130815
1130816
1130817
1130818
1130819
113082
1130820
1130821
1130822
1130824
1130825
1130826
1130827
1130828
1130829
1130830
1130831
1130832
1130833
1130834
1130835
1130836
1130837
1130838
1130839
113084
1130840
1130841
1130842
1130843
1130844
1130845
1130846
1130847
1130848
1130849
1130850
1130851
1130852
1130853
1130854
1130855
1130856
1130857
1130858
1130859
113086
1130860
1130861
1130862
1130863
1130864
1130865
1130866
1130867
1130868
1130869
1130870
1130871
1130872
1130873
1130874
1130875
1130876
1130877
1130878
1130879
1130880
1130881
1130882
1130883
1130884
1130885
1130886
1130887
1130888
1130889
113089
1130890
1130891
1130892
1130893
1130895
1130896
1130898
1130899
11309
1130900
1130901
1130902
1130903
1130904
1130905
1130906
1130907
1130908
1130909
113091
1130910
1130911
1130912
1130913
1130914
1130915
1130916
1130917
1130918
1130919
1130920
1130921
1130922
1130923
1130924
1130925
1130926
1130927
1130928
1130929
113093
1130930
1130931
1130932
1130933
1130934
1130935
1130936
1130937
1130938
1130939
113094
1130940
1130941
1130942
1130943
1130944
1130945
1130946
1130947
1130948
1130949
113095
1130951
1130952
1130953
1130954
1130955
1130956
1130957
1130958
1130959
113096
1130960
1130961
1130962
1130963
1130964
1130965
1130966
1130967
1130968
1130969
113097
1130970
1130971
1130972
1130973
1130974
1130975
1130976
1130977
1130978
1130979
1130980
1130981
1130982
1130983
1130984
1130985
1130986
1130987
1130988
1130989
113099
1130990
1130991
1130992
1130993
1130994
1130995
1130996
1130997
1130998
1130999
11310
113100
1131000
1131001
1131002
1131003
1131004
1131005
1131006
1131007
1131008
1131009
1131010
1131011
1131012
1131013
1131014
1131015
1131016
1131017
1131018
1131019
113102
1131020
1131021
1131022
1131023
1131024
1131025
1131026
1131027
1131028
1131029
113103
1131030
1131031
1131032
1131033
1131034
1131035
1131036
1131037
1131038
1131039
1131040
1131041
1131042
1131043
1131044
1131045
1131046
1131047
1131048
1131049
113105
1131050
1131051
1131052
1131053
1131054
1131055
1131056
1131057
1131058
1131059
1131060
1131061
1131062
1131063
1131064
1131065
1131066
1131067
1131068
1131069
113107
1131070
1131071
1131072
1131073
1131074
1131075
1131076
1131077
1131078
1131079
113108
1131080
1131081
1131082
1131083
1131085
1131086
1131087
113109
11311
113111
113112
113114
113116
113119
11312
113122
113123
113124
113125
113126
113127
113128
11313
113130
113131
113132
113137
113139
11314
113141
113142
113144
113145
113146
113148
113149
11315
113152
113154
113156
113158
113159
11316
113160
113162
113163
113167
11317
113170
113172
113173
113175
113176
113177
113178
11318
113180
113181
113182
113183
113186
113188
113189
11319
113190
113191
113192
113194
113195
113196
113199
113200
113201
113203
113204
113205
113207
113208
113209
11321
113210
113211
113213
113214
113215
113216
113217
113219
11322
113220
113222
113225
113228
11323
113231
113234
113236
113237
113238
11324
113240
113241
113242
113246
113249
113250
113251
113252
113254
113255
113258
11326
113260
113262
113267
113268
113269
11327
113270
113271
113273
113274
113275
113276
113277
113279
11328
113284
113286
113287
11329
113290
113292
113294
113296
113298
113299
11330
113300
113301
113302
113303
113305
113308
11331
113311
113312
113315
113316
113318
11332
113320
113322
113323
113325
113328
113329
11333
113331
113332
113334
113335
113337
11334
113340
113342
113344
113345
113347
11335
113351
113354
113355
113357
113359
11336
113360
113362
113363
113364
113366
113368
113369
11337
113370
113374
113375
113377
113378
113379
11338
113380
113381
113382
113384
113386
113388
113389
11339
113391
113393
113395
113396
113398
113399
11340
113400
113402
113404
113405
113406
113407
113409
113412
113413
113415
113416
113417
113419
11342
113421
113423
113426
113428
113430
113431
113432
11344
113440
113442
113444
113446
113447
113448
113449
11345
113450
113451
113452
113454
113455
113456
113457
113458
11346
113460
113464
113465
113466
11347
113471
113472
113475
113476
113479
11348
113483
113487
113488
11349
113496
11350
11351
113511
113512
113518
11352
113520
113521
113523
113526
113528
113529
11353
113531
113533
113534
11354
113541
113544
113546
113549
11355
113551
113554
113555
113557
113558
11356
113560
113561
113562
113564
113566
113569
11357
113571
113572
113573
11358
113580
113581
113582
113585
113587
11359
113590
113594
113595
113596
113597
113598
11360
113601
113602
113603
113606
113607
113608
113609
11361
113610
113614
113616
113619
11362
113621
113622
113623
113625
113626
113627
113629
11363
113630
113632
113638
11364
113641
113642
113644
113645
113649
11365
113653
113655
113658
11366
113660
113664
113666
113667
113668
11367
113670
113671
113673
113674
113678
11368
113680
113681
113682
113684
113687
11369
113690
113693
113695
113697
11370
113700
11371
11372
113726
113727
113728
11373
113734
113735
113736
113737
113738
113739
11374
113743
113744
113745
113747
113749
11375
113751
113752
113757
113759
11376
113761
113762
113768
11377
113772
113775
113776
113777
11378
113782
113784
113785
113787
113788
11379
11380
113801
113802
113803
113804
113807
113808
11381
113814
113815
113817
11382
113821
113823
113824
113828
113829
11383
113832
113833
113836
113838
11384
113841
113843
113844
113845
113846
113848
11385
113850
113852
113855
113856
113859
11386
113860
113861
113863
113865
113869
11387
113870
113873
113875
113876
113878
11388
113882
113883
113885
113889
11389
113890
113891
113892
113893
113899
11390
113902
113904
113905
113907
113908
113909
11391
113910
113916
113917
113918
113919
11392
113921
113924
113925
11393
113930
113933
113934
113936
113937
113938
113939
11394
113941
113943
113944
113945
113946
113947
11395
113950
113951
113952
113957
113958
113959
11396
113960
113961
113963
113968
113971
113972
113977
11398
113981
113982
113983
113984
113985
113987
113988
113989
11399
113991
113993
113996
113997
114
11400
114000
114001
114002
114003
114006
114007
11401
114010
114013
114018
114019
11402
114021
114024
114026
11403
114030
114033
114034
114038
11404
114040
114041
114044
114045
114046
114047
114048
11405
114051
114053
114057
11406
114060
114061
114062
114063
114064
114065
114066
114067
114069
11407
114070
114072
114073
114075
114076
114077
114078
114079
11408
114080
114081
114083
114087
114089
11409
114090
114092
114093
114094
114096
114101
114104
114105
114106
114108
114109
11411
114111
114112
114116
114117
11412
114122
114124
114126
114127
114128
11413
114130
114131
114133
114134
114136
114137
114138
11414
114142
114143
114144
114145
114146
114147
114148
11415
114150
114151
114153
114155
114157
11416
114160
114162
114163
114164
114166
114168
114169
11417
114171
114172
114174
114176
114178
11418
114180
114183
114184
114185
114186
114187
114189
11419
114190
114191
114194
114195
114196
114199
11420
114201
114202
114204
114205
114206
114207
114209
11421
114212
114214
114218
11422
114221
114222
114223
114225
114229
11423
114231
114233
114234
114235
114236
114238
11424
114246
114247
11425
114251
114254
114255
114256
114257
11426
114266
11427
114277
114279
11428
114280
114281
114283
114284
114285
114286
114287
11429
114291
114292
114293
114296
114297
114298
114299
11430
114303
11431
114310
114311
114313
114314
114315
114319
114320
114322
114323
114324
114326
114333
114334
114336
114337
114339
114344
114348
114349
114350
114354
114357
114358
114359
114361
114362
114363
114364
114370
114371
114372
114375
114377
114378
114379
114382
114383
114384
114386
114387
114388
11439
114390
114392
114394
114395
114397
114399
11440
114401
114403
114405
114407
114409
11441
114411
114412
114413
114414
11442
114420
114423
114426
114427
114428
11443
114430
114433
114435
114436
114437
114438
11444
114440
114442
114444
114446
11445
114450
114452
114455
114456
114457
114458
114459
11446
114460
114462
114464
114466
114468
114469
11447
114471
114472
114476
114478
11448
114487
114489
11449
114490
114492
114496
114498
114499
11450
114500
114502
114503
114505
114506
114507
114508
114509
11451
114510
114511
114512
114513
114514
114516
114517
11452
114520
114521
114522
114524
114525
114526
114527
114528
11453
114533
114534
114535
114537
114538
11454
114540
114542
114543
114544
11455
114550
114551
114552
114553
114554
114556
114558
11456
114560
114562
114564
114566
114568
11457
114570
114571
114572
114573
114574
114575
114576
114577
114578
11458
114580
114581
114582
114583
114584
114585
114586
114587
114588
114589
11459
114591
114592
114594
114595
114596
114597
114599
11460
114604
114605
114606
114607
114609
114610
114611
114612
114614
114615
114617
114618
114619
11462
114620
114622
114623
114626
114627
114628
114629
11463
114630
114631
114635
114638
11464
114640
114644
114645
114646
114648
11465
114650
114651
114652
114654
114655
114657
114658
11466
114661
114663
114668
11467
114670
114671
114674
114677
114678
11468
114680
114681
114683
114684
114685
114688
114689
11469
114690
114692
114693
114695
114696
114698
114699
11470
114700
114701
114702
114703
114705
114706
114708
11471
114710
114711
114713
114715
114717
114718
114719
11472
114721
114722
114724
114726
114727
114728
114730
114731
114733
114734
114735
114736
114738
114739
11474
114740
114741
114744
114745
114746
114749
11475
114750
114754
114755
114756
11476
114760
114762
114763
114766
114767
114768
11477
114770
114771
114772
114776
114779
11478
114784
114785
114786
114789
11479
114790
114792
11480
114801
11481
114813
114814
114816
11483
114833
114835
114836
114837
114838
11484
114840
114842
114846
114847
114849
11485
114852
114856
114858
114860
114861
114862
114863
114865
114866
114867
114868
114870
114872
114873
114874
114875
114876
114879
11488
114880
114885
114887
114888
11489
114890
114891
114893
114895
114896
114897
114899
11490
114900
114901
114903
114904
114906
114909
11491
114911
114913
114918
114919
11492
114922
114924
114926
114929
114931
114933
114934
114936
114938
114939
11494
114941
11495
114951
114953
114955
114958
11496
114960
114961
114962
114964
114965
114968
11497
114970
114972
114973
114975
11498
114980
114982
114983
114984
114988
11499
114994
114996
114998
115
11500
115002
115005
115006
115007
115009
115011
115012
115014
115016
115017
115018
11502
115020
115021
115022
115023
115024
115026
115028
115029
11503
115030
115033
115034
115036
115037
115039
11504
115042
115043
115045
115046
115047
115048
115049
11505
115050
115052
115053
115054
115056
115058
11506
115060
115064
115066
115067
115068
11507
115070
115074
115075
115076
11508
115082
115083
115084
115086
115087
11509
115090
115091
115093
115096
115097
11510
115100
115101
115104
115106
115107
115108
115109
11511
115110
115111
115112
115117
115119
11512
115120
115123
115124
115127
115128
11513
115131
115132
115134
115138
11514
115144
115146
115147
115149
11515
115150
115153
115156
115158
115159
11516
115162
115165
115166
115167
115168
115169
11517
115170
115173
115174
115177
115178
115179
11518
115184
115186
115187
115188
115189
11519
115190
115194
115195
115199
11520
115200
115201
11521
115210
115213
115214
115216
115219
11522
115221
115223
115226
115227
115229
11523
115231
115232
115233
115235
115238
115239
11524
115241
115242
115243
115246
115248
115249
11525
115251
115256
115258
11526
115260
115261
115262
115264
115265
115268
11527
115270
115271
115272
115273
115276
115277
11528
115281
115282
115283
115284
115285
115286
115287
11529
115290
115291
115293
115294
115295
115296
115298
11530
115301
115304
115305
115306
115307
115309
11531
115311
115313
115314
115316
115317
115319
11532
115320
115323
115325
115326
115327
115328
115329
11533
115330
115331
115332
115333
115337
115338
11534
115340
115341
115344
115346
115348
11535
115350
115351
115353
115355
115357
115358
11536
115360
115362
115363
115364
115365
115366
115368
11537
115371
115373
115374
115376
115377
115379
115381
115383
115384
115386
115387
115389
11539
115391
115392
115394
115396
115397
11540
115400
115403
115406
11541
115416
115418
11542
115421
115422
115423
115425
115427
115428
11543
115430
115432
115436
115439
11544
115442
115443
115445
115446
115447
115448
11545
115450
115451
115453
115454
115457
115458
115459
11546
115460
115461
115463
115464
115466
115467
115469
11547
115470
115471
115472
115473
115474
115475
115479
11548
115480
115481
115482
115483
115484
115485
115487
115488
115489
11549
115491
115493
115494
115495
115497
11550
115502
115503
115504
115505
115506
115507
115508
115509
11551
115512
115513
115515
115516
115518
115519
115520
115521
115523
115524
115526
115527
115529
11553
115531
115537
11554
115542
115543
115544
115545
115547
115548
115549
11555
115550
115551
115553
115555
115556
115558
115559
11556
115560
115562
115565
11557
115572
115573
115576
11558
115580
115583
115588
11559
115590
115591
115592
115593
115594
115595
115596
115598
115599
11560
115601
115603
115604
115605
115606
115607
115608
115609
11561
115610
115612
115613
115614
115616
115617
115618
11562
115621
115623
115624
115625
115626
115627
11563
115630
115631
115632
115633
115635
115636
115638
115639
11564
115641
115646
115647
115649
11565
115651
115652
115655
115656
115658
11566
115661
115662
115665
115666
115667
115668
115669
11567
115671
115673
115674
115675
115676
115677
115679
11568
115681
115682
115683
115685
115686
115687
115689
11569
115690
115692
115693
115694
115695
115696
115698
115699
11570
115700
115702
115703
115706
115709
11571
115710
115711
115712
115713
115715
115717
115719
11572
115721
115723
115724
115725
115727
115728
11573
115732
115733
115734
115737
115738
11574
115740
115741
115743
115744
115745
115748
115749
11575
115750
115753
115755
115757
115758
115759
11576
115760
115764
115766
11577
115771
115774
115777
115778
11578
115780
115781
115782
115784
115786
115788
11579
115793
115794
115795
115796
115798
115799
11580
115800
115801
115802
115803
115804
115805
115806
115807
115808
115809
115810
115812
115813
115815
115816
115817
115818
115819
115820
115821
115824
115825
115827
115828
115829
11583
115830
115831
115833
115834
115835
11584
115842
115844
115846
115847
115848
115850
115851
115853
115855
115856
115857
115858
11586
115861
115862
115866
115867
115869
11587
115871
115872
115873
115874
115875
115877
115878
11588
115880
115881
115883
115885
115887
115888
115889
11589
115890
115892
115893
115894
115895
115896
115897
11590
115900
115905
115906
115907
115908
115909
11591
115910
115914
115915
115916
115917
115919
11592
115920
115921
115922
115923
115924
115926
115928
115929
11593
115930
115931
115933
115934
115938
11594
115940
115941
115943
115945
115946
115947
115949
11595
115952
115953
115954
115955
115958
11596
115960
115961
115963
115964
115966
115969
11597
115972
115977
11598
115981
115983
115984
115986
115987
115988
115989
11599
115990
115991
115992
115993
115994
115996
115998
115999
116
11600
116004
116005
116007
116008
11601
116010
116011
116013
116014
116015
116017
116019
11602
116023
116028
116029
11603
116030
116031
116032
116034
116035
116036
116038
11604
116042
116043
116044
116045
116046
116048
11605
116050
116051
116052
116053
116055
116056
116057
116058
116059
11606
116060
116061
116062
116063
116064
116065
116066
116067
11607
116070
116071
116072
116073
116074
116075
116076
116077
116078
116080
116081
116082
116083
116084
116086
116087
116088
11609
116090
116091
116092
116093
116094
116095
116097
116098
116099
11610
116100
116102
116103
116104
116105
116109
11611
116110
116113
116114
116117
116118
116119
11612
116120
116121
116122
116123
116124
11613
116138
11614
116146
116148
116149
11615
116152
116154
116155
116156
116158
11616
116160
116162
116165
116167
11617
116172
116173
116174
116175
116177
116178
11618
116180
116183
116185
116186
116187
116189
11619
116190
116192
116194
116196
116198
1162
11620
116205
116206
116209
11621
116210
116212
116213
116214
116215
116216
116218
11622
116220
116222
116225
116227
116229
11623
116231
116232
116233
116234
116236
116239
11624
116244
116248
11625
116250
116251
116253
116254
116255
116257
116259
11626
116263
116265
116267
116269
11627
116271
116272
116274
116277
11628
116280
116281
116282
116283
116284
116286
116287
11629
116290
116291
116292
116294
116298
116299
1163
11630
116303
116305
116306
116308
116309
11631
116311
116312
116313
116314
116315
116318
116319
11632
116322
116323
116325
116328
11633
116330
116331
116333
116334
116336
116337
116339
11634
116340
116341
116342
116343
116345
116346
116347
116348
11635
116350
116351
116352
116353
116354
116355
116356
116357
11636
116360
116363
116364
116367
116368
116369
11637
116370
116371
116373
116377
116378
116379
11638
116384
116385
116387
116389
11639
116391
116393
116394
116396
116397
116398
1164
116400
116401
116402
116403
116405
116407
116408
116410
116412
116415
11642
116423
116424
116425
116426
116427
116428
116429
11643
116430
116431
116432
116433
116434
116435
116436
116437
116439
11644
116440
116442
116445
116446
116447
11645
116450
116451
116459
11646
116463
116464
116466
116468
11647
116470
116475
116477
116478
11648
116484
116488
11649
116490
116491
116494
116495
116498
1165
11650
116500
116503
116504
116505
116507
11651
116511
116512
116513
116514
116515
116516
116517
116518
116519
11652
116521
116523
116525
116526
116529
11653
116530
116532
116534
116536
116537
116538
11654
116541
116544
116545
116546
116547
116548
116549
11655
116550
116551
116552
116553
116554
116555
116556
116557
116558
11656
116560
116562
116564
116565
116569
11657
116570
116571
116575
116577
116578
116579
11658
116580
116581
116583
116584
116585
116587
116588
116589
11659
116592
116595
116597
116599
11660
116600
116602
116603
116604
116605
116606
116607
116609
11661
116610
116611
116613
116614
116615
116616
116618
11662
116620
116621
116622
116624
116626
116628
11663
116630
116631
116632
116633
116634
116635
116636
116637
116639
11664
116641
116643
116644
116645
116646
116647
116648
116649
11665
116650
116652
116653
116654
116659
11666
116662
11667
116671
116674
116675
116679
11668
116680
116683
116684
116685
116688
116689
11669
116690
116691
116692
116693
116695
116696
116698
116699
11670
116700
116702
116704
116705
116706
116708
116709
11671
116711
116712
116713
116714
116715
116716
116717
116719
11672
116720
116723
116724
116725
116727
116729
11673
116732
116733
116734
116735
116736
116738
116739
11674
116740
116741
116743
116745
116746
11675
116750
116751
116753
116755
116756
116759
11676
116760
116762
116764
116765
116767
11677
116771
116772
116776
11678
116780
116781
116782
116783
116785
116786
116787
116789
11679
116790
116791
116792
116793
116794
116796
11680
116800
116801
116805
116808
116809
116811
116814
116817
116818
116819
11682
116820
116821
116823
116824
116828
11683
116830
116834
116835
116836
116837
116839
11684
116841
116842
116844
116846
116849
116853
116854
116855
116856
116857
116859
11686
116861
116862
116866
116867
116868
11687
116870
116871
116872
116873
116875
116876
116877
116878
116879
11688
116880
116881
116883
116884
116885
116886
116887
116888
116889
11689
116891
116894
116895
116896
116898
11690
116901
116904
116907
11691
116910
116911
116912
116913
116914
116916
116919
11692
116920
116922
116924
116927
116928
11693
116930
116932
116933
116935
116936
116939
11694
116940
116942
116943
116944
116946
116947
116948
116949
116951
116952
116953
116954
116956
116958
116959
11696
116960
116966
11697
116970
116972
116973
116975
116977
116979
11698
116981
116983
116985
116986
116988
116989
11699
116991
116993
116994
116996
116997
117
11700
117001
117002
117003
117004
117005
117007
117008
117009
11701
117010
117011
117012
117013
117015
117017
117019
11702
117021
117023
117024
117026
117028
117029
11703
117031
117033
117034
117035
117036
117037
117038
117039
11704
117042
117044
117046
11705
117050
117051
117052
117053
117055
117056
117058
117059
11706
117060
117061
117066
117067
11707
117070
117071
117072
117074
117075
117076
117078
117079
11708
117080
117082
117083
117084
117085
117086
117087
117088
117089
11709
117090
117091
117092
117093
117096
117098
117099
11710
117100
117102
117103
11711
117111
117113
117116
117117
11712
117120
117121
117122
117123
117124
117127
117129
11713
117133
117134
117135
117136
11714
117141
117142
117144
117146
117148
11715
117150
117151
117153
117160
117162
117164
117166
117167
117168
117169
11717
117170
117176
117177
117179
11718
117180
117181
117186
117187
11719
117191
117192
117193
117198
117199
117201
117202
117203
117205
117207
117209
117211
117212
117213
117214
117215
117216
117217
117219
117220
117222
117223
117224
117226
117227
117228
117229
117231
117233
117234
117237
117238
117239
117241
117243
117245
117248
117250
117251
117252
117257
117258
117259
117260
117262
117263
117265
117266
117269
117272
117273
117274
117276
117278
11728
117280
117283
117287
117290
117291
117292
117293
117296
117297
117298
117299
117300
117303
117311
117314
117316
117317
117319
117322
117323
117324
117325
117326
117328
117329
117330
117331
117333
117334
117335
117337
117338
117340
117341
117342
117343
117345
117346
117347
117348
117349
11735
117350
117351
117352
117356
117357
117359
117360
117361
117364
117366
117368
117369
117370
117372
117373
117375
117377
117378
117379
117380
117381
117383
117384
117385
117386
117388
117389
117390
117392
117393
117394
117396
117398
117399
117401
117402
117403
117404
117405
117406
117407
117409
117410
117412
117414
117415
117416
117417
117419
117420
117421
117422
117423
117424
117426
117428
117429
117432
117435
117438
117441
117443
117447
117452
117453
117456
117457
117459
117460
117464
117465
117467
117469
117470
117471
117472
117473
117475
117476
117477
117478
117479
117480
117481
117482
117483
117484
117486
117487
117488
117489
117491
117493
117494
117495
117496
117497
117498
117499
117500
117501
117503
117505
117506
117507
117509
117510
117511
117512
117514
117515
117517
11752
117520
117521
117522
117524
117525
117526
117527
117529
117530
117531
117533
117534
117544
117546
117547
117549
117550
117553
117555
117557
117558
117559
117561
117562
117565
117566
117567
117568
117569
117570
117571
117573
117574
117577
117579
117581
117582
117584
117585
117587
117588
117590
117591
117592
117593
117594
117595
117596
117597
117598
117600
117602
117604
117605
117606
117608
117609
117610
117611
117612
117614
117615
117616
117618
117619
117620
117624
117627
117629
11763
117630
117632
117633
117636
117637
117643
117646
117647
117649
11765
117651
117653
117655
117656
117657
117659
11766
117660
117663
117664
117665
117666
117667
117669
11767
117670
117672
117676
117678
11768
117680
117681
117682
117683
117684
117685
117686
117687
117688
117691
117697
117699
11770
117700
117702
117703
117705
117707
117708
117709
11771
117711
117714
117718
11772
117720
117721
117726
117727
117728
117729
11773
117730
117732
117734
117737
117739
11774
117744
117746
117747
117748
117749
11775
117750
117751
11776
117767
117768
11777
117772
117773
117779
11778
117781
117782
117784
117785
117786
117788
117789
11779
117790
117791
117792
117793
117794
117797
117799
11780
117800
117801
117802
117803
117804
117806
117808
117809
11781
117811
117813
117815
117816
11782
117820
117825
117826
117827
117828
117830
117831
117834
117836
117837
117839
117841
117843
117844
117845
117847
117848
117852
117853
117854
117856
117857
11786
117860
117861
117863
117864
117865
117867
117868
117869
11787
117870
117871
117872
117874
117875
117876
117877
117878
117879
117880
117882
117885
117890
117893
117894
117896
117897
117898
117899
11790
117900
117901
117903
117904
117905
117906
117907
117909
11791
117911
117913
117914
117915
117916
117918
117919
117920
117921
117922
117923
117924
117930
117931
117932
117933
117935
117938
117942
117943
117944
11795
117953
117956
117959
11796
117961
117962
117963
117967
117969
11797
117970
117971
117974
117975
117978
117979
11798
117980
117981
117982
117983
117984
117986
117987
117989
11799
117992
117993
117995
117996
117999
118
11800
118002
118003
118005
118006
118007
118008
118009
11801
118010
118011
118014
118015
118016
118017
118018
11802
118024
118026
118027
118029
118030
118032
118035
118037
11804
118040
118043
118045
118046
118051
118052
118054
118056
118057
118059
11806
118061
118063
118065
11807
118070
118071
118075
118076
118079
11808
118081
118083
118085
118087
118088
11809
118091
118092
118093
118094
118098
118099
11810
118100
118102
118103
118104
118106
118107
118108
118109
11811
118110
118111
118112
118114
118115
118116
118118
118119
11812
118120
118121
118122
118123
118125
118128
11813
118130
118131
118133
118134
118135
118136
118138
118139
11814
118140
118141
118142
118144
118145
118146
118148
118149
11815
118150
118151
118153
118154
118155
118159
11816
118167
118168
11817
118170
118172
118178
118179
11818
118180
118181
118187
118188
118189
11819
118190
118191
118192
118195
118197
118198
118199
11820
118201
118202
118204
11821
118210
118211
118212
118213
118214
118219
11822
118224
118227
118228
11823
118232
118236
11824
118240
118243
118244
118245
118247
118248
118249
11825
118251
118255
118256
118257
118258
118259
11826
118261
118264
118266
118267
118269
11827
118271
118275
118276
118278
118279
11828
118281
118282
118283
118285
118286
118287
118288
118289
11829
118290
118292
118293
118295
118296
118297
118299
11830
118300
118301
118302
118303
118304
118305
118306
11831
118312
118313
118315
118316
118317
118318
11832
118320
118321
118323
118324
118325
118327
118328
118330
118331
118332
118333
118334
118337
118338
118339
11834
118340
118342
118343
118344
118347
118348
118349
11835
118350
118351
118353
118354
11836
11837
118370
118372
118373
118376
118379
11838
118381
118383
118385
11839
118390
118393
118395
118397
118398
11840
118402
118403
118404
118405
118406
118407
118408
118409
11841
118410
118411
118412
118413
118416
118417
118419
11842
118422
118424
118425
118427
118428
118429
11843
118430
118431
118434
118435
118437
118438
118439
11844
118441
118442
118443
118444
118446
118447
118449
11845
118451
118452
118453
118454
118456
11846
118461
118462
118469
11847
118470
118473
118475
118477
118478
118479
11848
118481
118482
118483
118484
118485
118486
118487
118488
118489
11849
118490
118491
118496
118497
118498
11850
118500
118502
118503
118504
118505
118506
118507
118509
11851
118510
118511
118512
118513
118514
118517
11852
118520
118521
118522
118523
118527
11853
118531
118533
118534
118536
118537
118538
11854
118541
118543
118544
118545
118547
118549
11855
118550
118551
118552
118553
118555
118556
118557
118558
11856
118560
118562
118565
118566
118567
118569
11857
118570
118572
118575
118576
118578
11858
118580
118581
118583
118584
11859
118596
118597
11860
118603
118605
118606
118607
118608
118609
11861
118610
118613
118615
118617
118619
11862
118620
118621
118622
118624
118625
118626
118628
11863
118631
118632
118635
118636
118638
11864
118640
118641
118642
118643
118645
118646
118650
118652
118653
118658
118659
11866
118660
118662
118663
118664
118665
118666
118667
118668
118669
11867
118670
118672
118673
118676
118677
118679
11868
118682
118683
118684
118685
118687
118689
11869
118690
118691
118693
118694
118695
118697
118699
118701
118702
118707
11871
118710
118711
118714
118715
118716
