195739
195740
195741
195743
195745
195746
195747
195748
195749
195751
195752
195754
195755
195756
195757
195758
195759
195761
195762
195763
195764
195766
195767
195768
195770
195771
195773
195774
195775
195776
195780
195781
195782
195784
195786
195787
195791
195792
195794
195796
195797
195799
195800
195801
195802
195803
195804
195805
195806
195807
195810
195812
195813
195814
195815
195817
195818
195819
195820
195822
195823
195824
195826
195827
195829
195830
195831
195833
195834
195836
195837
195838
195839
195840
195841
195842
195843
195845
195846
195847
195849
195852
195853
195854
195855
195856
195857
195859
195860
195861
195862
195865
195866
195867
195868
195869
195870
195871
195872
195873
195874
195876
195877
195878
195879
195880
195881
195882
195883
195884
195885
195887
195888
195889
195890
195891
195892
195893
195894
195895
195896
195897
195898
195899
195900
195901
195902
195903
195905
195906
195907
195908
195909
195910
195912
195913
195915
195916
195917
195919
195921
195922
195923
195925
195928
195929
195930
195931
195932
195933
195934
195936
195937
195938
195939
195940
195941
195944
195945
195947
195948
195949
195950
195951
195952
195954
195955
195957
195958
195959
195960
195961
195962
195963
195964
195965
195966
195967
195968
195969
195970
195972
195973
195974
195975
195976
195977
195978
195979
195980
195981
195982
195983
195984
195985
195986
195987
195988
195990
195992
195993
195994
195995
195998
195999
196000
196001
196002
196003
196004
196006
196008
196009
196012
196013
196016
196017
196018
196019
196020
196021
196023
196024
196025
196027
196028
196030
196032
196033
196034
196035
196036
196038
196039
196040
196041
196042
196044
196045
196046
196047
196048
196051
196052
196053
196054
196056
196057
196058
196060
196061
196062
196063
196064
196065
196066
196068
196070
196071
196072
196073
196076
196077
196078
196079
196080
196081
196082
196083
196085
196088
196089
196090
196092
196094
196101
196104
196105
196106
196107
196109
196110
196111
196114
196117
196119
196123
196124
196126
196127
196128
196130
196131
196133
196134
196136
196137
196139
196141
196144
196145
196146
196147
196149
196151
196153
196154
196156
196159
196160
196161
196162
196163
196165
196166
196167
196168
196169
196170
196171
196172
196173
196174
196175
196177
196180
196182
196183
196184
196185
196186
196187
196188
196189
196191
196193
196194
196196
196197
196198
196199
196201
196202
196203
196204
196205
196206
196208
196209
196210
196211
196212
196213
196214
196215
196216
196217
196218
196221
196222
196223
196225
196226
196228
196229
196231
196232
196233
196235
196236
196237
196238
196241
196242
196244
196245
196246
196247
196248
196250
196251
196252
196253
196254
196255
196257
196258
196259
196261
196262
196263
196264
196266
196267
196268
196269
196271
196273
196274
196275
196276
196277
196278
196279
196280
196281
196282
196283
196285
196286
196287
196288
196289
196290
196291
196292
196293
196294
196295
196297
196299
196300
196301
196302
196303
196304
196305
196306
196307
196308
196309
196310
196311
196313
196314
196316
196317
196319
196321
196324
196325
196326
196327
196328
196329
196330
196332
196334
196335
196337
196338
196339
196340
196342
196343
196344
196345
196346
196347
196348
196349
196350
196351
196352
196354
196355
196357
196358
196359
196360
196362
196364
196365
196367
196368
196369
196370
196371
196372
196373
196374
196375
196376
196377
196379
196380
196382
196383
196384
196385
196386
196387
196388
196390
196391
196392
196393
196394
196395
196396
196397
196398
196399
196400
196401
196402
196403
196404
196405
196406
196407
196408
196409
196411
196412
196413
196415
196417
196418
196419
196420
196421
196422
196423
196425
196428
196429
196430
196432
196433
196435
196436
196437
196438
196439
196440
196441
196442
196443
196444
196445
196446
196447
196449
196450
196451
196452
196453
196455
196456
196457
196459
196460
196461
196462
196463
196464
196465
196466
196467
196469
196470
196471
196473
196474
196476
196477
196478
196479
196480
196481
196482
196483
196484
196485
196486
196487
196488
196489
196490
196491
196492
196493
196495
196496
196497
196498
196499
196500
196501
196502
196504
196505
196506
196507
196508
196509
196510
196511
196512
196513
196515
196516
196517
196518
196519
196520
196522
196524
196525
196529
196530
196531
196532
196533
196534
196535
196536
196537
196538
196540
196541
196542
196543
196544
196546
196548
196549
196550
196551
196554
196555
196556
196557
196558
196560
196561
196562
196563
196564
196566
196567
196568
196569
196570
196571
196572
196573
196574
196575
196579
196580
196583
196584
196586
196587
196588
196590
196591
196592
196593
196594
196595
196597
196598
196599
196600
196601
196602
196603
196604
196605
196606
196607
196608
196609
196611
196612
196613
196614
196615
196616
196617
196618
196619
196620
196621
196623
196624
196625
196626
196627
196628
196629
196630
196631
196632
196633
196634
196636
196637
196638
196639
196640
196641
196642
196643
196644
196645
196646
196649
196650
196651
196652
196653
196654
196655
196656
196658
196659
196660
196661
196662
196663
196664
196665
196666
196667
196668
196669
196670
196671
196672
196673
196674
196676
196677
196678
196679
196680
196681
196682
196684
196685
196686
196688
196689
196690
196691
196692
196693
196694
196706
196709
196712
196716
196719
196720
196721
196724
196728
196731
196732
196733
196734
196735
196736
196737
196738
196739
196740
196741
196742
196745
196746
196747
196748
196749
196750
196751
196752
196755
196756
196757
196758
196759
196760
196761
196762
196764
196765
196766
196767
196768
196769
196770
196771
196772
196773
196774
196776
196777
196778
196779
196782
196783
196784
196786
196787
196789
196790
196791
196792
196795
196796
196797
196798
196799
196800
196801
196802
196803
196808
196809
196812
196813
196814
196815
196816
196817
196819
196820
196821
196822
196824
196828
196829
196830
196831
196832
196833
196834
196837
196840
196841
196842
196843
196844
196845
196846
196847
196848
196849
196850
196852
196854
196855
196859
196860
196861
196862
196863
196864
196866
196867
196870
196872
196874
196875
196877
196878
196880
196881
196882
196884
196885
196886
196887
196888
196889
196890
196892
196893
196894
196895
196896
196897
196898
196899
196900
196901
196902
196903
196904
196905
196906
196907
196908
196909
196911
196912
196916
196917
196918
196920
196921
196922
196924
196926
196927
196928
196929
196930
196931
196933
196934
196935
196936
196937
196939
196940
196941
196942
196943
196944
196946
196947
196948
196949
196950
196951
196953
196954
196955
196956
196957
196958
196959
196960
196961
196963
196964
196966
196967
196968
196970
196972
196973
196974
196975
196978
196979
196980
196981
196983
196985
196986
196987
196988
196990
196991
196994
196996
196997
197002
197003
197004
197005
197006
197007
197008
197009
197010
197011
197012
197013
197015
197017
197019
197021
197022
197024
197025
197026
197029
197031
197032
197033
197036
197039
197041
197044
197045
197047
197048
197051
197052
197053
197055
197057
197058
197060
197063
197066
197067
197068
197069
197070
197071
197072
197073
197074
197076
197077
197078
197080
197081
197082
197083
197084
197085
197086
197088
197089
197091
197093
197094
197095
197097
197099
197100
197101
197102
197103
197104
197107
197108
197109
197110
197112
197113
197114
197115
197116
197117
197119
197120
197121
197122
197123
197124
197125
197126
197127
197128
197129
197131
197133
197134
197135
197136
197137
197138
197139
197141
197143
197144
197145
197146
197147
197149
197150
197151
197152
197154
197155
197156
197158
197160
197161
197163
197166
197167
197168
197169
197170
197171
197173
197175
197177
197178
197179
197180
197181
197182
197187
197188
197189
197191
197192
197194
197195
197196
197197
197198
197199
197200
197201
197202
197203
197204
197205
197206
197207
197208
197209
197210
197211
197212
197213
197214
197215
197216
197217
197218
197220
197222
197223
197224
197225
197227
197228
197230
197231
197232
197233
197234
197235
197236
197237
197239
197240
197241
197242
197243
197244
197245
197246
197249
197250
197251
197252
197253
197255
197256
197257
197258
197259
197260
197263
197264
197265
197269
197270
197272
197273
197274
197276
197277
197278
197279
197280
197282
197283
197284
197286
197288
197292
197293
197294
197295
197296
197297
197298
197299
197300
197301
197302
197303
197304
197305
197306
197307
197308
197309
197310
197311
197313
197315
197316
197317
197318
197319
197320
197322
197324
197325
197326
197327
197328
197329
197330
197331
197332
197334
197335
197336
197338
197340
197341
197342
197343
197344
197345
197346
197349
197351
197353
197354
197355
197357
197358
197360
197361
197363
197364
197365
197366
197367
197368
197369
197370
197371
197372
197373
197374
197375
197377
197378
197379
197380
197382
197383
197384
197385
197386
197388
197389
197391
197392
197393
197394
197395
197397
197398
197399
197401
197402
197404
197405
197406
197408
197409
197410
197411
197412
197414
197415
197416
197417
197418
197420
197421
197424
197427
197428
197431
197432
197434
197435
197438
197440
197442
197446
197447
197449
197451
197452
197453
197454
197455
197456
197457
197460
197462
197463
197464
197466
197467
197468
197469
197470
197471
197472
197473
197476
197477
197478
197480
197481
197482
197483
197485
197486
197487
197488
197489
197490
197491
197492
197493
197495
197496
197497
197498
197499
197500
197501
197502
197503
197504
197505
197509
197510
197511
197512
197513
197514
197516
197517
197519
197520
197521
197522
197524
197527
197528
197530
197531
197532
197533
197534
197537
197538
197539
197540
197541
197542
197545
197546
197547
197548
197549
197550
197552
197553
197560
197561
197562
197563
197565
197566
197567
197568
197569
197571
197573
197574
197575
197576
197577
197578
197580
197581
197582
197583
197584
197586
197587
197588
197589
197590
197591
197594
197595
197597
197598
197599
197600
197601
197602
197603
197604
197605
197607
197608
197609
197610
197611
197612
197613
197614
197615
197616
197617
197618
197619
197621
197623
197624
197626
197627
197628
197629
197630
197631
197633
197634
197637
197639
197640
197641
197642
197643
197644
197645
197647
197649
197650
197651
197652
197653
197655
197656
197657
197658
197659
197660
197662
197663
197664
197666
197670
197673
197674
197675
197677
197679
197681
197682
197684
197686
197687
197691
197693
197694
197695
197696
197697
197698
197699
197701
197703
197704
197706
197708
197710
197711
197713
197714
197716
197718
197719
197721
197722
197723
197725
197726
197727
197728
197729
197730
197731
197732
197733
197734
197735
197736
197737
197740
197743
197744
197746
197747
197748
197749
197750
197751
197752
197753
197754
197755
197756
197757
197759
197760
197762
197764
197765
197766
197768
197769
197770
197771
197772
197773
197774
197776
197778
197779
197780
197781
197783
197784
197785
197786
197787
197788
197789
197790
197792
197795
197796
197797
197798
197800
197801
197802
197804
197805
197806
197809
197810
197811
197812
197813
197814
197815
197816
197817
197818
197819
197821
197823
197825
197826
197827
197828
197829
197830
197831
197832
197833
197834
197835
197836
197837
197838
197839
197841
197842
197843
197844
197845
197846
197847
197848
197849
197853
197854
197855
197857
197858
197859
197863
197864
197865
197866
197867
197868
197871
197872
197873
197874
197876
197877
197878
197879
197880
197881
197882
197884
197885
197887
197888
197889
197890
197891
197892
197893
197894
197896
197897
197898
197899
197900
197901
197902
197903
197904
197906
197907
197908
197909
197910
197912
197913
197914
197915
197916
197918
197919
197921
197922
197924
197925
197926
197927
197928
197929
197930
197931
197933
197934
197936
197940
197941
197943
197944
197946
197947
197949
197950
197952
197953
197955
197956
197958
197960
197961
197962
197964
197968
197969
197970
197971
197973
197974
197975
197976
197978
197981
197983
197985
197987
197989
197990
197991
197993
197997
197998
197999
198000
198001
198002
198004
198005
198006
198007
198009
198010
198011
198013
198014
198015
198017
198018
198019
198020
198022
198023
198025
198027
198028
198029
198030
198032
198034
198036
198038
198040
198041
198042
198044
198045
198046
198050
198051
198052
198053
198057
198059
198060
198061
198062
198063
198064
198065
198066
198067
198068
198071
198073
198075
198076
198077
198078
198079
198080
198082
198083
198084
198085
198086
198087
198089
198090
198092
198093
198096
198097
198098
198100
198101
198102
198104
198107
198108
198109
198112
198113
198115
198117
198118
198119
198120
198121
198122
198123
198124
198126
198127
198128
198129
198130
198132
198134
198135
198137
198138
198141
198142
198143
198144
198145
198146
198148
198149
198150
198151
198152
198153
198154
198155
198156
198157
198159
198160
198163
198164
198166
198167
198168
198170
198171
198172
198174
198175
198176
198177
198179
198180
198181
198182
198184
198185
198187
198188
198189
198190
198191
198192
198193
198194
198196
198198
198200
198203
198204
198205
198206
198207
198208
198210
198211
198214
198215
198216
198217
198219
198220
198221
198222
198225
198226
198227
198228
198232
198233
198234
198235
198236
198237
198238
198239
198240
198241
198243
198245
198246
198248
198249
198250
198251
198253
198254
198255
198256
198257
198259
198260
198261
198262
198263
198264
198265
198266
198268
198269
198271
198272
198273
198276
198277
198278
198279
198280
198281
198282
198285
198286
198287
198288
198289
198291
198292
198294
198295
198297
198301
198302
198303
198304
198305
198306
198307
198308
198309
198310
198311
198312
198314
198315
198316
198317
198318
198319
198320
198322
198324
198325
198326
198329
198330
198331
198332
198333
198334
198335
198336
198337
198338
198341
198342
198343
198344
198345
198348
198349
198351
198352
198354
198355
198357
198359
198360
198361
198362
198363
198364
198365
198366
198368
198369
198370
198371
198372
198373
198375
198377
198378
198379
198380
198382
198383
198384
198385
198389
198390
198391
198392
198393
198394
198395
198396
198398
198399
198400
198401
198405
198406
198407
198408
198411
198413
198419
198421
198422
198424
198425
198426
198427
198428
198429
198430
198431
198432
198434
198435
198436
198438
198440
198441
198442
198443
198444
198445
198446
198447
198448
198450
198451
198452
198453
198454
198455
198456
198458
198460
198462
198463
198466
198467
198469
198470
198471
198472
198474
198475
198476
198477
198480
198481
198482
198483
198484
198486
198487
198489
198490
198491
198492
198493
198494
198495
198497
198498
198499
198500
198501
198502
198504
198505
198507
198508
198509
198510
198511
198512
198513
198514
198515
198516
198517
198518
198519
198520
198521
198522
198523
198524
198525
198526
198527
198528
198529
198530
198531
198532
198533
198535
198536
198537
198538
198539
198540
198542
198543
198544
198545
198546
198547
198548
198549
198550
198551
198552
198553
198556
198557
198558
198559
198560
198561
198563
198564
198565
198566
198567
198568
198569
198570
198571
198572
198573
198576
198577
198579
198580
198581
198582
198583
198585
198586
198587
198590
198591
198592
198593
198594
198595
198596
198597
198598
198599
198600
198601
198602
198603
198604
198605
198608
198609
198610
198611
198612
198614
198615
198618
198619
198620
198622
198623
198625
198626
198627
198628
198629
198631
198633
198634
198637
198638
198639
198640
198641
198642
198643
198644
198645
198646
198647
198648
198649
198650
198652
198653
198654
198655
198656
198657
198658
198659
198660
198661
198662
198663
198664
198665
198666
198667
198668
198669
198670
198671
198672
198674
198676
198677
198678
198683
198685
198686
198688
198689
198690
198691
198692
198693
198695
198697
198700
198701
198702
198703
198704
198705
198707
198708
198710
198715
198716
198718
198719
198724
198725
198726
198727
198728
198729
198732
198733
198735
198736
198740
198741
198742
198744
198745
198746
198747
198748
198749
198750
198751
198753
198755
198756
198757
198758
198761
198762
198763
198764
198766
198767
198769
198771
198772
198773
198774
198775
198776
198777
198778
198779
198780
198781
198782
198783
198784
198785
198786
198787
198788
198789
198790
198791
198792
198793
198794
198795
198796
198797
198798
198801
198802
198803
198804
198805
198807
198808
198809
198810
198811
198812
198813
198815
198816
198817
198819
198820
198821
198822
198823
198824
198825
198826
198827
198828
198829
198830
198831
198832
198833
198834
198835
198836
198837
198838
198841
198842
198843
198844
198845
198847
198848
198849
198850
198851
198853
198855
198857
198859
198860
198861
198862
198863
198864
198865
198867
198870
198872
198873
198874
198875
198876
198878
198879
198880
198881
198882
198883
198884
198885
198886
198887
198888
198889
198890
198892
198895
198897
198898
198899
198901
198902
198904
198905
198908
198909
198910
198911
198912
198913
198915
198916
198917
198918
198919
198921
198923
198924
198925
198926
198927
198929
198930
198931
198932
198933
198935
198936
198937
198938
198939
198940
198941
198943
198944
198945
198947
198948
198949
198950
198951
198952
198954
198957
198959
198960
198961
198963
198967
198968
198969
198971
198972
198973
198974
198976
198979
198980
198981
198982
198983
198984
198986
198987
198988
198989
198990
198992
198994
198997
198999
199001
199002
199003
199004
199005
199006
199007
199010
199011
199014
199015
199016
199017
199018
199019
199020
199021
199022
199023
199024
199026
199027
199028
199029
199030
199031
199032
199033
199034
199036
199037
199038
199041
199042
199043
199044
199045
199048
199051
199052
199054
199055
199056
199058
199060
199062
199064
199067
199068
199069
199071
199072
199073
199074
199075
199076
199077
199080
199081
199082
199085
199086
199087
199088
199089
199090
199091
199094
199095
199097
199099
199100
199101
199102
199103
199104
199105
199106
199107
199109
199110
199112
199114
199116
199117
199119
199120
199122
199123
199125
199127
199128
199129
199130
199131
199132
199133
199134
199135
199136
199137
199139
199142
199143
199146
199147
199148
199151
199152
199153
199154
199155
199156
199157
199158
199159
199160
199161
199162
199163
199164
199166
199167
199169
199170
199171
199172
199174
199175
199177
199178
199179
199180
199181
199182
199183
199184
199186
199187
199188
199189
199190
199191
199192
199193
199194
199196
199197
199198
199199
199203
199205
199206
199207
199208
199209
199210
199211
199214
199215
199216
199219
199220
199221
199222
199223
199225
199226
199227
199229
199230
199231
199232
199233
199234
199235
199236
199237
199238
199239
199240
199241
199243
199244
199245
199246
199247
199248
199249
199250
199251
199252
199253
199255
199256
199257
199258
199260
199262
199263
199265
199266
199269
199270
199271
199273
199275
199276
199277
199278
199280
199283
199284
199285
199287
199288
199290
199291
199292
199293
199296
199297
199300
199301
199305
199309
199310
199311
199312
199314
199315
199317
199318
199319
199320
199321
199324
199325
199326
199327
199328
199329
199330
199333
199334
199335
199336
199337
199338
199339
199340
199341
199342
199343
199344
199346
199347
199348
199349
199350
199351
199352
199353
199354
199355
199356
199357
199360
199361
199362
199364
199365
199367
199368
199371
199372
199373
199374
199377
199378
199379
199381
199382
199383
199384
199386
199387
199391
199392
199393
199396
199398
199399
199400
199402
199403
199404
199406
199408
199411
199412
199413
199414
199415
199418
199419
199420
199423
199424
199425
199426
199427
199429
199430
199431
199432
199433
199434
199435
199436
199437
199438
199439
199440
199441
199443
199444
199445
199446
199447
199448
199449
199450
199451
199452
199453
199454
199455
199456
199457
199458
199459
199460
199461
199463
199464
199465
199466
199467
199468
199470
199471
199472
199473
199474
199475
199476
199477
199478
199479
199480
199481
199482
199483
199484
199485
199486
199487
199489
199490
199491
199493
199494
199495
199496
199497
199498
199499
199500
199501
199502
199503
199505
199506
199507
199508
199509
199510
199511
199512
199513
199514
199515
199516
199517
199518
199519
199521
199523
199525
199527
199528
199530
199531
199532
199533
199534
199535
199536
199537
199538
199539
199540
199542
199544
199546
199547
199549
199550
199551
199552
199554
199555
199556
199557
199559
199560
199563
199564
199565
199566
199568
199570
199571
199573
199575
199576
199578
199580
199581
199583
199584
199585
199588
199591
199592
199595
199596
199597
199598
199599
199600
199602
199603
199604
199605
199606
199607
199608
199609
199612
199614
199615
199617
199618
199619
199620
199624
199625
199626
199627
199628
199630
199634
199635
199637
199638
199639
199642
199643
199644
199645
199647
199648
199649
199650
199651
199653
199654
199655
199656
199657
199659
199660
199661
199662
199663
199665
199668
199669
199670
199671
199673
199674
199675
199676
199677
199679
199680
199682
199683
199684
199686
199687
199689
199690
199691
199692
199693
199694
199695
199696
199697
199698
199699
199700
199701
199702
199703
199704
199705
199706
199708
199709
199710
199711
199712
199713
199714
199715
199716
199717
199718
199719
199720
199721
199722
199723
199724
199726
199727
199728
199729
199731
199732
199733
199734
199736
199737
199738
199739
199740
199741
199742
199743
199746
199747
199748
199749
199750
199751
199752
199753
199754
199755
199756
199757
199758
199759
199760
199762
199763
199764
199765
199766
199767
199769
199770
199771
199772
199773
199774
199775
199777
199778
199779
199780
199782
199783
199784
199786
199787
199788
199790
199791
199792
199795
199796
199797
199798
199799
199800
199801
199802
199806
199807
199808
199809
199812
199814
199815
199816
199818
199819
199821
199822
199823
199825
199826
199827
199828
199830
199831
199832
199833
199834
199835
199838
199839
199840
199841
199842
199844
199846
199848
199851
199853
199855
199856
199857
199858
199859
199860
199861
199863
199864
199865
199866
199867
199868
199869
199870
199871
199872
199873
199874
199875
199876
199877
199878
199879
199880
199881
199882
199883
199884
199886
199887
199888
199889
199890
199891
199892
199893
199894
199895
199896
199898
199899
199900
199901
199902
199903
199904
199905
199906
199908
199909
199911
199912
199913
199914
199916
199918
199919
199921
199922
199923
199924
199925
199926
199927
199928
199929
199931
199932
199933
199934
199936
199937
199938
199939
199940
199941
199942
199943
199944
199945
199946
199947
199948
199949
199950
199951
199952
199953
199954
199957
199958
199959
199960
199961
199962
199963
199964
199966
199967
199968
199969
199971
199972
199973
199974
199975
199976
199977
199978
199979
199980
199981
199982
199983
199984
199985
199986
199987
199988
199989
199990
199991
199992
199993
199994
199996
199997
199998
199999
200000
200001
200002
200005
200008
200011
200012
200013
200015
200016
200018
200019
200021
200023
200024
200025
200027
200029
200034
200036
200037
200038
200044
200045
200047
200048
200050
200051
200054
200055
200057
200058
200059
200060
200063
200064
200066
200072
200073
200076
200077
200078
200085
200088
200089
200090
200092
200094
200098
200101
200102
200106
200112
200114
200115
200117
200118
200119
200126
200130
200131
200133
200138
200140
200144
200145
200148
200154
200155
200156
200160
200162
200165
200170
200171
200172
200174
200177
200179
200184
200189
200190
200191
200193
200194
200195
200196
200198
200199
200200
200201
200202
200203
200208
200209
200211
200213
200214
200215
200217
200225
200229
200230
200236
200238
200239
200242
200243
200244
200249
200250
200251
200252
200254
200255
200256
200259
200262
200263
200264
200266
200271
200272
200274
200277
200278
200279
200280
200281
200284
200285
200289
200292
200294
200295
200296
200297
200299
200304
200305
200307
200308
200310
200311
200312
200314
200317
200319
200321
200323
200324
200325
200326
200331
200335
200336
200339
200341
200342
200343
200346
200348
200356
200358
200360
200364
200365
200366
200367
200369
200371
200372
200374
200375
200377
200379
200380
200381
200383
200384
200386
200387
200388
200390
200392
200393
200395
200398
200399
200401
200402
200403
200404
200405
200406
200409
200411
200412
200413
200417
200418
200419
200421
200422
200423
200424
200425
200426
200427
200428
200430
200431
200432
200433
200434
200436
200437
200438
200439
200440
200441
200443
200444
200445
200446
200447
200449
200451
200453
200454
200455
200456
200458
200459
200462
200463
200464
200475
200478
200481
200482
200487
200488
200490
200491
200494
200497
200498
200502
200503
200504
200505
200509
200511
200513
200518
200521
200524
200525
200526
200527
200528
200529
200530
200532
200534
200535
200542
200544
200545
200547
200548
200552
200556
200559
200560
200562
200564
200565
200566
200568
200569
200570
200571
200572
200574
200576
200578
200580
200584
200586
200588
200594
200596
200599
200600
200601
200603
200604
200606
200607
200608
200609
200611
200612
200614
200615
200616
200617
200618
200619
200623
200625
200627
200630
200637
200639
200645
200646
200647
200649
200654
200655
200656
200658
200660
200661
200662
200663
200665
200667
200670
200671
200672
200673
200674
200675
200677
200678
200679
200680
200681
200685
200689
200692
200693
200694
200695
200696
200697
200700
200703
200704
200705
200707
200708
200709
200711
200712
200713
200715
200717
200719
200721
200722
200723
200724
200725
200727
200732
200733
200734
200735
200736
200738
200740
200741
200743
200745
200746
200748
200751
200752
200754
200755
200756
200757
200758
200759
200760
200761
200763
200765
200768
200769
200770
200771
200773
200774
200775
200778
200779
200780
200781
200782
200785
200786
200787
200796
200797
200798
200800
200802
200803
200805
200806
200807
200808
200810
200811
200814
200815
200816
200819
200820
200821
200822
200823
200824
200825
200826
200828
200830
200832
200833
200834
200836
200837
200840
200842
200843
200845
200846
200847
200848
200849
200851
200852
200860
200861
200862
200863
200867
200868
200870
200871
200872
200879
200884
200885
200887
200891
200893
200894
200895
200896
200899
200900
200903
200905
200907
200918
200919
200921
200923
200924
200926
200927
200929
200930
200932
200934
200936
200938
200939
200940
200941
200942
200944
200946
200950
200951
200953
200954
200957
200958
200961
200964
200966
200968
200969
200971
200975
200976
200977
200978
200980
200981
200983
200986
200987
200988
200989
200990
200991
200992
200995
200997
200998
201000
201002
201003
201004
201006
201008
201010
201018
201020
201022
201024
201025
201028
201029
201032
201033
201036
201039
201040
201043
201044
201045
201048
201049
201051
201054
201056
201063
201065
201066
201068
201070
201071
201074
201075
201076
201078
201079
201084
201085
201086
201088
201090
201092
201093
201094
201095
201096
201097
201098
201099
201100
201101
201102
201109
201110
201116
201117
201118
201119
201121
201123
201124
201125
201126
201128
201129
201130
201131
201132
201133
201136
201137
201139
201142
201144
201145
201147
201148
201149
201150
201151
201152
201153
201154
201155
201156
201159
201160
201162
201163
201164
201165
201166
201167
201168
201169
201171
201172
201174
201175
201176
201177
201178
201180
201181
201184
201186
201188
201189
201190
201192
201193
201194
201195
201196
201199
201201
201205
201207
201208
201209
201210
201211
201213
201214
201215
201221
201223
201228
201231
201234
201235
201236
201238
201239
201244
201245
201248
201249
201253
201254
201261
201265
201267
201270
201272
201274
201277
201282
201283
201284
201287
201290
201292
201294
201295
201297
201298
201299
201300
201304
201313
201317
201319
201320
201321
201324
201325
201328
201329
201334
201335
201342
201343
201344
201345
201346
201347
201348
201350
201351
201355
201358
201360
201361
201363
201365
201368
201369
201371
201372
201374
201375
201377
201380
201383
201386
201398
201400
201402
201404
201405
201406
201408
201409
201411
201414
201415
201417
201418
201419
201421
201422
201423
201424
201426
201429
201430
201432
201434
201436
201439
201445
201447
201449
201451
201453
201454
201458
201465
201466
201467
201469
201470
201471
201472
201474
201475
201476
201477
201478
201479
201481
201484
201485
201486
201488
201491
201492
201493
201519
201521
201522
201526
201528
201531
201532
201543
201549
201550
201552
201553
201558
201560
201561
201563
201568
201569
201571
201579
201581
201586
201588
201590
201591
201594
201595
201598
201600
201604
201605
201609
201614
201618
201619
201620
201622
201623
201626
201633
201634
201637
201639
201641
201642
201643
201644
201646
201647
201648
201650
201652
201658
201659
201662
201664
201666
201667
201671
201672
201673
201674
201675
201676
201677
201678
201683
201685
201686
201692
201695
201701
201702
201703
201705
201706
201708
201710
201711
201712
201713
201715
201716
201717
201718
201720
201721
201724
201725
201726
201728
201729
201730
201732
201733
201734
201735
201736
201739
201740
201743
201745
201749
201750
201752
201753
201759
201760
201762
201763
201764
201765
201770
201771
201772
201773
201777
201779
201781
201783
201784
201786
201787
201789
201792
201793
201795
201797
201798
201799
201810
201811
201815
201816
201818
201822
201823
201828
201834
201837
201838
201839
201840
201842
201843
201844
201845
201847
201849
201850
201852
201857
201858
201859
201861
201865
201867
201868
201870
201874
201875
201876
201878
201879
201881
201882
201884
201885
201887
201889
201893
201894
201895
201897
201898
201899
201903
201905
201907
201909
201912
201913
201915
201917
201918
201919
201920
201921
201923
201924
201926
201927
201928
201931
201933
201934
201935
201936
201937
201938
201942
201944
201946
201950
201954
201956
201961
201964
201966
201967
201968
201969
201970
201972
201973
201974
201975
201977
201978
201979
201980
201981
201982
201983
201984
201985
201987
201989
201990
201992
201993
201994
201996
201997
201998
201999
202000
202001
202004
202006
202007
202008
202009
202010
202012
202014
202015
202017
202018
202019
202020
202021
202022
202023
202024
202025
202026
202027
202028
202029
202031
202032
202033
202034
202036
202037
202038
202039
202041
202042
202044
202045
202046
202047
202048
202050
202051
202052
202053
202054
202055
202057
202059
202061
202064
202065
202066
202067
202069
202070
202071
202074
202077
202080
202081
202083
202084
202087
202088
202091
202093
202094
202096
202097
202099
202102
202104
202105
202109
202111
202113
202115
202116
202123
202125
202126
202128
202132
202135
202136
202138
202139
202140
202141
202142
202143
202144
202146
202147
202148
202150
202151
202152
202154
202155
202156
202158
202162
202163
202169
202171
202172
202173
202174
202175
202176
202179
202181
202182
202183
202186
202189
202190
202192
202193
202197
202198
202199
202200
202201
202202
202208
202209
202211
202214
202215
202216
202220
202225
202226
202232
202233
202234
202235
202236
202238
202239
202243
202244
202245
202246
202247
202248
202251
202253
202254
202259
202262
202263
202264
202265
202266
202267
202270
202271
202272
202273
202274
202275
202276
202277
202278
202279
202280
202281
202282
202283
202284
202285
202286
202287
202289
202290
202291
202293
202295
202296
202297
202299
202300
202302
202304
202305
202306
202307
202308
202309
202310
202311
202312
202313
202315
202316
202317
202318
202320
202321
202323
202324
202326
202327
202328
202330
202331
202332
202333
202335
202336
202337
202338
202339
202341
202343
202346
202347
202348
202349
202350
202351
202352
202353
202354
202355
202356
202357
202358
202359
202360
202361
202362
202363
202364
202365
202367
202368
202369
202370
202371
202373
202374
202375
202377
202379
202380
202381
202382
202383
202384
202385
202386
202387
202388
202389
202390
202391
202392
202393
202394
202396
202397
202399
202400
202401
202402
202404
202405
202406
202407
202408
202409
202410
202413
202414
202418
202423
202425
202427
202432
202433
202434
202436
202437
202438
202440
202443
202447
202449
202450
202451
202454
202455
202456
202457
202459
202460
202461
202462
202463
202464
202465
202466
202467
202469
202471
202472
202474
202475
202476
202479
202480
202481
202482
202483
202484
202485
202487
202491
202493
202495
202497
202498
202500
202502
202504
202505
202506
202508
202509
202511
202513
202514
202515
202516
202518
202520
202522
202523
202525
202527
202530
202531
202532
202536
202537
202538
202541
202545
202546
202547
202548
202549
202550
202551
202553
202556
202557
202561
202563
202564
202568
202569
202570
202571
202573
202574
202575
202576
202577
202579
202580
202582
202584
202586
202587
202588
202590
202592
202593
202595
202598
202602
202603
202604
202605
202606
202607
202608
202612
202613
202616
202618
202619
202620
202622
202624
202626
202628
202629
202630
202633
202634
202635
202637
202639
202641
202643
202644
202651
202654
202656
202657
202658
202659
202661
202662
202663
202665
202669
202670
202673
202674
202676
202678
202681
202683
202684
202688
202689
202690
202692
202695
202701
202704
202705
202706
202707
202709
202710
202711
202712
202717
202719
202720
202721
202722
202723
202724
202727
202729
202730
202736
202739
202740
202741
202742
202744
202746
202747
202749
202751
202754
202756
202758
202759
202760
202763
202764
202765
202766
202768
202769
202771
202772
202773
202775
202776
202777
202778
202779
202783
202784
202785
202787
202789
202791
202792
202794
202796
202797
202804
202807
202814
202817
202818
202820
202822
202825
202826
202827
202832
202837
202839
202840
202842
202843
202844
202847
202848
202849
202850
202851
202853
202856
202859
202861
202863
202864
202865
202868
202869
202872
202873
202875
202877
202881
202883
202885
202886
202893
202895
202897
202899
202901
202907
202923
202926
202927
202940
202941
202943
202945
202947
202951
202952
202953
202954
202955
202956
202958
202959
202960
202962
202963
202964
202965
202967
202968
202969
202971
202973
202977
202978
202979
202980
202981
202983
202984
202986
202987
202989
202990
202992
202996
203002
203008
203009
203012
203013
203014
203016
203019
203021
203022
203023
203024
203025
203030
203033
203034
203035
203039
203040
203042
203044
203045
203046
203047
203048
203049
203050
203051
203053
203055
203058
203059
203060
203062
203064
203065
203066
203067
203068
203069
203070
203071
203072
203074
203076
203081
203082
203084
203087
203089
203090
203091
203093
203094
203095
203100
203101
203102
203104
203110
203111
203112
203113
203114
203115
203116
203117
203119
203121
203122
203124
203125
203126
203128
203129
203131
203133
203135
203136
203137
203138
203139
203140
203145
203150
203151
203152
203153
203154
203155
203156
203158
203161
203163
203165
203166
203168
203170
203174
203179
203181
203182
203186
203217
203218
203219
203221
203222
203226
203232
203233
203235
203240
203241
203242
203244
203245
203246
203248
203249
203251
203252
203254
203257
203258
203259
203260
203261
203263
203264
203266
203268
203270
203272
203273
203275
203277
203280
203284
203289
203291
203294
203304
203305
203308
203310
203314
203316
203319
203321
203322
203325
203327
203329
203331
203336
203339
203345
203346
203349
203351
203355
203358
203367
203372
203374
203375
203381
203385
203391
203396
203397
203398
203409
203415
203422
203425
203433
203447
203451
203453
203455
203458
203464
