127324
127326
127327
127329
127330
127333
127334
127337
127339
127354
127355
127358
127359
127360
127361
127363
127367
127369
127370
127372
127373
127374
127375
127378
127380
127381
127385
127389
127390
127391
127401
127408
127409
127413
127417
127420
127421
127423
127424
127425
127426
127427
127429
127430
127431
127432
127434
127435
127437
127439
127440
127441
127442
127445
127449
127450
127451
127452
127453
127454
127458
127460
127461
127462
127464
127465
127466
127467
127468
127470
127471
127473
127475
127481
127483
127485
127488
127489
127493
127495
127497
127498
127499
127500
127501
127503
127505
127509
127514
127515
127517
127519
127521
127523
127524
127531
127533
127535
127537
127539
127540
127542
127543
127544
127546
127548
127552
127554
127560
127564
127570
127573
127577
12758
127583
127585
127588
127589
12759
127593
127594
127598
127600
127601
127602
127604
127606
127608
127609
12761
127610
127611
127612
127613
127614
127616
127617
12762
127620
127623
127624
127626
127627
127628
127629
12763
127632
127633
127634
127636
127637
127639
12764
127641
127642
127643
127644
127645
127647
127648
127649
12765
127651
127653
127654
127655
127658
12766
127661
127662
127663
127664
127667
127668
12767
127672
127673
127674
127675
127678
12768
127680
127681
127683
127686
127687
127688
127689
127690
127692
127694
127696
127698
127699
1277
12770
127700
127702
127705
127707
127708
127709
12771
127711
127713
127714
127716
127717
127719
12772
127721
127722
127724
127726
127727
127728
127729
127739
12774
127741
127742
127744
127745
127746
127747
127748
12775
127750
127752
127753
127756
127758
127759
12776
127760
127761
127762
127763
127764
127765
127767
127768
127769
12777
127770
127772
127773
127775
127776
127777
127778
12778
127782
127784
127787
127788
12779
127790
127791
127792
127793
127794
127795
127796
127797
127798
127799
1278
12780
127800
127801
127802
127803
127804
127805
127806
127807
127808
12781
127810
127811
127812
127813
127815
127817
127818
127819
12782
127820
127822
127824
127825
127826
127829
12783
127831
127832
127835
127836
127837
127838
127839
127843
127844
127846
127847
127848
127849
127850
127853
127854
127856
127857
127858
127859
12786
127860
127862
127864
127866
127867
127868
12787
127870
127872
127874
127876
127878
12788
127880
127881
127884
127885
127887
127888
127889
12789
127890
127891
127894
127896
127898
1279
12790
127900
127901
127903
127904
127905
127907
12791
127913
127916
127918
127921
127922
127923
127924
127925
127927
127929
12793
127931
127936
127938
127939
12794
127941
127946
127949
12795
127952
127953
127957
12796
127962
127963
127966
127968
127969
12797
127973
127974
127976
127977
127978
127979
12798
127980
127981
127984
127985
127986
127987
127988
127989
12799
127992
127994
127996
128
1280
12800
128002
128006
128008
128011
128012
128014
128015
128016
128017
128018
128019
12802
128020
128021
128027
128028
128029
12803
128030
128031
128039
12804
128040
128042
128043
128044
128048
128049
12805
128051
128052
128056
128058
12806
128061
128062
128063
128066
12807
128070
128073
128074
128075
128076
128077
128079
12808
128080
128081
128082
128084
128087
12809
128090
128094
1281
12810
128100
128102
128104
128106
128107
128108
12811
128110
128111
128113
128115
128116
128119
12812
128120
128121
128122
128128
128129
12813
128130
128131
128132
128133
128135
128136
128137
12814
128140
128141
128142
128143
128145
128147
128149
12815
128150
128151
128152
128154
128158
128159
12816
128160
128161
128163
128165
128166
128167
128169
12817
128170
128171
128174
128177
128179
12818
128180
128181
128183
128184
128185
128186
128188
128189
12819
128190
128191
128192
128193
128195
128196
128199
1282
128201
128203
128204
128206
128207
128209
12821
128210
128213
128215
128216
128217
128219
128221
128224
128226
128229
12823
128230
128231
128232
128235
128237
128238
128239
128241
128242
128244
128246
128248
128250
128252
128253
12826
128264
128265
128266
128268
128270
128276
128278
12828
128280
128281
128282
128284
128285
128286
128287
128288
128289
128290
128291
128292
128294
128295
128298
128299
1283
128300
128301
128303
128305
128306
128307
128309
12831
128311
128312
128313
128317
128319
12832
128322
128324
128325
128326
128327
128328
128329
128330
128331
128332
128333
128335
128337
128338
128339
12834
128340
128341
128343
128344
128345
128348
128349
128350
128351
128352
128353
128354
128356
128358
128359
128360
128362
128363
128364
128368
12837
128372
128373
128374
128377
128379
12838
128381
128382
128383
128387
128389
12839
128390
128391
128392
128393
128394
128395
128396
128397
128398
1284
12840
128400
128401
128402
128403
128404
128405
128406
128409
12841
128410
128411
128412
128414
128415
128416
128417
128420
128422
128424
128436
128437
128440
128441
128442
128445
128449
128450
128452
128453
128454
128460
128462
128463
128466
128467
128468
128470
128471
128472
128474
128475
128479
128482
128484
128485
128486
128488
128489
128491
128494
128497
128499
1285
128502
128507
128508
128510
128512
128513
128514
128515
128517
128518
128519
128520
128521
128522
128523
128524
128525
128526
128528
128529
128531
128533
128535
128536
128539
128540
128542
128543
128544
128545
128546
128548
128549
12855
128551
128552
128555
128556
128557
128558
128559
128560
128561
128562
128563
128564
128565
128566
128567
128569
128570
128571
128574
128578
128581
128583
128584
128586
128587
128588
128591
128592
128593
128595
128598
128599
128600
128602
128603
128604
128605
128606
128607
128608
128609
128610
128612
128613
128614
128615
128617
128618
128621
128622
128624
128625
128626
128627
128628
128629
128630
128631
128632
128634
128635
128637
128638
128639
128640
128641
128642
128643
128644
128645
128651
128655
128657
128668
128669
128671
128675
128677
128678
128679
128680
128682
128684
128688
128692
128693
128698
128699
128700
128701
128702
128704
128705
128707
128708
128710
128711
128712
128714
128715
128717
128719
128720
128722
128724
128725
128727
128728
128730
128732
128734
128735
128737
128739
128741
128742
128743
128745
128746
128747
128748
128749
128752
128753
128754
128756
128757
128759
128762
128763
128765
128766
128767
128768
128769
12877
128770
128771
128772
128773
128775
128776
128779
128782
128784
128785
128787
128789
12879
128791
128792
128795
128796
128797
128799
12880
128800
128807
128814
128815
128819
128820
128821
128822
128823
128825
128826
128827
128831
128838
128841
128842
128844
128846
128847
128848
128849
128851
128852
128854
128856
128857
128862
128863
128864
128866
128867
128868
12887
128870
128871
128873
128874
128875
128876
128878
12888
128881
128882
128883
128884
128885
128886
128887
128888
12889
128890
128891
128892
128893
128896
128897
128899
12890
128900
128902
128904
128906
128908
128909
128911
128912
128914
128915
128917
128920
128930
128932
128936
128937
128938
128939
128941
128943
128946
128947
128949
128951
128954
128955
128956
128959
128960
128962
128966
128970
128971
128972
128973
128975
128977
128979
128984
128987
128988
128989
128990
128992
128993
128994
128995
128998
128999
129
12900
129000
129001
129004
129005
129006
129007
129009
12901
129010
129014
129019
12902
129020
129021
129022
129023
129024
129029
12903
129031
129033
129034
129035
129037
129039
129040
129045
129046
129047
129049
129050
129056
129057
129058
129059
129060
129062
129065
129067
129068
129070
129072
129073
129074
129075
129078
129081
129082
129084
129088
129089
129092
129093
129095
129096
129098
129099
129102
129105
12911
129110
129112
129113
129115
129116
129117
129119
12912
129120
129121
129122
129123
129124
129126
129127
129128
129129
129130
129131
129133
129134
129139
12914
129146
129151
129152
129156
129157
129159
129162
129163
129166
129168
129169
129171
129175
129181
129182
129183
129185
129187
129188
12919
129192
129193
129194
129195
12920
129208
129209
12921
129210
129211
129213
129214
129215
129217
129218
129229
129234
129235
129236
129237
129239
12924
129248
129251
129252
129253
129254
129255
129261
129264
129265
129266
129267
129270
129272
129277
129278
129279
129280
129282
129284
129292
129295
129297
129298
129299
129302
129303
129305
129306
129308
129310
129311
129318
129319
129321
129322
129324
129325
129326
129327
129330
129332
129333
129334
129335
129338
129339
129340
129341
129342
129344
129345
129347
129352
129353
129357
129358
129359
129360
129361
129362
129363
129364
129366
129367
129368
129369
129370
129371
129372
129374
129375
129376
129377
129378
129379
129380
129382
129383
129386
129390
129393
129394
129396
129399
1294
129400
129403
129404
129409
129411
129412
129414
129415
129416
129417
129418
129419
129420
129422
129423
129425
129426
129427
129428
129430
129431
129432
129433
129434
129436
129437
129439
129441
129443
129451
129455
129456
129457
129459
129460
129461
129462
129463
129465
129466
129467
129468
129473
129474
129475
129477
129478
129481
129482
129483
129484
129486
129487
129488
129491
129493
129495
129496
129498
129499
129505
129507
129509
129517
129518
129520
129522
129524
129526
129529
129530
129531
129532
129533
129534
129535
129537
129539
129540
129542
129544
129545
129547
129549
129551
129552
129553
129555
129559
129560
129563
129564
129568
129573
129576
129577
129578
129579
129580
129582
129584
129589
129590
129595
129597
129602
129604
129606
129608
129609
129611
129613
129614
129617
129620
129627
129628
12963
129631
129633
129635
129636
129641
129646
129648
129649
129650
129651
129652
129654
129656
129657
129659
129662
129663
129665
129666
129668
129670
129673
129674
129675
129676
129679
129682
129684
129685
129689
129690
129691
129692
129694
129696
129697
129699
129700
129701
129704
129705
129707
129709
129712
129713
129715
129716
129717
129719
129720
129722
129724
129726
129728
129730
129731
129732
129733
129734
129735
129738
129739
129740
129741
129743
129744
129745
129746
129749
129751
129754
129755
129756
129758
129760
129761
129762
129763
129764
129766
129767
129769
129783
129784
129786
129787
129788
129791
129792
129794
129796
129797
129798
129800
129802
129806
129807
129808
129809
129815
129817
129818
129819
129820
129821
129822
129823
129825
129826
129827
129828
129829
129830
129841
129842
129843
129846
129847
129848
129850
129851
129852
129853
129854
129855
129856
129858
129861
129862
129863
129864
129865
129867
129868
129869
129870
129871
129874
129875
129876
129877
129878
129880
129882
129886
129887
129889
129891
129892
129893
129894
129896
129900
129902
129903
129904
129905
129906
129907
129909
129918
129920
129922
129923
129924
129926
129929
129932
129933
129934
129935
129936
129937
12994
129940
129941
129942
129943
129945
129948
129953
129955
129956
129957
129958
129959
129964
129966
129967
129968
129970
129971
129973
129974
129976
129977
129978
129979
129980
129985
129987
129991
129994
129996
129997
129998
129999
13
130001
130002
130009
13001
130010
130011
130013
130014
130015
130018
13002
130023
130024
130025
130026
130027
130028
13003
130031
130033
130034
130036
130037
130038
13004
130040
130043
130044
130045
130046
130048
13005
130050
130052
130053
130055
130057
130058
13006
130060
130061
130062
130064
130066
130068
13007
130070
130077
130078
13008
130080
130083
130086
130088
130089
13009
130090
130091
130093
130095
130096
130098
130099
130100
130101
130102
130105
130108
130114
130115
130116
130118
130119
13012
130120
130121
130124
130125
130129
13013
130133
130134
13014
130140
130142
130145
130149
13015
130150
130153
130157
130158
130159
13016
130160
130161
130162
130164
130165
130167
130168
13017
130170
130174
13018
130180
130182
130183
130184
130186
130187
130188
13019
130190
130191
130194
130195
130196
130197
13020
130200
130202
130204
130205
130206
130209
13021
130212
130217
130218
13022
130221
130223
130224
130225
130226
13023
130231
130233
130235
13024
130241
130242
130243
130247
130249
13025
130251
130253
130255
130256
130258
13026
130261
130262
130264
130265
130266
130267
130268
130269
13027
130270
130272
130273
130274
130275
130276
130278
130279
130281
130283
130284
130285
130286
130288
130290
130292
130293
130294
130296
130297
130300
130301
130302
130303
130305
130306
130314
130316
130318
130322
130327
130329
130332
130337
130340
130342
130343
130344
130345
130347
130348
130353
130355
130356
130357
130358
130359
130360
130361
130362
130363
130364
130365
130366
130367
130368
130370
130371
130372
130373
130374
130375
130377
130378
130380
130381
130382
130384
130385
130386
130387
130388
130390
130391
130392
130394
130396
130397
130398
13040
130401
130402
130403
130405
130406
130407
13041
130410
130411
130413
130414
130415
130416
13042
130421
130422
130424
130425
130426
130429
13043
130436
130439
13044
130442
130443
130445
130446
13045
130450
130451
130452
130453
130457
130458
13046
130461
130462
130466
130467
13047
130472
130473
130474
130475
130476
13048
130480
130482
130484
130485
130486
130487
130488
130489
130490
130491
130492
130494
13050
130500
130502
130503
130504
130505
130506
130507
130509
13051
130510
130512
130513
130515
130516
130523
130524
130525
130526
13053
130531
130532
130533
130534
130536
130537
130539
13054
130542
130543
130544
130545
130547
130548
130549
13055
130551
130555
130558
13056
130562
130565
130568
13058
130580
130584
130586
130588
13059
130590
130591
130593
130599
13060
130602
130609
13061
130611
130612
13062
130620
130623
130624
130625
130626
130627
130629
13063
130630
130633
130635
130637
130638
130639
13064
130640
130641
130642
130644
130646
130647
130649
13065
130650
130651
130652
130653
130654
13066
130666
13067
130672
130677
13068
130683
130684
130687
130690
130692
130694
130695
13070
130701
130703
130704
130708
130709
13071
130710
130711
130712
130713
130714
130715
130717
130718
130719
13072
130720
130722
130724
13073
130731
130733
130735
130736
130737
130738
130739
13074
130740
130741
130742
130744
130745
130747
130748
13075
130750
130752
130753
130754
130755
130757
130758
130759
13076
130762
130766
130769
13077
130770
130771
130772
130774
130775
13078
130782
130783
130784
130786
130787
13079
130794
130795
130796
130798
130799
13080
130800
130802
130803
130804
130805
130806
130807
130808
130809
13081
130810
130812
130813
130816
130819
13082
130822
130824
130825
130826
130828
130829
13083
130830
130831
130833
130836
130838
13084
130840
130841
130842
130844
130845
130847
130848
130849
13085
130850
130851
130853
130854
130856
130858
13086
130862
130864
130865
130866
130867
130868
13087
130872
130873
130875
130876
130877
130879
13088
130881
130882
130884
130885
130886
130887
130888
130889
13089
130890
130891
130892
130893
130894
130895
130896
130897
130899
13090
130900
130901
130902
130903
130905
130906
130908
130909
13091
130910
130911
130912
130914
130915
130917
130919
13092
130921
130922
130923
130925
130926
130927
130929
13093
130930
130932
130933
130935
130936
130938
13094
130941
130942
130943
130944
130946
130947
130948
130949
130950
130951
130952
130953
130954
130955
130956
130957
130958
130959
130961
130962
130964
130965
130966
130967
130968
130969
13097
130971
130972
130973
130974
130975
130976
130978
130979
13098
130981
130982
130983
130984
130986
130987
130988
130989
13099
130990
130991
130992
130993
130994
130995
130997
130998
130999
13100
131000
131002
131003
131006
13101
131010
131012
131013
131015
13102
131023
131027
13103
131034
131037
131039
13104
131042
131044
131045
131047
131049
13105
131050
131051
131053
131054
131056
131057
131058
13106
131061
131062
131063
131065
131069
13107
131074
131076
131077
131079
13108
131080
131081
131083
131085
13109
131096
131098
13110
131102
131103
131107
131109
13111
131114
131115
131116
131119
13112
131122
131123
131124
131128
131129
13113
131134
131135
131137
131138
13114
131140
131141
131144
131145
131146
131147
131148
13115
131152
131155
131156
131157
13116
131169
13117
131170
131171
131172
131173
131174
131176
13118
131180
131182
131183
131185
131186
131189
13119
131190
131192
131193
131194
131196
131197
131198
131199
13120
131202
131206
131207
131209
13121
131210
131212
131213
131216
131219
13122
131220
131222
131223
131224
131225
131227
131228
131229
13123
131232
131235
131236
13124
131240
131242
131244
131245
131246
131249
13125
131259
13126
131261
131264
131266
131267
131269
13127
131270
131271
131273
131274
131279
13128
131280
131281
131282
131285
131288
131289
13129
131290
131294
131300
131304
131307
131309
13131
131311
131313
131314
131316
131318
13132
131320
131322
131323
131325
131327
131329
13133
131331
131332
131334
131335
131336
131338
131339
13134
131340
131341
131343
131344
131345
131347
131349
13135
131351
131358
13136
131360
131362
131363
131365
131366
131367
131368
131369
13137
131370
131371
131378
131379
13138
131381
131383
131384
131385
131387
131389
131390
131392
131397
131398
13140
131400
131401
131402
131403
131404
131406
131409
13141
131411
131413
131414
131415
13142
131420
131421
131422
13143
131434
131435
131437
131438
13144
131442
131443
131444
13145
131453
131455
131457
131458
131459
13146
131462
131465
13147
131472
131473
131475
131476
131477
131478
131479
13148
131481
131482
131484
131485
131487
131488
131489
13149
131491
131492
131493
131495
131499
13150
131503
131504
131507
131508
131509
13151
131510
131514
13152
13153
13154
13155
13156
131575
131578
13158
131580
131582
131585
131586
131589
13159
131590
131595
131597
13160
13161
13162
13163
131631
131634
13164
131640
131643
131650
131653
131655
131656
131657
131659
13166
131660
131662
131663
131664
131666
131668
131669
13167
131671
131673
131674
131676
131677
131679
13168
131680
131686
131687
131689
131692
13170
131702
131707
131709
13171
131718
13172
131720
131723
131726
131729
13173
131732
131737
131739
13174
131748
131749
13175
131751
131753
131755
131757
131758
131760
131761
131764
131765
131766
13177
131770
131771
131773
131775
131779
131781
131783
131785
131787
13179
131790
131792
131794
131798
131799
13180
131801
131803
131805
131808
131809
13181
131811
131812
131813
131815
131816
131818
131820
131821
131822
131824
131825
131827
13183
131830
131832
131833
131836
131837
131839
13184
131846
131847
13185
131852
131855
131857
131858
131859
13186
131861
131862
131865
13187
131870
131871
131872
131874
131875
13188
131880
131881
131882
131884
131885
131887
131889
13189
131890
131892
131894
131895
131896
131897
131898
131899
13190
131903
131906
131907
131908
13191
131913
131914
131916
131921
131922
131924
131926
13193
131932
131933
131935
131936
131938
13194
131940
131943
131944
131945
131947
131948
13195
131951
131953
131957
131958
13196
131961
131962
131963
131964
131965
131966
131967
13197
131973
131974
131975
131978
131979
13198
131980
131983
13199
131995
131996
131997
132
13200
132000
132001
132006
132008
132009
13201
132011
132012
132017
132019
13202
132020
132023
13203
132030
132031
132035
132036
132037
132038
132039
13204
132041
132042
132044
132048
13205
132052
132053
132055
132056
132057
132059
13206
132060
132062
132064
132066
132067
132069
13207
132071
132074
132075
132076
132077
132079
132080
132082
132084
132085
132086
132088
13209
132090
132093
132094
132095
132096
132097
132099
13210
132102
132104
132107
132109
132110
132111
132113
132114
132118
132120
132122
132123
132124
132126
132128
132129
132131
132132
132133
132136
132137
132139
132141
132143
132144
132148
132149
132150
132152
132153
132156
132159
132161
132163
132165
132166
132168
132169
132171
132174
132175
132177
132183
132185
132189
13220
132201
132206
132207
13221
132210
132213
132216
132217
132219
13222
132221
132223
132224
132225
132227
132228
132229
13223
132232
132233
132234
132236
132237
132239
132240
132246
132247
132248
13225
132250
132252
132260
132263
132268
132269
132273
132275
132277
132279
132281
132282
132284
132285
132288
132289
132293
132295
132297
132298
132299
132302
132303
132306
132307
132309
132311
132313
132316
132318
132320
132321
132322
132323
132324
132325
132326
132328
132330
132332
132335
132337
132338
132342
132343
132346
132349
132351
132352
132353
132354
132355
132356
132358
132360
132361
132363
132364
132365
132367
132369
132370
132371
132372
132375
132376
132377
132378
132379
132380
132382
132386
132387
132388
132390
132391
132392
132393
132394
132395
132397
13240
13241
132410
132411
132417
132418
13242
132420
132422
132423
132426
132427
13243
132434
132435
132437
13244
132440
132441
132445
132446
132447
13245
132452
132454
132456
132457
13246
132460
132462
132465
132466
132469
13247
132470
132472
132473
132474
132475
13248
132482
132483
132485
132486
132493
132495
132497
13250
132500
132501
132506
132507
132508
13251
132511
132514
132515
132516
132518
13252
132520
132521
132523
132524
132525
132527
132529
13253
132532
132533
132534
132535
132536
132537
132538
13254
132541
132542
132546
132548
132549
13255
132551
132553
132554
13256
132560
132561
132563
132566
132568
13257
132570
132571
132573
132574
132576
132578
13258
132583
132585
132587
132588
132589
13259
132591
132593
132597
132599
13260
132600
132601
132602
132608
132609
132612
132614
132617
132618
132619
132620
132622
132624
132625
132626
132630
132631
132634
132635
132636
132638
132639
132641
132642
132643
132648
132650
132652
132654
132657
132659
132660
132661
132662
132663
132666
132670
132672
132677
132679
132681
132682
132684
132687
132688
132690
132696
132698
132699
132700
132701
132702
132705
132706
132709
132710
132711
132712
132713
132714
132722
132723
132725
132726
132729
13273
132732
132734
132738
13274
132740
132744
13275
132753
132759
13276
132762
132763
132765
132766
132769
13277
132772
132777
132779
132780
132781
132782
132783
132785
13279
132792
132793
132794
132796
132797
132799
13280
132800
132802
132805
132808
132811
132812
132815
132816
132818
13282
132821
132822
132828
132829
13283
132831
132832
132833
132834
132836
132838
132839
13284
132841
132843
132845
132846
132847
13285
132851
132854
132855
132858
132859
132860
132864
132865
132866
132867
132868
132873
132874
132875
132883
132887
132889
132890
132892
132894
132895
132904
132905
132906
132907
132909
13291
132910
132911
132912
132914
132915
132916
13292
132923
132924
132925
132927
132928
132929
13293
132930
132935
132936
132938
132939
13294
132942
132943
132944
132946
132947
132949
13295
132950
132951
132953
132955
132957
132958
13296
132961
132964
132965
13297
132970
132972
132973
132974
132978
132979
13298
132980
132983
13299
132994
132996
132999
133
13300
133005
133007
133008
133009
13301
133012
133016
133018
13302
133021
133023
133028
13303
133031
133032
133035
133037
13304
133040
133041
133046
133047
133049
13305
133050
133051
133053
133054
133055
133057
133058
133059
13306
133060
133063
133065
133068
133069
13307
133070
133071
133075
133076
133077
13308
133081
133082
133084
133086
133088
133089
13309
133091
133093
133094
133095
133096
133097
133098
13310
133101
133103
133104
133107
133108
133109
13311
133110
133113
133115
133117
133119
13312
133121
133123
133125
133129
13313
133130
133131
133132
133133
133134
133137
133139
133140
133142
133143
133145
133146
133148
13315
133153
133155
133156
133157
133160
133162
133163
133164
133165
133167
13317
133170
133172
133174
133176
133177
133178
133179
13318
133181
133185
133186
13319
133192
133194
133196
133197
13320
133200
133202
133204
133206
133208
13321
133212
133213
133214
133220
133222
133234
133236
133240
133241
133246
133248
133250
133254
133255
133257
133260
133261
133263
133264
133269
133273
133274
133275
133277
133278
133279
133280
133281
133283
133284
133285
133286
133287
133289
133290
133291
133292
133293
133300
133307
133308
133310
133311
133319
133321
133326
133327
133328
13333
133332
133334
133335
133336
133339
13334
133341
133343
133344
133345
133348
13335
133350
133351
133353
13336
133360
133362
133367
133369
13337
133371
133372
133373
133376
133377
13338
133380
133381
133382
133388
13339
133390
133392
133394
133396
13340
133400
133407
13341
133410
133411
13342
133424
133425
133426
133429
13343
133430
133434
133435
133436
133437
133438
133439
133441
133442
133443
133445
133446
133447
133448
133449
13345
133451
133452
133454
133457
133458
133459
13346
133461
133463
133466
133467
133469
133470
133473
133476
133479
13348
133480
133481
133482
133485
133488
133491
133493
133494
133498
13350
133502
133509
13351
133515
133516
133518
133519
13352
133521
133523
133524
133525
133528
13353
133530
133531
133533
133535
133536
133537
133539
13354
133542
133543
133545
133546
133548
133549
13355
133551
133552
133554
133557
133559
13356
133560
133562
133563
133565
133566
133567
133569
133571
133573
133574
133575
133578
13358
133580
133583
133584
13359
133592
133595
13360
133601
133603
133605
133609
13361
133618
13362
133622
133625
133626
13363
133630
133632
133633
133634
133636
133637
13364
133640
133641
133642
133643
133647
133649
13365
133652
133653
133661
133663
133666
133667
133678
13368
133680
133682
133684
133686
133688
13369
133691
133692
133694
133698
13370
133700
133701
133704
133705
133709
13371
133713
133714
133715
133716
133718
133719
13372
133722
133723
133724
133725
133727
133728
13373
133734
133736
133738
13374
133740
133741
133743
133745
133749
13375
133750
133751
133752
133753
133755
133756
133757
133758
133759
13376
133761
133763
133764
133768
13377
133770
133773
133774
133776
133778
13378
133781
133783
133786
133787
133788
13379
133790
133792
13380
133805
133813
13382
133822
133823
133826
133827
133828
13383
133831
133834
133836
133838
13384
133840
133841
133842
133844
133845
133847
133849
13385
13386
133860
133873
133878
133879
133882
133883
133884
133888
133889
13389
133896
133899
13390
133905
133907
13391
133910
133911
133912
133914
133918
133919
133920
133925
133926
133927
133929
13393
133930
133931
133934
133937
133938
13394
133940
133941
133946
133948
133950
133952
133953
133955
133956
133957
133958
133959
13396
133964
133965
13397
133976
133977
133978
13398
133980
133981
133983
133985
133987
133989
13399
133991
133993
133994
133996
133998
134
13400
134000
134002
134004
13401
134012
134013
134014
134016
134017
134018
134019
13402
134020
134021
134022
134023
134025
134027
134028
134029
13403
134031
134035
134036
134038
13404
134042
134045
134048
134049
13405
134050
134051
134053
134055
134059
13406
134066
13407
134070
134074
134075
134076
134078
13408
134083
13409
134096
134099
134100
134102
134103
134104
134105
134109
13411
134110
134111
134112
134117
134118
13412
134122
134123
134124
134126
134127
134128
13413
134131
134132
134136
13414
134142
134144
134145
134147
134148
13415
134153
134155
134157
134158
13416
134162
134168
13417
134170
134171
134172
134174
134176
134177
134178
13418
134180
134182
134184
134186
134188
134189
134190
134191
134193
134196
134197
134198
134199
134201
134203
134204
134205
134206
134207
134209
134210
134213
134215
134217
134218
134220
134222
134223
134226
134228
134229
134230
134231
134232
134233
134235
134237
134238
134240
134242
134244
134245
134252
134255
134257
134259
134260
134261
134264
134265
134266
134273
134275
134278
13428
134281
134284
134285
134288
134289
13429
134290
134294
134295
134296
134299
13430
134302
134303
134306
134308
134309
13431
134310
134312
134313
134316
134318
13432
134320
134321
134322
134325
134327
13433
134330
134331
134333
134335
134337
134338
13434
134345
134346
13435
134350
134352
134354
134355
134357
134359
13436
134360
134362
134366
134368
134369
13437
134371
134372
134374
134375
134378
13438
134380
134382
134383
134385
134388
13439
134390
134391
134394
134395
134397
134399
13440
134404
134405
134406
134408
134409
13441
134411
134413
134414
134415
13442
134421
134422
134424
134427
134428
134429
13443
134431
134432
134434
134435
134436
134438
134439
13444
134440
134441
134445
134446
134447
134448
134449
134450
134451
134452
134454
134455
134457
134458
134459
13446
134461
134462
134463
134464
134465
134466
134468
134469
13447
134470
134472
134474
134475
134476
134477
134478
134479
13448
134480
134482
134497
134499
134500
134502
134503
134505
134508
13451
134512
134513
134517
13452
134521
134522
134523
134525
134527
134528
134530
134532
134536
134539
13454
134542
134543
134546
134549
13455
134550
134551
134552
134554
134557
134558
134559
134561
134563
134564
134565
134566
134567
134569
13457
134570
134572
134575
134584
134585
134587
134589
13459
134590
134592
134593
134595
134597
13460
134602
134604
134605
134607
134608
134609
13461
134610
134611
134612
134613
134614
134615
134616
134617
134618
134619
13462
134620
134622
134623
134625
134627
134628
134629
13463
134630
134631
134632
134634
134636
134637
134638
134639
134640
134641
134642
134643
134644
134645
134646
134647
134648
13465
134650
134653
134656
134658
13466
134660
134662
134663
134664
134665
134666
134667
134669
134670
134671
134673
134675
134677
134679
13468
134680
134681
134682
134683
134684
134686
134688
134693
134696
134698
13470
134700
134702
134703
134705
134706
134709
13471
134710
134711
134715
134718
134719
13472
134720
134721
134722
134729
134730
134732
134733
134736
134738
13474
134740
134742
134743
134746
134748
134749
13475
134750
134752
134754
134755
134756
134757
134758
13476
134760
134761
134762
134764
134765
134766
134768
134769
13477
134770
134772
134774
134776
134779
134781
134782
134784
134785
134787
134789
13479
134791
134794
134797
134799
13480
134800
134801
134803
134804
134806
134808
13481
134810
134812
134813
134815
134816
134818
134819
13482
134822
134823
134824
134825
134826
134828
13483
134830
134831
134832
134833
134834
134835
134837
134838
13484
134840
134841
134842
134843
134845
134847
134849
13485
134850
134856
134858
134859
13486
134861
134879
13488
134881
134885
134887
13489
134890
134891
13490
134900
134901
134902
134904
134905
134908
134909
13491
134911
134914
134915
134917
13492
13493
13494
13495
13496
13497
134978
13498
134987
13499
134990
134993
134994
134996
134998
134999
135
135000
135002
135003
135004
13501
135010
135015
135017
13503
135041
135046
135047
135048
135051
135053
135054
135056
135057
13506
135060
135061
135064
135065
135067
135069
13507
135070
135072
135073
135074
135075
135076
135077
13508
135086
13509
135092
135094
135097
135098
13510
135102
135107
135108
135109
13511
135110
135114
135118
135119
13512
135123
135126
135128
135129
13513
135130
135132
135136
135137
13514
135141
135143
135146
13515
135150
135156
135158
13516
135160
135161
135162
135168
13517
135175
135176
135178
13518
135182
135184
135185
135188
135195
135197
135198
135199
13520
135200
135202
135204
135205
135206
135207
135208
13521
135210
135212
135213
135214
135216
135219
13522
135223
135225
135228
135229
13523
135230
135232
135235
135237
135238
13524
135240
135243
135245
135246
135248
135249
13525
135252
135253
135254
135256
135257
135259
13526
135260
135261
135262
135263
135267
135268
135269
13527
135271
135272
135274
135275
135279
13528
135281
135283
135285
135286
135288
13529
135290
135291
135293
135294
135300
135303
135304
135305
135306
135307
135308
135309
13531
135311
135312
135313
135314
135317
135318
135319
13532
135320
135321
135322
135326
135327
13533
135330
135331
135333
135335
135337
135338
135339
13534
135340
135342
135343
135345
135348
135354
135356
135358
135359
13536
135361
135362
135364
135366
135368
135369
13537
135371
135373
135375
135377
13538
135380
135382
135384
135385
135386
135387
13539
135390
135391
135392
135394
135395
135397
135402
135403
135408
135411
135413
135414
135415
135418
13542
135420
135422
135423
135424
135433
13544
135443
135446
135451
135453
135454
135456
13546
135460
135461
135465
135469
135470
135471
135472
135473
135475
135476
135478
13548
135480
135481
135482
13549
135490
135491
135493
135497
135499
13550
135504
13551
135510
135512
135514
135518
13552
135521
135523
135527
135528
13553
135530
135531
135532
135533
135535
135536
135538
135539
13554
135540
135542
135544
135545
135546
135547
135549
13555
135550
135551
135557
135559
13556
135560
135561
135563
135564
135567
13557
135570
135571
135573
135575
135576
135579
13558
135585
135587
135589
13559
135590
135594
135595
135596
135597
135598
13560
135604
135605
135608
13561
135610
135614
135618
13562
135620
135621
135623
135624
135625
135626
13563
135630
135636
135639
13564
135641
135643
135644
135645
135646
135652
135654
135656
135657
135659
13566
135660
135662
135663
135664
135665
135667
135668
13567
135670
135672
135675
135678
135679
13568
135682
135685
135686
135689
13569
135690
135692
135693
135695
135696
135697
135698
13570
135701
135702
135703
135704
135706
135708
13571
135710
135712
135713
135714
135716
135717
135718
135719
13572
135720
135721
135722
135725
135727
135728
13573
135733
135735
135738
13574
135746
135748
135750
135751
13576
135760
135761
135768
13577
135771
135773
135779
13578
135786
135787
13579
135790
135793
135796
135798
135799
1358
13580
135800
135805
135806
135807
13581
135810
135812
135814
135815
135817
135818
135819
13582
135825
135827
135828
135829
135830
135832
135833
135834
135835
135837
135838
135839
135843
135845
135847
135848
13585
135850
135853
135855
135856
135858
135859
13586
135860
135863
135865
135868
13587
135870
135871
135872
135877
135878
135879
13588
135881
135882
135884
135885
135886
135888
13589
135890
135891
135893
135899
1359
13590
135900
135902
135903
135904
135905
135906
135907
135908
135909
13591
135913
135915
135917
13592
135921
135923
135925
135928
135929
135931
135934
135935
135936
135938
135939
135940
135941
135943
135944
135945
135946
135949
13595
135957
13596
135960
135962
135966
13597
135973
135979
135982
135983
135985
135986
135988
135990
136
1360
13600
136006
136008
136013
136014
136016
136017
136018
136033
136034
136035
136036
136037
136038
136043
136045
136047
136050
136052
136053
136054
136055
136056
136057
136058
136059
136062
136064
136065
136066
136068
136069
136070
136071
136072
136074
136075
136076
136078
136080
136082
136084
136087
136088
136089
136090
136091
136093
136094
136095
136098
136099
1361
13610
136100
136103
136106
136108
136109
13611
136111
136112
136116
136119
13612
136121
136124
136126
136127
13613
136130
136131
136133
136134
136137
136139
13614
136141
136143
136144
136146
136147
136148
136152
136153
136154
136155
136157
136158
13616
136160
136161
136163
136164
136165
136166
136167
136169
13617
136170
136171
136172
136179
13618
136180
136181
136182
136185
136188
13619
136190
136191
1362
136204
136208
136209
13621
136210
136212
136215
136216
136217
136219
13622
136220
136223
136224
136226
136227
136228
13623
136230
136231
136232
136234
136235
136237
136238
13624
136240
136241
136242
136244
136245
136247
136249
136250
136254
13626
136260
136263
136268
136269
13627
136273
