145099
14510
145102
145103
145108
145111
145113
145114
145115
145119
14512
145122
145124
145129
145131
145132
145133
145135
145142
145144
145146
145147
145152
145154
145156
14516
145160
145161
145162
145164
145165
145169
14517
145172
145174
145175
145176
14518
145184
145185
145186
145189
145190
145191
145192
145193
145194
145196
145197
145198
1452
14520
145203
145204
145205
14521
145210
145212
145213
145216
145217
145218
14522
145220
145221
145223
145227
145228
145229
145230
145231
145237
145238
145239
14524
145241
145244
145245
145247
145249
14525
145250
145252
145253
145254
145256
145259
14526
145261
145262
145263
145264
145267
145268
14527
145270
145271
145278
145281
145282
145283
145284
145287
145288
145297
145298
14530
145300
145302
145304
145308
145309
14531
145310
145312
145313
145314
145316
145318
145323
145326
145327
145328
145329
14533
145335
145336
145337
145339
14534
145341
145343
145349
145356
145359
14536
145361
145362
145363
145364
145368
145369
14537
145370
145371
145372
145373
145377
145379
14538
145381
145382
145383
145385
145387
14539
145391
145394
145398
14540
145400
145406
14541
145410
145412
14542
145420
145421
145423
145426
14543
145433
145435
145436
145438
14544
145440
145444
145446
145447
145451
145455
14546
145464
145465
145467
14547
145472
145474
145478
14548
145480
145481
145486
145489
14549
145491
145492
145496
145497
14550
145500
145502
145504
145508
14551
145511
145512
145513
145514
145518
14552
145525
145526
145527
145528
145529
14553
145538
14554
145540
145541
145547
145548
145549
14555
145550
145551
145558
145559
14556
145561
145564
145568
14557
145577
14558
145587
145589
145591
145592
145593
145594
145599
14560
145607
14561
145616
145619
145623
145629
145633
145635
145636
14564
145645
145647
145648
14565
145650
145652
145653
145656
145657
14566
145660
145662
145666
145667
145668
145675
145676
145677
145678
145680
145682
145683
145689
14569
145691
145692
145693
145695
145696
145698
14570
145700
145705
145706
145708
145709
14571
145711
145712
145713
145715
145717
145718
14572
145720
145723
145726
145727
145728
145729
14573
145731
145732
145733
145738
145739
14574
145742
145745
145747
145749
14575
145750
145753
145754
145758
145759
14576
145760
145762
145764
145766
145769
14577
145775
14578
145782
145783
145786
145787
14579
145790
145791
14580
145802
145803
145804
145805
145807
145808
145809
14581
145811
145812
145813
145814
145815
145816
145818
145819
14582
145820
145821
145822
145823
145824
145825
145826
14583
145830
145832
145834
145835
145836
145838
14584
145840
145841
145847
145848
14585
145850
145851
145852
145854
145855
145856
145857
145858
145859
145860
145862
145864
145865
145867
145869
14587
145872
145874
145875
145877
145878
145879
14588
145883
145884
145888
14589
145891
145892
145893
145896
145899
14590
145902
145909
14591
145910
145911
145912
145914
145915
145917
145919
145920
145921
145923
145925
145926
145927
14593
145930
145931
145932
145936
145938
145939
14594
145941
145942
145943
145946
145947
145948
145951
145954
145955
145956
145959
14596
145960
145961
145963
145964
145965
145966
145967
145969
14597
145970
145971
145973
145974
145976
145977
145979
145980
145985
145987
145988
145990
145993
145994
145995
145996
145998
146
14600
146003
146004
146006
146010
146012
146015
146017
146018
146019
146022
146023
146026
146028
14603
146030
146032
146034
146035
146036
146037
146038
146039
14604
146041
146043
146045
146047
14605
146053
146054
146058
146059
14606
146060
146061
146062
14607
146072
146074
146075
146076
146077
146079
14608
146080
146081
146082
146083
146084
146085
146087
146089
14609
146090
146091
146092
146093
146094
146095
146096
146097
146098
146100
146101
146102
146105
146106
146107
146109
14611
146113
146114
146116
146117
14612
146121
146126
146128
146129
146131
146132
146138
14614
146140
146141
146145
146146
146147
146148
14615
146153
146154
146156
146158
146163
146165
146167
146168
14617
146170
146171
146172
146174
146184
14619
146190
146192
146193
146195
146197
146198
14620
146200
146201
146202
146203
146206
146209
14621
146210
146211
146212
146213
146214
146216
146218
146223
146225
146227
146229
14623
146231
146233
146236
146238
146239
14624
146240
146243
146246
146248
146249
146252
146254
146255
146256
146258
14626
146260
146263
146266
146267
146269
14627
146270
146271
146277
146278
146279
14628
146283
146285
146287
14629
146290
146294
146295
146296
146298
146299
14630
146300
146301
146302
146304
146305
146307
146308
146309
14631
146312
146313
146315
146318
14632
146320
146322
146324
146326
146328
146329
14633
146331
146334
14634
146341
146343
146345
146346
146347
14635
146352
146353
146355
146357
146359
14636
146361
146362
146363
146364
146365
146368
14637
146370
146371
146373
146375
14638
146380
146381
14639
146390
146393
146395
146398
146401
146404
146405
14641
146413
146414
146416
146419
14642
146428
14643
146432
146433
146434
146435
146436
146439
14644
146444
146445
146446
146448
146449
14645
146450
146451
146452
146455
14646
146460
146462
146463
146464
146465
146466
146467
146468
146470
146471
146472
146473
146474
146476
146478
146479
14648
146480
146484
146486
146489
14649
146490
146492
146494
146495
146496
146498
146499
14650
146500
146501
146502
146504
146505
146507
146508
146509
14651
146511
146519
14652
146520
146521
146522
146523
146524
146525
146526
14653
146530
146531
146533
146535
146536
146537
146538
14654
146540
146541
146543
146545
146547
146548
146549
14655
146550
146551
146554
146555
146557
146558
146559
14656
146562
146563
146564
146565
146567
146568
146569
14657
146571
146572
146573
146574
146576
146578
146579
14658
146580
146581
146582
146583
146584
146587
14659
146590
146591
146592
146593
146594
146596
146598
146599
14660
146600
146603
146606
146607
146608
146611
146613
146615
146616
146617
14662
146620
146623
146625
146631
146634
146636
146637
146638
146639
14664
146640
146641
146642
146644
146645
146646
146647
146648
146649
146650
146652
146653
146656
146657
146658
14666
146660
146661
146662
146665
146667
146668
14667
146670
146671
146672
146673
146674
146676
146678
146679
146680
146681
146686
14669
146690
146691
146695
146697
146698
14670
146703
146705
146709
14671
146710
146712
146713
146714
146715
146718
14672
146721
146722
146724
146725
146726
146728
14673
146730
146731
146734
146736
146737
146738
146739
14674
146742
146744
146745
146746
146747
146748
14675
146750
146751
146752
146753
146755
146756
146759
14676
146760
146761
146762
146768
146769
14677
146771
146772
146774
146777
146778
146779
146783
146784
146785
146787
146788
146790
146791
146792
146794
146800
146803
146805
146808
14681
146810
146813
146814
146815
146816
146817
146818
146819
146822
146823
146825
146827
146828
146829
14683
146833
146834
146836
146837
146839
14684
146840
146842
146846
146847
146849
14685
146852
146853
146855
146856
14686
146861
146862
146864
146866
146867
146868
146869
14687
146870
146871
146873
146874
146877
146879
14688
146881
146882
146884
146886
146889
14689
146890
146891
146892
146893
146896
146898
146899
146902
146904
146905
146906
146907
146909
146914
146915
146916
146917
146919
146920
146923
146925
146926
146927
146928
146929
146931
146933
146935
146936
146937
146938
146939
14694
146940
146941
146942
146945
146946
146948
146949
14695
146951
146952
146953
146955
146956
146957
146958
146959
14696
146961
146963
146964
146966
146967
146969
146970
146973
146974
14698
146986
146987
146990
146996
147
147001
147002
147003
147004
147006
147007
147009
147011
147012
147014
147015
147016
147018
147019
147020
147021
14703
147030
147037
14704
147040
147041
147043
147049
14705
147050
147052
147053
147055
147059
147065
147066
147067
147068
147069
14707
147070
147071
147072
147077
147078
147079
14708
147081
147084
147085
147087
147088
147089
14709
147090
147093
147094
147095
147099
14710
147100
147102
147105
147106
14711
14712
147128
147129
147130
147131
147132
147133
147135
147136
14714
147143
14715
147151
147153
147156
147157
147159
14716
147161
147163
147164
147165
147166
147168
147169
147171
147172
147174
147177
147179
14718
147180
147182
147185
147190
147195
147196
147198
147199
14720
147205
147206
147208
147209
14721
147210
147211
147212
147214
147217
14722
147221
147222
147223
147224
147226
147227
147228
14723
147230
147232
147234
147237
14724
147240
147241
147242
147243
147247
147249
14725
147252
147254
147256
147258
14726
147261
147264
147265
147270
147271
147272
147276
147278
14728
147280
147281
147282
147285
147287
147288
147289
14729
147294
147295
147296
147297
14730
147300
147302
147303
147306
147307
147310
147311
147312
147313
147314
147315
147318
147320
147321
147322
147323
147326
147328
14733
147330
147332
147333
147334
147338
14734
14735
147352
147356
147357
147358
14736
147360
147361
147362
147364
147365
147366
147367
147368
147369
147371
147372
147373
147376
147377
147378
147379
147380
147382
147383
147385
147386
147387
147389
147391
147393
147395
147396
147397
147399
147400
147401
147402
147404
147405
147406
147407
147408
14741
147412
147413
147415
147417
147419
14742
147421
147423
147425
147427
147428
14743
147431
147437
147441
147448
147449
14745
147456
147458
14746
147463
147468
147469
147471
147473
147475
147476
147478
147479
14748
147481
147482
147483
147484
147485
147487
14749
147490
147491
147492
147493
147494
147495
147496
147497
147498
147499
14750
147500
147501
147502
147503
147504
147506
147507
147508
14751
147512
147513
147516
147517
14752
147520
147522
147525
147528
14753
147532
147535
147536
147544
147545
147546
14755
147552
147553
147554
147555
147558
14756
147560
147562
147566
147567
147568
14757
147575
147576
147579
14758
147580
147581
147582
147584
147586
147587
147589
14759
147590
147592
147593
147598
14760
147601
147603
147604
147606
147607
147609
14761
147610
147611
147612
147613
147615
147618
147619
147621
147622
147624
147625
147626
147628
14763
147632
147634
147635
147636
147637
147639
147641
147643
14765
147655
147656
147657
147659
14766
147660
147662
147670
147672
147674
147676
147677
147678
147679
147680
147681
147682
147683
147684
147686
147689
14769
147692
147693
147694
147696
147697
147698
14770
147700
147701
147703
147704
14771
147711
147712
147715
147716
147719
14772
147721
147722
147723
147725
147726
147727
147729
14773
147730
147731
147733
147735
14774
147740
147741
147742
147743
147744
147746
147747
147748
14775
147751
147755
147757
147758
14776
147760
147763
147764
147766
147767
147768
147771
147773
147775
147776
147777
147778
14778
147782
147785
147786
147787
147790
147791
147792
147793
147795
147796
147797
147798
147799
147800
147801
147802
147804
147805
147806
147807
147808
147810
147812
147813
147815
147819
14782
147820
147821
147825
147826
147829
147830
147834
147836
147838
147839
14784
147841
147843
147846
147848
14785
147850
147851
147853
147855
147858
147859
14786
147860
147862
147864
147866
147868
14787
147871
147872
147874
147875
147876
147877
147879
14788
147881
147882
147886
147887
147888
147889
14789
147890
147891
147892
147897
147898
1479
14790
147903
147904
147905
147907
14791
147911
147913
147914
147915
147919
14792
147923
147925
147927
147928
14793
147931
147932
147933
147934
147935
147936
147938
147939
14794
147941
147942
147943
147944
147945
147949
14795
147950
147951
147953
147957
147958
147965
147967
147969
14797
147970
147971
147973
147975
147977
147979
147982
147983
147985
147986
147987
147988
14799
147990
147991
147994
147996
147997
147999
148
1480
148001
148003
148005
14801
148017
148021
148023
148024
148025
148026
148028
148031
148033
148034
148037
148039
14804
148040
148043
148044
148047
148048
148049
14805
148050
148057
14806
148066
148067
148068
148069
14807
148070
148073
148075
148076
148077
148078
14808
148080
148082
148083
148084
148085
148086
148088
148089
14809
148092
148094
148095
148096
148097
1481
14810
148100
148104
148106
148107
148109
14811
148112
148113
148114
148115
148116
148117
148118
148119
14812
148126
14813
14814
148142
148144
148146
148148
14815
148151
148153
148159
14816
148160
148168
14817
148172
148173
148175
148176
148177
148178
148179
14818
148183
148184
148187
148188
14819
148193
148194
148196
1482
14820
148201
148202
148203
148204
148206
148208
148209
14821
148210
148212
148215
148217
14822
148220
148222
148225
148227
148228
148229
14823
148231
148232
148233
148234
148235
148236
148240
148243
148244
148245
148246
148247
148248
148249
14825
148251
148254
148255
148256
148258
148259
148262
148265
148266
148267
148269
148271
148273
148276
148278
148280
148281
148284
148285
148288
14829
148290
148291
148292
148293
148295
148299
1483
14830
148301
148303
148304
14831
148310
148311
148312
148313
148314
148316
148317
148318
14832
148321
148322
148326
148327
148329
14833
148330
148331
148332
148334
148335
148337
14834
148340
148341
148343
148345
148347
148348
14835
148351
148353
148355
148356
148357
148359
14836
148360
148361
148363
148364
148367
148369
14837
148371
148373
148378
14838
148380
148381
14839
148391
148392
148398
1484
14840
148400
148401
148404
148406
148408
148409
148410
148412
148413
148417
148418
14842
148427
148428
148429
14843
148430
148431
148432
148434
148435
148436
148437
148438
14844
148441
148444
148447
148449
14845
148451
148452
148453
148454
148455
148457
148458
14846
148460
148461
148462
148463
148465
148466
148467
148469
14847
148471
148472
148477
148478
148479
14848
148480
148481
148482
148488
148489
14849
148491
148492
148493
148494
148499
1485
14850
148500
148503
148504
148506
148509
14851
148511
148513
148514
14852
148521
148523
148526
148527
14853
148531
148536
148537
148538
14854
148546
148547
148553
148555
148558
148559
148560
148562
14857
148584
148586
148587
14859
148591
148593
148596
148597
148599
148604
148605
148606
148607
148608
148612
148613
148615
148617
14862
148622
148624
148626
148628
14863
148630
148633
148636
148637
14864
148644
148647
148648
148649
14865
148651
148652
148654
148655
148656
148658
14866
148661
148662
148664
148665
148666
148667
148668
148670
148671
148673
148675
148678
14868
148680
148683
148685
148687
14869
148691
148697
148698
1487
148701
148703
148706
148707
14871
148711
14872
148720
148723
148725
148728
14873
148732
148735
148737
148738
14874
148749
148753
148754
148756
148757
148758
148761
148762
148765
148766
148769
14877
148772
148773
148775
148776
148777
148778
14878
148781
148782
148784
148785
148786
148787
148791
148797
148799
1488
14880
148800
148801
148802
148807
148808
14881
148811
148812
148817
14882
148820
148822
148824
148827
148828
14883
148831
148833
148836
148839
148841
148843
148844
148845
148847
14885
148850
148851
148853
148855
148857
148858
148859
14886
148861
148863
148864
148866
148868
14887
148871
148873
148875
148877
148882
148884
148885
148887
148888
14889
148890
148893
148896
148898
148902
148905
148908
148918
14892
148920
148923
148925
14893
148930
148933
148936
148940
148941
148943
148944
148945
148948
14895
148950
148955
148956
148958
14896
148960
148961
148962
148963
148964
148966
148967
148968
148969
14897
148970
148972
148974
148975
148976
148977
14898
148980
148981
148983
148985
148988
14899
148990
148991
148993
148994
148995
148996
148997
148998
148999
149
1490
14900
149001
149006
149007
149008
149010
149016
149019
14902
149020
149023
149024
149026
149029
14903
149030
149031
149032
149035
149036
149037
149038
149039
14904
149041
149042
149043
149044
149046
149047
14905
14906
149061
149063
149067
14907
149072
149079
14908
149080
149082
149085
149087
149088
149089
149091
149092
149094
149095
149099
1491
14910
149100
149101
149103
149107
149109
14911
149110
149111
149113
149114
149115
149116
149117
149119
14912
149121
149122
149126
149129
14913
149131
149132
149134
149135
149136
149138
14914
149141
149143
149144
149145
149146
149148
149149
14915
149150
149154
149155
149157
149159
14916
149162
149164
149166
149167
149169
149170
149172
149180
149186
149187
14919
149190
149192
149193
149195
149196
149198
1492
149204
149206
14921
149213
149215
149216
149218
14922
149220
149223
149227
149229
14923
149232
149233
149234
149235
149239
14924
149240
149245
149247
149249
149253
149255
149256
149258
149259
14926
149261
149262
149264
149265
149267
149268
149269
149271
149272
149274
149276
149279
14928
149281
149283
149284
149285
149286
14929
149291
149293
149294
149295
149296
149297
149298
149299
1493
14930
149302
149304
149306
149308
14931
149310
149311
149314
149315
149317
149319
149320
149322
149323
149325
149326
149327
149329
14933
149330
149331
149333
149334
149335
149337
149338
149339
149340
149342
149343
149344
149347
149348
149349
149350
149351
149352
149353
149355
149356
149358
149360
149362
149364
149365
149366
149367
149368
14937
149370
149372
149374
149376
149377
14938
149380
149381
149383
149385
149387
149388
149390
149392
149393
149394
149395
149396
149397
149398
149399
1494
14940
149402
149404
149405
149408
149409
149410
149411
149414
149416
14942
149426
149427
149428
149429
14943
149430
149431
149433
149434
149438
149439
149440
149443
149444
149445
149446
149448
149449
14945
149450
149452
149455
149456
149457
149459
149460
149461
149463
149464
149465
149467
149468
149469
149473
149474
149476
149477
149479
149481
149482
149483
149484
149487
149489
14949
149490
149492
149493
149494
149496
1495
149503
149504
149505
149507
149509
149511
149515
149517
149520
149521
149522
149524
149526
149527
149529
149531
149532
149533
149535
149544
149548
149549
149550
149552
149553
149559
149560
149561
149564
149569
149570
149571
149573
149574
149576
149582
149584
149585
149586
149588
149590
149592
149595
1496
149600
149604
149608
149612
149613
149615
149619
14962
149620
149621
149626
149627
14963
149630
149631
149632
149634
149636
149637
149640
149641
149642
149644
149648
149652
149657
149658
149661
149662
149664
149667
149669
149671
149674
149678
149679
14968
149681
149682
149684
149685
149687
149689
149690
149691
149692
149698
1497
149701
149702
149708
149709
149711
149712
149715
149719
149720
149721
149722
149723
149725
149727
14973
149730
149731
149733
149734
149736
149737
149738
14974
149744
149746
149747
149752
149753
149755
149756
149758
149759
14976
149761
149762
149763
149764
149766
149767
149769
14977
149770
149775
149776
149777
149778
14978
149786
149788
149789
14979
149793
149798
1498
149800
149801
149804
149806
149808
14981
149817
14982
149827
14983
149832
149835
149836
149837
149839
149840
149841
149842
149843
149845
149846
149847
149851
149854
149856
149857
149861
149862
149863
149865
149866
149868
149869
149870
149871
149872
149874
149879
149881
149882
149883
149884
149886
149887
149893
149894
149895
149897
149898
1499
149900
149901
149902
149904
149906
149907
149910
149911
149916
149918
149920
149922
149926
149930
149931
149932
149933
149935
149936
149937
149938
149940
149945
149946
149949
149950
149952
149955
149957
149958
149959
149961
149968
149973
149974
149979
149983
149984
149987
149988
149990
149991
149993
149997
15
150
150002
150003
150006
150007
150008
150009
150010
150011
150014
150015
150017
150018
150019
150022
150023
150024
150025
150026
150027
150028
150029
15003
150030
150031
150032
150033
150034
150035
150037
150038
150039
15004
150040
150041
150042
150043
150044
150046
150049
15005
150051
150053
150054
150055
150056
150057
150059
15006
150060
150061
150062
150063
150065
150066
150067
150068
15007
150074
150075
150077
15008
150080
150084
150085
150086
150088
150089
150090
150091
150093
150095
150096
150097
150099
15010
150100
150101
150102
150105
150106
150108
150109
15011
150116
150117
150119
15012
150123
150124
150126
15013
150130
150131
150132
150134
150135
150136
150137
150138
15014
150140
150144
150146
150147
150148
15015
150152
150154
150157
15016
150161
150164
150166
150167
15017
150178
15018
150181
150183
150185
150188
15019
150190
150191
150192
150193
150195
150196
150197
150198
15020
150200
150201
150202
150204
150206
150207
150208
150209
15021
150211
150212
150213
150214
150216
150218
150219
15022
150220
150221
150222
150223
150224
150225
150226
150228
150229
15023
150230
150232
150233
150234
150236
150237
150238
150240
150241
150243
150244
150246
150247
150249
15025
150250
150251
150253
150254
150256
15026
150262
150263
150270
150273
150275
150276
150278
150279
15028
150280
150283
150284
150285
150287
150288
15029
150290
150292
150293
150297
150298
15030
150307
150308
15031
150310
150311
150312
150314
150315
150316
150317
150318
150319
150320
150321
150324
150325
150326
150327
150329
15033
150330
150333
150334
150335
150336
15034
150340
150342
150343
150344
150345
150346
150347
15035
150351
150353
150354
150357
150358
15036
150361
150362
150365
150366
150369
15037
150372
150373
150377
150378
150380
150381
150382
150383
150384
150386
15039
150391
150392
150393
150394
150395
150396
150397
150398
150399
15040
150400
150402
150405
150406
150407
15041
150414
150415
150416
150418
150419
15042
150420
150421
150422
150425
150426
150428
15043
150431
150432
150433
150434
150435
150437
15044
150441
150442
150443
150444
150445
150447
150448
150449
15045
150450
150451
150452
150453
150454
150456
150457
150458
150459
15046
150461
150462
150464
150467
150468
150469
150473
150476
150478
15048
150481
150483
150484
150486
150488
150489
15049
150493
150495
150496
150498
150499
15050
150500
150501
150502
150504
150506
150510
150512
150513
150514
150516
150518
150519
15052
150520
150521
150523
150525
150526
150528
150529
15053
150530
150531
150533
150535
150536
150537
150538
150539
15054
150540
150545
150546
15055
150553
150556
15056
150560
150562
150565
150568
15057
150572
150576
150577
150578
15058
150580
150581
150583
150584
150587
150588
15059
150590
150592
150594
150596
150597
150599
15060
150600
150601
150602
150604
150605
150606
150607
150609
150612
150613
150617
150618
150619
15062
150621
150622
150627
150628
150629
150630
150632
150634
150635
150636
150637
150638
15064
150641
150642
150644
150645
150647
150649
15065
150650
150651
150653
150654
150655
150656
150657
150658
15066
150660
150662
150663
150664
150665
150666
150668
15067
150670
150671
150673
150675
150677
150678
15068
150680
150681
150686
150687
150688
150689
15069
150694
150695
150696
150697
150699
15070
150700
150701
150702
150703
150704
150705
150706
150707
150708
150709
15071
150710
150711
150712
150713
150715
150716
150717
150718
150719
15072
150722
150724
150725
150727
150728
150729
15073
150731
150735
150736
150737
150738
15074
150741
150743
150744
150746
150747
150748
15075
150750
150751
150753
150758
150759
150760
150761
150762
150764
150765
150767
150768
150769
15077
150770
150771
150772
150773
150774
150775
150776
150778
150780
150781
150782
150783
150784
150785
150786
150787
150788
150789
150790
150791
150792
150793
150794
150795
150797
150798
150799
15080
150801
150803
150804
150807
150808
15081
150810
150811
150812
150813
150814
150816
150823
150824
150825
150827
150829
15083
150830
150831
150832
150834
150837
150838
150839
15084
150841
150843
150850
150855
150857
150858
150859
15086
150862
150863
150864
150865
15087
150871
150873
150874
150875
150878
150879
15088
150881
150883
150887
150889
15089
150891
150894
150895
150897
150898
150899
15090
150900
150901
150905
150906
150908
150909
15091
150910
150911
150912
150914
150916
150917
150918
150919
15092
150920
150921
150922
150925
150928
150929
15093
150930
150931
150933
150934
150935
150936
150938
150939
15094
150940
150941
150943
150944
150945
150946
150947
150948
150949
150950
150953
150955
150957
150958
150959
15096
150962
150964
150966
15097
150971
150974
150979
15098
150980
150983
150987
150989
150990
150991
150992
150993
150994
150996
150997
150998
150999
151001
151002
151003
151005
151007
151009
151010
151012
151014
151017
151018
151019
15102
151020
151022
151024
151025
151026
151027
151028
151029
151030
151031
151036
151037
151038
151039
15104
151040
151041
151042
151043
151044
151045
151046
151047
151049
15105
151050
151052
151053
151054
151055
151056
151057
151058
151059
15106
151062
151063
151064
151065
151066
151067
151068
151069
151071
151072
151073
151074
151075
151077
151078
15108
151080
151081
151082
151084
151085
151086
151087
151088
15109
151092
151093
151094
151095
151096
151099
15110
151100
151101
151103
151104
151105
151106
15111
151110
151111
151114
151115
151116
15112
151122
151123
151125
151126
15113
151131
151133
151136
151137
151138
15114
151141
151147
151148
15115
151150
151152
151153
151154
151155
151157
151158
151159
15116
151161
151162
151163
151164
151165
151167
151168
151169
15117
151171
151172
151176
151177
151179
15118
151180
151181
151182
151184
151186
151187
151188
151189
15119
151190
151191
151192
151193
151194
151195
151197
15120
151200
151202
151204
151205
151206
151207
151209
15121
151210
151211
151212
151214
151215
151217
151218
151219
15122
151220
151222
151223
151224
151225
151226
151227
151229
151230
151231
151232
151234
151236
151237
151238
151239
15124
151240
151241
151243
151244
151245
15125
151250
151253
151255
151257
151258
15126
151260
151261
151264
151265
151267
151268
151270
151271
151272
151274
151275
151276
151277
151278
151279
15128
151280
151285
151291
151292
151294
151295
151296
151297
151299
151300
151301
151302
151303
151304
151305
151307
151308
151310
151311
151312
151313
151315
151316
151318
151320
151321
151324
151326
151328
151329
151330
151332
151336
151337
151342
151344
151345
151346
15135
151351
151352
151354
151355
151356
151357
151358
151359
151360
151361
151362
151363
151366
151368
15137
151370
151371
151374
151376
151377
151378
15138
151380
151381
151382
151383
151385
151386
151387
151388
151389
15139
151390
151391
151392
151393
151396
151397
151398
151399
15140
151401
151403
151406
151407
151408
151409
151412
151414
151415
151417
151419
15142
151420
151421
151422
151423
151424
151428
151429
15143
151430
151431
151433
151435
151436
151437
151438
15144
151440
151441
151442
151443
151444
151445
151446
151447
151448
151449
15145
151450
151451
151455
151456
15146
151460
151461
151462
151463
151465
151467
151468
151469
15147
151470
151471
151472
151473
151474
151476
151477
151478
151479
15148
151480
151481
151482
151484
151485
151486
151488
151489
15149
151490
151491
151492
151493
151495
151496
151497
151499
151502
151503
151505
151506
151507
151508
151509
151510
151511
151512
151513
151515
151516
151517
151518
15152
151520
151522
151523
151524
151527
151533
151534
151535
151536
151539
151540
151541
151542
151544
151545
151546
151547
151548
151549
15155
151551
151552
151553
151554
151555
151556
151559
15156
151560
151561
151562
151564
151565
151567
151568
151569
15157
151570
151572
151573
151575
151577
151578
151579
15158
151580
151583
151586
151588
151589
15159
151590
151595
151596
151597
151601
151602
151603
151604
151605
151606
151608
151609
151611
151613
151614
151615
151617
15162
151621
151624
151625
151626
151628
15163
151630
151631
151632
151633
151634
151635
151636
151637
151639
15164
151640
151641
151642
151644
151646
151649
15165
151651
151652
151653
151657
15166
151660
151661
151662
151663
151664
151665
151666
151669
15167
151670
151674
151675
151677
151678
151679
15168
151681
151682
151684
151686
151687
151688
151689
15169
151690
151691
151692
151693
151694
151695
151696
151698
151699
15170
151700
151701
151702
151703
151704
151707
151708
15171
151710
151711
151713
151714
151715
151716
151717
151718
151720
151721
151722
151723
151724
151725
151727
151728
151729
15173
151730
151731
151732
151733
151737
151738
151739
151741
151742
151743
151746
151747
151749
151750
151751
151752
151753
151754
151755
151756
151757
151758
151759
151762
151763
151764
151765
151767
151768
15177
151770
151772
151775
151776
151777
151778
151779
151780
151782
151783
151784
151786
151787
151789
15179
151790
151791
151793
151794
151795
151797
151799
151804
151805
151806
15181
151810
151815
151819
15182
151822
151823
151824
151826
151827
151829
151830
151831
151832
151834
151835
151836
151838
151839
15184
151840
151841
151842
151844
151847
151848
151849
15185
151850
151852
151853
151854
151855
151857
151859
15186
151860
151862
151863
151864
151865
151866
151867
151869
151870
151873
151874
151875
151876
151878
151879
15188
151880
151881
151882
151883
151884
151885
151887
15189
151890
151895
151896
151897
151898
151899
151900
151902
151903
151906
151907
151908
151909
151911
151912
151913
151914
151915
151919
15192
151920
151921
151922
151923
151924
151925
151926
151927
151928
151929
151932
151933
151934
151935
151936
151937
151938
151939
151941
151942
151943
151944
151945
151947
151949
151951
151952
151954
151956
151957
151958
151959
15196
151960
151961
151967
151968
151969
151970
151971
151972
151974
151976
151977
151978
151979
15198
151981
151982
151983
151984
151986
151987
151988
15199
151990
151991
151992
151996
151998
152
15200
152005
152006
152008
152009
15201
152010
152013
152015
152017
152018
15202
152020
152022
152023
152025
152029
15203
152031
152032
152033
152035
152038
152039
152040
152041
152042
152043
152044
152045
152046
152047
152048
152049
15205
152051
152053
152056
152059
15206
152060
152061
152062
152063
152064
152065
152068
152070
152073
152074
152075
152077
152079
15208
152080
152082
152084
152087
152088
152089
15209
152090
152092
152093
152094
152096
152097
152098
152099
15210
152100
152101
152103
152106
152109
152115
152117
15212
152121
152126
152127
152128
15213
152130
152131
152132
152135
152136
152137
152138
152139
15214
152140
152141
152142
152143
152144
152145
152148
152150
152152
152153
152154
152155
152156
152157
152158
152159
15216
152160
152162
152163
152164
152165
152166
152167
152168
152171
152172
152174
152177
152178
152179
152180
152181
152182
152183
152184
152185
152186
152188
152189
152190
152191
152192
152193
152194
152195
152197
152198
152199
152200
152201
152203
152205
152206
152207
152208
152210
152212
152215
152216
152217
152218
152219
152222
152223
152226
152227
152229
152230
152231
152232
152233
152234
152235
152236
152237
152238
152240
152242
152243
152244
152245
152246
152250
152251
152253
152254
152255
152256
152257
152259
152260
152263
152264
152265
152266
152268
152269
15227
152270
152272
152273
152274
152275
152278
152282
152283
152284
152286
152288
152290
152291
152292
152294
152295
152298
152299
1523
152303
152304
152305
152307
152309
152310
152313
152317
152319
152320
152325
152326
152328
15233
152330
152331
152332
152333
152334
152335
152337
152339
152340
152345
152346
152347
152348
152349
152350
152351
152352
152353
152354
152355
152356
152357
152358
152359
152360
152361
152364
152366
152369
15237
152370
152371
152373
152374
152375
152379
152381
152383
152384
152387
152388
15239
152391
152392
152393
152395
152396
152397
152399
152400
152402
152404
152406
152407
152408
152409
152411
152413
152414
152416
152417
15242
152421
152422
152423
152424
152425
152428
152432
152433
152434
152437
152439
15244
152440
152443
152448
152449
152450
152452
152453
152454
152455
152456
152457
152458
152463
152464
152465
152466
152468
152469
15247
152471
152472
152474
152476
152478
152480
152481
152482
152483
152484
152486
152487
152488
152490
152492
152493
152495
152496
152497
152499
15250
152500
152501
152503
152505
152507
152508
15251
152510
152511
152512
152513
152514
152516
152519
152520
152521
152522
152524
152525
152526
152527
152528
152529
152530
152531
152532
152533
152534
152535
152536
152537
152538
15254
152540
152541
152542
152543
152544
152545
152549
15255
152550
152552
152553
152555
15256
152563
152564
152567
152568
152569
15257
152570
152572
152574
152576
152578
15258
152580
152581
152582
152584
152586
152587
152588
152589
15259
152590
152591
152592
152593
152594
152597
152598
152599
15260
152601
152603
152604
152605
152607
152608
152609
15261
152611
152612
152613
152614
152615
152616
152618
15262
152620
152621
152622
152623
152624
152625
152626
152628
152629
15263
152630
152634
152635
152636
152639
15264
152640
152642
152643
152644
152645
152646
152647
152648
15265
152651
152652
152653
152655
152657
152658
152659
15266
152660
152661
152662
152664
152665
152666
152668
15267
152670
152674
152676
152678
152679
15268
152684
152685
152687
152689
152690
152691
152693
152698
152699
152700
152701
152703
152704
152705
152706
152707
152708
152709
15271
152710
152711
152715
152717
152719
15272
152720
152722
152723
152727
152728
15273
152732
152736
152737
152738
152739
152740
152742
152743
152745
152746
152747
152748
152750
152751
152752
152753
152754
152756
152757
152759
15276
152760
152761
152762
152763
152764
152765
152766
152767
152768
152769
152770
152771
152773
152774
152775
152776
152777
152778
152779
15278
152780
152781
152782
152783
152784
152785
152787
152788
152789
15279
152790
152791
152792
152793
152795
152797
152798
152799
15280
152800
152801
152802
152803
152804
152805
152806
152807
152808
152809
15281
152810
152811
152812
152813
152814
152816
152818
152819
15282
152821
152822
152823
152825
152826
152827
152828
15283
152831
152833
152834
152835
152836
152837
152839
15284
152840
152841
152842
152843
152845
152846
152847
152848
15285
152850
152851
152852
152853
152857
152858
152859
15286
152860
152861
152864
152865
152866
152869
152871
152873
152874
152875
152876
152877
152879
152880
152881
152884
152885
152886
152887
152888
15289
152890
152892
152893
152894
15290
152900
152901
152903
152904
152905
152906
152907
152908
152909
152912
152915
152919
15292
152921
152924
152926
152927
152929
152932
152933
152934
152935
152937
152938
15294
152940
152942
152943
152944
152946
152948
152949
152951
152952
152953
152954
152956
152957
152959
152961
152963
152966
152967
152968
152969
152970
152971
152973
152975
152976
152977
152978
15298
152980
152984
152986
152988
152989
15299
152990
152992
152993
152994
152995
152997
152999
153
15300
153000
153002
153003
153005
153007
153008
153009
15301
153010
153011
153015
153017
153018
153019
15302
153020
153021
153022
153023
153024
153025
153026
153027
153029
15303
153030
153031
153032
153035
153038
153039
153040
153041
153042
153043
153044
153045
153046
153048
153049
153050
153052
153054
153056
153059
153060
153061
153067
153068
153069
153070
153071
153072
153073
153076
153077
153079
153081
153082
153083
153085
153086
153087
153088
153090
153091
153094
153096
153098
15310
153100
153101
153102
153103
153104
153105
153106
153108
153109
153110
153111
153113
153118
153119
15312
153120
153122
153123
153124
153125
153127
153129
15313
153130
153131
153133
153134
153135
153136
153138
153139
15314
153140
153141
153142
153145
153146
153147
153148
153150
153151
153152
153153
153154
153155
153156
153157
