1015491
1015492
1015493
1015496
1015497
1015498
1015499
10155
101550
1015500
1015501
1015502
1015503
1015504
1015505
1015506
1015507
1015508
101551
1015510
1015511
1015512
1015513
1015514
1015515
1015516
1015517
1015518
1015519
1015520
1015521
1015522
1015523
1015524
1015525
1015526
1015527
1015528
1015529
101553
1015530
1015531
1015532
1015533
1015535
1015536
1015537
1015538
1015539
101554
1015540
1015541
1015542
1015543
1015544
1015545
1015546
1015547
1015548
1015549
1015550
1015551
1015552
1015553
1015554
1015555
1015556
1015557
1015558
1015559
1015560
1015562
1015563
1015564
1015567
1015568
1015569
101557
1015571
1015572
1015573
1015575
1015576
1015578
1015579
101558
1015580
1015581
1015582
1015583
1015584
1015585
1015586
1015587
1015588
1015589
101559
1015590
1015591
1015592
1015593
1015594
1015595
1015596
1015597
1015598
1015599
10156
1015600
1015601
1015602
1015603
1015604
1015605
1015606
1015608
1015609
101561
1015610
1015611
1015612
1015613
1015614
1015615
1015616
1015617
101562
1015621
1015622
1015623
1015624
1015625
1015626
1015627
1015628
1015630
1015631
1015632
1015633
1015634
1015635
1015636
1015638
1015639
101564
1015640
1015641
1015642
1015643
1015644
1015645
1015646
1015647
1015649
1015650
1015651
1015652
1015654
1015655
1015657
1015658
1015659
101566
1015660
1015662
1015663
1015664
1015665
1015666
1015667
1015668
1015669
101567
1015671
1015672
1015673
1015676
1015677
1015678
1015679
1015680
1015681
1015682
1015683
1015684
1015685
1015686
1015687
1015688
1015689
101569
1015690
1015694
1015695
1015697
1015698
1015699
10157
101570
1015700
1015703
1015704
1015705
1015706
1015707
1015708
101571
1015710
1015711
1015712
1015713
1015715
1015716
1015717
1015718
1015719
101572
1015720
1015723
1015724
1015725
1015726
1015727
1015728
1015729
1015730
1015731
1015732
1015733
1015734
1015735
1015736
1015737
1015738
1015739
101574
1015740
1015741
1015742
1015743
1015744
1015745
1015747
1015749
1015752
1015753
1015755
1015756
1015758
1015759
101576
1015760
1015761
1015762
1015763
1015764
1015765
1015766
1015767
1015768
1015769
101577
1015770
1015771
1015773
1015774
1015775
1015776
1015781
1015783
1015785
1015787
1015790
1015791
1015792
1015793
1015794
1015795
1015796
1015797
1015798
1015799
10158
101580
1015800
1015801
1015802
1015803
1015804
1015805
1015807
1015808
1015809
1015810
1015812
1015813
1015814
1015815
1015816
1015817
1015818
1015819
101582
1015820
1015821
1015822
1015823
1015824
1015825
1015826
1015827
1015828
1015829
101583
1015830
1015831
1015832
1015833
1015834
1015835
1015836
1015837
1015838
1015839
1015840
1015841
1015842
1015843
1015844
1015845
1015846
1015847
1015848
1015849
101585
1015850
1015851
1015853
1015854
1015855
1015856
1015857
1015858
1015859
101586
1015862
1015863
1015865
1015866
1015867
1015868
1015869
101587
1015870
1015871
1015872
1015873
1015874
1015876
1015877
101588
1015880
1015881
1015882
1015884
1015885
1015886
1015887
1015888
101589
1015890
1015892
1015893
1015894
1015895
1015896
1015897
1015898
10159
101590
1015900
1015902
1015903
1015905
1015906
1015907
1015908
101591
1015910
1015911
1015912
1015913
1015914
1015917
1015918
1015919
101592
1015921
1015923
1015924
1015925
1015926
1015927
1015928
1015929
1015930
1015931
1015932
1015933
1015934
1015935
1015936
1015937
1015938
1015939
1015940
1015941
1015942
1015943
1015945
1015946
1015949
101595
1015950
1015951
1015952
1015953
1015954
1015955
1015956
1015957
1015958
1015959
101596
1015960
1015961
1015962
1015963
1015964
1015966
1015967
1015968
101597
1015970
1015971
1015972
1015973
1015974
1015975
1015977
1015979
101598
1015980
1015981
1015983
1015984
1015985
1015986
1015987
1015988
1015989
101599
1015990
1015991
1015992
1015994
1015995
1015996
1015997
1015998
10160
101600
1016000
1016001
1016002
1016003
1016004
1016005
1016006
1016007
1016008
1016009
1016010
1016011
1016012
1016013
1016014
1016015
1016016
1016017
1016018
1016019
1016020
1016021
1016022
1016023
1016024
1016025
1016026
1016027
1016028
1016029
1016030
1016031
1016032
1016033
1016034
1016035
1016036
1016037
1016038
1016039
101604
1016040
1016042
1016043
1016044
1016045
1016046
1016047
1016048
1016049
1016050
1016051
1016052
1016053
1016054
1016056
1016057
1016058
1016060
1016061
1016062
1016063
1016064
1016065
1016066
1016067
1016069
1016070
1016071
1016072
1016073
1016074
1016075
1016076
1016077
101608
1016080
1016082
1016083
1016084
1016085
1016086
1016087
1016088
1016089
101609
1016090
1016091
1016092
1016094
1016096
1016097
1016098
1016099
10161
101610
1016100
1016102
1016103
1016104
1016105
1016106
1016107
1016108
1016109
101611
1016110
1016111
1016112
1016113
1016114
1016115
1016116
1016117
1016118
1016119
101612
1016120
1016121
1016122
1016123
1016124
1016125
1016126
1016127
1016128
1016129
1016130
1016131
1016132
1016133
1016134
1016135
1016136
1016137
1016138
1016139
1016140
1016141
1016142
1016143
1016144
1016145
1016146
1016147
1016148
1016149
1016150
1016151
1016152
1016153
1016154
1016155
1016156
1016157
1016158
1016159
101616
1016160
1016161
1016162
1016163
1016164
1016165
1016166
1016167
1016168
1016169
101617
1016170
1016171
1016172
1016173
1016174
1016175
1016177
1016178
1016179
101618
1016180
1016181
1016182
1016183
1016184
1016186
1016187
1016188
1016189
1016190
1016191
1016192
1016193
1016194
1016195
1016196
1016197
1016199
10162
1016200
1016201
1016202
1016203
1016204
1016205
1016206
1016207
1016208
1016209
101621
1016210
1016211
1016212
1016213
1016214
1016215
1016216
1016217
1016218
1016219
1016220
1016222
1016224
1016225
1016227
1016228
1016229
1016231
1016232
1016233
1016234
1016236
1016237
1016238
1016239
101624
1016240
1016241
1016242
1016243
1016244
1016246
1016247
1016248
1016249
1016251
1016252
1016253
1016254
1016255
1016256
1016257
1016258
1016259
101626
1016261
1016262
1016263
1016264
1016265
1016266
1016267
1016268
1016269
101627
1016270
1016271
1016273
1016274
1016275
1016276
1016277
1016278
1016279
101628
1016280
1016281
1016282
1016283
1016285
1016288
1016289
1016290
1016291
1016292
1016293
1016295
1016296
1016297
1016298
1016299
10163
101630
1016300
1016301
1016302
1016304
1016305
1016306
1016307
1016308
1016309
101631
1016310
1016311
1016312
1016314
1016315
1016316
1016317
1016318
1016319
101632
1016320
1016321
1016323
1016324
1016325
1016326
1016327
1016328
1016329
101633
1016330
1016331
1016332
1016333
1016334
1016335
1016336
1016337
1016338
101634
1016341
1016342
1016343
1016344
1016345
1016346
1016347
1016348
1016349
1016350
1016351
1016352
1016353
1016354
1016355
1016356
1016358
1016359
101636
1016360
1016361
1016362
1016363
1016364
1016365
1016366
1016367
1016368
1016369
101637
1016370
1016371
1016372
1016373
1016374
1016375
1016376
1016378
1016379
101638
1016380
1016381
1016382
1016383
1016384
1016385
1016387
1016388
1016389
1016390
1016391
1016392
1016393
1016394
1016395
1016396
1016397
1016398
1016399
10164
101640
1016400
1016402
1016403
1016404
1016405
1016406
1016407
1016408
1016409
1016410
1016411
1016412
1016413
1016414
1016415
1016416
1016417
1016418
1016419
1016420
1016421
1016422
1016423
1016424
1016425
1016426
1016427
1016428
1016429
101643
1016430
1016431
1016432
1016434
1016435
1016436
1016437
1016438
1016439
101644
1016440
1016441
1016442
1016443
1016444
1016445
1016446
1016447
1016448
1016449
1016450
1016451
1016452
1016453
1016454
1016455
1016456
1016457
1016458
1016459
1016460
1016461
1016462
1016463
1016464
1016465
1016466
1016467
1016468
1016469
1016470
1016471
1016472
1016473
1016474
1016476
1016477
1016478
1016479
1016481
1016482
1016483
1016484
1016485
1016486
1016487
1016488
1016489
1016490
1016491
1016492
1016493
1016494
1016495
1016496
1016497
1016498
1016499
10165
1016500
1016502
1016503
1016504
1016505
1016506
1016507
1016508
1016509
101651
1016510
1016511
1016512
1016513
1016514
1016515
1016516
1016517
1016518
1016519
101652
1016520
1016521
1016522
1016523
1016524
1016526
1016527
1016528
1016529
101653
1016530
1016531
1016532
1016537
1016538
1016539
1016540
1016541
1016542
1016543
1016544
1016545
1016546
1016547
1016548
1016549
1016550
1016551
1016552
1016553
1016554
1016555
1016556
1016558
1016559
101656
1016560
1016561
1016562
1016563
1016564
1016565
1016566
1016567
1016568
1016569
1016572
1016573
1016574
1016575
1016576
1016577
1016579
1016580
1016581
1016583
1016584
1016585
1016586
1016587
1016588
1016589
1016590
1016592
1016593
1016594
1016595
1016597
1016598
1016599
10166
1016600
1016601
1016602
1016603
1016604
1016605
1016606
1016607
1016609
1016610
1016611
1016612
1016613
1016614
1016615
1016616
1016617
1016618
1016619
1016620
1016621
1016622
1016623
1016624
1016625
1016626
1016628
1016629
1016630
1016631
1016632
1016633
1016634
1016635
1016636
1016637
1016638
1016639
101664
1016640
1016642
1016643
1016644
1016645
1016647
1016648
1016649
101665
1016650
1016651
1016652
1016653
1016654
1016655
1016657
1016658
1016659
1016660
1016661
1016662
1016663
1016664
1016665
1016666
1016667
1016668
1016669
1016670
1016671
1016672
1016673
1016674
1016675
1016676
1016677
1016678
1016679
1016680
1016681
1016682
1016683
1016684
1016685
1016686
1016687
1016688
1016689
101669
1016690
1016691
1016693
1016694
1016695
1016696
1016697
1016698
1016699
10167
1016700
1016701
1016702
1016703
1016704
1016705
1016706
1016707
1016708
1016710
1016712
1016713
1016714
1016715
1016716
1016717
1016718
1016719
1016720
1016721
1016722
1016723
1016724
1016725
1016728
1016729
101673
1016730
1016731
1016732
1016733
1016734
1016735
1016736
1016737
1016738
1016739
1016740
1016741
1016742
1016743
1016744
1016745
1016746
1016748
1016749
1016750
1016751
1016752
1016753
1016754
1016755
1016756
1016757
1016758
1016759
1016760
1016761
1016762
1016763
1016764
1016765
1016766
1016767
1016768
1016771
1016774
1016776
1016777
1016778
1016779
1016780
1016781
1016782
1016783
1016784
1016785
1016786
1016787
1016788
1016789
1016790
1016791
1016792
1016793
1016794
1016795
1016796
1016797
1016798
1016799
10168
1016800
1016801
1016802
1016803
1016804
1016805
1016807
1016808
1016809
1016810
1016811
1016812
1016814
1016815
1016816
1016817
1016819
101682
1016820
1016821
1016822
1016823
1016824
1016825
1016826
1016827
1016829
1016830
1016833
1016834
1016835
1016836
1016837
1016838
1016840
1016841
1016842
1016843
1016845
1016846
1016847
1016848
101685
1016850
1016851
1016853
1016854
1016855
1016856
1016857
1016858
1016859
1016861
1016862
1016863
1016864
1016865
1016866
1016867
1016868
1016869
101687
1016870
1016871
1016872
1016873
1016874
1016875
1016876
1016877
1016878
1016879
1016880
1016881
1016882
1016883
1016884
1016885
1016886
1016887
1016888
1016889
1016890
1016891
1016892
1016893
1016894
1016895
1016896
1016897
1016898
1016899
10169
101690
1016900
1016901
1016902
1016903
1016904
1016905
1016906
1016907
1016909
1016910
1016911
1016912
1016913
1016914
1016915
1016916
1016917
1016918
1016919
1016920
1016921
1016924
1016925
1016926
1016927
1016928
1016929
101693
1016930
1016931
1016932
1016933
1016934
1016935
1016937
1016938
1016939
101694
1016940
1016941
1016942
1016943
1016944
1016945
1016946
1016947
1016948
1016949
1016950
1016951
1016952
1016954
1016955
1016956
1016957
1016959
1016960
1016961
1016962
1016963
1016964
1016965
1016966
1016967
1016968
1016969
1016970
1016971
1016972
1016973
1016974
1016975
1016976
1016977
1016978
1016979
101698
1016980
1016981
1016982
1016983
1016984
1016985
1016986
1016987
1016988
1016989
101699
1016990
1016991
1016992
1016993
1016994
1016995
1016996
1016997
1016998
1016999
10170
101700
1017000
1017001
1017003
1017004
1017005
1017006
1017007
1017008
1017009
1017010
1017011
1017012
1017013
1017014
1017015
1017016
1017017
1017018
1017019
1017020
1017022
1017023
1017024
1017025
1017026
1017027
1017028
1017029
1017030
1017031
1017032
1017033
1017034
1017035
1017036
1017037
1017038
1017039
1017040
1017041
1017042
1017043
1017044
1017045
1017046
1017047
1017048
1017049
1017050
1017051
1017052
1017053
1017054
1017056
1017057
1017058
1017059
1017060
1017061
1017062
1017063
1017064
1017065
1017066
1017067
1017068
1017069
1017070
1017071
1017072
1017073
1017074
1017075
1017076
1017077
1017078
1017079
101708
1017080
1017081
1017082
1017083
1017084
1017085
1017086
1017087
1017088
1017089
1017091
1017092
1017093
1017094
1017095
1017096
1017097
1017098
10171
1017100
1017101
1017102
1017103
1017104
1017105
1017106
1017107
1017109
101711
1017110
1017111
1017112
1017113
1017114
1017115
1017116
1017117
1017118
1017119
1017120
1017121
1017124
1017126
1017128
1017129
1017130
1017131
1017133
1017134
1017135
1017136
1017137
1017138
1017139
1017140
1017141
1017142
1017143
1017144
1017145
1017146
1017147
1017148
1017149
101715
1017150
1017151
1017152
1017154
1017155
1017156
1017157
1017158
1017159
1017160
1017162
1017163
1017164
1017165
1017166
1017167
1017168
1017169
1017170
1017171
1017172
1017173
1017174
1017175
1017176
1017177
1017178
1017179
101718
1017180
1017181
1017182
1017183
1017184
1017185
1017186
1017187
1017188
1017189
1017190
1017192
1017193
1017194
1017195
1017197
1017198
1017199
10172
101720
1017200
1017201
1017202
1017203
1017204
1017205
1017206
1017207
1017208
1017209
1017210
1017211
1017212
1017213
1017214
1017215
1017216
1017217
1017218
1017219
1017220
1017221
1017222
1017223
1017224
1017225
1017227
1017228
1017229
101723
1017230
1017231
1017232
1017234
1017235
1017236
1017237
1017238
1017239
101724
1017240
1017241
1017242
1017243
1017244
1017245
1017246
1017247
1017248
1017249
101725
1017250
1017252
1017253
1017254
1017255
1017257
1017258
1017259
1017260
1017261
1017262
1017263
1017264
1017265
1017266
1017267
1017268
1017271
1017272
1017273
1017274
1017275
1017277
1017278
1017279
101728
1017280
1017281
1017283
1017284
1017285
1017286
1017287
1017288
1017290
1017291
1017292
1017293
1017295
1017298
1017299
10173
101730
1017300
1017301
1017302
1017303
1017304
1017305
1017306
1017308
1017309
101731
1017310
1017311
1017312
1017313
1017314
1017315
1017316
1017317
1017318
1017319
1017320
1017321
1017322
1017323
1017324
1017325
1017326
1017328
1017329
101733
1017330
1017332
1017333
1017334
1017335
1017336
1017337
1017338
1017339
1017340
1017341
1017342
1017343
1017344
1017345
1017346
1017347
1017348
1017349
1017350
1017351
1017352
1017353
1017354
1017355
1017356
1017357
1017358
1017359
101736
1017360
1017361
1017362
1017363
1017364
1017365
1017366
1017368
1017369
101737
1017370
1017371
1017372
1017373
1017374
1017377
1017378
1017379
1017380
1017381
1017382
1017383
1017384
1017385
1017386
1017387
1017388
1017389
1017390
1017392
1017393
1017395
1017396
1017397
1017398
10174
101740
1017400
1017401
1017402
1017403
1017404
1017405
1017406
1017407
1017408
1017409
1017410
1017411
1017412
1017413
1017414
1017415
1017416
1017417
1017418
1017419
1017420
1017421
1017422
1017423
1017424
1017425
1017426
1017427
1017428
1017429
101743
1017430
1017431
1017433
1017434
1017435
1017436
1017437
1017438
1017439
101744
1017440
1017441
1017442
1017443
1017444
1017445
1017446
1017447
1017448
101745
1017450
1017451
1017452
1017453
1017454
1017455
1017456
1017457
1017458
1017459
1017460
1017461
1017462
1017463
1017464
1017465
1017466
1017467
1017468
1017469
101747
1017470
1017471
1017472
1017473
1017474
1017475
1017476
1017477
1017478
1017479
101748
1017480
1017481
1017482
1017483
1017484
1017485
1017486
1017487
1017490
1017491
1017492
1017493
1017494
1017495
1017496
1017497
1017498
1017499
10175
101750
1017500
1017501
1017502
1017503
1017504
1017505
1017506
1017507
1017508
1017509
101751
1017510
1017511
1017512
1017513
1017514
1017515
1017516
1017517
1017518
1017519
101752
1017520
1017521
1017522
1017523
1017524
1017525
1017526
1017529
101753
1017530
1017531
1017532
1017533
1017536
1017537
1017538
1017539
1017540
1017542
1017543
1017544
1017545
1017546
1017547
1017548
1017549
101755
1017550
1017551
1017552
1017553
1017554
1017555
1017560
1017561
1017562
1017563
1017564
1017565
1017567
1017570
1017571
1017572
1017573
1017574
1017575
1017576
1017577
1017578
1017579
101758
1017580
1017581
1017582
1017583
1017584
1017585
1017586
1017587
1017588
1017589
1017590
1017591
1017592
1017593
1017594
1017595
1017596
1017597
1017598
1017599
10176
101760
1017600
1017601
1017602
1017609
1017610
1017611
1017612
1017613
1017614
1017615
1017616
1017617
1017618
1017619
1017620
1017621
1017622
1017623
1017624
1017626
1017627
1017628
1017630
1017631
1017632
1017633
1017634
1017635
1017636
1017637
1017638
1017639
1017640
1017642
1017643
1017644
1017645
1017646
1017647
1017648
1017649
1017650
1017651
1017652
1017653
1017654
1017656
1017657
1017658
101766
1017660
1017661
1017662
1017663
1017664
1017665
1017666
1017667
1017668
1017669
1017670
1017671
1017673
1017674
1017675
1017676
1017677
1017678
1017679
101768
1017680
1017681
1017682
1017684
1017685
1017686
1017687
1017688
1017689
1017690
1017691
1017692
1017693
1017694
1017695
1017696
1017697
1017698
10177
101770
1017700
1017701
1017702
1017703
1017704
1017705
1017707
1017708
1017709
1017710
1017711
1017712
1017713
1017715
1017716
1017717
1017718
1017719
101772
1017720
1017721
1017722
1017723
1017724
1017725
1017726
1017727
1017728
1017729
101773
1017730
1017731
1017732
1017733
1017734
1017735
1017736
1017737
1017738
1017739
101774
1017740
1017743
1017744
1017745
1017747
1017748
1017749
1017750
1017751
1017752
1017753
1017754
1017755
1017756
1017757
1017758
1017759
101776
1017760
1017761
1017762
1017763
1017764
1017765
1017766
1017767
1017768
1017769
101777
1017770
1017771
1017773
1017774
1017775
1017776
1017777
1017778
1017779
101778
1017780
1017781
1017782
1017783
1017784
1017785
1017786
1017787
1017788
1017789
1017790
1017791
1017792
1017793
1017794
1017795
1017796
1017797
1017798
1017799
10178
101780
1017800
1017801
1017802
1017803
1017804
1017805
1017806
1017807
1017808
1017809
1017810
1017811
1017812
1017813
1017814
1017815
1017816
1017817
1017818
1017819
1017820
1017821
1017822
1017823
1017824
1017825
1017826
1017827
1017828
1017829
101783
1017830
1017831
1017832
1017833
1017834
1017835
1017836
1017837
1017839
101784
1017840
1017841
1017842
1017843
1017844
1017845
1017846
1017847
1017848
1017849
101785
1017850
1017851
1017852
1017853
1017854
1017855
1017856
1017857
1017858
1017859
101786
1017860
1017861
1017862
1017863
1017864
1017865
1017866
1017867
1017868
1017869
1017870
1017871
1017872
1017873
1017874
1017875
1017878
1017879
1017880
1017881
1017882
1017883
1017884
1017885
1017886
1017887
1017888
1017889
101789
1017890
1017891
1017892
1017893
1017894
1017895
1017896
1017897
1017898
1017899
10179
1017900
1017901
1017902
1017903
1017904
1017905
1017906
1017907
1017908
1017909
101791
1017910
1017911
1017912
1017913
1017914
1017915
1017916
1017917
1017919
1017920
1017921
1017922
1017923
1017924
1017925
1017926
1017927
1017928
1017929
101793
1017930
1017932
1017933
1017934
1017936
1017937
1017938
1017939
1017940
1017941
1017942
1017943
1017944
1017945
1017946
1017947
1017948
1017949
101795
1017950
1017951
1017953
1017954
1017955
1017956
1017957
1017958
1017959
1017960
1017961
1017962
1017963
1017964
1017965
1017966
1017967
1017968
1017969
101797
1017970
1017971
1017972
1017973
1017974
1017975
1017976
1017977
1017978
1017979
101798
1017980
1017981
1017982
1017983
1017986
1017989
1017991
1017994
1017995
1017996
1017998
1017999
1018
10180
101800
1018000
1018001
1018002
1018003
1018004
1018005
1018006
1018007
1018008
1018009
101801
1018010
1018011
1018012
1018013
1018014
1018015
1018016
1018017
1018018
1018019
101802
1018020
1018021
1018022
1018023
1018024
1018025
1018026
1018027
1018028
1018029
101803
1018030
1018031
1018032
1018033
1018034
1018036
1018037
1018038
1018039
101804
1018040
1018042
1018043
1018045
1018048
1018049
1018050
1018051
1018053
1018054
1018055
1018056
1018057
1018058
1018059
101806
1018060
1018061
1018063
1018064
1018065
1018066
1018067
101807
1018071
1018074
1018075
1018076
1018077
1018078
1018079
101808
1018080
1018081
1018082
1018083
1018084
1018085
1018086
1018087
1018088
1018089
101809
1018090
1018091
1018092
1018093
1018094
1018095
1018096
1018097
1018098
1018099
101810
1018100
1018101
1018102
1018104
1018105
1018106
1018107
1018108
1018109
1018110
1018111
1018112
1018113
1018114
1018115
1018116
1018117
1018118
1018119
101812
1018120
1018121
1018122
1018123
1018125
1018126
1018128
1018129
1018131
1018132
1018133
1018135
1018136
1018137
1018138
1018139
1018140
1018141
1018142
1018143
1018145
1018146
1018147
1018148
1018149
1018150
1018152
1018153
1018154
1018155
1018156
1018157
1018158
1018159
101816
1018160
1018163
1018164
1018165
1018166
1018167
1018168
1018169
1018170
1018172
1018173
1018174
1018176
1018177
1018178
1018179
101818
1018180
1018182
1018183
1018184
1018185
1018186
1018187
1018188
1018189
1018190
1018191
1018192
1018193
1018194
1018195
1018196
1018197
1018198
1018199
101820
1018200
1018201
1018202
1018203
1018204
1018205
1018206
1018207
1018208
1018209
1018210
1018211
1018212
1018213
1018214
1018215
1018216
1018217
1018218
1018219
101822
1018220
1018221
1018222
1018223
1018225
1018226
1018227
1018228
1018229
101823
1018230
1018231
1018232
1018233
1018234
1018235
1018236
1018237
1018238
1018239
101824
1018240
1018241
1018242
1018243
1018244
1018247
1018248
1018249
1018250
1018251
1018252
1018253
1018254
1018255
1018256
1018257
1018258
1018259
101826
1018260
1018261
1018262
1018263
1018264
1018265
1018266
1018267
1018268
1018269
1018270
1018271
1018272
1018274
1018275
1018276
1018277
1018278
1018279
101828
1018280
1018281
1018282
1018283
1018284
1018285
1018286
1018287
1018288
1018289
101829
1018290
1018291
1018292
1018293
1018294
1018295
1018296
1018297
1018298
1018299
10183
101830
1018300
1018301
1018302
1018303
1018304
1018305
1018306
1018307
1018308
1018309
1018310
1018311
1018313
1018314
1018315
1018316
1018317
1018318
1018319
101832
1018320
1018321
1018322
1018324
1018325
1018326
1018327
1018328
1018329
1018332
1018334
1018335
1018336
1018337
1018339
101834
1018340
1018341
1018342
1018343
1018345
1018346
1018348
1018349
101835
1018350
1018351
1018352
1018353
1018354
1018356
1018357
1018358
1018359
1018360
1018361
1018362
1018363
1018364
1018365
1018366
1018367
1018369
1018370
1018371
1018372
1018374
1018375
1018376
1018377
1018378
1018379
101838
1018380
1018381
1018382
1018383
1018384
1018385
1018386
1018387
1018388
1018389
101839
1018390
1018391
1018392
1018393
1018394
1018395
1018396
1018397
1018398
1018399
10184
1018400
1018401
1018402
1018403
1018404
1018405
1018406
1018407
1018408
1018409
1018410
1018411
1018412
1018413
1018414
1018416
1018417
1018418
101842
1018420
1018421
1018422
1018424
1018425
1018427
1018428
1018429
101843
1018430
1018431
1018434
1018435
1018436
1018438
1018440
1018441
1018442
1018443
1018444
1018445
1018446
1018447
1018448
1018449
101845
1018450
1018452
1018453
1018454
1018455
1018456
1018458
1018459
101846
1018460
1018462
1018464
1018465
1018466
1018467
1018470
1018471
1018472
1018473
1018474
1018475
1018476
1018477
1018478
1018479
1018480
1018481
1018482
1018483
1018484
1018485
1018486
1018487
1018488
1018489
1018490
1018491
1018492
1018493
1018494
1018495
1018496
1018497
1018498
1018499
10185
101850
1018500
1018501
1018502
1018504
1018505
1018506
1018507
1018508
1018509
1018510
1018513
1018514
1018515
1018516
1018517
1018518
1018519
101852
1018520
1018521
1018522
1018523
1018524
1018525
1018528
1018529
101853
1018530
1018531
1018532
1018533
1018534
1018535
1018536
1018539
1018540
1018541
1018542
1018543
1018544
1018545
1018546
1018547
1018548
1018549
1018550
1018552
1018553
1018554
1018555
1018556
1018558
1018559
1018560
1018561
1018562
1018563
1018564
1018565
1018566
1018568
1018569
1018570
1018571
1018572
1018573
1018574
1018575
1018576
1018577
1018578
101858
1018581
1018582
1018584
1018585
1018587
1018588
1018589
101859
1018590
1018591
1018592
1018593
1018594
1018595
1018596
1018597
1018598
1018599
10186
101860
1018600
1018601
1018602
1018603
1018604
1018605
1018606
1018607
1018608
1018609
1018611
1018612
1018613
1018614
1018615
1018616
1018617
1018618
1018619
1018622
1018623
1018624
1018625
1018626
1018627
1018629
101863
1018631
1018633
1018634
1018635
1018636
1018637
1018638
1018639
101864
1018640
1018642
1018643
1018644
1018645
1018646
1018647
1018648
1018649
1018650
1018651
1018652
1018653
1018654
1018655
1018656
1018657
1018658
101866
1018660
1018662
1018663
1018664
1018666
1018668
1018669
1018670
1018671
1018672
1018674
1018675
1018676
1018677
1018679
1018682
1018683
1018684
1018685
1018686
1018687
1018688
1018689
101869
1018690
1018691
1018692
1018693
1018694
1018695
1018697
1018698
1018699
10187
1018700
1018701
1018702
1018703
1018704
1018705
1018706
1018707
1018708
1018709
1018710
1018711
1018712
1018713
1018714
1018715
1018716
1018717
1018718
1018719
101872
1018720
1018721
1018722
1018723
1018724
1018725
1018726
1018727
1018728
1018729
1018730
1018731
1018732
1018733
1018734
1018735
1018736
1018738
1018739
1018740
1018741
1018742
1018743
1018744
1018745
1018746
1018747
1018748
1018749
101875
1018750
1018751
1018752
1018754
1018755
1018756
1018757
1018758
1018759
101876
1018760
1018761
1018762
1018764
1018765
1018767
1018768
1018769
101877
1018772
1018773
1018775
1018776
1018778
1018779
101878
1018780
1018781
1018782
1018783
1018784
1018785
1018786
1018787
1018788
1018789
1018790
1018791
1018792
1018793
1018794
1018795
1018797
1018798
1018799
10188
101880
1018800
1018801
1018802
1018803
1018804
1018805
1018807
1018808
101881
1018811
1018812
1018813
1018814
1018815
1018816
1018817
1018818
1018819
1018820
1018821
1018823
1018825
1018826
1018827
1018828
1018829
1018830
1018831
1018832
1018833
1018834
1018835
1018836
1018837
1018838
1018839
101884
1018840
1018841
1018842
1018843
1018844
1018845
1018846
1018847
1018848
1018849
101885
1018850
1018851
1018852
1018853
1018854
1018855
1018856
1018857
1018858
1018859
101886
1018860
1018861
1018862
1018863
1018864
1018865
1018866
1018867
1018868
1018869
101887
1018870
1018874
1018875
1018876
1018877
1018878
1018879
101888
1018880
1018881
1018882
1018883
1018884
1018885
1018886
1018887
1018888
1018889
101889
1018890
1018891
1018892
1018893
1018894
1018895
1018896
1018897
1018898
10189
1018901
1018902
1018903
1018905
1018906
1018907
1018908
101891
1018910
1018911
1018912
1018913
1018914
1018915
1018916
1018917
1018918
1018919
101892
1018921
1018922
1018923
1018924
1018925
1018926
1018927
1018928
1018929
1018930
1018931
1018932
1018933
1018934
1018935
1018936
1018937
1018938
1018939
101894
1018941
1018943
1018944
1018945
1018946
1018947
101895
1018950
1018951
1018952
1018954
1018955
1018956
1018958
101896
1018960
1018961
1018962
1018963
1018964
1018965
1018966
1018967
1018968
1018969
101897
1018970
1018971
1018972
1018973
1018974
1018975
1018977
1018978
1018979
101898
1018980
1018981
1018982
1018983
1018984
1018985
1018986
1018987
1018988
1018989
101899
1018990
1018991
1018992
1018993
1018994
1018995
1018996
1018997
1018998
1018999
10190
1019000
1019001
1019002
1019003
1019004
1019005
1019006
1019007
1019008
1019009
101901
1019010
1019011
1019012
1019013
1019014
1019015
1019016
1019017
1019018
1019019
1019020
1019021
1019022
1019023
1019024
1019025
1019026
1019027
1019028
1019029
101903
1019030
1019031
1019032
1019033
1019034
1019035
1019036
1019037
1019038
1019039
101904
1019040
1019041
1019042
1019043
1019044
1019045
1019046
1019047
1019048
1019049
101905
1019050
1019051
1019052
1019053
1019054
1019055
1019057
1019058
1019059
1019060
1019061
1019062
1019063
1019064
1019065
1019066
1019067
1019068
1019069
1019070
1019071
1019072
1019073
1019074
1019075
1019076
1019077
1019078
1019079
101908
1019080
1019081
1019082
1019083
1019084
1019085
1019086
1019087
1019088
1019089
101909
1019090
1019091
1019092
1019093
1019094
1019095
1019096
1019097
1019098
1019099
10191
1019100
1019101
1019102
1019103
1019104
1019105
1019106
1019107
1019108
1019109
101911
1019110
1019111
1019112
1019113
1019114
1019115
1019116
1019117
1019118
1019119
1019120
1019121
1019122
1019123
1019124
1019125
1019126
1019127
1019128
1019129
101913
1019131
1019132
1019133
1019134
1019135
1019136
1019137
1019138
1019139
101914
1019140
1019141
1019142
1019143
1019144
1019145
1019146
1019147
1019148
1019149
1019150
1019151
1019152
1019153
1019154
1019155
1019156
1019157
1019158
1019159
101916
1019160
1019161
1019162
1019164
1019165
1019166
1019167
1019168
1019169
101917
1019170
1019171
1019172
1019173
1019174
1019175
1019176
1019177
1019179
101918
1019180
1019181
1019182
1019183
1019184
1019185
1019187
1019188
1019189
101919
1019190
1019191
1019192
1019193
1019194
1019196
1019197
1019198
1019199
10192
101920
1019200
1019201
1019202
1019203
1019204
1019205
1019206
1019207
1019208
1019209
101921
1019210
1019211
1019212
1019213
1019214
1019215
1019216
1019217
1019218
1019219
101922
1019220
1019221
1019222
1019223
1019224
1019225
1019226
1019227
1019228
1019229
101923
1019230
1019231
1019232
1019233
1019234
1019235
1019236
1019237
1019238
1019239
1019241
1019242
1019243
1019244
1019245
1019246
1019247
1019248
1019249
1019250
1019251
1019252
1019253
1019255
1019256
1019257
1019258
1019259
1019261
1019262
1019263
1019265
1019266
1019267
1019268
1019269
101927
1019271
1019272
1019273
1019274
1019276
1019277
1019278
1019279
101928
1019280
1019281
1019282
1019283
1019284
1019285
1019286
1019288
101929
1019291
1019292
1019293
1019294
1019295
1019296
1019297
1019298
1019299
10193
1019300
1019301
1019302
1019303
1019304
1019305
1019306
1019307
1019308
1019309
1019310
1019311
1019312
1019313
1019314
1019315
1019316
1019317
1019318
1019319
101932
1019320
1019321
1019322
1019323
1019324
1019325
1019326
1019327
1019328
1019329
101933
1019330
1019331
1019332
1019333
1019335
1019337
1019338
1019339
101934
1019340
1019341
1019343
1019344
1019345
1019346
1019347
1019348
1019349
1019350
1019351
1019352
1019353
1019354
1019355
1019356
1019357
1019358
101936
1019360
1019361
1019363
1019364
1019365
1019366
1019367
1019368
1019369
1019370
1019371
1019372
1019373
1019375
1019376
1019377
1019379
101938
1019381
1019384
1019385
1019386
1019387
1019388
1019389
1019390
1019391
1019392
1019393
1019394
1019395
1019396
1019398
1019399
101940
1019400
1019401
1019402
1019403
1019404
1019405
1019406
1019407
1019408
1019409
1019410
1019411
1019412
1019413
1019415
1019416
1019417
1019418
1019419
1019420
1019421
1019422
1019423
1019424
1019425
1019426
1019427
1019428
1019429
1019430
1019431
1019432
1019433
1019434
1019435
1019436
1019437
1019438
1019439
1019440
1019441
1019442
1019443
1019444
1019445
1019446
1019447
1019448
1019449
1019450
1019451
1019452
1019453
1019454
1019455
1019457
1019458
1019459
101946
1019460
1019461
1019462
1019463
1019464
1019465
1019466
1019468
1019469
1019470
1019471
1019472
1019473
1019474
1019475
1019476
1019477
1019478
1019479
1019480
1019481
1019482
1019483
1019484
1019485
1019486
1019487
1019488
1019489
1019490
1019491
1019492
1019493
1019494
1019495
1019496
1019497
1019498
1019499
10195
1019501
1019502
1019503
1019504
1019505
1019506
1019507
1019508
1019509
101951
1019510
1019511
1019512
1019513
1019514
1019515
1019516
1019517
1019518
1019519
101952
1019520
1019521
1019522
1019523
1019524
1019525
1019526
1019527
1019528
1019529
101953
1019530
1019531
1019532
1019533
1019534
1019535
1019536
1019537
1019538
1019539
101954
1019542
1019545
1019546
1019548
1019549
1019550
1019551
1019552
1019553
1019556
1019557
1019558
1019559
101956
1019560
1019561
1019563
1019564
1019565
1019566
1019567
1019568
1019569
1019571
1019572
1019573
1019574
1019575
1019576
1019577
1019578
1019579
101958
1019580
1019581
1019582
1019583
1019584
1019585
1019586
1019588
1019589
1019590
1019591
1019592
1019593
1019594
1019595
1019596
1019597
1019598
1019599
10196
1019600
1019601
1019602
1019603
1019604
1019605
1019606
1019607
1019608
1019610
1019613
1019614
1019615
1019616
1019617
1019618
1019619
101962
1019620
1019621
1019622
1019623
1019624
1019625
1019628
1019629
1019630
1019631
1019632
1019633
1019634
1019635
1019636
1019637
1019638
1019639
1019640
1019641
1019642
1019643
1019645
1019646
1019648
1019649
101965
1019653
1019654
1019655
1019656
1019657
1019658
1019659
1019660
1019661
1019662
1019663
1019664
1019665
1019666
1019668
1019669
101967
1019670
1019671
1019672
1019673
1019674
1019675
1019676
1019678
1019679
101968
1019680
1019681
1019682
1019683
1019684
1019685
1019686
1019687
1019688
1019689
1019690
1019691
1019692
1019693
1019694
1019695
1019696
1019697
1019698
1019699
10197
101970
1019700
1019701
1019702
1019703
1019704
1019705
1019706
1019707
1019708
1019709
1019710
1019711
1019712
1019713
1019714
1019715
1019716
1019717
1019718
1019719
1019720
1019721
1019722
1019723
1019724
1019725
1019726
1019727
1019728
1019729
1019730
1019731
1019732
1019733
1019734
1019735
1019736
1019737
1019738
1019739
101974
1019740
1019741
1019742
1019743
1019744
1019745
1019746
1019747
1019748
1019749
1019750
1019751
1019752
1019753
1019754
1019755
1019756
1019757
1019758
1019759
101976
1019760
1019761
1019762
1019763
1019764
1019765
1019766
1019767
1019768
1019769
1019770
1019771
1019773
1019774
1019775
1019776
1019777
1019778
1019779
101978
1019780
1019781
1019782
1019783
1019784
1019785
1019786
1019787
1019788
1019789
1019790
1019791
1019792
1019793
1019794
1019795
1019796
1019797
1019798
1019799
10198
101980
1019800
1019801
1019802
1019803
1019804
1019805
1019806
1019807
1019808
1019809
101981
1019810
1019811
1019812
1019813
1019814
1019815
1019816
1019817
1019818
1019819
101982
1019820
1019821
1019822
1019824
1019825
1019826
1019828
1019829
1019830
1019831
1019832
1019833
1019834
1019835
1019836
1019837
1019838
1019839
101984
1019840
1019841
1019842
1019843
1019844
1019845
1019846
1019847
1019848
1019849
1019850
1019851
1019852
1019853
1019854
1019855
1019856
1019857
1019858
1019859
1019860
1019861
1019862
1019863
1019864
1019866
1019867
1019869
1019870
1019871
1019872
1019873
1019874
1019875
1019876
1019877
1019878
1019879
101988
1019880
1019881
1019882
1019883
1019884
1019885
1019886
1019887
1019888
1019889
1019890
1019891
1019892
1019893
1019894
1019895
1019896
1019897
1019898
1019899
10199
101990
1019900
1019901
1019902
1019903
1019904
1019905
1019906
1019907
1019908
1019909
101991
1019910
1019912
1019913
1019914
1019915
1019916
1019917
1019919
101992
1019920
1019921
1019922
1019923
1019924
1019925
1019928
1019929
1019930
1019931
1019932
1019933
1019934
1019935
1019936
1019937
1019938
1019939
1019940
1019941
1019942
1019943
1019944
1019945
1019946
1019947
1019948
1019949
101995
1019951
1019952
1019953
1019954
1019955
1019956
1019957
1019958
1019959
101996
1019960
1019961
1019962
1019963
1019964
1019965
1019966
1019968
1019970
1019971
1019972
1019973
1019974
1019975
1019976
1019977
1019978
1019979
101998
1019980
1019981
1019982
1019983
1019984
1019985
1019986
1019987
1019988
1019989
1019990
1019991
1019992
1019993
1019994
1019995
1019996
1019997
1019998
1019999
102
10200
102000
1020000
1020001
1020002
1020003
1020004
1020005
1020006
1020008
1020009
102001
1020010
1020011
1020012
1020013
1020014
1020015
1020016
1020017
1020018
1020019
1020020
1020021
1020022
1020023
1020024
1020025
1020026
1020027
1020028
1020029
102003
1020030
1020031
1020032
1020033
1020034
1020035
1020036
1020037
1020038
1020039
1020040
1020041
1020042
1020043
1020044
1020045
1020046
1020047
1020048
1020049
1020050
1020051
1020052
1020053
1020054
1020055
1020056
1020057
1020058
1020059
1020060
1020062
1020063
1020065
1020066
1020067
1020068
1020069
1020070
1020071
1020072
1020073
1020074
1020075
1020076
1020077
1020078
1020079
1020080
1020081
1020082
1020083
1020084
1020085
1020086
1020087
1020088
1020089
102009
1020090
1020091
1020092
1020093
1020094
1020095
1020096
1020097
1020098
1020099
10201
1020100
1020102
1020103
1020104
1020105
1020106
1020107
1020108
1020109
102011
1020110
1020111
1020112
1020113
1020114
1020115
1020116
1020117
1020118
1020119
1020120
1020121
1020122
1020123
1020124
1020125
1020126
1020129
102013
1020130
1020131
1020132
1020133
1020134
1020135
1020136
1020139
1020140
1020141
1020143
1020144
1020146
1020147
1020149
1020151
1020152
1020153
1020154
1020155
1020156
1020157
1020158
1020159
102016
1020160
1020162
1020163
1020164
1020165
1020166
1020167
1020168
102017
1020170
1020171
1020172
1020174
1020175
1020176
1020177
1020180
1020181
1020182
1020183
1020184
1020185
1020186
1020187
1020188
1020189
1020191
1020192
1020193
1020194
1020195
1020196
1020197
1020198
1020199
10202
102020
1020200
1020201
1020202
1020203
1020204
1020205
1020206
1020207
1020208
1020209
102021
1020210
1020211
1020212
1020213
1020214
1020215
1020216
1020217
1020218
1020219
102022
1020220
1020222
1020224
1020225
1020226
1020227
1020228
1020229
1020230
1020231
1020232
1020233
1020234
1020235
1020236
1020237
1020238
1020239
102024
1020240
1020241
1020242
1020243
1020244
1020245
1020247
1020248
1020249
1020250
1020251
1020253
1020254
1020255
1020256
1020257
1020258
1020259
102026
1020260
1020261
1020262
1020263
1020264
1020265
1020266
1020267
1020268
1020269
1020271
1020272
1020273
1020274
1020275
1020276
1020277
1020278
1020279
1020280
1020281
1020283
1020284
1020285
1020286
1020287
1020288
1020289
1020290
1020291
1020292
1020293
1020294
1020295
1020296
1020297
1020298
1020299
1020300
1020301
1020303
1020304
1020305
1020306
1020307
1020308
1020310
1020311
1020312
1020313
1020314
1020315
1020316
1020317
1020318
1020319
102032
1020320
1020321
1020322
1020323
1020324
1020326
1020328
1020329
102033
1020330
1020331
1020332
1020333
1020334
1020335
1020336
1020337
1020338
1020339
102034
1020340
1020341
1020342
1020343
1020344
1020345
1020346
1020347
1020348
1020349
1020350
1020352
1020353
1020354
1020355
1020356
1020357
1020358
1020359
1020360
1020361
1020362
1020363
1020364
1020366
1020369
1020370
1020371
1020372
1020373
1020374
1020375
1020377
1020378
1020379
102038
1020380
1020382
1020383
1020384
1020385
1020386
1020387
1020388
1020389
102039
1020390
1020391
1020392
1020393
1020394
1020395
1020396
1020397
1020398
1020399
10204
102040
1020400
1020401
1020402
1020403
1020404
1020405
1020406
1020407
1020408
1020409
102041
1020410
1020411
1020412
1020413
1020414
1020415
1020417
1020418
1020419
102042
1020420
1020421
1020422
1020423
1020424
1020425
1020426
1020427
1020428
1020429
102043
1020430
1020431
1020432
1020433
1020435
1020436
1020437
1020438
1020439
102044
1020440
1020441
1020443
1020444
1020445
1020446
1020447
1020449
1020452
1020454
1020455
1020456
1020458
102046
1020462
1020463
1020464
1020465
1020466
1020467
1020468
1020469
102047
1020470
1020471
1020472
1020473
1020474
1020475
1020476
1020477
1020479
102048
1020480
1020481
1020482
1020483
1020484
1020485
1020486
1020487
1020488
1020489
102049
1020490
1020491
1020492
1020493
1020494
1020495
1020496
1020498
1020499
10205
102050
1020500
1020502
1020503
1020504
1020505
1020506
1020507
1020508
1020509
102051
1020510
1020512
1020513
1020514
1020515
1020516
1020517
1020518
1020519
102052
1020520
1020521
1020523
1020524
1020525
1020526
1020527
1020528
1020529
102053
1020530
1020532
1020533
1020534
1020537
1020540
1020541
1020542
1020543
1020544
1020545
1020547
1020548
1020549
102055
1020551
1020553
1020554
1020555
1020556
1020558
1020559
102056
1020560
1020561
1020562
1020563
1020564
1020565
1020566
1020567
1020568
102057
1020570
1020571
1020572
1020573
1020574
1020575
1020576
1020577
1020578
1020579
1020580
1020581
1020583
1020584
1020585
1020586
1020587
1020588
1020589
102059
1020590
1020591
1020592
1020593
1020594
1020595
1020596
1020597
1020598
1020599
10206
102060
1020601
1020602
1020603
1020605
1020606
1020607
1020612
1020613
1020614
1020615
1020616
1020617
1020618
1020620
1020621
1020622
1020623
1020624
1020625
1020626
1020627
1020628
1020629
102063
1020630
1020632
1020634
1020636
1020637
1020638
1020639
102064
1020641
1020642
1020646
1020647
1020648
1020649
1020650
1020651
1020652
1020653
1020654
1020655
1020656
1020657
1020658
102066
1020660
1020661
1020662
1020663
1020664
1020665
1020666
