186646
186647
186648
186649
18665
186650
186651
186653
186655
186656
186657
186659
18666
186660
186661
186662
186663
186664
186665
186666
186667
18667
186670
186671
186672
186673
186676
186677
186678
186679
186680
186682
186683
186685
186686
186687
186688
186689
186690
186691
186693
186694
186695
186696
186697
186698
186699
18670
186700
186701
186702
186703
186704
186705
186707
186708
186709
18671
186710
186712
186713
186714
186715
186716
186718
186719
18672
186720
186721
186723
186724
186725
186726
186727
186729
18673
186730
186731
186732
186734
186735
186736
186737
186738
18674
186740
186741
186743
186744
186745
186746
186747
186748
186750
186751
186752
186753
186754
186755
186757
186759
18676
186761
186764
186765
186766
186774
186775
186776
186780
186782
186783
186784
186786
186787
186788
186789
18679
186790
186791
186792
186793
186794
186795
186796
186798
1868
18680
186801
186804
186805
186809
18681
186810
186813
186814
186816
186817
186819
18682
186820
186822
186823
186825
186828
18683
186831
186833
186834
186835
186836
186837
186838
18684
186840
186842
186843
186844
186845
186847
186848
186850
186851
186852
186853
186854
186857
186858
186859
18686
186861
186863
186864
186866
186868
186869
186872
186874
186875
186876
186877
18688
186881
186882
186884
186885
186886
186887
186889
186890
186892
186893
186896
186897
186898
186899
18690
186900
186901
186902
186903
186905
186906
186907
186908
186909
18691
186910
186912
186913
186914
186915
186916
186917
186918
186919
18692
186920
186921
186923
186924
186925
186926
186927
186929
18693
186930
186931
186932
186935
186936
186938
18694
186940
186941
186942
186944
186946
186947
186948
18695
186950
186951
186955
186956
186957
186958
186959
18696
186961
186963
186964
186965
186966
186967
186969
186970
186971
186973
186974
186975
186976
186979
18698
186980
186981
186982
186983
186984
186988
186989
186991
186992
186993
186994
186995
186997
186998
187
1870
18700
187001
187002
187003
187004
187005
187007
187008
18701
187010
187011
187012
187013
187014
187015
187016
187017
187018
18702
187020
187021
187022
187023
187024
187027
187028
187029
18703
187030
187031
187033
187034
187036
187037
187039
18704
187040
187044
187046
187047
187048
187049
18705
187050
187051
187052
187053
187054
187055
187056
187058
18706
187061
187062
187064
187065
187069
18707
187077
187084
187087
187088
187090
187091
187092
187093
187095
187097
187098
187099
1871
18710
187100
187102
187104
187106
187107
187109
18711
187110
187112
187115
187116
187117
187118
18712
187123
187125
187126
187128
18713
187131
187133
187139
18714
187141
187143
187144
187146
187147
18715
187151
187152
187153
187154
187156
187161
187164
187165
187167
187168
187169
187170
187172
187174
187176
187178
187179
187182
187183
187184
187185
187186
187187
187188
187190
187191
187192
187193
187194
187195
187196
187198
187199
1872
187201
187205
187206
187207
187209
18721
187213
187215
187216
187217
187218
187219
18722
187221
187222
187225
187226
187227
187230
187232
187234
187235
187236
187238
187239
18724
187240
187241
187242
187244
187246
187247
187248
18725
187250
187252
187254
187255
187257
187259
18726
187262
187263
187265
187269
18727
187270
187271
187273
187274
187276
187277
187282
187284
187285
187286
187288
187289
187291
187292
187294
187298
187299
1873
187300
187301
187302
187304
187305
187306
187308
18731
187310
187312
187313
187314
187317
187318
187320
187321
187324
187326
187327
187328
187329
18733
187331
187332
187333
187334
187336
187337
187339
18734
187341
187343
187345
187346
187348
187349
18735
187351
187353
187354
187355
187358
18736
187361
187363
187364
187365
187369
187371
187373
187376
187377
187378
187380
187381
187382
187383
187385
187386
187387
187388
18739
187390
187391
187392
187394
187396
187397
187398
187399
1874
187401
187403
187405
187406
187408
187409
18741
187412
187413
187414
187416
187418
187419
18742
187420
187422
187423
187425
187427
187429
187430
187432
187433
187435
187437
187439
187440
187442
187443
187445
187446
187447
187448
187451
187456
187457
187458
187459
187460
187461
187462
187464
187466
187467
187468
18747
187470
187473
187475
187478
187481
187482
187485
187486
187487
187488
18749
187490
187491
187493
187494
187496
187498
1875
187500
187502
187503
187504
187505
187509
187511
187512
187513
187515
187516
187518
187519
187520
187521
187523
187525
187527
187529
187533
187534
187535
187537
18754
187540
187541
187542
187544
187545
187546
187548
18755
187550
187553
187558
18756
187562
187563
187565
187566
187567
187569
187570
187578
187579
18758
187580
187581
187583
187584
187585
187586
187587
18759
187590
187591
187592
187594
187596
187598
1876
18760
187600
187602
187606
18761
187611
187612
187613
187614
187615
187617
18762
187621
187624
187626
187628
18763
187631
187632
187633
187636
187638
18764
187644
187647
187652
187653
187655
187657
187659
18766
187662
187663
187666
187668
187669
18767
187671
187672
187674
187676
187678
187679
187680
187682
187683
187684
187686
187688
187689
187692
187693
187694
187695
187697
187698
1877
18770
187700
187701
187704
187705
187707
187709
18771
187713
187715
187716
187717
187719
187720
187721
187722
187723
187724
187726
187727
18773
187731
187737
187738
187739
18774
187743
187744
187745
187746
187748
187749
18775
187750
187751
187752
187754
187756
187757
187758
187759
18776
187760
187762
187763
187764
187766
187767
187768
187769
18777
187770
187771
187772
187773
187774
187775
187776
187778
18778
187782
187784
187785
187787
187788
187789
18779
187790
187791
187793
187795
187796
187799
1878
18780
187801
187803
187804
187805
187806
187808
18781
187810
187813
187815
187816
187817
187820
187821
187826
187827
18783
187830
187831
187832
187834
187838
18784
187841
187842
187843
187844
187845
187846
187847
187848
187849
18785
187851
187852
187855
187856
187857
187861
187862
187863
187864
187865
187866
187867
187868
18787
187870
187871
187872
187873
187874
187876
187877
187879
187881
187882
187883
187884
187886
187887
187888
187889
187891
187894
187895
187897
187898
187899
1879
18790
187900
187901
187902
187903
187904
187905
187906
187907
187909
18791
187911
187912
187913
187915
187916
187917
187918
187921
187922
187924
187925
187927
187929
187930
187933
187934
187935
187936
187937
187938
187939
187940
187941
187943
187944
187945
187949
187950
187951
187952
187953
187956
187959
187960
187962
187963
187964
187965
187968
187969
187970
187971
187972
187973
187974
187976
187977
187978
187979
187980
187981
187982
187983
187985
187986
187987
187988
187989
18799
187991
187993
187996
187997
187998
187999
1880
188001
188002
188003
188006
18801
188013
188015
188017
18802
188020
188021
188023
188024
188026
188027
188028
188029
18803
188032
188033
188034
188036
188037
188038
18804
188040
188042
188044
188045
188046
188047
188048
188049
18805
188050
188051
188052
188053
188055
188056
188057
18806
188060
188061
188062
188065
188066
188068
188069
18807
188070
188072
188073
188074
188076
188077
188078
188079
18808
188080
188081
188082
188083
188084
188085
188087
188089
18809
188090
188092
188093
188094
188096
188097
188098
188099
188100
188102
188104
188106
188107
188108
188109
188110
188111
188112
188113
188114
188115
188116
188117
188118
188119
18812
188120
188121
188122
188123
188125
188127
188129
18813
188130
188131
188132
188134
188136
188137
18814
188142
188144
188146
188147
188148
18815
188151
188154
188155
18816
188160
188161
188162
188165
188166
18817
188170
188171
188173
188175
188176
188178
188179
18818
188180
188181
188182
188183
188184
188185
188186
188187
188188
188189
18819
188190
188191
188192
188193
188194
188198
1882
18820
188200
188201
188203
188204
188205
188206
188207
188208
188209
188210
188215
188216
188218
188219
18822
188220
188221
188222
188223
188225
188226
188227
188228
188229
188230
188231
188232
188233
188234
188235
188236
188237
188238
188239
188242
188244
188246
188247
188249
18825
188255
188257
188258
188259
18826
188260
188262
188264
188265
188266
188268
188269
188270
188271
188273
188274
188275
188276
188277
188278
188279
18828
188281
188282
188283
188284
188285
188288
188289
188291
188293
188294
188295
188296
188297
188298
188299
1883
188300
188301
188302
188303
188304
188305
188306
188307
188309
188311
188312
188313
188315
188316
188317
188318
188319
188320
188321
188322
188324
188325
188326
188327
188328
188329
188330
188332
188334
188335
188336
188337
188341
188342
188343
188344
188345
188346
188348
188349
18835
188350
188352
188353
188355
188357
188358
188359
18836
188360
188363
188364
188365
188366
188368
188369
18837
188370
188371
188373
188374
188375
188376
188377
188378
188380
188381
188382
188383
188384
188385
188386
188388
188389
18839
188390
188391
188392
188393
188394
188395
188397
188398
188399
1884
18840
188400
188403
188404
188406
188407
188408
18841
188411
188412
188416
188417
188418
188419
188420
188422
188423
188425
188427
188428
188429
18843
188430
188432
188433
188434
188435
188436
188437
188440
188441
188442
188444
188445
188446
188447
188448
18845
188451
188452
188453
188454
188457
18846
188460
188461
188462
188463
188464
188465
188466
188467
188468
188470
188472
188473
188476
188478
188479
18848
188482
188484
188485
188487
188488
188489
18849
188490
188493
188495
188499
1885
188501
188505
188506
188507
188509
18851
188510
188512
188514
188518
188519
18852
188520
188521
188522
188524
188525
188527
188528
188529
18853
188531
188532
188534
188536
188538
188539
188540
188541
188542
188543
188548
188549
18855
188557
188558
188559
18856
188560
188561
188562
188564
188565
188566
188567
188569
18857
188571
188572
188573
188575
188577
188578
188579
18858
188581
188584
188587
188588
188589
188590
188591
188592
188594
188597
188598
188599
18860
188600
188602
188603
188604
188605
188606
188607
188608
188609
18861
188610
188612
188614
188616
188618
18862
188620
188621
188624
188625
188626
188628
188629
188631
188632
188633
188634
188635
188637
188639
18864
188640
188641
188642
188643
188644
188646
188647
188648
188649
188650
188652
188653
188654
188655
188656
188657
188658
188659
18866
188661
188663
188665
188667
188668
188669
18867
188670
188671
188674
188675
188676
188677
188680
188682
188683
188684
188685
188686
188687
188688
188689
18869
188690
188691
188693
188694
188696
188697
188698
1887
18870
188700
188701
188702
188703
188704
188705
188706
188707
188709
18871
188710
188712
188714
188715
188716
188717
188719
18872
188721
188722
188723
188724
188726
188727
188728
188729
188730
188731
188732
188733
188734
188735
188736
188737
188738
188739
18874
188740
188741
188742
188744
188748
188749
18875
188750
188751
188752
188753
188754
188755
188756
188757
188758
188760
188761
188762
188763
188764
188765
188767
188768
188769
18877
188771
188772
188773
188774
188776
188777
188778
188779
18878
188781
188782
188783
188785
188786
188787
188788
188789
18879
188794
1888
18880
188800
188801
188804
188805
188807
18881
188810
188812
188813
188816
188817
188819
18882
188820
188821
188822
188823
188826
188827
188828
188830
188831
188832
188834
188835
188836
188837
188839
188841
188843
188844
188845
188846
188847
18885
188851
188852
188853
188855
188856
188858
188859
18886
188861
188862
188865
188867
18887
188870
188871
188872
188873
188876
188878
18888
188880
188884
188885
188886
188887
188888
188889
18889
188890
188891
188892
188893
188899
1889
18890
188900
188901
188902
188905
188906
188907
188908
18891
188910
188911
188912
188913
188914
188915
188916
188919
18892
188920
188922
188924
188927
188928
188929
18893
188930
188931
188932
188933
188934
188936
188939
18894
188944
188945
188947
188949
188950
188951
188952
188954
188956
188957
188958
18896
188960
188961
188962
188963
188966
188967
18897
188970
188972
188973
188974
188975
188976
188977
188978
18898
188980
188981
188982
188984
188985
188986
188987
188988
188989
18899
188990
188991
188992
188993
188994
188996
188997
188999
189
1890
18900
189000
189002
189003
189004
189005
189007
189008
189009
189010
189011
189012
189013
189014
189015
189017
189018
189019
18902
189021
189022
189023
189024
189025
189026
189027
18903
189030
189031
189032
189033
189034
189036
189038
18904
189041
189042
189043
189044
189046
189047
18905
189052
189054
189055
189056
189057
189059
18906
189060
189061
189062
189064
189065
189066
189067
189068
189069
189070
189071
189073
189075
189076
189077
189078
189079
18908
189080
189081
189084
189085
189086
189088
18909
189090
189091
189098
1891
18910
189100
189103
189105
189111
189112
189113
189119
18912
189121
189122
189124
189128
18913
189130
189131
189133
189135
189136
189138
189139
189141
189142
189144
189145
189146
189147
189148
189149
189150
189151
189152
189153
189154
189157
18916
189160
189161
189162
189163
189164
189165
189166
189167
189168
189169
18917
189171
189172
189175
189178
189179
189180
189183
189184
189185
189186
189187
189189
18919
189190
189192
189193
189195
189196
189197
189198
1892
18920
189200
189201
189203
189204
189207
189208
18921
189210
189213
189214
189215
189217
189219
18922
189220
189221
189222
189224
189225
189226
189227
189229
18923
189231
189233
189235
189236
189238
189239
189240
189241
189242
189243
189245
189247
189248
189249
18925
189250
189251
189252
189253
189254
189255
189257
189258
189259
18926
189260
189262
189265
189266
189268
18927
189270
189272
189273
189274
189275
189276
189277
189278
189279
18928
189280
189282
189283
189284
189285
189288
18929
189290
189291
189293
189294
189295
189297
189298
189299
1893
18930
189301
189302
189304
189305
189306
189307
189308
189309
189310
189311
189312
189313
189314
189315
189316
189317
189318
18932
189320
189322
189323
189325
189326
189328
189329
189330
189331
189332
189333
189334
189335
189336
189337
189338
189339
18934
189340
189341
189343
189344
189346
189347
189348
189349
18935
189350
189351
189352
189353
189355
189356
189357
189359
18936
189360
189361
189362
189363
189364
189365
189366
189368
189371
189372
189373
189374
189376
189378
189382
189383
189384
189386
189387
189389
18939
189390
189391
189392
189394
189395
189399
1894
18940
189400
189401
189402
189403
189405
189406
189407
189409
18941
189410
189412
189413
189415
189416
189417
189418
189419
18942
189420
189421
189422
189423
189424
189426
189427
189428
189429
18943
189430
189431
189432
189433
189434
189435
189436
189437
189439
18944
189440
189441
189442
189444
189445
189446
189448
189451
189452
189453
189455
189457
189459
18946
189460
189461
189462
189465
189466
189467
189468
189469
18947
189470
189471
189472
189473
189474
189475
189476
189477
189478
189479
18948
189483
189484
189485
189486
189487
189489
18949
189491
189492
189493
189494
189495
189496
189497
189499
1895
18950
189500
189501
189503
189505
189507
189510
189511
189512
189513
189514
189516
189517
189518
189519
18952
189521
189523
189524
189525
189527
189529
18953
189530
189531
189532
189533
189534
189535
189537
189538
18954
189540
189541
189542
189545
189547
189548
189549
18955
189550
189551
189552
189553
189554
189555
189556
189557
189559
189561
189562
189563
189565
189567
189568
189570
189571
189572
189573
189574
189575
189576
189577
189578
189579
189580
189581
189582
189583
189584
189585
189586
189587
189588
189589
189591
189592
189593
189595
189596
189597
189598
189599
1896
189600
189601
189602
189603
189604
189605
189607
189608
189609
189610
189611
189612
189613
189615
189616
189617
189619
189620
189621
189622
189624
189625
189626
189627
189628
189630
189632
189633
189634
189635
189636
189640
189642
189643
189644
189646
189647
189648
189650
189651
189652
189653
189654
189656
189657
189658
189659
18966
189660
189661
189662
189663
189664
189666
189668
189669
189670
189671
189672
189673
189674
189675
189677
18968
189680
189681
189682
189684
189685
189686
189687
189689
18969
189690
189692
189693
189694
189695
189696
189697
189698
189699
18970
189700
189701
189703
189704
189705
189706
189707
189708
189709
18971
189710
189711
189714
189715
189716
189718
18972
189723
189724
189725
189726
189727
189728
18973
189730
189731
189732
189733
189734
189736
189737
189738
189739
18974
189740
189741
189742
189743
189744
189745
189747
189748
189749
18975
189750
189751
189753
189754
189755
189756
189759
189760
189761
189762
189763
189764
189765
189766
189767
189769
18977
189770
189771
189772
189773
189774
189775
189776
189777
189778
189779
18978
189780
189781
189783
189785
189786
189787
189788
189789
18979
189791
189795
189797
189798
18980
189800
189801
189802
189803
189804
189805
189806
189807
189808
189809
18981
189810
189811
189812
189813
189817
189818
189820
189821
189823
189824
189825
189826
189827
189828
18983
189837
189839
18984
189840
189841
189842
189843
189844
189845
189846
189847
189848
189849
18985
189850
189851
189854
189855
189856
189857
189858
18986
189860
189861
189862
189863
189864
189865
189866
189867
189868
189869
18987
189872
189874
189875
189877
189878
189879
18988
189883
189884
189885
189886
189887
189888
189889
18989
189890
189891
189894
189898
189899
1899
18990
189901
189902
189903
189904
189905
189906
189907
189908
189909
189910
189911
189912
189914
189915
189916
189917
189918
18992
189920
189921
189923
189924
189925
189926
189927
189928
189929
18993
189930
189931
189932
189933
189935
189936
189937
189938
189939
18994
189940
189941
189942
189943
189944
189945
189946
189947
189948
189949
18995
189950
189951
189952
189953
189955
189957
189958
189959
18996
189960
189961
189962
189964
189965
189966
189967
189969
189971
189972
189973
189974
189975
189976
189977
189978
189979
18998
189980
189982
189983
189984
189985
189987
189988
189990
189992
189993
189995
189996
189998
189999
19
190
1900
190000
190001
190002
190003
190004
190005
190006
190008
19001
190010
190011
190012
190013
190014
190015
190016
190017
190018
190019
19002
190020
190021
190022
190023
190024
190027
190028
190029
190030
190031
190032
190033
190034
190035
190036
190037
190038
190039
19004
190040
190041
190042
190044
190045
190046
190047
190048
190050
190052
190054
190055
190056
190057
190059
19006
190060
190061
190062
190063
190064
190065
190066
190067
190068
190069
190070
190071
190072
190073
190074
190076
190077
190078
190079
19008
190080
190081
190082
190084
190085
190087
190089
19009
190091
190092
190093
190094
190095
190099
1901
19010
190100
190101
190102
190103
190105
190107
190108
19011
190110
190111
190112
190113
190115
190116
190118
190119
190120
190121
190122
190123
190124
190126
190127
190128
190129
19013
190130
190133
190136
190138
190139
19014
190140
190142
190143
190144
190145
190146
190147
190148
190149
190152
190153
190154
190155
190157
19016
190160
190161
190162
190163
190165
190166
190167
190168
19017
190170
190171
190172
190173
190175
190176
190179
19018
190181
190183
190185
190187
190188
190189
19019
190190
190192
190193
190194
190196
190197
190198
190199
1902
19020
190201
190203
190204
190205
190206
190207
190209
19021
190212
190213
190215
190218
190219
190220
190221
190223
190225
190226
190227
190229
190230
190231
190232
190234
190236
190237
190238
190239
190240
190241
190242
190243
190244
190245
190246
190247
190248
190249
19025
190250
190252
190253
190255
190256
190257
190259
19026
190260
190262
190263
190265
190266
190269
19027
190270
190271
190272
190274
190276
190277
190278
190280
190281
190282
190283
190284
190286
190287
190288
190289
19029
190290
190292
190293
190294
190296
190297
190299
1903
190300
190301
190302
190303
190304
190305
190306
190308
190309
19031
190311
190312
190314
190315
190316
190317
190318
190319
19032
190320
190321
190323
190324
190325
190326
190327
190328
190329
19033
190330
190332
190333
190334
190335
190336
190338
190339
19034
190340
190341
190342
190343
190344
190345
190346
190347
190348
190349
19035
190351
190352
190354
190355
190356
190357
190358
190359
190361
190362
190364
190365
190366
190367
190368
190369
19037
190370
190371
190373
190374
190375
190376
190378
190379
190380
190381
190382
190384
190385
190386
190387
190388
190389
19039
190390
190392
190393
190394
190396
190397
190398
190399
1904
19040
190400
190403
190404
190405
190407
190409
19041
190410
190411
190412
190413
190415
190416
190417
190418
190419
19042
190421
190422
190423
190424
190425
190426
190427
190428
190429
190431
190432
190433
190434
190435
190437
190438
190439
19044
190440
190441
190443
190447
190448
190451
190452
190455
190456
190457
190458
190459
190461
190462
190463
190466
190468
190469
190470
190471
190472
190474
190477
190478
190479
19048
190480
190481
190482
190483
190484
190486
190487
190488
19049
190490
190491
190492
190494
190496
190498
190499
1905
19050
190500
190502
190503
190506
190507
190508
190509
19051
190511
190512
190513
190516
190518
19052
190520
190521
190524
190526
190527
190528
19053
190531
190532
190533
190534
190536
190537
190538
190539
19054
190541
190542
190544
190545
190547
190553
190554
190555
190559
190560
190561
190563
190564
190565
190566
190567
190568
190569
190570
190571
190572
190573
190574
190575
190577
19058
190580
190581
190582
190583
190584
190585
190586
190587
190588
190589
19059
190591
190592
190593
190594
190595
190596
190597
190598
190599
1906
190600
190601
190603
190604
190605
190606
190607
190608
190609
190610
190611
190612
190615
190616
190618
190621
190622
190623
190624
190625
190626
190627
190628
190629
19063
190630
190632
190633
190635
190636
190637
190638
190639
19064
190640
190641
190642
190643
190646
190648
190649
19065
190650
190651
190652
190653
190654
190655
190656
190657
190659
19066
190661
190662
190663
190664
190665
190667
190668
190669
19067
190671
190672
190673
190674
190675
190676
190677
190678
190680
190681
190682
190683
190684
190685
190686
190688
190690
190691
190692
190693
190694
190695
190696
190697
190699
1907
190700
190701
190702
190704
190706
190707
190708
19071
190710
190711
190713
190714
190715
190716
190718
19072
190720
190721
190722
190723
190724
190725
190726
190727
190728
190729
19073
190730
190731
190733
190734
190735
190736
190737
190738
190739
19074
190740
190742
190743
190744
190745
190746
190747
190748
190749
19075
190750
190751
190752
190754
190756
190757
190759
19076
190760
190762
190763
190764
190765
190766
190767
190768
190771
190773
190774
190775
190776
190777
190779
19078
190780
190781
190782
190784
190785
190787
190788
19079
190790
190792
190793
190794
190795
190796
190797
190799
1908
190800
190801
190802
190803
190804
190805
190806
190807
190808
190810
190812
190813
190814
190817
190818
190819
19082
190820
190821
190822
190823
190824
190825
190826
190827
190828
190829
19083
190830
190832
190833
190834
190835
190836
190837
190838
19084
190840
190842
190843
190844
190845
190847
190848
19085
190851
190853
190854
190855
190856
190857
190858
190859
19086
190860
190861
190862
190863
190864
190865
190866
190867
190868
190869
19087
190871
190872
190873
190874
190875
190876
190877
190878
190879
190880
190881
190882
190883
190885
190887
190888
19089
190892
190893
190894
190895
190896
190897
190898
190899
1909
190901
190902
190903
190906
190907
190908
190909
190910
190911
190913
190914
190916
190917
190919
19092
190920
190921
190922
190924
190925
190926
190927
190928
190929
190931
190932
190937
19094
190940
190941
190942
190943
190944
190945
190946
190947
190948
190949
19095
190950
190953
190955
190956
190957
190958
19096
190960
190963
190964
190965
190966
190967
190968
190969
19097
190971
190972
190973
190974
190977
190979
19098
190980
190981
190982
190983
190985
190987
190988
190989
19099
190991
190992
190993
190995
190997
190998
191
1910
19100
191000
191002
191005
191006
19101
191011
191012
191014
191017
191018
191019
191020
191021
191022
191023
191024
191025
191026
191027
191028
191029
19103
191032
191034
191036
191037
191039
191040
191041
191042
191044
191045
191046
191047
19105
191051
191052
191053
191054
191055
191056
191057
191058
19106
191060
191062
191065
191066
191068
191069
19107
191071
191072
191073
191074
191077
191079
19108
191081
191083
191084
191085
191086
191087
19109
191090
191091
191092
191094
191096
191097
191098
191099
1911
191101
191104
191106
191107
191108
191109
19111
191110
191111
191112
191114
191115
191118
191119
19112
191120
191121
191122
191123
191124
191126
191128
191129
191130
191131
191132
191133
191134
191136
191137
19114
191140
191141
191145
191147
191149
19115
191151
191152
191154
191155
191157
191159
19116
191160
191161
191162
191163
191165
191166
191167
191168
191169
191170
191173
191174
191175
19118
191180
191183
191184
191185
191186
191188
191189
19119
191190
191191
191192
191193
191194
191195
191196
191197
191198
191199
1912
19120
191201
191202
191203
191204
191205
191207
191209
191212
191213
191215
191216
191217
191218
191219
191221
191223
191225
191226
191227
191229
19123
191230
191231
191232
191233
191234
191235
191236
191237
191238
19124
191240
191242
191243
191246
191247
191248
191252
191253
191256
191257
19126
191260
191261
191262
191263
191267
19127
191271
191272
191273
191274
191276
191277
191278
191279
19128
191282
191283
191284
191285
191286
191287
191288
19129
191290
191292
191293
191294
191295
191297
191298
191299
1913
19130
191300
191301
191303
191306
191307
191308
19131
191310
191312
191313
191314
191318
191319
19132
191322
191323
191324
191326
19133
191330
191335
191336
191337
191339
191340
191341
191343
191344
191347
191350
191352
191353
191354
191355
191356
191359
19136
191363
191364
191365
191366
191368
191369
19137
191371
191372
191373
191374
191376
191378
191379
19138
191380
191381
191382
191383
191384
191385
191386
191387
191389
19139
191391
191393
191395
191396
191398
1914
19140
191400
191401
191402
191405
191406
191407
191408
191409
19141
191410
191412
191413
191414
191415
191416
191419
19142
191420
191421
191422
191424
191425
191427
191428
191429
19143
191430
191431
191434
191435
191436
191437
191438
191439
19144
191440
191441
191442
191444
191445
191446
191447
191448
191449
191450
191451
191453
191454
191455
191456
191458
191459
191461
191462
191463
191464
191465
191466
191467
191468
191469
19147
191471
191473
191474
191475
191476
191477
191478
191479
19148
191480
191482
191483
191484
191485
191486
191487
191489
191492
191493
191494
191495
191497
191498
1915
19150
191500
191501
191502
191504
191505
191506
191507
19151
191510
191511
191513
191514
191515
191516
191517
19152
191521
191522
191523
191525
191527
191528
191529
19153
191531
191532
191534
191536
191537
191538
19154
191542
191543
191544
191545
191546
191547
191548
191549
19155
191550
191552
191553
191557
191558
191559
19156
191561
191562
191563
191564
191566
191568
19157
191570
191572
191573
191574
191575
191576
191577
191579
19158
191580
191581
191582
191583
191585
191586
191587
191588
191589
19159
191590
191591
191592
191593
191594
191595
191596
191597
191598
191599
191600
191601
191602
191603
191604
191607
191608
191609
191610
191612
191614
191615
191617
191619
191620
191621
191622
191623
191624
191625
191626
191628
191629
191630
191631
191632
191633
191634
191635
191636
191637
191638
191639
19164
191640
191641
191642
191643
191644
191645
191646
191647
191648
191649
19165
191650
191651
191652
191653
191654
19166
191661
191662
191663
191664
191665
191666
191667
191668
19167
191670
191671
191672
191673
191678
191679
191682
191683
191685
191686
191688
19169
191690
191692
191695
191696
191697
191698
191699
19170
191703
191708
19171
191710
191711
191712
191713
191714
191715
191717
191718
191719
191720
191721
191722
191723
191724
191725
191726
191728
191729
19173
191730
191731
191732
191733
191735
191736
191737
191739
19174
191740
191741
191742
191743
191744
191745
191746
191747
191749
191751
191754
191755
191756
191758
19176
191760
191761
191762
191763
191765
191766
191767
191769
19177
191770
191771
191772
191773
191774
191775
191779
19178
191780
191782
191783
191784
191785
191788
191789
191791
191792
191793
191794
191795
191796
191797
191798
1918
19180
191800
191801
191802
191803
191804
191805
191806
191807
191808
191809
19181
191810
191811
191812
191814
191815
191816
191817
191819
191820
191822
191823
191824
191825
191826
191827
191829
19183
191830
191833
191834
191835
191836
191837
191838
19184
191840
191842
191843
191844
191845
191846
191847
19185
191850
191851
191854
191855
191856
191857
191859
19186
191860
191863
191864
191865
191866
191867
191868
19187
191870
191871
191874
191876
191877
191878
191879
19188
191880
191881
191882
191884
191886
191887
19189
191890
191891
191893
191897
191898
1919
191900
191902
191904
191905
191906
191908
191909
191910
191911
191912
191913
191914
191915
191917
191918
191919
191920
191921
191922
191923
191926
191928
191929
191930
191931
191932
191934
191935
191936
191937
191938
191939
19194
191940
191941
191942
191943
191945
191946
191947
19195
191950
191951
191952
191953
191955
191957
191958
19196
191961
191962
191963
191964
191965
191966
191967
191969
19197
191971
191972
191973
191974
191975
191976
191977
191978
191979
19198
191980
191981
191983
191986
191987
19199
191990
191991
191992
191993
191994
191995
191996
191997
191998
191999
192
1920
19200
192000
192001
192002
192008
192009
19201
192010
192016
192018
192019
192020
192021
192022
192023
192024
192027
192028
192029
19203
192030
192031
192032
192034
192035
19204
192040
192041
192042
192043
192044
192045
192046
192047
192048
192049
19205
192050
192052
192054
192055
192056
192057
192058
192059
19206
192060
192062
192064
192065
192070
192071
192074
192076
192079
19208
192080
192083
192084
192085
192086
192087
192089
19209
192090
192091
192092
192093
192094
192095
192096
192097
192098
192099
1921
192100
192101
192102
192103
192104
192105
192106
192107
192108
192109
192110
192111
192112
192113
192114
192115
192117
192118
19212
192120
192121
192124
192125
192126
192127
192128
19213
192130
192132
192133
192134
192135
192136
192137
192139
19214
192140
192141
192142
192143
192144
192145
192146
192149
19215
192153
192154
192156
192158
192160
192161
192162
192164
192166
192167
192168
192169
192173
192175
192177
192178
192179
192180
192182
192183
192184
192185
192186
192187
192188
192189
192190
192191
192192
192195
192196
192198
192199
1922
192200
192201
192202
192204
192207
192208
19221
192211
192215
192216
192217
192218
19222
192220
192221
192222
192223
192224
192226
192227
192228
192229
19223
192230
192231
192233
192234
192236
192237
192238
192239
192241
192242
192243
192247
192248
192252
192253
192254
192255
192257
192259
192260
192261
192262
192263
192264
192265
192266
192267
192268
192269
192270
192271
192272
192273
192274
192276
192277
192278
192279
192280
192281
192282
192283
192285
192286
192287
192288
192289
192290
192291
192292
192293
192294
192296
192297
192298
192299
1923
192300
192301
192302
192303
192304
192305
192306
192307
192309
192310
192311
192312
192313
192314
192315
192316
192317
192318
192319
192320
192322
192323
192324
192325
192327
192329
192331
192332
192335
192336
192337
192339
192340
192341
192342
192345
192346
192348
192349
19235
192350
192351
192352
192354
192356
192358
19236
192362
192363
192364
192366
192367
192369
19237
192371
192372
192374
192375
192377
192378
192379
19238
192380
192383
192384
192389
192390
192391
192392
192393
192394
192395
192396
192397
192398
192399
1924
192400
192402
192403
192404
192406
192407
192409
19241
192411
192412
192414
192415
192416
192417
192418
192420
192421
192422
192425
192427
192429
19243
192430
192431
192432
192433
192434
192435
192436
192437
192438
192439
19244
192440
192441
192442
192443
192444
192446
192448
192449
192450
192451
192452
192453
192454
192455
192457
192458
192460
192461
192462
192463
192464
192465
192466
192467
192468
192469
19247
192470
192473
192474
192475
192476
192478
192479
192480
192483
192486
192488
192489
19249
192491
192497
192499
1925
192500
192501
192504
192505
192506
192507
192508
192509
19251
192510
192511
192512
192513
192514
192516
192517
192519
19252
192520
192521
192523
192525
192529
192530
192533
192534
192535
192538
192539
19254
192540
192544
192545
192546
192547
192549
19255
192550
192551
192553
192554
192556
192558
192559
19256
192560
192562
192564
192565
192566
192567
192568
192569
19257
192570
192571
192572
192573
192574
192577
192579
19258
192580
192581
192582
192583
192584
192585
192586
192587
192588
192589
19259
192591
192595
192596
192598
1926
192602
192604
192605
192606
192608
192615
192616
192617
192619
192623
192625
192627
192629
19263
192630
192631
192632
192633
192635
192636
192637
192642
192643
192644
192645
192646
192648
192649
19265
192650
192651
192652
192654
192655
192657
192659
19266
192661
192664
192665
192666
19267
192671
192672
192673
192674
192675
192676
192677
192678
192679
19268
192681
192682
192683
192684
192685
192686
192687
192688
192689
19269
192690
192692
192693
192694
192695
192696
192697
192699
1927
192700
192701
192704
192705
192706
192707
192708
19271
192710
192711
192712
192714
192715
192716
192717
192719
192720
192721
192723
192724
192726
192727
192728
192729
19273
192730
192731
192732
192733
192734
192736
192737
192738
19274
192740
192742
192744
192748
19275
192750
192751
192754
192755
192759
19276
192760
192763
192764
192765
192767
192768
192769
19277
192770
192772
192775
192776
19278
192780
192783
192784
192785
192786
192787
192788
19279
192792
192793
192794
192795
192796
192797
192798
192799
192803
192804
192806
192807
192808
192810
192811
192812
192813
192814
192816
192817
192818
192819
192822
192823
192824
192825
192826
192828
192829
192830
192831
192833
192834
192835
192837
192838
192839
192841
192842
192843
192844
192845
192846
192850
192852
192853
192854
192855
192856
192857
192858
192859
19286
192860
192862
192865
192867
192868
192869
19287
192871
192874
192875
192877
192878
192879
19288
192880
192881
192882
192884
192886
192888
192889
192890
192892
192893
192894
192895
192896
192900
192902
192904
192906
192909
192911
192914
192915
192917
192918
192919
192920
192921
192923
192924
192927
192928
192929
19293
192931
192932
192933
192935
192936
192937
192938
192939
19294
192940
192942
192943
192944
192945
192946
192948
192949
19295
192950
192951
192953
192955
192957
19296
192963
192964
192965
192967
192968
19297
192970
192971
192972
192973
192976
192977
192978
192979
19298
192980
192981
192982
192984
192985
192986
192987
192988
192989
19299
192990
192992
192995
192997
192998
192999
193
1930
19300
193000
193001
193004
193006
193008
193009
19301
193014
193015
193019
193020
193021
193022
193023
193024
193025
193026
193027
193028
193029
19303
193030
193031
193032
193034
193035
193036
193037
193038
19304
193040
193045
193046
19305
193050
193053
193054
193057
193058
193059
19306
193060
193062
193063
193064
193065
193066
193067
193068
