193069
19307
193071
193072
193074
193075
193076
193077
193078
193079
193080
193081
193083
193084
193085
193086
193087
193088
193089
193090
193091
193092
193094
193095
193096
193097
193098
193099
1931
19310
193100
193101
193102
193103
193105
193107
193108
193109
19311
193111
193112
193114
193115
193116
193119
19312
193121
193122
193124
193125
193126
193127
193128
193129
193130
193131
193132
193133
193134
193135
193136
193137
193138
193139
193140
193141
193142
193143
193145
193146
193147
193148
193150
193151
193152
193153
193154
193155
193156
193158
193159
19316
193160
193161
193162
193163
193164
193166
193167
193168
193169
19317
193170
193171
193173
193175
193176
193177
193179
19318
193180
193181
193183
193184
193185
193186
193188
193189
19319
193190
193191
193193
193194
193195
193196
193197
193198
193199
193200
193201
193203
193205
193207
193209
193211
193212
193216
193217
193219
19322
193220
193221
193223
193224
193225
193226
193227
193228
193229
19323
193230
193231
193233
193234
193235
193236
193239
19324
193240
193241
193242
193245
193246
193248
19325
193250
193253
193257
19326
193260
193261
193264
193265
193266
193267
193268
193270
193271
193272
193273
193275
193276
193277
193278
193279
193280
193282
193283
193284
193285
193286
193287
193288
193289
193292
193294
193296
193297
193298
193299
1933
19330
193301
193302
193303
193304
193305
193306
193309
193310
193311
193313
193314
193315
193316
193317
193318
193319
19332
193320
193321
193322
193323
193324
193326
19333
193330
193333
193334
193335
193336
193338
193340
193341
193346
193348
193349
19335
193350
193352
193353
193354
193355
193356
193357
193358
19336
193362
193363
193364
193365
193366
193367
19337
193370
193371
193372
193374
193375
193376
193378
19338
193381
193383
193385
193387
193388
193389
193390
193391
193392
193393
193394
193395
193396
193397
193398
193399
1934
193400
193402
193403
193406
193407
193408
193409
193411
193412
193413
193414
193415
193417
193418
193419
19342
193420
193421
193422
193423
193424
193425
193428
193429
193430
193431
193434
193435
193437
193438
193439
19344
193440
193441
193442
193444
193446
193447
193448
193449
19345
193450
193451
193453
193454
193456
193457
193458
193459
193460
193461
193462
193463
193464
193465
193466
193467
193469
193470
193471
193472
193473
193474
193475
193476
193478
19348
193480
193482
193485
193486
193487
193488
193489
19349
193490
193491
193492
193493
193495
193496
193497
1935
193500
193502
193503
193504
193505
193506
193507
193508
193509
19351
193510
193511
193512
193515
193516
193518
193519
19352
193521
193522
193523
193524
193525
193526
193527
193528
193529
193530
193531
193532
193534
193535
193536
193537
193538
193539
19354
193541
193542
193544
193545
193547
193548
193549
19355
193550
193551
193552
193553
193554
193555
193556
193558
19356
193560
193561
193562
193563
193564
193565
193567
193568
19357
193571
193572
193574
193575
193576
193577
193578
193579
19358
193580
193581
193584
193585
193586
193587
193588
193590
193591
193592
193593
193594
193595
193596
193597
193598
193599
1936
193600
193601
193603
193604
193606
19361
193610
193611
193612
193613
193614
193615
193616
193617
193618
193619
19362
193620
193621
193623
193624
193625
193627
193628
193629
19363
193630
193631
193632
193633
193634
193635
193636
193637
193638
193639
193640
193641
193642
193643
193645
193646
193647
193648
193649
19365
193650
193651
193652
193653
193654
193658
193659
19366
193661
193662
193664
193667
193669
193670
193671
193672
193675
193676
193679
19368
193682
193683
193684
193687
193688
193689
19369
193691
193693
193694
193695
193696
193697
193698
193699
1937
193700
193703
193705
193706
193708
193709
19371
193712
193714
193715
193717
193720
193722
193723
193724
193725
193726
193728
193729
19373
193731
193732
193733
193735
193738
193739
193740
193741
193742
193743
193744
193746
193747
193748
193749
19375
193752
193753
193754
193755
193756
193758
193760
193761
193762
193763
193764
193766
193767
193768
193769
193771
193773
193774
193775
193777
193778
19378
193780
193781
193782
193783
193784
193785
193787
193788
193789
19379
193790
193791
193792
193793
193794
193796
193797
193798
193799
1938
19380
193800
193801
193802
193803
193804
193805
193806
193807
193809
19381
193810
193811
193812
193813
193815
193817
193819
19382
193820
193821
193823
193824
193825
193826
193827
193828
193829
19383
193830
193831
193832
193833
193834
193835
193838
193839
19384
193840
193842
193843
193844
193845
193846
193848
193849
193850
193851
193852
193855
193856
193857
193858
193859
19386
193860
193861
193862
193863
193864
193865
193866
193867
193868
193869
193870
193871
193872
193873
193874
193875
193876
193877
193878
193879
19388
193880
193881
193882
193883
193884
193885
193887
193888
193889
19389
193890
193891
193893
193894
193895
193896
193897
193898
193899
1939
193900
193901
193902
193904
193905
193906
193907
193908
193909
193910
193912
193913
193914
193915
193917
193918
193919
19392
193920
193921
193923
193924
193925
193926
193927
193928
193929
193931
193932
193933
193934
193935
193936
193937
193938
193939
193940
193941
193942
193944
193947
193949
193950
193951
193952
193953
193954
193955
193956
193957
193958
193959
193961
193962
193964
193966
193967
193968
193969
193970
193971
193972
193973
193974
193976
193977
193978
193979
19398
193980
193981
193982
193983
193984
193985
193986
193987
193988
193989
19399
193990
193991
193992
193993
193994
193995
193996
193997
194
1940
19400
194000
194001
194002
194003
194005
194006
194007
194008
194009
19401
194010
194011
194012
194013
194014
194015
194017
194019
19402
194020
194021
194022
194025
194026
194027
194028
194029
19403
194030
194031
194032
194034
194035
194036
194037
194038
194039
19404
194040
194041
194042
194043
194044
194045
194046
194047
194048
194049
19405
194050
194052
194053
194055
194056
194057
194058
194059
19406
194060
194061
194062
194063
194064
194065
194066
194067
194068
194069
194070
194071
194073
194074
194075
194076
194077
194078
194079
194080
194081
194082
194083
194084
194085
194086
194087
194088
194089
194090
194091
194092
194093
194094
194096
194097
194098
194099
1941
194101
194103
194104
194106
194107
194109
194110
194112
194113
194114
194115
194116
194117
194118
194119
194120
194121
194122
194125
194126
194127
19413
194130
194131
194132
194135
194136
194139
19414
194141
194142
194143
194144
194146
194147
194148
19415
194150
194151
194154
194155
194156
194157
194158
194159
19416
194160
194161
194162
194163
194164
194165
194167
194168
194169
194170
194171
194172
194175
194176
194179
19418
194180
194181
194182
194183
194186
194188
19419
194191
194194
194195
194196
194197
194199
1942
19420
194200
194205
194206
194208
194209
194210
194211
194212
194213
194215
194216
194217
194218
194219
194220
194221
194222
194224
194226
194227
194229
19423
194230
194233
194235
194236
194237
194238
194239
194240
194241
194242
194243
194244
194246
194247
194249
19425
194250
194251
194252
194253
194254
194255
194257
194259
19426
194260
194261
194264
194265
194266
194267
194268
194269
194270
194271
194272
194273
194275
194276
194277
194279
194280
194281
194282
194285
194287
194288
194289
19429
194290
194291
194293
194294
194295
194296
194297
194298
1943
19430
194300
194301
194303
194304
194307
194308
194310
194312
194313
194314
194317
194318
194319
194325
194326
194328
194329
19433
194330
194332
194335
194336
194337
194339
19434
194342
194343
194344
194346
194347
194349
194350
194352
194353
194357
194358
194360
194361
194362
194368
194371
194372
194375
194379
194381
194382
194385
194386
194387
194390
194392
194393
194395
194397
1944
194405
194406
194407
194409
194410
194411
194412
194413
194416
194417
194418
194419
194421
194422
194423
194425
194426
194429
194432
194433
194435
194436
19444
194440
194441
194442
194443
194444
194445
194446
194449
19445
194451
194457
194458
19446
194460
194461
194462
194463
194464
194465
194467
194470
194473
194474
194476
194478
194481
194483
194484
194485
194486
194487
194488
194489
194490
194491
194492
194493
194494
194496
194497
194498
194499
1945
194500
194501
194502
194503
194504
194505
194506
194507
194508
194509
194511
194512
194513
194514
194515
194516
194517
194518
194519
194520
194521
194522
194523
194524
194525
194527
194529
194530
194531
194532
194533
194534
194537
194538
194540
194541
194542
194544
194545
194547
194548
194549
194550
194552
194553
194554
194555
194556
194557
194558
194559
194560
194561
194562
194563
194564
194565
194566
194567
194569
19457
194570
194571
194573
194574
194575
194576
194577
194578
194579
19458
194580
194581
194582
194583
194584
194585
194586
194588
194589
19459
194592
194593
194594
194595
194596
194597
194598
194599
1946
19460
194600
194601
194602
194603
194604
194606
194607
194608
194609
19461
194611
194612
194613
194614
194615
194616
194617
194618
19462
194620
194622
194624
194625
194627
19463
194630
194631
194632
194633
194634
194636
194638
19464
194640
194641
194642
194643
194644
194645
194646
194647
194650
194652
194653
194654
194657
194658
194659
194660
194662
194664
194665
194666
194670
194671
194672
194673
194674
194677
194678
194679
194686
194687
194688
194690
194692
194693
194694
194695
194696
194697
194698
1947
194701
194703
194705
194706
194708
194710
194711
194713
194716
194719
194720
194722
194724
194725
194726
194727
194728
194729
194730
194731
194732
194733
194734
194735
194736
194737
194738
194739
194740
194741
194742
194743
194744
194745
194746
194750
194753
194755
194757
194758
194759
194760
194763
194764
194765
194767
194768
194769
194770
194771
194772
194773
194774
194775
194776
194777
194778
194782
194783
194784
194785
194786
194787
194789
194790
194791
194792
194795
194796
194798
1948
194801
194802
194803
194804
194805
194806
194807
194808
194809
194810
194811
194812
194813
194814
194815
194817
194818
194819
19482
194820
194821
194822
194823
194825
194826
194827
194829
19483
194830
194831
194833
194834
194837
194838
194839
194840
194843
194844
194846
194847
194848
194849
194850
194852
194853
194854
194856
194857
194858
19486
194860
194862
194863
194864
194865
194866
194867
194868
194871
194872
194873
194874
194875
194879
19488
194880
194882
194883
194885
194886
194887
19489
194890
194892
194893
194894
194895
194897
194898
194899
1949
19490
194900
194901
194902
194903
194904
194905
194906
194907
194909
19491
194910
194911
194912
194913
194915
194918
194919
19492
194920
194921
194922
194923
194924
194925
194926
194927
194928
19493
194930
194931
194932
194933
194934
194935
194936
194937
194938
194939
19494
194940
194941
194944
194945
194946
194947
194948
194949
19495
194950
194951
194952
194953
194955
194956
194957
194958
194959
19496
194960
194961
194962
194963
194964
194965
194966
194967
194968
19497
194971
194972
194973
194974
194975
194977
194978
194979
194980
194981
194982
194983
194984
194985
194986
194988
194989
19499
194991
194992
194993
194996
194997
194998
195
1950
195000
195002
195003
195005
195006
195007
195008
195009
19501
195010
195012
195013
195014
195015
195016
195018
195019
195020
195022
195024
195026
195027
195028
195029
19503
195030
195032
195034
195035
195036
195037
195039
19504
195040
195041
195042
195044
195048
19505
195051
195052
195053
195054
195056
195058
19506
195060
195061
195062
195063
195064
195065
195066
195067
195068
19507
195070
195071
195072
195073
195074
195075
195077
195078
195079
19508
195080
195081
195082
195083
195084
195085
195086
195087
195088
195089
19509
195090
195091
195092
195093
195094
195095
195096
195098
195099
1951
19510
195100
195101
195102
195103
195104
195105
195106
195108
195109
19511
195110
195111
195113
195114
195115
195116
195117
195120
195121
195122
195123
195124
195125
195128
195129
19513
195130
195131
195132
195133
195134
195136
195137
195138
195139
195141
195142
195143
195144
195145
195147
195148
195149
195150
195151
195152
195153
195154
195156
195157
195159
195160
195163
195164
195165
195166
195168
195169
195170
195171
195173
195174
195175
195176
195177
195178
195179
195180
195181
195182
195183
195184
195185
195186
195187
195188
195189
195191
195192
195193
195194
195195
195197
195198
195199
19520
195200
195201
195202
195203
195204
195205
195206
195207
195208
19521
195210
195211
195212
195213
195214
195216
195217
195218
195220
195221
195223
195224
195225
195226
195227
195228
19523
195230
195231
195232
195234
195237
195238
195239
19524
195240
195241
195242
195243
195244
195245
195246
195247
195248
195249
19525
195250
195251
195252
195253
195254
195255
195256
195258
195259
195260
195261
195262
195263
195266
195268
195269
195270
195272
195273
195274
195275
195276
195277
195278
195279
19528
195281
195282
195284
195285
195286
195287
195288
195289
19529
195291
195292
195294
195295
195296
195297
195299
195300
195301
195302
195304
195305
195306
195308
195309
195310
195311
195312
195313
195314
195316
195317
195318
195319
195320
195321
195322
195324
195325
195326
195327
195328
195329
195330
195331
195332
195333
195335
195336
195337
195338
195340
195341
195342
195343
195344
195345
195346
195347
195348
195349
195350
195352
195353
195355
195356
195357
195358
195359
19536
195360
195361
195362
195363
195364
195365
195367
195368
195369
19537
195370
195371
195374
195375
195376
195377
195378
195379
195380
195382
195383
195385
195386
195387
195389
195390
195391
195392
195393
195394
195395
1954
195400
195402
195405
195407
195408
195409
19541
195411
195412
195413
195414
195415
195416
195417
195418
19542
195421
195423
195424
195425
195426
195428
195429
19543
195430
195431
195432
195433
195435
195436
195439
19544
195440
195441
195442
195443
195444
195445
195446
195447
195449
19545
195450
195452
195453
195454
195455
195456
195457
195458
195459
19546
195460
195462
195463
195464
195466
195467
195468
195470
195471
195473
195474
195475
195476
195477
195479
19548
195480
195481
195482
195483
195484
195485
195486
195487
195489
195491
195492
195493
195494
195495
195496
195498
195499
1955
19550
195500
195501
195502
195503
195505
195507
195509
19551
195510
195511
195513
195514
195515
195516
195517
195519
19552
195520
195521
195522
195523
195525
195527
195528
195529
19553
195530
195531
195534
195535
195536
195537
195538
195539
19554
195540
195542
195543
195544
195545
195546
195547
195548
195549
19555
195550
195551
195552
195553
195554
195555
195556
195557
195558
19556
195560
195561
195562
195563
195565
195566
195568
195569
195570
195571
195573
195574
195575
195576
195577
195578
195579
195580
195583
195584
195585
195586
195588
195589
195590
195591
195592
195593
195594
195595
195596
195597
195598
195599
1956
19560
195600
195601
195603
195604
195605
195606
195607
195608
195610
195611
195612
195613
195615
195617
195619
19562
195620
195621
195622
195623
195624
195625
195626
195628
195630
195631
195632
195635
195637
195638
195639
19564
195640
195641
195643
195644
195645
195647
195648
19565
195650
195651
195652
195653
195654
195655
195656
195657
195658
19566
195660
195662
195663
195664
195665
195666
195667
195668
195669
195670
195671
195672
195673
195674
195675
195677
195678
195679
19568
195680
195681
195682
195683
195684
195685
195686
195687
195688
195689
195690
195691
195692
195694
195695
195696
195697
195698
195699
1957
195702
195703
195704
195705
195706
195707
195708
195709
195710
195711
195712
195713
195714
195715
195716
195717
195718
195719
19572
195720
195721
195723
195724
195725
195726
195728
195729
19573
195730
195732
195733
195734
195735
195736
195737
195738
195739
195740
195741
195743
195745
195746
195747
195748
195749
19575
195751
195752
195754
195755
195756
195757
195758
195759
19576
195761
195762
195763
195764
195766
195767
195768
19577
195770
195771
195773
195774
195775
195776
195780
195781
195782
195784
195786
195787
195791
195792
195794
195796
195797
195799
1958
19580
195800
195801
195802
195803
195804
195805
195806
195807
19581
195810
195812
195813
195814
195815
195817
195818
195819
19582
195820
195822
195823
195824
195826
195827
195829
19583
195830
195831
195833
195834
195836
195837
195838
195839
195840
195841
195842
195843
195845
195846
195847
195849
19585
195852
195853
195854
195855
195856
195857
195859
195860
195861
195862
195865
195866
195867
195868
195869
19587
195870
195871
195872
195873
195874
195876
195877
195878
195879
19588
195880
195881
195882
195883
195884
195885
195887
195888
195889
19589
195890
195891
195892
195893
195894
195895
195896
195897
195898
195899
1959
19590
195900
195901
195902
195903
195905
195906
195907
195908
195909
19591
195910
195912
195913
195915
195916
195917
195919
19592
195921
195922
195923
195925
195928
195929
19593
195930
195931
195932
195933
195934
195936
195937
195938
195939
19594
195940
195941
195944
195945
195947
195948
195949
19595
195950
195951
195952
195954
195955
195957
195958
195959
19596
195960
195961
195962
195963
195964
195965
195966
195967
195968
195969
19597
195970
195972
195973
195974
195975
195976
195977
195978
195979
19598
195980
195981
195982
195983
195984
195985
195986
195987
195988
19599
195990
195992
195993
195994
195995
195998
195999
196
19600
196000
196001
196002
196003
196004
196006
196008
196009
19601
196012
196013
196016
196017
196018
196019
196020
196021
196023
196024
196025
196027
196028
19603
196030
196032
196033
196034
196035
196036
196038
196039
19604
196040
196041
196042
196044
196045
196046
196047
196048
196051
196052
196053
196054
196056
196057
196058
196060
196061
196062
196063
196064
196065
196066
196068
196070
196071
196072
196073
196076
196077
196078
196079
196080
196081
196082
196083
196085
196088
196089
19609
196090
196092
196094
1961
19610
196101
196104
196105
196106
196107
196109
19611
196110
196111
196114
196117
196119
19612
196123
196124
196126
196127
196128
19613
196130
196131
196133
196134
196136
196137
196139
19614
196141
196144
196145
196146
196147
196149
19615
196151
196153
196154
196156
196159
19616
196160
196161
196162
196163
196165
196166
196167
196168
196169
196170
196171
196172
196173
196174
196175
196177
19618
196180
196182
196183
196184
196185
196186
196187
196188
196189
19619
196191
196193
196194
196196
196197
196198
196199
1962
19620
196201
196202
196203
196204
196205
196206
196208
196209
19621
196210
196211
196212
196213
196214
196215
196216
196217
196218
196221
196222
196223
196225
196226
196228
196229
19623
196231
196232
196233
196235
196236
196237
196238
19624
196241
196242
196244
196245
196246
196247
196248
19625
196250
196251
196252
196253
196254
196255
196257
196258
196259
19626
196261
196262
196263
196264
196266
196267
196268
196269
19627
196271
196273
196274
196275
196276
196277
196278
196279
19628
196280
196281
196282
196283
196285
196286
196287
196288
196289
19629
196290
196291
196292
196293
196294
196295
196297
196299
1963
19630
196300
196301
196302
196303
196304
196305
196306
196307
196308
196309
196310
196311
196313
196314
196316
196317
196319
196321
196324
196325
196326
196327
196328
196329
196330
196332
196334
196335
196337
196338
196339
19634
196340
196342
196343
196344
196345
196346
196347
196348
196349
19635
196350
196351
196352
196354
196355
196357
196358
196359
19636
196360
196362
196364
196365
196367
196368
196369
19637
196370
196371
196372
196373
196374
196375
196376
196377
196379
196380
196382
196383
196384
196385
196386
196387
196388
19639
196390
196391
196392
196393
196394
196395
196396
196397
196398
196399
1964
196400
196401
196402
196403
196404
196405
196406
196407
196408
196409
196411
196412
196413
196415
196417
196418
196419
19642
196420
196421
196422
196423
196425
196428
196429
196430
196432
196433
196435
196436
196437
196438
196439
19644
196440
196441
196442
196443
196444
196445
196446
196447
196449
19645
196450
196451
196452
196453
196455
196456
196457
196459
196460
196461
196462
196463
196464
196465
196466
196467
196469
196470
196471
196473
196474
196476
196477
196478
196479
19648
196480
196481
196482
196483
196484
196485
196486
196487
196488
196489
19649
196490
196491
196492
196493
196495
196496
196497
196498
196499
1965
19650
196500
196501
196502
196504
196505
196506
196507
196508
196509
19651
196510
196511
196512
196513
196515
196516
196517
196518
196519
196520
196522
196524
196525
196529
196530
196531
196532
196533
196534
196535
196536
196537
196538
19654
196540
196541
196542
196543
196544
196546
196548
196549
196550
196551
196554
196555
196556
196557
196558
196560
196561
196562
196563
196564
196566
196567
196568
196569
19657
196570
196571
196572
196573
196574
196575
196579
19658
196580
196583
196584
196586
196587
196588
19659
196590
196591
196592
196593
196594
196595
196597
196598
196599
1966
196600
196601
196602
196603
196604
196605
196606
196607
196608
196609
19661
196611
196612
196613
196614
196615
196616
196617
196618
196619
19662
196620
196621
196623
196624
196625
196626
196627
196628
196629
19663
196630
196631
196632
196633
196634
196636
196637
196638
196639
19664
196640
196641
196642
196643
196644
196645
196646
196649
19665
196650
196651
196652
196653
196654
196655
196656
196658
196659
19666
196660
196661
196662
196663
196664
196665
196666
196667
196668
196669
19667
196670
196671
196672
196673
196674
196676
196677
196678
196679
19668
196680
196681
196682
196684
196685
196686
196688
196689
19669
196690
196691
196692
196693
196694
1967
19670
196706
196709
19671
196712
196716
196719
19672
196720
196721
196724
196728
19673
196731
196732
196733
196734
196735
196736
196737
196738
196739
196740
196741
196742
196745
196746
196747
196748
196749
19675
196750
196751
196752
196755
196756
196757
196758
196759
19676
196760
196761
196762
196764
196765
196766
196767
196768
196769
196770
196771
196772
196773
196774
196776
196777
196778
196779
196782
196783
196784
196786
196787
196789
196790
196791
196792
196795
196796
196797
196798
196799
1968
196800
196801
196802
196803
196808
196809
196812
196813
196814
196815
196816
196817
196819
196820
196821
196822
196824
196828
196829
196830
196831
196832
196833
196834
196837
196840
196841
196842
196843
196844
196845
196846
196847
196848
196849
196850
196852
196854
196855
196859
196860
196861
196862
196863
196864
196866
196867
196870
196872
196874
196875
196877
196878
19688
196880
196881
196882
196884
196885
196886
196887
196888
196889
196890
196892
196893
196894
196895
196896
196897
196898
196899
1969
196900
196901
196902
196903
196904
196905
196906
196907
196908
196909
19691
196911
196912
196916
196917
196918
196920
196921
196922
196924
196926
196927
196928
196929
196930
196931
196933
196934
196935
196936
196937
196939
196940
196941
196942
196943
196944
196946
196947
196948
196949
196950
196951
196953
196954
196955
196956
196957
196958
196959
196960
196961
196963
196964
196966
196967
196968
196970
196972
196973
196974
196975
196978
196979
19698
196980
196981
196983
196985
196986
196987
196988
196990
196991
196994
196996
196997
197
1970
197002
197003
197004
197005
197006
197007
197008
197009
197010
197011
197012
197013
197015
197017
197019
197021
197022
197024
197025
197026
197029
19703
197031
197032
197033
197036
197039
197041
197044
197045
197047
197048
197051
197052
197053
197055
197057
197058
197060
197063
197066
197067
197068
197069
197070
197071
197072
197073
197074
197076
197077
197078
197080
197081
197082
197083
197084
197085
197086
197088
197089
197091
197093
197094
197095
197097
197099
197100
197101
197102
197103
197104
197107
197108
197109
197110
197112
197113
197114
197115
197116
197117
197119
197120
197121
197122
197123
197124
197125
197126
197127
197128
197129
19713
197131
197133
197134
197135
197136
197137
197138
197139
197141
197143
197144
197145
197146
197147
197149
19715
197150
197151
197152
197154
197155
197156
197158
197160
197161
197163
197166
197167
197168
197169
197170
197171
197173
197175
197177
197178
197179
19718
197180
197181
197182
197187
197188
197189
19719
197191
197192
197194
197195
197196
197197
197198
197199
197200
197201
197202
197203
197204
197205
197206
197207
197208
197209
19721
197210
197211
197212
197213
197214
197215
197216
197217
197218
197220
197222
197223
197224
197225
197227
197228
19723
197230
197231
197232
197233
197234
197235
197236
197237
197239
19724
197240
197241
197242
197243
197244
197245
197246
197249
19725
197250
197251
197252
197253
197255
197256
197257
197258
197259
197260
197263
197264
197265
197269
19727
197270
197272
197273
197274
197276
197277
197278
197279
19728
197280
197282
197283
197284
197286
197288
197292
197293
197294
197295
197296
197297
197298
197299
197300
197301
197302
197303
197304
197305
197306
197307
197308
197309
19731
197310
197311
197313
197315
197316
197317
197318
197319
19732
197320
197322
197324
197325
197326
197327
197328
197329
197330
197331
197332
197334
197335
197336
197338
197340
197341
197342
197343
197344
197345
197346
197349
197351
197353
197354
197355
197357
197358
19736
197360
197361
197363
197364
197365
197366
197367
197368
197369
197370
197371
197372
197373
197374
197375
197377
197378
197379
19738
197380
197382
197383
197384
197385
197386
197388
197389
197391
197392
197393
197394
197395
197397
197398
197399
19740
197401
197402
197404
197405
197406
197408
197409
197410
197411
197412
197414
197415
197416
197417
197418
19742
197420
197421
197424
197427
197428
197431
197432
197434
197435
197438
197440
197442
197446
197447
197449
197451
197452
197453
197454
197455
197456
197457
197460
197462
197463
197464
197466
197467
197468
197469
19747
197470
197471
197472
197473
197476
197477
197478
197480
197481
197482
197483
197485
197486
197487
197488
197489
197490
197491
197492
197493
197495
197496
197497
197498
197499
1975
197500
197501
197502
197503
197504
197505
197509
19751
197510
197511
197512
197513
197514
197516
197517
197519
197520
197521
197522
197524
197527
197528
19753
197530
197531
197532
197533
197534
197537
197538
197539
19754
197540
197541
197542
197545
197546
197547
197548
197549
197550
197552
197553
197560
197561
197562
197563
197565
197566
197567
197568
197569
19757
197571
197573
197574
197575
197576
197577
197578
197580
197581
197582
197583
197584
197586
197587
197588
197589
19759
197590
197591
197594
197595
197597
197598
197599
1976
19760
197600
197601
197602
197603
197604
197605
197607
197608
197609
19761
197610
197611
197612
197613
197614
197615
197616
197617
197618
197619
19762
197621
197623
197624
197626
197627
197628
197629
19763
197630
197631
197633
197634
197637
197639
197640
197641
197642
197643
197644
197645
197647
197649
19765
197650
197651
197652
197653
197655
197656
197657
197658
197659
19766
197660
197662
197663
197664
197666
197670
197673
197674
197675
197677
197679
197681
197682
197684
197686
197687
197691
197693
197694
197695
197696
197697
197698
197699
1977
19770
197701
197703
197704
197706
197708
197710
197711
197713
197714
197716
197718
197719
19772
197721
197722
197723
197725
197726
197727
197728
197729
197730
197731
197732
197733
197734
197735
197736
197737
197740
197743
197744
197746
197747
197748
197749
19775
197750
197751
197752
197753
197754
197755
197756
197757
197759
197760
197762
197764
197765
197766
197768
197769
197770
197771
197772
197773
197774
197776
197778
197779
197780
197781
197783
197784
197785
197786
197787
197788
197789
197790
197792
197795
197796
197797
197798
1978
197800
197801
197802
197804
197805
197806
197809
197810
197811
197812
197813
197814
197815
197816
197817
197818
197819
19782
197821
197823
197825
197826
197827
197828
197829
197830
197831
197832
197833
197834
197835
197836
197837
197838
197839
19784
197841
197842
197843
197844
197845
197846
197847
197848
197849
19785
197853
197854
197855
197857
197858
197859
197863
197864
197865
197866
197867
197868
197871
197872
197873
197874
197876
197877
197878
197879
197880
197881
197882
197884
197885
197887
197888
197889
19789
197890
197891
197892
197893
197894
197896
197897
197898
197899
1979
19790
197900
197901
197902
197903
197904
197906
197907
197908
197909
197910
197912
197913
197914
197915
197916
197918
197919
197921
197922
197924
197925
197926
197927
197928
197929
19793
197930
197931
197933
197934
197936
19794
197940
197941
197943
197944
197946
197947
197949
19795
197950
197952
197953
197955
197956
197958
19796
197960
197961
197962
197964
197968
197969
19797
197970
197971
197973
197974
197975
197976
197978
19798
197981
197983
197985
197987
197989
197990
197991
197993
197997
197998
197999
198
1980
198000
198001
198002
198004
198005
198006
198007
198009
198010
198011
198013
198014
198015
198017
198018
198019
198020
198022
198023
198025
198027
198028
198029
19803
198030
198032
198034
198036
198038
198040
198041
198042
198044
198045
198046
198050
198051
198052
198053
198057
198059
198060
198061
198062
198063
198064
198065
198066
198067
198068
198071
198073
198075
198076
198077
198078
198079
198080
198082
198083
198084
198085
198086
198087
198089
19809
198090
198092
198093
198096
198097
198098
198100
198101
198102
198104
198107
198108
198109
19811
198112
198113
198115
198117
198118
198119
19812
198120
198121
198122
198123
198124
198126
198127
198128
198129
19813
198130
198132
198134
198135
198137
198138
19814
198141
198142
198143
198144
198145
198146
198148
198149
198150
198151
198152
198153
198154
198155
198156
198157
198159
19816
198160
198163
198164
198166
198167
198168
198170
198171
198172
198174
198175
198176
198177
198179
198180
198181
198182
198184
198185
198187
198188
198189
19819
198190
198191
198192
198193
198194
198196
198198
198200
198203
198204
198205
198206
198207
198208
198210
198211
198214
198215
198216
198217
198219
19822
198220
198221
198222
198225
198226
198227
198228
19823
198232
198233
198234
198235
198236
198237
198238
198239
19824
198240
198241
198243
198245
198246
198248
198249
198250
198251
198253
198254
198255
198256
198257
198259
198260
198261
198262
198263
198264
198265
198266
198268
198269
19827
198271
198272
198273
198276
198277
198278
198279
19828
198280
198281
198282
198285
198286
198287
198288
198289
19829
198291
198292
198294
198295
198297
19830
198301
198302
198303
198304
198305
198306
198307
198308
198309
198310
198311
198312
198314
198315
198316
198317
198318
198319
198320
198322
198324
198325
198326
198329
19833
198330
198331
198332
198333
198334
198335
198336
198337
198338
198341
198342
198343
198344
198345
198348
198349
198351
198352
198354
198355
198357
198359
198360
198361
198362
198363
198364
198365
198366
198368
198369
19837
198370
198371
198372
198373
198375
198377
198378
198379
198380
198382
198383
198384
198385
198389
19839
198390
198391
198392
198393
198394
198395
198396
198398
198399
1984
19840
198400
198401
198405
198406
198407
198408
198411
198413
198419
198421
198422
198424
198425
198426
198427
198428
198429
198430
198431
198432
198434
198435
198436
198438
19844
198440
198441
198442
198443
198444
198445
198446
198447
198448
19845
198450
198451
198452
198453
198454
198455
198456
198458
19846
198460
198462
198463
198466
198467
198469
198470
198471
198472
198474
198475
198476
198477
198480
198481
198482
198483
198484
198486
198487
198489
19849
198490
198491
198492
198493
198494
198495
198497
198498
198499
1985
19850
198500
198501
198502
198504
198505
198507
198508
198509
19851
198510
198511
198512
198513
198514
198515
198516
198517
198518
198519
198520
198521
198522
198523
198524
198525
198526
198527
198528
198529
198530
198531
198532
198533
198535
198536
198537
198538
198539
19854
198540
198542
198543
198544
198545
198546
198547
198548
198549
19855
198550
198551
198552
198553
198556
198557
198558
198559
198560
198561
198563
198564
198565
198566
198567
198568
198569
198570
198571
198572
198573
198576
198577
198579
198580
198581
198582
198583
198585
198586
198587
198590
198591
198592
198593
198594
198595
198596
198597
198598
198599
1986
198600
198601
198602
198603
198604
198605
198608
198609
198610
198611
198612
198614
198615
198618
198619
198620
198622
198623
198625
198626
198627
198628
198629
198631
198633
198634
198637
198638
198639
198640
198641
198642
198643
198644
198645
198646
198647
198648
198649
198650
198652
198653
198654
198655
198656
198657
198658
198659
198660
198661
198662
198663
198664
198665
198666
198667
198668
198669
198670
198671
198672
198674
198676
198677
198678
198683
198685
198686
198688
198689
198690
198691
198692
198693
198695
198697
1987
198700
198701
198702
198703
198704
198705
198707
198708
19871
198710
198715
198716
198718
198719
198724
198725
198726
198727
198728
198729
198732
198733
198735
198736
19874
198740
198741
198742
198744
198745
198746
198747
198748
198749
19875
198750
198751
198753
198755
198756
198757
198758
19876
198761
198762
198763
198764
198766
198767
198769
19877
198771
198772
198773
198774
198775
198776
198777
198778
198779
198780
198781
198782
198783
198784
198785
198786
198787
198788
198789
198790
198791
198792
198793
198794
198795
198796
198797
198798
1988
19880
198801
198802
198803
198804
198805
198807
198808
198809
198810
198811
198812
198813
198815
198816
198817
198819
198820
198821
198822
198823
198824
198825
198826
198827
198828
198829
198830
198831
198832
198833
198834
198835
198836
198837
198838
19884
198841
198842
198843
198844
198845
198847
198848
198849
198850
198851
198853
198855
198857
198859
19886
198860
198861
198862
198863
198864
198865
198867
19887
198870
198872
198873
198874
198875
198876
198878
198879
19888
198880
198881
198882
198883
198884
198885
198886
198887
198888
198889
198890
198892
198895
198897
198898
198899
1989
198901
198902
198904
198905
198908
198909
198910
198911
198912
198913
198915
198916
198917
198918
198919
198921
198923
198924
198925
198926
198927
198929
19893
198930
198931
198932
198933
198935
198936
198937
198938
198939
198940
198941
198943
198944
198945
198947
198948
198949
198950
198951
198952
198954
198957
198959
198960
198961
198963
198967
198968
198969
198971
198972
198973
198974
198976
198979
19898
198980
198981
198982
198983
198984
198986
198987
198988
198989
19899
198990
198992
198994
198997
198999
199
1990
19900
199001
199002
199003
199004
199005
199006
199007
19901
199010
199011
199014
199015
199016
199017
199018
199019
199020
199021
199022
199023
199024
199026
199027
199028
199029
199030
199031
199032
199033
199034
199036
199037
199038
19904
199041
199042
199043
199044
199045
199048
19905
199051
199052
199054
199055
199056
199058
199060
199062
199064
199067
199068
199069
199071
199072
199073
199074
199075
199076
199077
19908
199080
199081
199082
199085
199086
199087
199088
199089
199090
199091
199094
199095
199097
199099
1991
199100
199101
199102
199103
199104
199105
199106
199107
199109
199110
199112
199114
199116
199117
199119
19912
199120
199122
199123
199125
199127
199128
199129
19913
199130
199131
199132
199133
199134
199135
199136
199137
199139
199142
199143
199146
199147
199148
199151
199152
199153
199154
199155
199156
199157
199158
199159
199160
199161
199162
