199163
199164
199166
199167
199169
199170
199171
199172
199174
199175
199177
199178
199179
19918
199180
199181
199182
199183
199184
199186
199187
199188
199189
199190
199191
199192
199193
199194
199196
199197
199198
199199
1992
199203
199205
199206
199207
199208
199209
19921
199210
199211
199214
199215
199216
199219
199220
199221
199222
199223
199225
199226
199227
199229
199230
199231
199232
199233
199234
199235
199236
199237
199238
199239
199240
199241
199243
199244
199245
199246
199247
199248
199249
199250
199251
199252
199253
199255
199256
199257
199258
199260
199262
199263
199265
199266
199269
199270
199271
199273
199275
199276
199277
199278
199280
199283
199284
199285
199287
199288
19929
199290
199291
199292
199293
199296
199297
1993
19930
199300
199301
199305
199309
19931
199310
199311
199312
199314
199315
199317
199318
199319
199320
199321
199324
199325
199326
199327
199328
199329
19933
199330
199333
199334
199335
199336
199337
199338
199339
19934
199340
199341
199342
199343
199344
199346
199347
199348
199349
19935
199350
199351
199352
199353
199354
199355
199356
199357
19936
199360
199361
199362
199364
199365
199367
199368
199371
199372
199373
199374
199377
199378
199379
199381
199382
199383
199384
199386
199387
19939
199391
199392
199393
199396
199398
199399
1994
19940
199400
199402
199403
199404
199406
199408
199411
199412
199413
199414
199415
199418
199419
199420
199423
199424
199425
199426
199427
199429
199430
199431
199432
199433
199434
199435
199436
199437
199438
199439
199440
199441
199443
199444
199445
199446
199447
199448
199449
199450
199451
199452
199453
199454
199455
199456
199457
199458
199459
19946
199460
199461
199463
199464
199465
199466
199467
199468
19947
199470
199471
199472
199473
199474
199475
199476
199477
199478
199479
199480
199481
199482
199483
199484
199485
199486
199487
199489
19949
199490
199491
199493
199494
199495
199496
199497
199498
199499
1995
19950
199500
199501
199502
199503
199505
199506
199507
199508
199509
19951
199510
199511
199512
199513
199514
199515
199516
199517
199518
199519
19952
199521
199523
199525
199527
199528
19953
199530
199531
199532
199533
199534
199535
199536
199537
199538
199539
19954
199540
199542
199544
199546
199547
199549
19955
199550
199551
199552
199554
199555
199556
199557
199559
19956
199560
199563
199564
199565
199566
199568
19957
199570
199571
199573
199575
199576
199578
19958
199580
199581
199583
199584
199585
199588
19959
199591
199592
199595
199596
199597
199598
199599
1996
199600
199602
199603
199604
199605
199606
199607
199608
199609
19961
199612
199614
199615
199617
199618
199619
19962
199620
199624
199625
199626
199627
199628
19963
199630
199634
199635
199637
199638
199639
199642
199643
199644
199645
199647
199648
199649
19965
199650
199651
199653
199654
199655
199656
199657
199659
199660
199661
199662
199663
199665
199668
199669
19967
199670
199671
199673
199674
199675
199676
199677
199679
19968
199680
199682
199683
199684
199686
199687
199689
19969
199690
199691
199692
199693
199694
199695
199696
199697
199698
199699
1997
19970
199700
199701
199702
199703
199704
199705
199706
199708
199709
19971
199710
199711
199712
199713
199714
199715
199716
199717
199718
199719
19972
199720
199721
199722
199723
199724
199726
199727
199728
199729
19973
199731
199732
199733
199734
199736
199737
199738
199739
19974
199740
199741
199742
199743
199746
199747
199748
199749
19975
199750
199751
199752
199753
199754
199755
199756
199757
199758
199759
19976
199760
199762
199763
199764
199765
199766
199767
199769
199770
199771
199772
199773
199774
199775
199777
199778
199779
19978
199780
199782
199783
199784
199786
199787
199788
199790
199791
199792
199795
199796
199797
199798
199799
1998
19980
199800
199801
199802
199806
199807
199808
199809
199812
199814
199815
199816
199818
199819
199821
199822
199823
199825
199826
199827
199828
199830
199831
199832
199833
199834
199835
199838
199839
199840
199841
199842
199844
199846
199848
199851
199853
199855
199856
199857
199858
199859
199860
199861
199863
199864
199865
199866
199867
199868
199869
199870
199871
199872
199873
199874
199875
199876
199877
199878
199879
19988
199880
199881
199882
199883
199884
199886
199887
199888
199889
19989
199890
199891
199892
199893
199894
199895
199896
199898
199899
1999
199900
199901
199902
199903
199904
199905
199906
199908
199909
199911
199912
199913
199914
199916
199918
199919
199921
199922
199923
199924
199925
199926
199927
199928
199929
19993
199931
199932
199933
199934
199936
199937
199938
199939
19994
199940
199941
199942
199943
199944
199945
199946
199947
199948
199949
19995
199950
199951
199952
199953
199954
199957
199958
199959
19996
199960
199961
199962
199963
199964
199966
199967
199968
199969
19997
199971
199972
199973
199974
199975
199976
199977
199978
199979
19998
199980
199981
199982
199983
199984
199985
199986
199987
199988
199989
19999
199990
199991
199992
199993
199994
199996
199997
199998
199999
2
20
200
2000
20000
200000
200001
200002
200005
200008
200011
200012
200013
200015
200016
200018
200019
200021
200023
200024
200025
200027
200029
20003
200034
200036
200037
200038
20004
200044
200045
200047
200048
200050
200051
200054
200055
200057
200058
200059
20006
200060
200063
200064
200066
20007
200072
200073
200076
200077
200078
200085
200088
200089
20009
200090
200092
200094
200098
2001
200101
200102
200106
200112
200114
200115
200117
200118
200119
20012
200126
20013
200130
200131
200133
200138
200140
200144
200145
200148
20015
200154
200155
200156
20016
200160
200162
200165
20017
200170
200171
200172
200174
200177
200179
20018
200184
200189
20019
200190
200191
200193
200194
200195
200196
200198
200199
2002
200200
200201
200202
200203
200208
200209
20021
200211
200213
200214
200215
200217
200225
200229
200230
200236
200238
200239
20024
200242
200243
200244
200249
20025
200250
200251
200252
200254
200255
200256
200259
200262
200263
200264
200266
20027
200271
200272
200274
200277
200278
200279
20028
200280
200281
200284
200285
200289
20029
200292
200294
200295
200296
200297
200299
2003
20030
200304
200305
200307
200308
20031
200310
200311
200312
200314
200317
200319
20032
200321
200323
200324
200325
200326
20033
200331
200335
200336
200339
20034
200341
200342
200343
200346
200348
200356
200358
20036
200360
200364
200365
200366
200367
200369
200371
200372
200374
200375
200377
200379
200380
200381
200383
200384
200386
200387
200388
200390
200392
200393
200395
200398
200399
2004
200401
200402
200403
200404
200405
200406
200409
200411
200412
200413
200417
200418
200419
20042
200421
200422
200423
200424
200425
200426
200427
200428
20043
200430
200431
200432
200433
200434
200436
200437
200438
200439
20044
200440
200441
200443
200444
200445
200446
200447
200449
20045
200451
200453
200454
200455
200456
200458
200459
200462
200463
200464
20047
200475
200478
20048
200481
200482
200487
200488
200490
200491
200494
200497
200498
2005
200502
200503
200504
200505
200509
20051
200511
200513
200518
200521
200524
200525
200526
200527
200528
200529
20053
200530
200532
200534
200535
200542
200544
200545
200547
200548
20055
200552
200556
200559
200560
200562
200564
200565
200566
200568
200569
200570
200571
200572
200574
200576
200578
200580
200584
200586
200588
200594
200596
200599
2006
200600
200601
200603
200604
200606
200607
200608
200609
20061
200611
200612
200614
200615
200616
200617
200618
200619
20062
200623
200625
200627
20063
200630
200637
200639
20064
200645
200646
200647
200649
20065
200654
200655
200656
200658
20066
200660
200661
200662
200663
200665
200667
20067
200670
200671
200672
200673
200674
200675
200677
200678
200679
20068
200680
200681
200685
200689
20069
200692
200693
200694
200695
200696
200697
2007
200700
200703
200704
200705
200707
200708
200709
20071
200711
200712
200713
200715
200717
200719
20072
200721
200722
200723
200724
200725
200727
200732
200733
200734
200735
200736
200738
200740
200741
200743
200745
200746
200748
20075
200751
200752
200754
200755
200756
200757
200758
200759
200760
200761
200763
200765
200768
200769
20077
200770
200771
200773
200774
200775
200778
200779
20078
200780
200781
200782
200785
200786
200787
20079
200796
200797
200798
2008
20080
200800
200802
200803
200805
200806
200807
200808
20081
200810
200811
200814
200815
200816
200819
20082
200820
200821
200822
200823
200824
200825
200826
200828
20083
200830
200832
200833
200834
200836
200837
20084
200840
200842
200843
200845
200846
200847
200848
200849
20085
200851
200852
200860
200861
200862
200863
200867
200868
20087
200870
200871
200872
200879
200884
200885
200887
20089
200891
200893
200894
200895
200896
200899
2009
200900
200903
200905
200907
200918
200919
20092
200921
200923
200924
200926
200927
200929
20093
200930
200932
200934
200936
200938
200939
200940
200941
200942
200944
200946
200950
200951
200953
200954
200957
200958
20096
200961
200964
200966
200968
200969
200971
200975
200976
200977
200978
20098
200980
200981
200983
200986
200987
200988
200989
200990
200991
200992
200995
200997
200998
201
2010
201000
201002
201003
201004
201006
201008
201010
201018
201020
201022
201024
201025
201028
201029
20103
201032
201033
201036
201039
201040
201043
201044
201045
201048
201049
20105
201051
201054
201056
20106
201063
201065
201066
201068
20107
201070
201071
201074
201075
201076
201078
201079
20108
201084
201085
201086
201088
201090
201092
201093
201094
201095
201096
201097
201098
201099
2011
20110
201100
201101
201102
201109
201110
201116
201117
201118
201119
201121
201123
201124
201125
201126
201128
201129
20113
201130
201131
201132
201133
201136
201137
201139
201142
201144
201145
201147
201148
201149
20115
201150
201151
201152
201153
201154
201155
201156
201159
20116
201160
201162
201163
201164
201165
201166
201167
201168
201169
201171
201172
201174
201175
201176
201177
201178
201180
201181
201184
201186
201188
201189
201190
201192
201193
201194
201195
201196
201199
2012
20120
201201
201205
201207
201208
201209
20121
201210
201211
201213
201214
201215
20122
201221
201223
201228
20123
201231
201234
201235
201236
201238
201239
201244
201245
201248
201249
20125
201253
201254
20126
201261
201265
201267
20127
201270
201272
201274
201277
20128
201282
201283
201284
201287
20129
201290
201292
201294
201295
201297
201298
201299
2013
20130
201300
201304
201313
201317
201319
20132
201320
201321
201324
201325
201328
201329
20133
201334
201335
20134
201342
201343
201344
201345
201346
201347
201348
201350
201351
201355
201358
20136
201360
201361
201363
201365
201368
201369
20137
201371
201372
201374
201375
201377
20138
201380
201383
201386
20139
201398
2014
201400
201402
201404
201405
201406
201408
201409
20141
201411
201414
201415
201417
201418
201419
201421
201422
201423
201424
201426
201429
201430
201432
201434
201436
201439
20144
201445
201447
201449
201451
201453
201454
201458
20146
201465
201466
201467
201469
20147
201470
201471
201472
201474
201475
201476
201477
201478
201479
20148
201481
201484
201485
201486
201488
201491
201492
201493
2015
201519
20152
201521
201522
201526
201528
20153
201531
201532
201543
201549
20155
201550
201552
201553
201558
20156
201560
201561
201563
201568
201569
201571
201579
20158
201581
201586
201588
201590
201591
201594
201595
201598
2016
20160
201600
201604
201605
201609
20161
201614
201618
201619
20162
201620
201622
201623
201626
20163
201633
201634
201637
201639
20164
201641
201642
201643
201644
201646
201647
201648
201650
201652
201658
201659
201662
201664
201666
201667
201671
201672
201673
201674
201675
201676
201677
201678
201683
201685
201686
201692
201695
2017
201701
201702
201703
201705
201706
201708
20171
201710
201711
201712
201713
201715
201716
201717
201718
20172
201720
201721
201724
201725
201726
201728
201729
20173
201730
201732
201733
201734
201735
201736
201739
20174
201740
201743
201745
201749
20175
201750
201752
201753
201759
201760
201762
201763
201764
201765
20177
201770
201771
201772
201773
201777
201779
20178
201781
201783
201784
201786
201787
201789
201792
201793
201795
201797
201798
201799
2018
20180
20181
201810
201811
201815
201816
201818
20182
201822
201823
201828
20183
201834
201837
201838
201839
20184
201840
201842
201843
201844
201845
201847
201849
20185
201850
201852
201857
201858
201859
20186
201861
201865
201867
201868
20187
201870
201874
201875
201876
201878
201879
20188
201881
201882
201884
201885
201887
201889
201893
201894
201895
201897
201898
201899
2019
201903
201905
201907
201909
201912
201913
201915
201917
201918
201919
20192
201920
201921
201923
201924
201926
201927
201928
20193
201931
201933
201934
201935
201936
201937
201938
201942
201944
201946
201950
201954
201956
20196
201961
201964
201966
201967
201968
201969
20197
201970
201972
201973
201974
201975
201977
201978
201979
201980
201981
201982
201983
201984
201985
201987
201989
201990
201992
201993
201994
201996
201997
201998
201999
2020
20200
202000
202001
202004
202006
202007
202008
202009
202010
202012
202014
202015
202017
202018
202019
202020
202021
202022
202023
202024
202025
202026
202027
202028
202029
202031
202032
202033
202034
202036
202037
202038
202039
202041
202042
202044
202045
202046
202047
202048
20205
202050
202051
202052
202053
202054
202055
202057
202059
202061
202064
202065
202066
202067
202069
202070
202071
202074
202077
202080
202081
202083
202084
202087
202088
202091
202093
202094
202096
202097
202099
2021
20210
202102
202104
202105
202109
20211
202111
202113
202115
202116
202123
202125
202126
202128
20213
202132
202135
202136
202138
202139
202140
202141
202142
202143
202144
202146
202147
202148
20215
202150
202151
202152
202154
202155
202156
202158
20216
202162
202163
202169
202171
202172
202173
202174
202175
202176
202179
202181
202182
202183
202186
202189
202190
202192
202193
202197
202198
202199
2022
20220
202200
202201
202202
202208
202209
20221
202211
202214
202215
202216
20222
202220
202225
202226
20223
202232
202233
202234
202235
202236
202238
202239
20224
202243
202244
202245
202246
202247
202248
20225
202251
202253
202254
202259
20226
202262
202263
202264
202265
202266
202267
20227
202270
202271
202272
202273
202274
202275
202276
202277
202278
202279
202280
202281
202282
202283
202284
202285
202286
202287
202289
202290
202291
202293
202295
202296
202297
202299
2023
202300
202302
202304
202305
202306
202307
202308
202309
20231
202310
202311
202312
202313
202315
202316
202317
202318
202320
202321
202323
202324
202326
202327
202328
20233
202330
202331
202332
202333
202335
202336
202337
202338
202339
202341
202343
202346
202347
202348
202349
20235
202350
202351
202352
202353
202354
202355
202356
202357
202358
202359
20236
202360
202361
202362
202363
202364
202365
202367
202368
202369
20237
202370
202371
202373
202374
202375
202377
202379
20238
202380
202381
202382
202383
202384
202385
202386
202387
202388
202389
20239
202390
202391
202392
202393
202394
202396
202397
202399
2024
202400
202401
202402
202404
202405
202406
202407
202408
202409
202410
202413
202414
202418
20242
202423
202425
202427
202432
202433
202434
202436
202437
202438
20244
202440
202443
202447
202449
202450
202451
202454
202455
202456
202457
202459
20246
202460
202461
202462
202463
202464
202465
202466
202467
202469
202471
202472
202474
202475
202476
202479
202480
202481
202482
202483
202484
202485
202487
202491
202493
202495
202497
202498
2025
202500
202502
202504
202505
202506
202508
202509
202511
202513
202514
202515
202516
202518
202520
202522
202523
202525
202527
202530
202531
202532
202536
202537
202538
202541
202545
202546
202547
202548
202549
202550
202551
202553
202556
202557
20256
202561
202563
202564
202568
202569
202570
202571
202573
202574
202575
202576
202577
202579
202580
202582
202584
202586
202587
202588
202590
202592
202593
202595
202598
2026
20260
202602
202603
202604
202605
202606
202607
202608
202612
202613
202616
202618
202619
20262
202620
202622
202624
202626
202628
202629
20263
202630
202633
202634
202635
202637
202639
20264
202641
202643
202644
202651
202654
202656
202657
202658
202659
202661
202662
202663
202665
202669
202670
202673
202674
202676
202678
20268
202681
202683
202684
202688
202689
202690
202692
202695
20270
202701
202704
202705
202706
202707
202709
20271
202710
202711
202712
202717
202719
202720
202721
202722
202723
202724
202727
202729
202730
202736
202739
202740
202741
202742
202744
202746
202747
202749
202751
202754
202756
202758
202759
20276
202760
202763
202764
202765
202766
202768
202769
20277
202771
202772
202773
202775
202776
202777
202778
202779
20278
202783
202784
202785
202787
202789
202791
202792
202794
202796
202797
2028
202804
202807
202814
202817
202818
202820
202822
202825
202826
202827
20283
202832
202837
202839
20284
202840
202842
202843
202844
202847
202848
202849
20285
202850
202851
202853
202856
202859
20286
202861
202863
202864
202865
202868
202869
20287
202872
202873
202875
202877
202881
202883
202885
202886
20289
202893
202895
202897
202899
2029
20290
202901
202907
20291
20292
202923
202926
202927
20294
202940
202941
202943
202945
202947
20295
202951
202952
202953
202954
202955
202956
202958
202959
20296
202960
202962
202963
202964
202965
202967
202968
202969
202971
202973
202977
202978
202979
20298
202980
202981
202983
202984
202986
202987
202989
20299
202990
202992
202996
203
2030
203002
203008
203009
20301
203012
203013
203014
203016
203019
20302
203021
203022
203023
203024
203025
20303
203030
203033
203034
203035
203039
20304
203040
203042
203044
203045
203046
203047
203048
203049
20305
203050
203051
203053
203055
203058
203059
20306
203060
203062
203064
203065
203066
203067
203068
203069
20307
203070
203071
203072
203074
203076
20308
203081
203082
203084
203087
203089
20309
203090
203091
203093
203094
203095
2031
20310
203100
203101
203102
203104
20311
203110
203111
203112
203113
203114
203115
203116
203117
203119
20312
203121
203122
203124
203125
203126
203128
203129
20313
203131
203133
203135
203136
203137
203138
203139
203140
203145
20315
203150
203151
203152
203153
203154
203155
203156
203158
20316
203161
203163
203165
203166
203168
203170
203174
203179
20318
203181
203182
203186
20319
2032
20320
203217
203218
203219
20322
203221
203222
203226
20323
203232
203233
203235
20324
203240
203241
203242
203244
203245
203246
203248
203249
20325
203251
203252
203254
203257
203258
203259
203260
203261
203263
203264
203266
203268
203270
203272
203273
203275
203277
20328
203280
203284
203289
20329
203291
203294
2033
20330
203304
203305
203308
203310
203314
203316
203319
20332
203321
203322
203325
203327
203329
20333
203331
203336
203339
20334
203345
203346
203349
20335
203351
203355
203358
20336
203367
20337
203372
203374
203375
203381
203385
20339
203391
203396
203397
203398
2034
20340
203409
20341
203415
20342
203422
203425
20343
203433
20344
203447
203451
203453
203455
203458
203464
203466
20347
203472
203473
203474
203476
203477
20348
20349
2035
203502
203503
203505
203506
203509
20351
203510
203513
203516
20352
203525
203527
203529
20353
203530
203531
203533
203534
203536
203538
203539
203544
203545
203546
203547
203548
203549
203551
203552
203553
203555
203556
203557
203558
203559
20356
203560
203562
203563
203564
203566
203567
203568
203569
20357
203570
203573
203574
203576
203577
203579
20358
203583
203584
203586
203588
20359
203591
203592
203593
203598
203599
2036
20360
203600
203602
203604
203605
203606
203609
20361
203610
203611
203612
203613
203618
20362
203622
203623
203627
203629
20363
203633
203634
203637
203638
20364
203640
203641
203646
203648
20365
203651
203652
203653
203655
203657
203658
203659
20366
203660
203662
203663
203664
203665
203667
20367
203675
203676
203680
203683
203684
203685
203695
203696
203697
203698
203699
2037
20370
203700
203706
203708
20371
203714
203715
20372
203720
203721
203723
203726
203731
203734
203736
203738
203739
203742
203745
203746
20375
203757
203758
203759
203760
203762
203763
203765
20377
203770
203774
203778
20378
203780
203785
203788
20379
203791
203793
203794
203796
2038
203801
203802
203803
203805
203806
203808
203810
203811
203812
203813
203814
203816
203819
20382
203820
203821
203822
203823
203824
203826
203827
203828
203829
203830
203831
203832
203833
203834
203835
203836
203837
203838
203839
203840
203841
203842
203843
203844
203846
203847
203848
20385
203852
203854
203858
203859
20386
203860
203863
203864
203872
203873
203878
20388
203880
203881
203883
203887
203888
20389
203890
203892
203894
203896
203897
203898
2039
20390
203900
203901
203902
203903
203905
203907
20391
203912
203914
203916
203918
203919
203920
203922
203924
203925
203927
203928
203929
203931
203933
203934
203944
203946
203947
203949
203950
203952
203954
203955
203957
203958
203960
203961
203963
203964
203966
203968
203969
203970
203971
203972
203973
203974
203975
203976
203977
203978
203979
203980
203981
203983
203984
203986
203988
203989
203991
203992
203994
203996
203997
204
204000
204002
204004
204006
204007
204009
204011
204013
204014
204015
204016
204017
204018
204019
204020
204021
204022
204024
204026
204027
204029
204030
204031
204032
204033
204034
204035
204036
204037
204038
204039
204040
204043
204044
204046
204047
20405
204050
204051
204053
204059
20406
204064
204065
204066
20407
204071
204073
204074
20408
204082
204083
204084
204085
204086
204087
204089
20409
204090
204091
204092
204093
204095
20410
204101
204107
204108
204109
20411
204112
204113
204114
204115
204116
204117
204119
204122
204125
204128
20413
204130
204131
204134
204136
204137
204138
204139
20414
204142
204143
204144
204146
204149
20415
204151
204152
204154
204155
204156
204159
20416
204160
204161
204163
204164
204165
204166
204167
204169
20417
204170
204171
204172
204173
204175
204176
204178
204179
20418
204182
204183
204185
204186
204187
204188
204189
20419
204190
204192
204194
204196
204198
204199
2042
204202
204203
204204
204205
204207
204208
20421
204211
204213
204216
204217
204219
20422
204221
204222
204223
204224
204225
204227
204228
20423
204232
204233
204234
204236
204237
204239
20424
204240
204242
204244
204245
20425
204251
204252
204254
204255
204258
204259
204260
204261
204264
204267
204269
204270
204271
204273
204274
204275
204276
204277
204278
204279
204280
204288
20429
204291
204293
204294
204295
204296
2043
20430
204302
204306
204307
20431
204311
204313
204315
204316
204317
204319
20432
204323
204327
204330
204331
204333
204336
204341
204342
204344
204345
204346
204347
204348
204349
20435
204351
20436
204360
204362
204366
204367
204371
204372
204376
20438
204382
204383
204384
204385
204388
204389
20439
204391
204392
204393
204395
204397
2044
204401
204402
204405
204407
204408
20441
204411
204413
204414
204415
204416
204419
20442
204420
204421
204422
204423
204424
20443
204431
204432
204434
204435
204436
204437
20444
204441
204442
204444
204445
204446
204448
20445
204450
204451
204452
204453
204455
204456
204457
20446
204461
204463
204467
204469
204472
204473
204474
204477
204482
204483
204484
204485
204487
204489
20449
204491
204495
2045
20450
204500
204503
204505
204506
204507
204513
204514
204515
20452
204520
204522
204528
204529
20453
204530
204534
204539
20454
204540
204542
204545
204549
20455
204550
204551
204553
204554
204555
204558
204559
204560
204563
204565
204566
204567
204569
20457
204577
204578
20458
204581
204582
204584
204586
204588
204595
2046
204600
204601
204602
204603
204604
204605
204606
204607
204608
204609
204611
204612
204614
204620
204622
204623
204625
204627
204628
204633
204634
204641
204643
204645
204646
20465
204653
204656
204659
204660
204661
204662
204663
204666
204667
204668
204670
204671
204672
204674
204675
204676
204677
204678
204679
20468
204681
204683
204684
204685
204686
204687
204688
204689
204690
204691
204693
204694
204696
204697
2047
20470
204700
204701
204702
204703
204704
204705
204706
204707
204708
204709
20471
204710
204711
204712
204715
204716
204719
20472
204721
204722
204723
204724
204725
204727
204728
204729
20473
204730
204731
204732
204733
204734
204736
204737
204738
204741
204744
204745
204747
204748
204749
204751
204753
204754
204755
204756
204757
204760
204761
204762
204763
204767
204768
204769
204771
204772
204774
204776
204779
20478
204781
204784
204788
204794
204797
204798
204799
2048
20480
204800
204802
204803
204804
204806
204807
204808
20481
204810
204812
204813
204814
204815
204817
204818
204819
20482
204821
204822
204823
204825
204829
20483
204831
204832
204836
204837
204839
20484
204841
204846
204847
204848
20485
204850
204852
204853
204854
204857
204865
204869
204871
20488
204882
204884
204887
204888
204889
204890
204891
204893
204894
204897
204898
2049
204901
204904
204906
20491
204912
204913
204914
204915
204919
20492
204922
20493
204932
20494
204944
204946
204948
204949
20495
204950
204951
204953
204954
204956
204958
204959
20496
204960
204962
204963
204964
204965
204967
204968
204969
20497
204971
204973
204975
204976
204977
204978
204979
204980
204988
20499
204994
204996
204997
204998
204999
205
205000
205001
205003
205004
205005
205007
205008
205009
205013
205014
205015
205016
205017
20502
205022
205024
205028
205030
205031
205032
205034
205035
20504
205040
205042
205044
205045
205047
205048
205050
205052
205054
205055
205056
20506
205061
205065
205067
205068
20507
205071
205072
205075
205076
205077
20508
205080
205081
205082
205087
205088
205089
205091
205092
205093
205096
205098
205099
20510
205100
205101
205104
205105
205106
205107
20511
205110
205111
205112
205114
205116
205123
205124
205125
205126
205127
20513
205131
205132
205133
205135
205137
205138
205139
205140
205142
205185
205187
205188
205189
205191
205192
205193
205195
205197
20520
205202
205204
205207
205208
20521
205210
205211
205212
205215
205216
205218
205219
205220
205221
205223
205224
205225
20523
205232
205233
205234
205235
205236
205237
205238
205239
205241
205243
205245
205247
205248
205249
20525
205250
205251
205252
205254
205255
205256
205257
205258
205259
205260
205261
205262
205263
205264
205266
205267
20527
205270
205272
205275
205277
20528
205280
205281
205282
205283
205284
205285
205287
20529
20530
20531
205311
20532
205320
205321
205327
20533
205330
205331
205332
205337
205339
20534
205341
205343
205344
205345
205346
205347
205348
20535
205350
205354
205358
205359
20536
205361
205362
205363
205364
205365
205366
205367
205368
205369
20537
205370
20538
205380
205381
205382
205383
205384
205387
205389
20539
205391
205392
205394
205396
205397
205398
205399
2054
20540
205401
205406
205407
205408
205409
20541
205410
205412
205414
205415
205416
205417
205419
20542
205421
205422
205424
205425
205427
205429
20543
205430
205432
205434
205436
205439
20544
205443
205444
205445
205446
205447
205448
205449
20545
205451
205452
205453
205454
205456
205458
20546
205460
205461
205462
205463
205464
205466
205467
205469
205470
205471
205473
205475
205477
205478
20548
205481
205482
205483
205485
205490
205491
205492
205493
2055
205501
205504
205505
20551
205510
205514
205515
205522
205524
205528
20553
205530
205532
205533
205542
205548
205550
205552
205555
205556
205557
205558
205559
20556
205560
205562
205565
205566
205567
205570
205573
205575
20558
205584
205585
205587
205588
205593
205596
205598
205599
2056
205601
205604
205605
205606
205608
205609
20561
205610
205611
205612
205616
205618
20562
205621
205622
205623
205624
205625
205626
205627
205629
20563
205633
205636
205637
205638
205639
20564
205641
205642
205644
205645
205646
205648
205649
20565
205650
205651
205652
205659
205660
205661
205663
205665
205666
205667
205668
20567
205670
205673
205674
205676
205679
205680
205685
205686
205689
205697
2057
20570
205700
205704
205707
205708
205709
205711
205712
205715
205716
205718
20572
205722
205724
205728
205731
205732
205733
205736
20574
205740
205741
205744
205746
205749
20575
205751
205753
205759
20576
205760
205761
205763
205768
205769
20577
205770
205771
205772
205774
205775
205778
20578
205784
205785
20579
205793
205795
205796
205798
205799
2058
20580
205803
205806
205809
205810
205812
205813
205814
205815
205816
205818
205819
205821
205822
205823
205824
205825
205827
20583
205831
205832
205836
205838
20585
205857
205861
205862
205864
205865
205866
205867
205868
205869
205870
205871
205872
205874
205875
205876
205877
205878
205879
205883
205887
205889
205891
205894
205895
205897
205898
2059
205900
205902
205903
205907
205908
20591
205910
205912
205917
205919
20592
205920
205921
205922
205924
205926
205929
205930
205931
205932
205933
205935
205939
20594
205940
205942
205943
205946
205948
205949
20595
205950
205952
205955
205957
205960
205962
205963
205966
205967
205969
205970
205972
205973
205975
205980
205984
205985
205986
205988
205989
205990
205992
205996
205997
205998
206
2060
206000
206001
206002
206003
206004
206006
206008
206009
20601
206010
206011
206012
206013
206015
206018
206019
206022
206026
206027
206030
206031
206032
206033
206034
206035
206039
20604
206042
206046
206047
20605
206050
206051
206052
206054
206056
206057
206059
20606
206061
206063
206065
206067
206069
20607
206070
206071
206074
206075
206077
206079
20608
206081
206082
206083
206084
206085
206086
20609
206091
206093
206097
206099
2061
20610
206102
206106
20611
206110
206113
206118
206119
206120
206121
206122
206124
206126
206129
206132
206133
206135
206137
206139
206141
206145
206146
206149
206150
206153
206154
206155
206156
206157
206158
206159
20616
206160
206161
206162
206163
206166
206167
206168
206169
20617
206170
206171
206173
206174
206175
206176
206177
20618
206183
206185
206186
206187
206188
206189
20619
206191
206192
206194
206195
206196
206197
206198
206199
2062
206200
206201
206202
206203
206204
206206
206207
20621
206213
20622
206222
206223
206224
206229
20623
206230
206231
206234
206237
206239
206240
206242
206247
20625
206250
206251
206257
20626
206260
206262
206264
206265
206266
206267
206271
206272
206274
206275
206277
20628
206282
206283
206284
206287
206289
20629
206290
206292
206294
206296
20630
206300
206301
206302
206309
20631
206312
206313
206319
20632
206321
206322
206324
206326
206328
206345
206349
206354
206355
206356
206358
206359
206361
206362
206363
206364
206367
20637
206370
206372
206373
206375
206376
206377
206378
20638
206380
206383
206384
206385
206388
206389
20639
206390
206391
206392
206396
206397
206398
2064
20640
206400
206401
206402
206403
206404
206405
206408
206409
20641
206410
206411
206412
206413
206414
206417
206419
20642
206421
206424
206425
206426
206428
20643
206436
206437
206439
20644
206440
206442
206443
206446
20645
206450
206452
206453
206454
206455
206459
20646
206461
206462
206464
206467
20647
206471
206477
20648
206480
206481
206487
20649
206497
2065
20650
206508
20651
206512
206515
206518
20652
206521
206522
206523
206524
206525
206526
206527
206528
20653
206530
206531
206532
206533
206535
206536
206537
206538
206540
206542
206543
206545
206546
206548
206555
20656
206561
206563
206568
206572
206573
206574
206575
206576
206577
206578
206580
206581
206584
206585
206588
206589
206590
206591
206592
206594
206595
206596
206598
206599
206600
206601
206602
206603
206604
206605
206606
206607
206608
206609
20661
206610
206612
206615
206616
206617
20662
206620
206622
206623
206624
206625
206626
206628
206629
20663
206630
206632
206633
206634
206635
206636
206638
206639
206640
206641
206642
206643
206644
206647
206648
20665
206650
206653
206656
206657
206660
206661
206664
206669
206671
206672
206673
206674
206675
20668
206688
20669
206696
206697
206699
2067
206700
206705
206710
206712
206714
206717
206719
206720
206721
206722
206724
206725
206726
206728
206729
206732
206734
206737
206738
206739
20674
206740
206741
206742
206744
206745
206746
206747
206748
206749
20675
206751
206756
206757
206758
206759
20676
206761
206763
206764
206765
206766
206767
206769
20677
206771
206772
206773
206775
206776
206777
206778
206779
20678
206781
206782
206787
206789
20679
206790
206791
206792
206793
206794
206796
206798
20680
206800
206802
206803
206806
206808
20681
206815
206817
206818
206819
20682
206820
206821
206822
206824
206829
20683
206831
206832
206836
206837
206838
206839
20684
206841
206843
206844
206846
206847
206848
206851
206858
206859
20686
206860
206863
206865
206866
206867
206868
206869
20687
206870
206872
206874
206876
206877
206879
206880
206881
206884
206888
206889
20689
206890
206891
206896
206899
2069
206900
206901
206903
206904
206906
206907
206910
206914
206915
206916
206917
206918
206919
206920
206922
206923
206924
206926
206929
20693
206930
206933
206936
206937
206938
206939
20694
206944
206945
206946
206948
206949
20695
206950
206951
206952
206953
206954
206956
206957
206958
206959
206960
206961
206965
206967
206968
20697
206970
206971
206972
206973
206978
206980
206982
206983
206985
206986
206991
206994
206996
206998
206999
207
2070
20700
207000
207001
207003
207004
207005
207009
20701
207010
207011
207013
207015
207016
207017
207021
207023
207027
20703
207031
207036
207038
20704
207040
207044
207045
207052
207058
20706
207060
207061
207062
207063
207068
207071
207073
207076
207079
207080
207083
207084
207085
207087
207088
207098
2071
207107
207110
20712
207120
207123
207125
207126
20713
207136
207137
207138
20714
207141
207143
20715
207150
207154
207156
207159
20716
207160
207161
207171
207172
207173
207174
207177
207178
20718
207181
207182
207183
207184
207185
207186
20719
207192
207194
207196
207197
207198
2072
20720
207200
207202
207207
20721
207216
207219
20722
207221
207223
207225
207226
207229
20723
207233
207234
207235
207237
207238
207239
20724
207240
207241
207242
207243
207245
207247
207249
207251
207252
207253
207255
207257
207258
207259
20726
207260
207261
207262
207263
207265
207267
207268
207269
207270
207271
207272
207273
207274
207275
207277
207278
207279
207280
207281
207282
207284
207286
207291
207293
207294
207297
207298
207300
207301
207304
207307
20731
207314
207316
207317
207323
207324
207326
207329
207330
207335
207336
207337
207338
207340
207341
207342
207344
207345
207347
20735
207350
207351
207353
207356
207358
20737
207376
207377
207378
207379
207381
207383
207384
207385
207386
207387
207390
207392
207393
207394
207396
207397
207399
2074
207401
207402
207406
207408
207410
207412
207413
20742
207420
207421
207423
207427
207431
207433
207434
207435
207437
207438
207441
207443
207444
207448
207449
207451
207452
207453
207454
207455
207456
207457
207458
207459
207462
207463
207464
207465
207467
207468
207469
207471
207474
207475
207479
20748
207482
