207483
207487
207489
207493
207494
207496
207498
207499
2075
20750
207500
207502
207503
207507
207508
207511
207514
207516
207517
20753
207532
207541
20755
207558
20756
207560
207571
20758
207586
207587
207589
20759
207590
207591
207592
207598
207599
2076
20760
207600
207605
207608
20761
207615
207617
207618
20762
207622
207625
207629
20763
207630
207633
207634
207636
207638
20764
207641
207642
207644
207649
207650
207653
207655
207656
207658
207659
207660
207661
207662
207663
207666
207669
207670
207671
207672
207675
207680
207681
207686
207688
20769
207691
207693
207695
207696
207698
207699
2077
20770
207703
207704
207705
207706
207707
207709
20771
207711
207713
207715
207720
207721
207722
207724
207725
207726
207727
207729
207731
207732
207733
207735
207738
20774
207740
207741
207743
207746
207747
207748
207750
207751
207752
207753
207757
20776
207760
207762
207763
207765
207766
207768
207769
20777
207770
207772
207773
207774
207775
207779
20778
207780
207782
207783
207784
207785
207788
207789
20779
207790
207791
207796
207797
2078
20780
207800
207801
207803
207805
207807
207809
20781
207811
207812
207814
207815
207818
207819
20782
207821
207822
207823
207825
207827
207828
207830
207834
207836
207837
207838
20784
207841
207844
207846
207847
207848
207849
20785
207850
207851
207852
207853
207856
207858
207859
20786
207862
207864
207867
207868
20787
207871
207872
207875
207879
207883
20789
207890
207892
207893
207894
2079
207900
207901
207902
207903
207906
207909
20791
207911
207915
207916
207917
207918
207919
20792
207920
207921
207924
207927
207928
207929
207930
207932
207933
207936
207937
20794
207941
207945
207947
207950
207955
207956
207957
207961
207963
207966
207968
207970
207972
207974
207975
207983
207984
207987
207990
207991
207993
207995
207999
2080
208000
208001
208004
208005
208007
208009
20802
208026
208028
20803
208034
208035
208036
208038
208039
208042
208043
208045
208051
208054
208055
20806
208061
208063
208064
208072
208074
208075
208077
208081
208082
208085
208086
208090
208091
208093
208094
208095
208096
208098
208100
208102
208103
208104
208106
208107
208108
208109
20811
208110
208111
208112
208114
208115
208116
208123
208128
20813
208130
208132
208134
208136
208145
208147
20815
208150
208152
208153
208156
208158
208160
208162
208163
208165
208171
208172
208173
208175
208177
208179
208180
208182
208183
208184
208186
208188
208190
208191
208192
208193
208195
208197
208198
208199
2082
208200
208202
208203
208205
208207
208209
208210
208211
208214
208215
208216
208222
208225
208227
208231
208233
208234
208235
208236
208238
208239
208241
208242
208245
20825
208253
208255
208258
208259
20826
208260
208261
208262
208263
208268
208269
208271
208272
208275
208277
208279
208280
208281
208283
208284
208285
208286
208288
208289
20829
208291
208294
208295
208296
208298
2083
208300
208301
208302
208303
208305
208307
208309
208312
208315
208319
20832
208327
20833
208333
208344
208345
208350
208355
208358
208359
208362
208363
208364
208366
208367
208368
208369
20837
208370
208371
208372
208373
208374
208375
208376
208377
208378
208381
208383
208385
208386
208389
208391
208392
208393
208394
208396
208398
208399
2084
208400
208401
208402
208404
208405
208406
208407
208408
208409
208413
208414
208417
208418
20842
208425
208427
208429
20843
208430
208431
208433
208434
208435
208436
208438
208439
20844
208443
208445
208446
208447
208448
208449
208450
208451
208453
208457
208458
20846
208461
208462
208463
208466
208467
208468
208469
20847
208472
208474
208478
208479
20848
208482
208485
208487
208488
20849
208492
208494
208495
208498
2085
20850
208500
208501
208505
208507
208510
208512
208515
208517
208519
208521
208522
208524
208527
208529
20853
208530
208531
208538
208540
208541
208542
208543
208544
208546
208547
208548
20855
208550
208551
208552
208553
208554
208555
208556
208559
20856
208561
208562
208566
208567
208569
20857
208570
208572
208573
208574
208575
208579
20858
208581
208583
208587
20859
208592
208593
208594
208597
208599
2086
20860
208600
208603
208606
208608
208609
20861
208611
208613
208614
208617
208619
20862
208621
208623
208624
208625
208626
208628
20863
208632
208634
208635
208636
208637
208639
20864
208640
208643
208644
208645
208648
208649
208650
208654
208657
208658
208661
208665
208668
208669
208670
208671
208672
208673
208676
208678
208679
20868
208681
208682
208683
208684
208688
208689
208691
208692
208693
208694
208695
208696
208697
2087
20870
208700
208701
208703
208704
208705
208707
208708
208709
20871
208713
208717
208718
208719
208720
208723
208725
208728
208729
20873
208731
208732
208733
208735
208736
208737
208739
20874
208740
208743
208745
208746
208748
208756
208758
208759
20876
208763
208771
20878
208781
208783
208785
208788
208789
20879
208790
208795
208798
2088
20880
208801
208802
208803
208804
208806
208807
208809
208811
208816
208817
20882
208820
208822
208823
208827
208828
20883
208830
208831
208833
208835
208837
208838
208839
20884
208840
208842
208843
208847
208849
20885
208852
208853
208854
208855
208857
20886
208860
208869
208870
208871
208873
208874
208876
208878
208885
208889
208895
208897
208899
2089
208908
20891
208910
208913
208916
208917
208919
208923
208924
208928
20893
208930
208931
208932
208933
208934
208935
208936
208937
208939
20894
208940
208943
208944
208948
208949
208950
208952
208953
208955
208958
208966
208967
208968
20897
208974
208977
20898
208981
208982
208983
208986
208989
20899
208990
2090
20900
209020
209022
209023
209024
209025
209027
20903
209030
209032
209035
209037
209039
20904
209040
209041
209042
209045
209049
20905
209055
209057
209058
20906
209061
209063
209068
20907
209070
209074
20908
209084
209088
20909
209090
209091
209093
209096
2091
20910
209100
209103
209107
209108
209109
20911
209112
209114
209115
209116
209118
20912
209120
209121
209124
209125
209127
209130
209132
209133
209134
209135
209136
209138
20914
209140
209141
209146
209147
209149
20915
209150
209152
209153
209154
209155
209156
209157
209159
20916
209160
209161
209163
209164
209166
209167
209168
209169
20917
209171
209174
209175
209176
209179
209182
209183
209184
209185
209187
209189
20919
209192
209194
209195
209197
2092
209200
209201
209202
209204
209207
209208
209209
20921
209210
209212
209213
209215
209216
209219
209221
209223
209225
209227
209228
209230
209231
209232
209234
209236
209238
209240
209241
209242
209244
209245
209247
209248
209249
209251
209256
209257
209262
209263
209266
209267
209269
20927
209270
209271
209274
209275
209276
209282
209283
209284
209288
20929
209290
209291
209292
209293
209294
209295
209297
209298
2093
20930
209301
209302
209304
209305
209306
209307
209308
20931
209311
209312
209313
209314
209315
209316
209318
209319
20932
209320
209321
209322
209323
209325
209326
209327
209328
209329
20933
209330
209331
209332
209333
209334
209336
209337
209338
209339
209340
209341
209342
209343
209345
209346
20935
209350
209352
209353
209354
209355
209356
209357
209358
209361
209362
209364
209365
209367
209369
209371
209373
209374
209375
209376
209378
209379
20938
209380
209384
209385
2094
209401
209403
209406
209408
20941
209410
209411
209412
209413
209414
209415
209416
209418
209419
20942
209420
209422
209424
209426
209428
20943
209431
209432
209433
209434
209436
209437
209439
20944
209440
209441
209442
209443
209446
209447
209449
20945
209451
209453
209454
20946
20947
209471
20949
209490
209492
209495
209496
209498
209499
2095
209500
209504
209505
209506
209508
209509
209510
209511
209513
209516
209517
209518
209519
209520
209521
209523
209524
209527
209528
209535
209536
209537
209538
209541
209542
209543
209545
209548
209551
209553
209556
209557
209559
209564
209565
209567
209569
209570
209571
209572
209574
209578
209579
209581
209582
209583
209584
209585
209587
209591
209592
209593
209594
209595
209598
209599
2096
209601
209603
209604
209605
209607
209609
209610
209611
209612
209614
20962
209622
209624
209625
209627
209629
20963
209630
209632
209633
209634
209636
209639
20964
209641
209645
209646
20965
209651
209656
209658
209659
20966
209660
209662
209664
209666
209668
209669
20967
209670
209671
209672
209674
209676
209677
209679
20968
209680
209681
209682
209684
209686
209687
209688
20969
209690
209692
209693
209695
209696
209698
209699
2097
209700
209702
209704
209705
209706
209707
209708
20971
209710
209711
209713
209714
209716
209718
209719
209720
209721
209722
209723
209725
209727
209728
209729
20973
209730
209731
209732
209733
209735
209737
20974
209740
209741
209742
209744
209746
209749
20975
209752
209754
209755
209756
209758
20976
209762
209764
209765
209767
20977
209770
209772
209773
20978
209780
209785
209787
209790
209792
209794
209795
209796
209799
2098
20980
209801
209802
209804
209805
209806
209807
209809
20981
209811
209812
209813
209815
209816
209819
20982
209820
209821
209824
209826
209827
209828
20983
209830
209831
209833
209835
209838
20984
209840
209841
209843
209844
209845
209846
209847
209849
209854
209855
209856
209857
20986
209860
209861
209863
209868
209871
209875
20988
20989
209892
209893
209894
209897
209899
2099
209901
209903
209904
209905
209906
209907
209910
209911
209912
209913
209914
209916
209919
20992
209920
209921
209922
209924
209925
209926
209927
209928
209929
20993
209930
209933
209934
209935
209937
209938
20994
209940
209941
209942
209943
209944
209946
209947
209949
20995
209950
209951
209954
209955
209956
209957
209959
20996
209961
209964
209966
209968
209969
20997
209970
209971
209973
209974
209975
209976
209977
209979
209980
209981
209982
209983
209986
209987
209989
209990
209992
209995
209997
209998
209999
21
2100
210000
210004
210008
210009
21001
210011
210019
21002
210021
210023
210024
210025
210031
21004
210041
210045
210047
210048
210050
210051
210052
210054
210055
210056
210059
21006
210061
210065
210068
210070
210071
210075
210079
210083
210086
210088
21009
210092
210093
210098
2101
210100
210103
210105
210106
21011
210111
210113
210114
210117
210119
21012
210120
210123
210125
210126
210127
21013
210131
210134
21014
210140
210149
21015
210152
210155
210157
210158
210159
210161
210171
210173
210176
210177
210179
210180
210181
210182
210183
210185
210188
210189
210190
210191
210194
210196
210199
2102
210200
210202
210203
210204
210205
210207
210209
210217
210218
210219
21022
210221
210224
210227
210228
210232
210234
210236
210238
210239
21024
210241
210243
210245
210246
210248
210250
210251
210258
21026
210268
21027
210273
210274
210275
210277
210278
21028
210280
210281
210282
210284
210285
210286
210287
210288
210289
21029
210290
210291
210293
210295
210296
210298
2103
21030
210302
210304
210305
210306
210307
210309
210310
210315
210318
21032
210320
210322
210323
210324
210325
210327
210329
21033
210332
210333
210334
210335
210336
210338
21034
210340
210342
210343
210344
210346
210349
21035
210357
210358
210359
21036
210360
210361
210363
210364
210365
210367
210368
210369
21037
210370
210371
210373
210377
210379
21038
210381
210382
210383
210384
210387
21039
210390
210394
210395
210399
21040
210401
210402
210408
21041
210412
210413
210415
210418
21042
210422
210426
21043
210432
21044
210445
210447
210448
210454
210456
210461
210469
210471
210472
210476
210477
210479
210482
210485
210486
210487
210489
210491
210492
210493
210496
210497
210498
210499
2105
210500
210502
210504
210508
210511
210512
210513
210514
210516
210518
21052
210520
210522
210524
210526
210527
210529
210530
210531
210536
210538
210539
210540
210542
210545
210546
210548
21055
210551
210553
210555
210556
210558
21056
210563
210564
210566
210567
210569
21057
210571
210572
210573
210577
210578
21058
210582
210584
210587
210588
21059
210591
210592
210594
210599
2106
21060
210601
210603
210605
210606
210607
210609
210610
210611
210612
210613
210614
210615
21062
210621
210623
210624
210626
210627
210629
210633
210634
210636
210638
210639
210640
210643
210644
210645
210646
210647
210648
210650
210653
210655
210656
210657
210658
210661
210664
210666
210669
21067
210670
210672
210673
210674
210679
210680
210684
210688
210689
210690
210691
210692
210695
210696
210697
2107
21070
210700
210701
210703
210704
210705
210706
210708
210709
21071
210710
210711
210712
210713
210714
210715
210717
210718
210719
21072
210720
210722
210724
210725
210726
210728
210729
21073
210730
210732
210733
210734
210735
210736
210737
210738
210739
21074
210740
210742
210743
210745
210746
210750
210751
210756
210757
210760
210763
210767
210769
21077
210773
210774
210776
210777
210778
210779
21078
210782
210783
210785
210788
210789
210790
210791
210793
210794
210795
210796
210797
210799
2108
210802
210803
210806
210808
210809
21081
210812
210816
210818
210819
210821
210822
210823
210824
210826
210827
210828
210830
210832
210833
210835
210836
210837
210839
210841
210842
210844
210846
210847
210860
210861
210864
210865
210866
210870
210881
210885
210886
210887
210888
210889
210890
210891
210892
210893
210894
210895
210896
210897
210900
210903
210905
210908
210910
210911
210913
210914
210915
210916
210917
210918
210920
210923
210924
210925
210926
210927
210931
210933
210935
210937
210938
210939
210940
210942
210944
210945
210947
210948
210950
210951
210953
210954
210955
210957
210958
210962
210963
210964
210966
210968
210970
210972
210973
210975
210976
210977
210979
210980
210982
210983
210984
210985
210986
210987
210988
210992
210993
210994
210999
211
2110
211000
211002
211005
211006
211011
211012
211014
211015
211017
21102
211020
211021
211022
211024
211026
211027
211029
211033
211039
211042
211045
211047
211052
211056
211059
21106
211060
211061
211062
211065
211067
211071
211076
211078
211079
211081
211084
211085
211086
211088
211090
211091
211095
211097
211098
2111
211100
211103
211104
211105
211108
211110
211112
211114
211117
211119
211123
211125
211126
211128
211129
211130
211132
211133
211134
211135
211137
211138
211139
21114
211140
211141
211143
211144
211145
211146
211148
21115
211155
211156
211157
211158
211159
21116
211160
211162
211163
211165
211166
211167
211169
21117
211171
211177
211178
211179
21118
211181
211182
211184
211186
21119
211190
211192
211193
211195
211197
211199
2112
21120
211201
211203
211207
211208
211209
21121
211210
211211
211212
211213
211218
211220
211221
211222
211223
211225
211226
211228
211229
211230
211231
211233
211234
211237
211238
211240
211242
211244
211245
211246
211247
211249
21125
211250
211252
211253
211254
211256
211258
211259
211260
211264
211266
211275
211276
211277
21128
211280
211284
211285
211286
211287
211289
21129
211292
211297
211301
211303
211305
211307
211309
21131
211311
211312
211313
211315
211316
211317
211318
21132
211325
211326
211327
211328
211337
211339
211341
211343
211347
211348
211349
21135
211351
211355
211356
211358
211359
21136
211361
211362
211366
211367
211368
211369
21137
211370
211371
211375
211376
211377
21138
211381
211382
211387
211388
211389
211390
211391
211392
211395
211396
2114
211400
211401
211402
211405
211406
211408
211409
21141
211410
211411
211412
211414
21142
211420
211421
211423
211424
211425
211427
211429
21143
211430
211432
211433
211435
211436
211438
211439
211440
211445
211446
211447
211449
21145
211450
211451
211453
211456
211457
211460
211462
211463
211464
211465
211466
211468
21147
211474
211478
21148
211480
211482
211483
211485
211486
211488
21149
211490
2115
21150
211504
211505
211507
211508
21151
211512
211513
211515
211516
211517
211519
211520
211521
211523
211528
21153
211531
211533
211535
211538
211539
211541
211543
211545
211547
211548
211549
211551
211553
211554
211557
211558
21156
211560
211561
211562
211563
211565
211566
21157
211572
211573
211575
211578
211579
21158
211580
211581
211585
211586
211587
21159
211594
2116
211600
211601
211603
211607
211609
211610
211611
211615
211616
211617
211618
211620
211621
211624
211625
211628
211629
21163
211630
211632
211633
211634
211635
211636
211637
211640
211642
211643
211644
211645
211646
211648
211649
211650
211651
211655
211656
211657
211658
21166
211660
211662
211663
211667
211668
211669
21167
211670
211671
211672
211673
211674
211675
211676
211677
211678
21168
211680
211681
211682
211683
211684
211686
211687
21169
211691
211692
211694
211696
211697
211698
211699
2117
211701
211702
211705
211706
211707
211708
211710
211711
211712
211714
211715
211719
211720
211722
211724
211726
211727
211729
21173
211733
211735
211737
21174
211743
211746
211747
211748
21175
211755
21176
211764
211765
211766
211769
211771
211772
211774
211775
211776
211777
21178
211781
211783
211785
211787
211789
21179
211791
211793
211795
211796
211797
211798
2118
21180
211805
211807
211808
211809
21181
211811
211813
211814
211816
211818
211819
21182
211820
211821
211822
211825
211826
211828
21183
211830
211831
211834
211835
21184
211841
211843
211846
211847
21185
211855
211856
211862
211863
211865
211866
211867
211868
21187
211872
211874
211879
21188
211880
211882
211883
211885
211887
211888
21189
211891
211894
211895
211896
211897
2119
21190
211900
211902
211903
211904
211905
211908
211909
21191
211910
211911
211912
211913
211914
211916
211917
211919
21192
211921
211922
211923
211926
211928
21193
211930
211932
211937
211939
21194
211947
211948
211952
211954
211959
211965
211966
211968
211970
211972
211974
211975
211976
211978
21198
211980
211981
211982
211983
211984
211985
211986
211987
211988
211990
211991
211992
211993
211995
211996
211997
211998
211999
212
2120
21200
212001
212003
212004
212005
212007
212008
212014
212016
212017
21202
212020
212026
212027
212030
212032
212043
212045
212047
212048
212049
212050
212051
212052
212053
212054
212056
212057
212058
212060
212061
212062
212063
212065
212067
212069
212072
212074
212076
212077
212078
212079
21208
212081
212083
212087
212088
212090
212092
212097
21210
212101
212103
212110
212125
212126
212127
212128
212131
212133
212134
212135
212136
212137
21214
212140
212142
212143
212148
212150
212151
212153
212156
212161
212162
212164
212167
212168
21217
212170
212172
212173
212176
212178
212181
212182
212185
212186
212189
21219
212191
212192
212193
212195
212198
212199
2122
21220
212200
212202
212203
212204
212205
212206
212207
212208
212209
212210
212211
212212
212214
212215
212216
212217
212218
212220
212221
212222
212225
212226
212227
212228
212229
212230
212231
212232
212234
212237
212238
21224
212240
212241
212242
212243
212248
212249
212250
212251
212253
212255
212257
212258
212259
212261
212262
212263
212265
212267
212270
212273
212275
212276
212277
212281
212286
212288
212290
212291
212294
212295
212298
2123
212300
212301
212302
212303
212304
212306
212307
212308
212309
21231
212317
212318
21232
212320
212323
212327
212328
212329
21233
212331
212332
212334
212336
212338
212341
212342
212345
212346
21235
212350
212355
212356
212357
212358
212359
21236
212360
212361
212362
212363
212364
212365
212366
212370
212371
212372
212374
212375
212376
212377
212378
212380
212383
212388
212389
212391
212394
212395
212399
2124
21240
212400
212401
212402
212404
212405
212407
212408
212409
21241
212410
212412
212413
212415
212416
212417
212419
21242
212420
212424
212425
212426
212428
212429
212431
212434
212435
212436
212437
212438
212439
21244
212440
212442
212444
212446
212447
212449
21245
212450
212451
212452
212454
212455
212456
212459
21246
212461
212462
212463
212464
212465
212467
212468
21247
212470
212471
212473
212479
212480
212481
212485
212493
212494
212497
212499
2125
21250
212500
212502
212503
212508
212509
21251
212510
212511
212513
212517
212518
212519
21252
212522
212523
212527
212528
21253
212530
212532
212536
212539
212540
212542
212543
212544
212545
212546
212548
212549
212550
212551
212555
212556
212558
212559
21256
212560
212563
212564
212565
212569
212571
212574
212575
212577
212579
212580
212582
212583
212584
212586
212587
212588
212589
21259
212591
212593
212594
212595
212596
212598
212599
2126
21260
212600
212603
212604
212605
212606
212607
212609
21261
212613
21262
212622
212625
212626
212628
212629
21263
212630
212639
21264
212640
212641
212644
212647
212648
21265
212650
212651
212652
212654
212656
212659
21266
212668
212669
21267
212671
212673
212674
212676
212682
212684
212685
212688
212693
212699
212700
212702
212703
212706
212707
212713
212714
212716
212719
212720
212721
212723
212726
212727
212728
21273
212731
212732
212734
212738
21274
212740
212741
212742
212746
212747
212748
21275
212751
212752
212753
212754
212756
212757
212759
21276
212760
212761
212762
212763
212765
212766
212767
212768
212769
212771
212772
212774
212776
212778
212779
21278
212780
212781
212787
212788
21279
212791
212792
212794
212795
212797
212799
21280
212800
212801
212802
212804
212806
212808
212809
21281
212811
212812
212814
212815
212817
212818
212819
21282
212820
212821
212822
212823
21283
212830
212832
212833
212834
212836
212839
21284
212840
212842
212843
212846
212847
212849
212851
212857
212858
212861
212864
212865
212866
212869
212870
212871
212877
212879
212880
212888
21289
212890
212891
212892
212893
212896
212897
212898
212899
21290
212900
212903
212906
212908
21291
212910
212912
212913
212914
212915
212916
212926
212927
212928
21293
212930
212931
212932
212933
212934
212936
212937
212939
21294
212940
212942
212945
212946
212948
21295
212950
212951
212952
212956
212957
21296
212960
212961
212963
212964
212967
212968
212969
21297
212970
212973
212975
212976
212977
212978
21298
212986
212987
212988
212989
21299
212991
212992
212994
212995
212996
213
213000
213001
213003
213004
213006
213007
213008
21301
213011
213013
213015
213016
213018
213020
213021
213025
213026
213028
213032
213033
213035
213036
213037
213040
213041
213044
213045
213047
213049
213050
213051
213052
213054
213055
213056
213057
213059
213060
213061
213063
213064
213067
213075
213076
213077
213078
213079
213080
213082
213085
213087
21309
213090
213092
213094
213095
213097
2131
213103
213104
213105
213108
21311
213110
213113
213115
213116
213118
213119
213120
213121
213122
213123
213125
213128
213130
213131
213133
213135
213144
213151
213153
213154
213155
213156
21316
213163
213164
213166
213167
213169
21317
213171
213172
213173
213175
213177
213178
213179
213182
213183
213185
213187
213188
213189
213192
213195
213197
213198
2132
213200
213202
213204
213205
213207
213208
213210
213212
213213
213215
213218
213223
213224
213227
213228
21323
213231
213233
213234
213235
213236
213240
213245
213246
213248
213249
21325
213250
213251
213252
213256
213257
213258
213259
213260
213262
213263
21327
213270
213273
213277
213278
213279
213281
213282
213283
213284
213285
213286
213287
213288
213292
213294
213295
213296
213297
213299
2133
213302
213304
213306
213308
213312
213314
213316
213318
21332
213321
213322
213323
213324
213325
213327
213333
213334
21334
213340
213341
213342
213343
21335
213350
213352
213355
213357
213358
213359
21336
213360
213362
213363
213364
213365
213366
213368
213369
21337
213372
213373
213374
213379
21338
213380
213381
213382
213383
213384
213386
213388
213390
213391
213392
213393
213395
213396
213397
213399
2134
21340
213401
213404
213407
213408
213410
213411
213413
213415
213417
21342
213424
213427
213428
21343
213431
213435
213439
21344
213440
213441
213442
213443
213444
213445
213446
213447
21345
213450
213455
213456
213457
213458
213461
213462
213466
213468
213469
213473
213476
213477
213478
213479
21348
213483
213484
213487
213489
21349
213491
213492
213493
213494
213496
213499
2135
213503
213504
213505
213507
213508
213510
213512
213513
213515
213517
213518
213519
21352
213521
213523
213524
213527
213529
21353
213533
213535
213537
21355
213551
213553
213554
213555
213556
213558
213559
21356
213562
213565
213568
21357
213570
213573
213574
213575
213576
213577
213578
213579
21358
213581
213582
213584
213585
213587
213588
213589
213592
213595
213598
2136
213600
213601
213603
213604
213605
213606
213607
213608
213611
213612
213613
213614
213615
213616
21362
213621
213623
213625
213627
213629
213632
213633
213635
213636
213639
21364
213641
213646
213648
21365
213652
213653
213655
213657
213658
21366
213660
213661
213662
213665
213668
21367
213674
213680
213681
213683
213684
213685
213687
213688
213689
213691
213692
213695
213699
2137
21370
213700
213701
213702
213703
213705
213706
213707
213709
21371
213711
213714
21372
213722
213723
213728
213729
21373
213731
213732
213734
213737
213744
213746
21375
21376
213760
213762
213763
213764
213765
213766
213768
21377
213770
213774
213775
213776
213778
21378
213780
213783
213784
213785
213786
213787
213788
21379
213790
213792
213799
2138
21380
213800
213801
213803
213804
213805
213806
213807
213809
21381
213810
213811
213812
213813
213814
213815
213816
21382
213821
213824
213825
213826
21383
213831
213834
213836
213840
213841
213842
213845
213847
213849
21385
213851
213852
213854
213855
213857
213858
21386
213860
213862
213864
213867
21387
213873
213874
213875
213876
213877
213884
213888
213891
213894
213897
213898
2139
213901
213903
213905
213906
213909
21391
213914
213915
213917
213921
213922
213923
213924
21393
213934
213935
213936
213937
213938
21394
213940
213945
213949
213950
213951
213955
213958
213959
213962
213964
213967
213969
213971
213972
213975
213977
21398
213980
213982
213983
213985
213987
213989
213991
213992
213993
213995
213996
213997
213998
213999
214
2140
214000
214001
214002
214003
214004
214005
214006
214007
214009
214012
214014
214015
214018
214019
214020
214021
214022
214023
214024
214025
214026
214027
214029
214030
214034
214036
214037
214041
214043
214044
214045
214047
214049
214051
214052
214056
214058
214061
214064
214066
214067
214069
21407
214072
214073
214074
214075
214077
214079
21408
214081
214082
214083
214084
214086
214087
21409
214090
214091
214093
214094
214095
214096
214099
2141
21410
214100
214101
214102
214104
214105
214106
214107
214108
214109
214112
214113
214114
214117
214119
21412
214120
214121
214122
214126
214129
21413
214130
214131
214133
214134
214135
214137
214138
214139
214140
214142
214143
214144
214146
214151
214153
214157
214159
21416
214160
214162
214163
214164
214165
214167
214169
214170
214172
214173
214175
214177
214180
214181
214182
214184
214187
214188
214189
214191
214194
214197
214198
214199
2142
214200
214201
214202
214204
214207
214209
214210
214211
214213
214215
214216
214217
214218
214219
21422
214222
214223
214225
214227
214229
21423
214231
214234
214235
214237
214238
214240
214246
214249
214250
214251
214252
214253
214254
214255
214256
214257
214258
214259
21426
214260
214263
214264
214265
214266
214267
214269
21427
214270
214271
214274
214275
214276
214278
214279
214280
214283
214284
214287
214289
21429
214291
214292
214293
214295
214296
214297
2143
21430
214300
214302
214304
214305
214308
214309
21431
214311
214312
214314
214317
214318
214320
214323
214324
214328
21433
214330
214332
214334
214335
214336
214339
214340
214347
214348
214349
21435
214351
214352
214354
214355
214357
214361
214363
214365
214367
214368
214369
214371
214375
214376
214377
214378
214379
214384
214386
214388
214389
214390
214391
214392
214393
214395
214397
214399
2144
214400
214401
214402
214403
214404
214406
214408
214410
214412
214414
214415
214418
214419
21442
214421
214426
214427
21443
214430
214431
214433
214434
214435
214436
214439
214442
214444
214446
214447
214448
214449
214450
214451
214452
214453
214454
214455
214457
214458
214459
214462
214463
214464
214466
214467
214469
21447
214471
214472
214473
214474
214475
214479
21448
214480
214481
214482
214483
214484
214485
214486
214487
214488
214489
21449
214490
214493
214495
2145
21450
214509
21451
214511
214512
214513
214515
214516
214517
21452
214520
214521
214522
214523
214525
214526
214529
21453
214530
214535
214538
21454
214541
214544
214549
21455
214551
214552
214553
214555
214556
214559
214560
214561
214563
214564
214566
214568
214569
214570
214573
214576
214578
214582
214583
214584
214585
214586
214587
214588
21459
214590
214592
214594
214597
214599
21460
214600
214601
214602
214603
214604
214606
214607
214608
21461
214610
214612
214614
214616
21462
214620
214622
214624
214627
214629
21463
214632
214633
214634
214635
214637
214638
214639
214640
214641
214643
214646
214650
214651
214652
214653
214654
214655
214656
214657
21466
214668
214669
21467
214670
214671
214673
214674
214676
214677
21468
214680
214681
214682
214684
214688
214689
21469
214690
214691
214694
214699
214700
214703
214707
214709
214712
214714
214715
214717
214719
214721
214722
214723
214724
214727
214728
21473
214731
214735
214736
21474
214742
214743
214750
214752
214753
214754
214756
214758
214759
21476
214761
214775
214779
214793
2148
21481
214812
214813
214818
214819
214823
214825
214826
214827
214834
214836
21484
214841
214844
214847
214849
214851
214852
214853
214855
214856
214857
214858
214859
21486
214861
214863
214868
21487
214870
214871
214872
214873
214876
214877
214878
214879
21488
214883
214884
214888
214889
21489
214890
214894
214895
214896
2149
21490
214901
214905
214906
214908
214909
214910
214912
214913
214920
214921
214922
214928
21493
214930
214931
214932
214936
214937
214938
214939
21494
214944
214945
214948
214950
214952
214957
214958
21496
214962
214967
214969
214970
214971
214972
214973
214974
214975
214976
214979
214980
214981
214983
214984
214985
214988
214989
214990
214991
214993
214994
214996
214998
214999
215
21500
215000
215001
215004
215006
215007
215008
21501
215012
215015
215016
215018
21502
215020
215022
215023
215026
215028
215029
215031
215032
215034
215037
215038
215039
215040
215042
215043
215048
21505
215052
215053
215056
215057
21506
215061
215062
215063
215064
215065
215067
215068
215070
215071
215073
215074
215075
215077
215079
21508
215081
215082
215083
215084
215087
215088
215089
21509
215090
215091
215092
215093
215096
215099
2151
215100
215102
215103
215104
215106
215107
215108
215110
215111
215112
215116
215119
21512
215122
215126
215127
215128
21513
215130
215131
215134
215136
215137
215139
215141
215144
215146
215147
21515
215150
215152
215156
215157
215158
215160
215164
215167
215169
215170
215172
215174
215175
215177
21518
215180
215182
215184
21519
215196
2152
215208
21521
215211
215218
215219
21522
215221
215222
215224
215225
215227
215228
215229
21523
215231
215240
215243
215245
215246
215247
215248
21525
215250
215251
215252
215254
215256
215258
215263
215268
215269
215270
215273
215277
215278
215280
215282
215283
215284
215290
215294
215296
215297
215299
2153
215301
215302
215303
215304
215306
21531
215310
215312
215313
215317
215318
215319
215320
215321
215322
215323
21533
215330
215331
215332
215334
215335
215336
215337
215338
215339
21534
215340
215341
215342
215343
215344
215345
215346
215347
215348
21535
215350
215351
215352
215353
215354
215355
215356
215357
21536
215361
215363
215365
215367
215369
21537
215371
215372
215373
215374
215375
215378
215379
21538
215381
215383
215385
215386
215387
21539
215391
215393
215395
215396
215397
215398
2154
215400
215401
215402
215403
215405
215407
215408
215411
215412
215413
215419
21542
215421
215422
215423
215433
215437
21544
215442
215445
215447
215449
21545
215453
215457
215458
215459
21546
215460
215464
215466
215467
215468
215469
215471
215472
215474
215475
215477
215478
21548
215485
215486
215487
215488
215489
21549
215490
215495
215497
215499
2155
21550
215500
215501
215502
215503
215504
215505
215508
215509
21551
215510
215511
215513
215515
215517
215518
215519
215520
215521
215523
215524
215525
215526
215528
215529
215530
215531
215535
215537
215538
215539
21554
215540
21555
215551
215553
215556
215558
215559
215560
215561
215562
215566
215569
21557
215572
215575
215576
215578
215579
215580
215582
215583
215584
215585
215586
215587
215588
215589
215590
215592
215594
215595
215596
215597
215598
2156
215602
215603
215605
215607
215608
215609
215610
215612
215615
215616
215617
215618
215619
21562
215620
215622
215624
215626
215628
215630
215634
215636
215637
215638
215639
21564
215640
215641
215644
215646
215650
215651
215653
215654
215655
215656
215657
215658
21566
215660
215661
215662
215667
21567
215670
215671
215672
215673
215675
215676
215680
215681
215682
215683
215685
215687
215689
215690
215691
215694
215697
215698
215699
2157
21570
215700
215702
215705
215707
215708
215709
21571
215710
215711
215714
215715
215720
215722
215724
215725
215726
215728
215729
215731
215735
215736
215737
215739
215740
215741
215743
215745
215746
215747
215749
21575
215752
215757
215759
21576
215760
215761
215762
215763
215765
215768
21577
215770
215772
215773
215774
215775
215776
215778
215779
21578
215781
215782
215784
215785
215786
215787
215789
215790
215794
215797
21580
215800
215802
215804
215805
215807
215808
21581
215811
215813
215814
215816
215818
215820
215822
215825
215826
215828
21583
215830
215831
215834
215836
215837
215838
215840
215842
215843
215845
215846
215847
215848
21585
215850
215855
215857
215858
21586
215861
215863
215865
215866
215868
21587
215871
215873
215875
215877
215879
21588
215881
215882
215884
215885
215886
215887
215889
21589
215890
215891
215892
215893
215894
215895
215896
215897
215899
215900
215901
215902
215903
215905
215906
215908
215910
215911
215912
215914
215915
215916
215918
215920
215921
215922
215923
215924
215926
215927
215928
215929
215930
215931
215932
215933
215935
215937
215938
215939
21594
215941
215943
215945
215946
215947
215948
215949
215950
215951
215954
215956
215957
215959
21596
215960
215962
215963
215965
215968
215969
21597
215976
215980
215982
215983
215984
215986
215988
21599
215991
215994
215997
216
2160
21600
216000
216001
216002
216003
216004
216005
216008
216011
216014
216015
216016
216017
216019
21602
216025
216027
21603
216031
216034
216040
216041
216043
216044
216046
216047
216049
21605
216050
216052
216053
216054
216056
216057
216058
216059
21606
216061
216062
216063
216064
216065
216067
216068
216069
21607
216071
216072
216079
21608
216084
216086
216091
216092
216093
216094
216095
216096
216098
2161
21610
216100
216102
216103
216105
216106
216108
21611
216110
216112
216114
216115
216116
21612
216124
216125
216126
21613
216133
216134
216135
216136
216137
216138
216139
21614
216140
216141
216142
216143
216149
216150
216151
216152
216153
216154
216156
216158
216159
21616
216161
216163
216165
216166
216167
216168
216169
216171
216172
216173
216174
216175
216176
216178
216180
216181
216183
216185
216186
216187
216188
216189
21619
216191
216192
216193
216194
216196
216197
216198
2162
21620
216200
216201
216203
216205
216207
