1020667
1020668
1020669
1020670
1020671
1020672
1020673
1020674
1020675
1020676
1020677
1020678
1020679
102068
1020680
1020681
1020682
1020683
1020684
1020685
1020686
1020687
1020688
1020689
1020691
1020692
1020693
1020694
1020695
1020696
1020697
1020698
1020699
10207
102070
1020701
1020702
1020703
1020704
1020705
1020706
1020707
1020708
1020709
1020710
1020711
1020712
1020713
1020714
1020715
1020716
1020717
1020718
1020719
102072
1020720
1020721
1020722
1020723
1020724
1020725
1020726
1020727
1020728
1020729
1020730
1020731
1020732
1020733
1020734
1020735
1020737
1020738
1020739
1020740
1020741
1020742
1020743
1020744
1020745
1020746
1020747
1020749
1020750
1020751
1020752
1020753
1020754
1020755
1020756
1020757
1020758
1020759
102076
1020760
1020761
1020762
1020763
1020765
1020766
1020767
1020768
1020770
1020771
1020772
1020773
1020774
1020775
1020776
1020777
1020778
1020779
102078
1020780
1020781
1020782
1020783
1020784
1020785
1020786
1020787
1020789
102079
1020791
1020793
1020794
1020795
1020796
1020797
1020798
10208
1020800
1020801
1020802
1020803
1020804
1020805
1020806
1020807
1020808
1020809
102081
1020810
1020811
1020812
1020813
1020814
1020815
1020816
1020817
1020818
1020819
102082
1020820
1020821
1020822
1020823
1020825
1020826
1020827
1020828
1020829
1020830
1020831
1020832
1020833
1020834
1020835
1020836
1020837
1020838
1020839
1020840
1020841
1020842
1020843
1020844
1020845
1020847
1020848
102085
1020850
1020852
1020853
1020854
1020855
1020856
1020857
1020858
1020859
1020860
1020861
1020862
1020863
1020864
1020865
1020866
1020867
1020868
1020869
1020870
1020871
1020872
1020873
1020874
1020875
1020876
1020877
1020878
1020879
102088
1020881
1020883
1020884
1020885
1020886
1020887
1020888
1020889
102089
1020890
1020891
1020893
1020894
1020895
1020896
1020897
1020898
1020899
10209
102090
1020900
1020901
1020902
1020903
1020904
1020905
1020906
1020907
1020908
1020909
102091
1020910
1020911
1020912
1020913
1020914
1020915
1020916
1020917
1020918
1020919
102092
1020920
1020921
1020922
1020923
1020924
1020925
1020926
1020927
1020928
1020929
1020930
1020931
1020932
1020933
1020934
1020935
1020936
1020937
1020938
1020939
102094
1020940
1020941
1020942
1020943
1020944
1020945
1020947
1020948
1020949
102095
1020950
1020951
1020952
1020953
1020954
1020955
1020956
1020957
1020958
1020959
1020960
1020961
1020962
1020963
1020968
1020969
102097
1020970
1020971
1020972
1020973
1020974
1020975
1020976
1020977
1020979
102098
1020980
1020981
1020982
1020983
1020984
1020985
1020986
1020987
1020988
1020989
1020990
1020991
1020992
1020993
1020995
1020996
1020997
1020999
10210
102100
1021000
1021001
1021002
1021003
1021004
1021005
1021006
1021007
1021009
102101
1021010
1021011
1021012
1021013
1021014
1021015
1021016
1021017
1021018
1021019
1021020
1021021
1021022
1021023
1021024
1021025
1021026
1021027
1021028
1021029
1021030
1021031
1021032
1021033
1021034
1021035
1021036
1021037
1021038
1021039
1021040
1021041
1021042
1021043
1021044
1021045
1021046
1021047
1021048
1021049
1021050
1021051
1021052
1021053
1021054
1021055
1021056
1021057
1021058
1021059
102106
1021060
1021061
1021062
1021063
1021064
1021065
1021066
1021068
1021070
1021071
1021072
1021073
1021074
1021075
1021076
1021077
1021078
1021079
102108
1021080
1021081
1021082
1021083
1021084
1021085
1021086
1021087
1021089
1021091
1021092
1021093
1021094
1021095
1021096
1021097
1021098
1021099
10211
1021100
1021101
1021102
1021103
1021104
1021105
1021106
1021107
1021108
1021109
102111
1021110
1021111
1021112
1021113
1021114
1021115
1021116
1021117
1021118
1021119
1021120
1021121
1021122
1021124
1021125
1021126
1021127
1021128
1021129
1021130
1021131
1021132
1021133
1021134
1021135
1021136
1021137
1021138
1021139
1021140
1021141
1021142
1021143
1021144
1021145
1021146
1021147
1021148
1021149
1021150
1021151
1021152
1021153
1021154
1021155
1021156
1021157
1021158
102116
1021160
1021161
1021162
1021163
1021164
1021165
1021166
1021167
1021168
1021169
1021170
1021171
1021172
1021173
1021174
1021175
1021176
1021178
1021179
1021180
1021181
1021182
1021183
1021184
1021185
1021186
1021187
1021188
1021189
1021190
1021191
1021193
1021194
1021195
1021196
1021197
1021198
1021199
10212
1021201
1021202
1021203
1021204
1021205
1021206
1021207
1021208
1021209
102121
1021210
1021211
1021212
1021213
1021214
1021215
1021216
1021217
1021218
1021219
102122
1021220
1021221
1021222
1021223
1021224
1021225
1021226
1021227
1021228
1021229
1021230
1021231
1021232
1021234
1021235
1021236
1021237
1021239
102124
1021240
1021241
1021242
1021243
1021244
1021245
1021246
1021247
1021248
1021249
102125
1021250
1021251
1021252
1021253
1021254
1021255
1021256
1021257
1021258
1021259
1021260
1021261
1021262
1021263
1021264
1021265
1021266
1021267
1021268
1021269
102127
1021271
1021272
1021273
1021274
1021275
1021276
1021277
1021278
1021279
1021280
1021281
1021282
1021283
1021284
1021285
1021286
1021287
1021289
102129
1021290
1021291
1021292
1021293
1021294
1021295
1021296
1021297
1021298
1021299
10213
102130
1021300
1021301
1021302
1021303
1021304
1021305
1021306
1021307
1021308
1021309
1021311
1021312
1021313
1021314
1021315
1021316
1021317
1021318
1021319
102132
1021320
1021321
1021322
1021323
1021324
1021325
1021326
1021327
1021328
1021329
1021330
1021331
1021332
1021333
1021334
1021335
1021336
1021337
1021338
1021339
1021340
1021341
1021342
1021343
1021344
1021346
1021347
1021349
1021351
1021353
1021354
1021355
1021356
1021357
1021358
1021359
1021360
1021361
1021362
1021363
1021364
1021365
1021366
1021367
1021368
1021369
1021370
1021371
1021372
1021373
1021374
1021375
1021376
1021377
1021378
1021379
1021380
1021381
1021382
1021383
1021384
1021385
1021386
1021387
1021388
102139
1021390
1021391
1021392
1021393
1021394
1021395
1021396
1021397
1021398
1021399
10214
1021400
1021401
1021402
1021403
1021404
1021405
1021406
1021407
1021408
1021409
1021410
1021411
1021412
1021413
1021414
1021417
1021418
1021419
102142
1021420
1021421
1021422
1021423
1021424
1021425
1021426
1021427
1021428
1021429
1021430
1021431
1021432
1021433
1021434
1021435
1021436
1021437
1021438
1021439
102144
1021440
1021441
1021442
1021443
1021444
1021445
1021446
1021447
1021448
1021449
102145
1021450
1021451
1021452
1021453
1021455
1021456
1021457
1021458
1021459
102146
1021460
1021461
1021462
1021463
1021464
1021465
1021466
1021467
1021468
1021470
1021471
1021472
1021473
1021475
1021476
1021477
1021478
1021480
1021481
1021482
1021483
1021484
1021485
1021486
1021487
1021488
1021490
1021491
1021492
1021493
1021494
1021495
1021496
1021497
1021498
1021499
10215
102150
1021500
1021501
1021502
1021503
1021504
1021509
102151
1021511
1021513
1021514
1021515
1021516
1021517
1021518
1021519
102152
1021520
1021521
1021522
1021523
1021524
1021526
1021527
1021528
1021529
1021530
1021531
1021532
1021533
1021534
1021535
1021536
1021537
1021538
1021540
1021541
1021542
1021543
1021544
1021545
1021546
1021549
102155
1021550
1021551
1021552
1021554
1021555
1021557
102156
1021560
1021561
1021562
1021563
1021564
1021565
1021566
1021567
1021568
102157
1021570
1021571
1021573
1021574
1021575
1021576
1021577
1021578
1021579
1021580
1021581
1021582
1021583
1021584
1021585
1021587
1021588
102159
1021591
1021593
1021594
1021595
1021596
1021597
1021598
10216
1021600
1021602
1021603
1021604
1021605
1021606
1021607
1021608
1021609
102161
1021610
1021611
1021612
1021613
1021614
1021615
1021616
1021617
1021618
1021619
1021620
1021621
1021622
1021623
1021624
1021625
1021626
1021627
1021628
1021630
1021631
1021632
1021633
1021634
1021635
1021636
1021637
1021638
1021639
1021640
1021641
1021642
1021643
1021644
1021645
1021646
1021647
1021648
1021649
102165
1021650
1021651
1021652
1021653
1021654
1021655
1021656
1021657
1021658
1021659
102166
1021660
1021661
1021662
1021663
1021664
1021665
1021666
1021667
1021668
1021669
102167
1021670
1021671
1021672
1021673
1021674
1021675
1021676
1021677
1021678
1021679
102168
1021680
1021681
1021682
1021683
1021684
1021685
1021686
1021687
1021688
1021689
1021690
1021691
1021692
1021693
1021694
1021695
1021696
1021698
1021699
10217
102170
1021700
1021701
1021702
1021703
1021704
1021705
1021706
1021707
1021708
1021709
1021710
1021711
1021712
1021713
1021714
1021715
1021716
1021717
1021718
1021719
102172
1021720
1021721
1021722
1021723
1021724
1021725
1021726
1021727
1021728
1021729
1021730
1021731
1021732
1021733
1021734
1021735
1021736
1021739
102174
1021740
1021741
1021742
1021743
1021744
1021745
1021746
1021747
1021748
1021749
102175
1021750
1021751
1021752
1021753
1021754
1021755
1021756
1021757
1021758
1021759
102176
1021760
1021761
1021762
1021763
1021764
1021765
1021766
1021767
1021768
1021769
102177
1021770
1021771
1021772
1021773
1021774
1021775
1021776
1021777
1021778
1021779
102178
1021780
1021781
1021782
1021783
1021784
1021786
1021788
1021789
102179
1021791
1021792
1021794
1021795
1021796
1021797
1021798
1021799
10218
1021800
1021801
1021802
1021803
1021804
1021805
1021806
1021807
1021808
1021809
102181
1021810
1021811
1021812
1021813
1021814
1021815
1021816
1021817
1021818
1021819
102182
1021820
1021821
1021822
1021823
1021824
1021825
1021826
1021827
1021828
1021829
102183
1021830
1021831
1021832
1021833
1021834
1021835
1021836
1021837
1021838
1021839
102184
1021840
1021841
1021842
1021843
1021844
1021845
1021846
1021848
1021849
102185
1021850
1021851
1021852
1021853
1021854
1021855
1021856
1021857
1021858
1021859
102186
1021860
1021861
1021862
1021863
1021864
1021865
1021867
1021868
1021869
1021870
1021871
1021873
1021874
1021875
1021876
1021877
1021878
1021879
102188
1021880
1021881
1021882
1021884
1021885
1021887
1021888
1021889
1021891
1021892
1021893
1021894
1021895
1021896
1021897
1021898
1021899
10219
1021900
1021901
1021902
1021903
1021904
1021905
1021906
1021907
1021908
1021909
1021910
1021911
1021912
1021913
1021914
1021915
1021916
1021917
1021918
1021919
1021921
1021922
1021923
1021924
1021926
1021927
1021928
1021929
1021931
1021932
1021933
1021934
1021935
1021936
1021937
1021938
1021939
1021940
1021941
1021942
1021943
1021944
1021945
1021946
1021947
1021948
1021949
102195
1021950
1021951
1021952
1021953
1021954
1021956
1021957
1021958
1021959
1021960
1021961
1021962
1021963
1021964
1021965
1021966
1021967
1021968
1021969
102197
1021970
1021971
1021972
1021973
1021974
1021975
1021976
1021977
1021978
102198
1021980
1021981
1021982
1021984
1021985
1021986
1021987
1021988
1021989
102199
1021990
1021993
1021994
1021996
1021997
1021998
1021999
10220
102200
1022000
1022001
1022002
1022003
1022004
1022005
1022006
1022007
1022008
1022009
102201
1022010
1022011
1022012
1022013
1022014
1022015
1022016
1022017
1022018
1022019
1022020
1022021
1022022
1022023
1022024
1022025
1022026
1022027
1022028
1022029
102203
1022030
1022031
1022032
1022033
1022034
1022035
1022036
1022037
1022038
1022039
1022040
1022041
1022042
1022043
1022044
1022045
1022046
1022047
1022048
1022049
1022050
1022051
1022052
1022053
1022054
1022055
1022056
1022057
1022058
1022059
1022060
1022061
1022062
1022063
1022064
1022065
1022066
1022067
1022068
1022069
102207
1022070
1022071
1022072
1022073
1022074
1022076
1022077
1022078
1022079
1022080
1022081
1022082
1022083
1022084
1022085
1022086
1022087
1022088
1022090
1022091
1022092
1022093
1022094
1022095
1022096
1022097
1022098
1022099
10221
1022100
1022101
1022102
1022103
1022104
1022105
1022106
1022107
1022108
1022109
102211
1022110
1022111
1022112
1022114
1022115
1022116
1022117
1022118
1022119
102212
1022120
1022121
1022122
1022123
1022124
1022125
1022126
1022127
1022128
1022129
1022131
1022132
1022133
1022134
1022135
1022137
1022138
1022139
1022140
1022141
1022142
1022143
1022145
1022146
1022148
1022149
102215
1022150
1022151
1022152
1022153
1022154
1022155
1022156
1022158
1022160
1022161
1022162
1022163
1022164
1022166
1022167
1022168
1022170
1022171
1022172
1022173
1022174
1022175
1022176
1022177
1022178
1022179
102218
1022180
1022181
1022182
1022183
1022184
1022186
1022187
1022188
1022189
102219
1022190
1022192
1022193
1022195
1022196
1022197
1022198
1022199
10222
1022200
1022201
1022202
1022203
1022204
1022205
1022206
1022207
1022208
1022209
102221
1022210
1022211
1022212
1022214
1022215
1022216
1022217
1022218
1022219
102222
1022220
1022221
1022222
1022224
1022225
1022226
1022228
102223
1022230
1022231
1022232
1022233
1022235
1022236
1022238
1022240
1022241
1022244
1022245
1022246
1022247
1022248
1022249
1022251
1022252
1022253
1022254
1022255
1022256
1022257
1022258
1022259
1022260
1022261
1022262
1022263
1022264
1022265
1022266
1022267
1022268
1022269
102227
1022270
1022271
1022272
1022273
1022274
1022276
1022277
1022278
1022279
1022280
1022281
1022282
1022283
1022284
1022289
1022290
1022291
1022292
1022293
1022294
1022295
1022297
1022298
1022299
10223
1022300
1022301
1022302
1022303
1022305
1022306
1022308
1022309
102231
1022310
1022311
1022312
1022314
1022315
1022316
1022317
1022319
102232
1022321
1022322
1022324
1022325
1022326
1022327
1022328
1022329
1022331
1022332
1022333
1022334
1022335
1022337
1022338
1022339
102234
1022341
1022342
1022343
1022344
1022345
1022346
1022347
1022348
1022349
1022350
1022351
1022354
1022355
1022356
1022357
1022358
1022359
1022360
1022361
1022362
1022363
1022364
1022365
1022366
1022367
1022368
1022369
1022370
1022371
1022372
1022373
1022374
1022375
1022376
1022377
1022378
1022380
1022381
1022382
1022383
1022384
1022385
1022386
1022387
1022388
1022389
1022390
1022391
1022392
1022394
1022395
1022396
1022397
1022398
1022399
10224
1022402
1022403
1022404
1022405
1022406
1022407
1022408
1022409
1022410
1022411
1022412
1022413
1022415
1022416
1022417
1022418
1022419
102242
1022420
1022421
1022422
1022423
1022424
1022425
1022426
1022427
1022428
1022429
1022430
1022431
1022435
1022436
1022437
1022438
1022439
102244
1022440
1022441
1022442
1022443
1022444
1022445
1022446
1022448
1022449
102245
1022450
1022451
1022452
1022453
1022454
1022455
1022456
1022457
1022458
1022459
102246
1022462
1022463
1022464
1022465
1022467
1022468
1022469
1022470
1022472
1022473
1022474
1022475
1022476
1022477
1022478
1022479
102248
1022480
1022481
1022482
1022483
1022484
1022485
1022486
1022487
1022488
1022489
102249
1022491
1022492
1022493
1022494
1022496
1022497
1022498
1022499
10225
102250
1022500
1022501
1022502
1022503
1022504
1022505
1022506
1022508
1022509
102251
1022510
1022511
1022512
1022513
1022514
1022515
1022517
1022518
1022519
1022520
1022521
1022522
1022523
1022524
1022525
1022526
1022527
1022528
1022529
1022530
1022532
1022533
1022534
1022536
1022537
1022538
1022539
102254
1022540
1022541
1022542
1022543
1022544
1022545
1022546
1022547
1022548
1022549
1022550
1022551
1022552
1022553
1022554
1022555
1022556
1022557
1022558
1022559
102256
1022560
1022561
1022562
1022563
1022564
1022565
1022566
1022567
1022568
1022569
1022570
1022571
1022572
1022573
1022574
1022575
1022576
1022577
1022578
1022579
1022580
1022581
1022583
1022584
1022585
1022586
1022587
1022588
1022589
102259
1022591
1022592
1022593
1022594
1022595
1022596
1022597
1022598
1022599
10226
1022600
1022601
1022602
1022603
1022604
1022605
1022606
1022607
1022608
1022609
1022610
1022611
1022612
1022613
1022614
1022615
1022617
1022618
1022619
1022620
1022621
1022622
1022623
1022624
1022626
1022627
1022628
102263
1022632
1022633
1022634
1022635
1022636
1022637
1022638
1022639
1022640
1022641
1022642
1022643
1022644
1022645
1022646
1022647
1022648
1022649
102265
1022650
1022651
1022652
1022653
1022654
1022655
1022656
1022657
1022658
1022659
102266
1022660
1022661
1022663
1022664
1022665
1022666
1022667
1022668
1022669
1022670
1022671
1022672
1022673
1022674
1022675
1022676
1022677
1022678
1022680
1022681
1022682
1022683
1022684
1022685
1022686
1022687
1022688
1022689
102269
1022690
1022691
1022692
1022693
1022694
1022695
1022696
1022697
1022698
1022699
10227
1022700
1022701
1022702
1022703
1022704
1022705
1022706
1022707
1022708
1022710
1022711
1022712
1022713
1022714
1022715
1022716
1022717
1022719
102272
1022720
1022721
1022722
1022724
1022725
1022726
1022727
1022728
1022729
1022730
1022731
1022733
1022734
1022738
102274
1022741
1022742
1022743
1022745
1022748
1022749
102275
1022751
1022753
1022754
1022755
1022756
1022757
1022758
1022760
1022761
1022762
1022763
1022764
1022765
1022766
1022767
1022768
1022769
1022770
1022771
1022772
1022773
1022774
1022775
1022776
1022777
1022778
1022779
1022780
1022781
1022782
1022783
1022784
1022785
1022786
1022787
1022788
1022789
1022791
1022792
1022793
1022794
1022795
1022796
1022797
1022798
10228
102280
1022800
1022801
1022802
1022803
1022804
1022805
1022806
1022807
1022809
1022810
1022811
1022812
1022813
1022814
1022815
1022816
1022817
1022818
1022819
102282
1022820
1022821
1022822
1022823
1022824
1022825
1022826
1022827
1022829
102283
1022830
1022831
1022832
1022833
1022834
1022835
1022836
1022837
1022838
1022839
1022840
1022841
1022842
1022843
1022844
1022846
1022847
1022848
1022849
102285
1022850
1022851
1022852
1022853
1022855
1022856
1022857
1022858
1022859
102286
1022860
1022861
1022862
1022863
1022864
1022865
1022866
1022867
1022868
1022869
102287
1022870
1022871
1022872
1022873
1022874
1022875
1022876
1022877
1022878
1022879
102288
1022880
1022881
1022882
1022883
1022885
1022886
1022887
1022888
1022889
102289
1022890
1022891
1022892
1022893
1022894
1022895
1022896
1022897
1022898
1022899
10229
102290
1022900
1022901
1022902
1022903
1022904
1022906
1022907
1022908
1022912
1022913
1022914
1022915
1022916
1022917
1022918
1022919
102292
1022920
1022921
1022922
1022923
1022924
1022925
1022927
1022928
1022929
102293
1022930
1022931
1022932
1022933
1022934
1022935
1022936
1022937
1022938
1022939
1022940
1022941
1022942
1022943
1022944
1022945
1022946
1022947
1022948
1022949
102295
1022950
1022951
1022952
1022953
1022955
1022956
1022957
1022958
1022959
102296
1022960
1022961
1022962
1022963
1022964
1022965
1022966
1022967
1022968
1022969
1022970
1022971
1022972
1022973
1022974
1022978
102298
1022980
1022983
1022984
1022986
1022987
1022988
1022989
1022991
1022992
1022995
1022996
1022997
1022998
1022999
1023
102300
1023000
1023001
1023002
1023003
1023005
1023006
1023008
1023009
1023011
1023012
1023013
1023014
1023015
1023016
1023017
1023018
1023019
102302
1023020
1023021
1023022
1023023
1023024
1023025
1023026
1023027
1023028
1023029
1023030
1023031
1023032
1023034
1023037
1023038
102304
1023040
1023041
1023042
1023044
1023046
1023047
1023048
1023049
102305
1023050
1023051
1023052
1023053
1023054
1023055
1023056
1023057
1023058
102306
1023060
1023061
1023062
1023063
1023064
1023065
1023066
1023067
1023068
1023069
1023070
1023071
1023072
1023073
1023074
1023075
1023076
1023077
1023078
1023079
102308
1023080
1023081
1023082
1023083
1023084
1023085
1023086
1023087
102309
1023090
1023091
1023092
1023093
1023094
1023095
1023096
1023097
1023098
1023099
10231
1023100
1023101
1023102
1023103
1023104
1023105
1023106
1023107
1023108
1023109
1023110
1023111
1023112
1023113
1023114
1023115
1023116
1023117
1023118
1023119
102312
1023120
1023121
1023122
1023123
1023124
1023125
1023126
1023127
102313
1023130
1023131
1023132
1023133
1023134
1023136
1023137
1023139
102314
1023142
1023143
1023144
1023145
1023146
1023147
1023148
1023149
1023150
1023151
1023152
1023153
1023154
1023155
1023156
1023157
1023158
1023159
102316
1023160
1023161
1023162
1023163
1023164
1023165
1023166
1023168
1023169
1023171
1023172
1023173
1023174
1023175
1023176
1023178
102318
1023180
1023181
1023182
1023183
1023184
1023185
1023186
1023187
1023188
1023189
1023190
1023191
1023192
1023193
1023194
1023195
1023196
1023197
1023198
1023199
10232
1023202
1023203
1023204
1023205
1023207
1023208
1023209
1023210
1023212
1023214
1023215
1023216
1023217
1023218
1023219
1023220
1023221
1023222
1023223
1023224
1023225
1023226
1023227
1023228
1023229
102323
1023230
1023231
1023232
1023233
1023234
1023235
1023236
1023237
1023238
1023239
1023240
1023241
1023243
1023244
1023246
1023247
1023248
1023249
1023250
1023251
1023252
1023253
1023254
1023256
1023257
1023258
1023259
102326
1023260
1023261
1023263
1023264
1023265
1023266
1023267
1023268
1023269
102327
1023270
1023271
1023273
1023276
1023277
1023278
1023280
1023281
1023283
1023284
1023285
1023286
1023287
1023288
1023289
1023290
1023291
1023292
1023293
1023294
1023298
1023299
1023300
1023303
1023308
102331
1023310
1023311
1023312
1023313
1023314
1023315
1023316
1023317
1023318
1023319
102332
1023320
1023321
1023322
1023323
1023324
1023325
1023326
1023327
1023328
1023329
102333
1023330
1023331
1023332
1023333
1023334
1023335
1023336
1023337
1023338
1023339
1023340
1023341
1023342
1023344
1023345
1023346
1023347
1023348
1023349
102335
1023350
1023351
1023352
1023353
1023354
1023356
1023357
1023358
1023359
102336
1023360
1023361
1023362
1023363
1023364
1023365
1023366
1023367
1023368
1023369
102337
1023370
1023371
1023372
1023373
1023374
1023375
1023376
1023377
1023378
1023379
1023380
1023381
1023382
1023383
1023384
1023385
1023386
1023388
102339
1023391
1023393
1023394
1023395
1023396
1023397
1023398
1023399
10234
1023400
1023402
1023403
1023407
1023408
1023409
102341
1023410
1023411
1023412
1023413
1023414
1023415
1023416
1023417
1023418
1023419
1023420
1023421
1023422
1023423
1023424
1023425
1023426
1023427
1023428
1023429
102343
1023430
1023431
1023432
1023433
1023434
1023435
1023436
1023437
1023438
1023439
102344
1023440
1023441
1023442
1023444
1023445
1023446
1023447
1023448
1023449
1023450
1023451
1023452
1023453
1023455
1023456
1023457
1023459
102346
1023460
1023461
1023462
1023463
1023464
1023465
1023466
1023467
102347
1023470
1023471
1023472
1023473
1023474
1023475
1023476
1023477
1023478
1023479
1023480
1023481
1023482
1023483
1023484
1023485
1023486
1023487
1023488
1023489
1023490
1023491
1023492
1023493
1023494
1023495
1023496
1023497
1023498
1023499
10235
1023500
1023501
1023502
1023504
1023505
1023507
1023508
1023510
1023512
1023513
1023514
1023515
1023516
1023517
1023518
1023519
1023520
1023521
1023522
1023523
1023524
1023525
1023526
1023527
1023529
102353
1023530
1023532
1023533
1023534
1023535
1023536
1023537
1023538
1023540
1023541
1023542
1023543
1023544
1023545
1023546
1023547
1023548
1023549
1023550
1023551
1023552
1023553
1023554
1023555
1023556
1023557
1023558
1023559
1023560
1023562
1023563
1023565
1023566
1023567
1023568
1023569
1023570
1023571
1023572
1023573
1023574
1023575
1023576
1023577
1023578
1023579
102358
1023580
1023581
1023582
1023583
1023584
1023585
1023586
1023587
1023588
1023589
1023590
1023591
1023592
1023593
1023594
1023595
1023596
1023598
1023599
10236
1023600
1023601
1023602
1023603
1023604
1023605
1023606
1023607
1023614
1023615
1023616
1023617
1023618
1023619
102362
1023620
1023621
1023622
1023623
1023624
1023625
1023626
1023627
1023628
1023629
102363
1023630
1023631
1023632
1023633
1023634
1023635
1023636
1023637
1023638
1023640
1023641
1023642
1023643
1023644
1023645
1023646
1023647
1023648
1023649
1023650
1023651
1023652
1023653
1023654
1023656
1023657
1023658
1023659
1023660
1023661
1023662
1023663
1023664
1023665
1023666
1023667
1023668
102367
1023671
1023673
1023674
1023675
1023676
1023677
1023679
102368
1023680
1023681
1023682
1023683
1023684
1023685
1023686
1023687
1023688
1023689
102369
1023690
1023691
1023692
1023693
1023694
1023695
1023696
1023697
1023699
10237
102370
1023700
1023701
1023704
1023705
1023706
1023707
1023708
1023709
1023710
1023711
1023712
1023713
1023714
1023715
1023717
1023719
1023720
1023722
1023723
1023725
1023726
1023727
1023728
1023729
1023730
1023731
1023732
1023733
1023734
1023735
1023736
1023737
1023738
1023739
102374
1023740
1023742
1023743
1023744
1023745
1023746
1023747
1023748
1023749
1023750
1023751
1023752
1023753
1023754
1023755
1023756
1023757
1023758
1023759
102376
1023760
1023761
1023762
1023763
1023764
1023765
1023766
1023767
1023768
1023769
102377
1023770
1023771
1023773
1023775
1023776
1023777
1023778
1023779
1023780
1023781
1023782
1023783
1023784
1023785
1023786
1023787
1023788
1023789
102379
1023790
1023791
1023792
1023794
1023795
1023796
1023797
1023798
1023799
10238
1023800
1023801
1023802
1023803
1023804
1023805
1023806
1023807
1023808
1023809
102381
1023810
1023811
1023812
1023813
1023814
1023815
1023816
1023817
1023818
1023819
102382
1023820
1023821
1023822
1023823
1023824
1023825
1023826
1023827
1023828
1023829
102383
1023830
1023831
1023832
1023833
1023834
1023835
1023836
1023837
1023838
1023839
102384
1023840
1023841
1023842
1023843
1023844
1023845
1023846
1023847
1023848
1023849
1023850
1023851
1023852
1023853
1023854
1023855
1023856
1023857
1023859
102386
1023860
1023861
1023862
1023863
1023864
1023865
1023866
1023867
1023869
1023873
1023874
1023875
1023876
1023877
1023878
1023879
102388
1023880
1023882
1023883
1023884
1023885
1023886
1023887
1023888
1023889
102389
1023890
1023891
1023892
1023893
1023894
1023895
1023896
1023897
1023898
1023899
10239
102390
1023900
1023901
1023902
1023903
1023904
1023905
1023906
1023907
1023908
1023909
102391
1023910
1023912
1023913
1023914
1023915
1023916
1023917
1023918
1023919
1023920
1023921
1023922
1023923
1023924
1023925
1023927
1023928
1023929
1023930
1023932
1023933
1023934
1023935
1023936
1023937
1023938
1023939
102394
1023940
1023941
1023942
1023943
1023944
1023945
1023946
1023947
1023948
1023949
1023950
1023951
1023952
1023953
1023955
1023957
1023958
1023959
102396
1023960
1023961
1023962
1023963
1023964
1023965
1023966
1023967
1023968
1023969
1023970
1023971
1023972
1023973
1023974
1023975
1023976
1023977
1023978
1023979
102398
1023980
1023981
1023982
1023983
1023984
1023986
1023987
1023988
1023989
1023990
1023991
1023992
1023993
1023994
1023995
1023996
1023997
1023998
1023999
1024
102400
1024000
1024001
1024002
1024003
1024004
1024006
1024007
1024008
1024009
102401
1024010
1024011
1024012
1024013
1024014
1024015
1024016
1024017
1024018
1024019
1024020
1024021
1024022
1024023
1024024
1024025
1024026
1024027
1024028
1024029
1024030
1024031
1024032
1024033
1024035
1024036
1024038
1024039
102404
1024040
1024041
1024042
1024043
1024045
1024046
1024047
1024048
1024049
1024050
1024051
1024052
1024053
1024055
1024056
1024057
1024058
1024059
102406
1024060
1024061
1024062
1024063
1024064
1024065
1024066
1024067
1024068
102407
1024070
1024071
1024072
1024073
1024074
1024075
1024076
1024077
1024078
1024079
102408
1024080
1024082
1024083
1024084
1024085
1024086
1024087
1024088
1024089
1024090
1024091
1024092
1024093
1024094
1024095
1024096
1024097
1024098
1024099
10241
102410
1024100
1024101
1024102
1024103
1024104
1024105
1024106
1024108
1024109
102411
1024111
1024112
1024113
1024114
1024115
1024116
1024117
1024119
1024121
1024122
1024123
1024124
1024127
1024129
1024131
1024132
1024133
1024134
1024137
1024138
1024139
1024140
1024141
1024142
1024143
1024144
1024145
1024149
1024150
1024152
1024153
1024157
1024158
102416
1024160
1024163
1024165
1024166
1024168
1024169
1024170
1024171
1024172
1024174
1024175
1024176
1024177
1024178
1024179
1024180
1024181
1024182
1024183
1024184
1024185
1024186
1024188
1024189
102419
1024190
1024191
1024192
1024193
1024194
1024195
1024196
1024197
1024198
1024199
10242
102420
1024200
1024201
1024202
1024203
1024204
1024206
1024207
1024208
1024209
102421
1024210
1024212
1024213
1024214
1024215
1024216
1024217
1024218
1024219
1024220
1024221
1024222
1024223
1024224
1024225
1024226
1024227
1024228
1024229
1024230
1024231
1024232
1024233
1024234
1024236
1024237
1024239
1024240
1024241
1024242
1024243
1024244
1024245
1024246
1024247
1024248
1024249
1024250
1024251
1024252
1024253
1024254
1024255
1024256
1024257
1024258
1024259
1024260
1024261
1024262
1024263
1024264
1024265
1024266
1024267
1024268
1024269
1024270
1024271
1024272
1024273
1024274
1024275
1024276
1024279
102428
1024280
1024281
1024282
1024283
1024284
1024285
1024286
1024287
1024289
1024290
1024291
1024292
1024293
1024294
1024295
1024296
1024297
1024298
1024299
10243
1024300
1024301
1024302
1024303
1024304
1024305
1024306
1024307
1024308
1024309
102431
1024310
1024311
1024312
1024314
1024315
1024316
1024317
1024318
1024319
1024320
1024321
1024322
1024323
1024324
1024325
1024326
1024327
1024329
1024330
1024331
1024332
1024333
1024334
1024335
1024336
1024337
1024338
1024339
102434
1024340
1024341
1024342
1024343
1024344
1024345
1024347
1024348
1024349
1024350
1024351
1024352
1024353
1024356
1024358
1024359
102436
1024360
1024361
1024362
1024363
1024364
1024365
1024366
1024367
1024368
1024369
1024370
1024371
1024372
1024373
1024374
1024375
1024376
1024377
1024379
1024380
1024381
1024382
1024383
1024384
1024385
1024386
1024387
1024388
1024389
102439
1024391
1024392
1024393
1024395
1024396
1024397
1024398
1024399
10244
102440
1024400
1024401
1024402
1024403
1024405
1024406
1024407
1024408
1024409
1024410
1024411
1024412
1024413
1024414
1024415
1024416
1024417
1024418
102442
1024420
1024421
1024422
1024423
1024424
1024425
1024426
1024427
1024428
1024429
102443
1024430
1024431
1024432
1024433
1024434
1024435
1024436
1024437
1024438
1024439
102444
1024441
1024443
1024444
1024445
1024446
1024447
1024448
1024449
102445
1024450
1024451
1024452
1024453
1024454
1024455
1024456
1024457
1024458
1024460
1024461
1024462
1024463
1024464
1024465
1024466
1024467
1024468
1024469
102447
1024470
1024471
1024472
1024473
1024474
1024475
1024476
1024477
1024478
1024479
102448
1024480
1024481
1024482
1024483
1024484
1024486
1024487
1024488
102449
1024490
1024491
1024492
1024494
1024496
1024498
1024499
102450
1024500
1024501
1024502
1024503
1024504
1024505
1024506
1024507
1024508
1024509
1024510
1024511
1024512
1024513
1024514
1024515
1024516
1024517
1024518
1024519
1024520
1024521
1024522
1024523
1024524
1024525
1024526
1024527
1024528
1024529
1024530
1024531
1024532
1024534
1024535
1024536
1024537
1024538
1024539
1024540
1024541
1024542
1024543
1024544
1024545
1024546
1024547
1024548
1024549
1024550
1024551
1024552
1024553
1024554
1024555
1024556
1024557
1024558
1024559
1024560
1024561
1024562
1024563
1024564
1024565
1024566
1024567
1024568
1024569
1024570
1024571
1024572
1024573
1024575
1024576
1024577
1024578
1024579
1024580
1024581
1024582
1024583
1024584
1024585
1024587
1024588
1024589
1024590
1024591
1024592
1024594
1024595
1024596
1024597
1024598
1024599
10246
1024600
1024601
1024602
1024603
1024604
1024605
1024606
1024607
1024608
102461
1024610
1024611
1024612
1024613
1024614
1024615
1024616
1024617
1024618
1024619
102462
1024620
1024621
1024622
1024623
1024624
1024625
1024626
1024627
1024629
102463
1024630
1024631
1024632
1024633
1024634
1024635
1024636
1024637
1024638
1024639
102464
1024640
1024641
1024642
1024644
1024647
1024648
1024649
102465
1024650
1024651
1024652
1024654
1024656
1024657
1024658
1024659
1024660
1024661
1024662
1024663
1024664
1024665
1024666
1024667
1024668
1024669
102467
1024670
1024671
1024672
1024673
1024674
1024675
1024676
1024677
1024678
1024679
102468
1024680
1024681
1024682
1024683
1024684
1024685
1024686
1024687
1024688
1024689
1024690
1024691
1024693
1024694
1024695
1024697
1024698
10247
1024700
1024701
1024702
1024703
1024704
1024705
1024706
1024707
1024708
1024709
1024710
1024711
1024712
1024713
1024714
1024715
1024716
1024717
1024718
1024719
1024720
1024721
1024722
1024724
1024725
1024728
1024730
1024731
1024732
1024733
1024734
1024735
1024736
1024737
1024738
1024739
1024740
1024741
1024742
1024743
1024744
1024745
1024747
1024748
1024749
102475
1024750
1024751
1024752
1024753
1024754
1024755
1024756
1024757
1024758
1024759
1024760
1024761
1024762
1024763
1024764
1024765
1024766
1024767
1024768
1024769
102477
1024770
1024771
1024772
1024773
1024774
1024775
1024776
1024777
1024778
1024779
102478
1024780
1024781
1024782
1024783
1024784
1024785
1024786
1024787
1024788
1024789
1024790
1024791
1024792
1024793
1024794
1024796
1024797
1024798
1024799
10248
102480
1024800
1024801
1024802
1024803
1024804
1024805
1024806
1024807
1024808
1024809
1024810
1024811
1024812
1024813
1024814
1024815
1024816
1024817
1024818
1024819
102482
1024820
1024821
1024822
1024823
1024824
1024825
1024826
1024827
1024828
1024829
102483
1024830
1024831
1024832
1024833
1024834
1024835
1024836
1024837
1024838
1024839
102484
1024840
1024841
1024842
1024843
1024844
1024845
1024846
1024847
1024848
1024849
1024850
1024851
1024852
1024853
1024854
1024855
1024856
1024857
1024858
1024859
1024860
1024861
1024862
1024863
1024864
1024865
1024866
1024867
1024868
1024871
1024872
1024873
1024874
1024875
1024876
1024877
1024878
1024879
102488
1024881
1024882
1024883
1024884
1024885
1024886
1024887
1024888
1024889
102489
1024890
1024892
1024893
1024894
1024895
1024896
1024897
1024898
1024899
10249
102490
1024900
1024901
1024902
1024904
1024906
1024907
1024908
1024909
102491
1024911
1024913
1024914
1024916
1024917
1024918
1024919
102492
1024920
1024921
1024922
1024923
1024924
1024925
1024926
1024927
1024928
1024929
102493
1024930
1024932
1024933
1024934
1024935
1024936
1024937
1024938
1024939
102494
1024940
1024941
1024942
1024943
1024944
1024945
1024946
1024947
1024948
1024949
102495
1024950
1024951
1024952
1024953
1024954
1024955
1024956
1024957
1024958
1024959
102496
1024960
1024961
1024962
1024963
1024964
1024965
1024966
1024967
1024968
1024969
102497
1024970
1024972
1024973
1024974
1024975
1024976
1024977
1024978
1024979
102498
1024980
1024981
1024983
1024984
1024985
1024986
1024987
1024988
102499
1024990
1024991
1024992
1024993
1024994
1024997
1024998
1024999
10250
1025000
1025001
1025002
1025003
1025004
1025005
1025006
1025007
1025008
1025009
102501
1025010
1025011
1025012
1025013
1025015
1025016
1025017
1025018
1025019
1025020
1025021
1025022
1025023
1025024
1025025
1025026
1025027
1025028
1025029
102503
1025030
1025032
1025033
1025034
1025035
1025036
1025037
1025038
1025039
102504
1025040
1025041
1025042
1025043
1025044
1025045
1025046
1025047
1025048
1025049
1025050
1025051
1025052
1025053
1025054
1025056
1025057
1025058
1025059
102506
1025060
1025061
1025062
1025063
1025064
1025065
1025066
1025067
1025068
1025069
1025070
1025071
1025072
1025073
1025074
1025075
1025076
1025077
1025078
1025079
102508
1025080
1025081
1025082
1025083
1025084
1025085
1025086
1025088
1025089
1025090
1025091
1025092
1025093
1025094
1025095
1025096
1025097
1025098
1025099
10251
102510
1025100
1025102
1025103
1025104
1025105
1025106
1025107
1025108
1025109
102511
1025110
1025111
1025112
1025113
1025114
1025115
1025116
1025117
1025118
102512
1025120
1025121
1025122
1025123
1025124
1025125
1025126
1025127
1025128
1025129
102513
1025130
1025131
1025132
1025134
1025135
1025136
1025137
1025138
1025139
102514
1025140
1025141
1025142
1025143
1025144
1025146
1025147
1025148
1025149
1025150
1025151
1025152
1025153
1025154
1025155
1025156
1025157
1025158
1025159
102516
1025160
1025161
1025162
1025163
1025164
1025165
1025166
1025167
1025168
1025169
102517
1025170
1025171
1025172
1025173
1025174
1025175
1025176
1025177
1025178
1025179
1025180
1025181
1025182
1025184
1025185
1025186
1025187
1025188
1025189
1025190
1025191
1025192
1025193
1025194
1025195
1025196
1025197
1025198
1025199
10252
1025200
1025201
1025202
1025203
1025204
1025206
1025207
1025208
1025209
1025210
1025211
1025212
1025213
1025214
1025215
1025216
1025217
1025218
1025219
102522
1025220
1025221
1025222
1025224
1025225
1025226
1025227
1025229
1025230
1025231
1025232
1025233
1025234
1025235
1025236
1025237
1025238
1025239
102524
1025240
1025242
1025243
1025244
1025245
1025246
1025247
1025248
1025249
102525
1025250
1025251
1025252
1025253
1025254
1025255
1025257
1025258
1025259
102526
1025260
1025261
1025262
1025263
1025265
1025266
1025267
1025268
1025269
102527
1025270
1025271
1025272
1025273
1025274
1025275
1025276
1025277
1025278
1025279
1025280
1025281
1025282
1025284
1025285
1025286
1025287
1025288
1025290
1025291
1025292
1025293
1025294
1025295
1025296
1025297
1025298
1025299
10253
1025300
1025301
1025302
1025303
1025304
1025305
1025306
1025307
1025308
1025309
102531
1025310
1025311
1025312
1025313
1025314
1025315
1025316
1025317
1025318
1025319
1025320
1025321
1025322
1025323
1025324
1025325
1025326
1025327
1025328
1025329
102533
1025330
1025331
1025332
1025333
1025334
1025335
1025336
1025337
1025338
1025339
102534
1025340
1025341
1025342
1025343
1025344
1025345
1025347
1025348
1025349
102535
1025350
1025351
1025352
1025353
1025354
1025355
1025356
1025357
1025358
1025359
102536
1025360
1025361
1025362
1025363
1025364
1025365
1025366
1025367
1025368
1025369
1025370
1025371
1025372
1025373
1025374
1025375
1025376
1025377
1025378
102538
1025380
1025381
1025382
1025383
1025384
1025385
1025386
1025387
1025388
1025389
102539
1025390
1025391
1025392
1025393
1025394
1025395
1025396
1025397
1025398
1025399
10254
1025400
1025401
1025402
1025403
1025404
1025405
1025407
1025408
1025409
102541
1025410
1025411
1025413
1025414
1025415
1025416
1025417
1025418
1025419
102542
1025420
1025421
1025422
1025423
1025424
1025425
1025426
1025427
1025428
1025429
102543
1025430
1025431
1025432
1025433
1025434
1025435
1025436
1025437
1025438
1025439
102544
1025440
1025441
1025442
1025443
1025444
1025445
1025446
1025448
1025449
1025450
1025451
1025452
1025453
1025454
1025455
1025456
1025457
1025458
1025459
1025460
1025461
1025462
1025463
1025464
1025465
1025466
1025467
1025468
1025469
102547
1025470
1025471
1025472
1025473
1025475
1025476
1025477
1025478
1025479
1025480
1025481
1025482
1025483
1025484
1025485
1025486
1025487
1025488
1025489
1025491
1025492
1025493
1025494
1025495
1025496
1025497
1025498
1025499
10255
1025501
1025502
1025503
1025504
1025505
1025506
1025507
1025508
1025509
102551
1025510
1025511
1025512
1025513
1025514
1025515
1025516
1025517
1025518
1025519
1025520
1025521
1025522
1025523
1025525
1025527
1025528
1025529
1025530
1025533
1025534
1025535
1025537
1025538
1025539
1025540
1025541
1025542
1025543
1025544
1025545
1025546
1025547
1025548
1025549
1025550
1025551
1025552
1025553
1025554
1025555
1025556
1025557
1025558
1025559
1025560
1025561
1025562
1025563
1025565
1025566
1025567
1025568
1025569
1025570
1025571
1025572
1025573
1025575
1025576
1025577
1025578
1025579
1025581
1025583
1025584
1025585
1025586
1025587
1025588
1025589
1025590
1025591
1025593
1025594
1025595
1025596
1025597
1025598
1025599
10256
1025600
1025601
1025602
1025603
1025604
1025605
1025607
1025609
1025610
1025611
1025612
1025613
1025614
1025615
1025616
1025618
1025619
1025620
1025621
1025622
1025623
1025624
1025625
1025627
1025628
1025629
1025630
1025631
1025632
1025633
1025634
1025635
1025636
1025637
1025638
1025639
1025640
1025641
1025642
1025643
1025644
1025645
1025647
1025648
1025651
1025654
1025655
1025656
1025657
1025658
1025659
102566
1025660
1025661
1025662
1025663
1025664
1025665
1025666
1025667
1025668
1025669
1025670
1025671
1025673
1025674
1025675
1025677
1025678
1025679
1025680
1025681
1025682
1025683
1025684
1025685
1025686
1025687
1025688
1025689
102569
1025690
1025692
1025693
1025694
1025695
1025696
1025697
1025698
1025699
10257
1025701
1025702
1025703
1025704
1025705
1025706
1025707
1025708
1025709
1025710
1025711
1025712
1025713
1025715
1025716
1025717
1025718
1025719
1025720
1025721
1025722
1025723
1025724
1025725
1025726
1025727
1025728
1025729
1025731
1025732
1025733
1025734
1025735
1025737
1025738
1025739
1025741
1025744
1025746
1025748
1025749
1025752
1025753
1025754
1025755
1025756
1025757
1025758
1025759
1025760
1025761
1025762
1025763
1025764
1025765
1025766
1025767
1025768
1025769
102577
1025770
1025771
1025772
1025773
1025774
1025775
1025776
1025777
1025779
1025781
1025783
1025784
1025785
1025786
1025787
1025788
1025789
102579
1025790
1025791
1025792
1025793
1025795
1025796
1025797
1025798
10258
102580
1025800
1025801
1025803
1025804
1025805
1025806
1025807
1025808
1025809
1025810
1025811
1025812
1025813
1025814
1025815
1025816
1025817
1025818
1025819
1025820
1025821
1025822
1025823
1025824
1025825
1025826
1025827
1025828
