250610
250611
250612
250613
250614
250618
25062
250620
250621
250622
250624
250625
250626
250627
250629
25063
250630
250632
250633
250634
250636
250638
25064
250641
250642
250643
250646
250647
250649
25065
250650
250651
250652
250653
250655
250657
250658
250659
25066
250660
250661
250662
250664
250665
250666
250667
250668
250669
250670
250671
250673
250674
250675
250676
250677
25068
250680
250681
250683
250684
250685
250686
250687
250688
250689
25069
250690
250691
250692
250693
250694
250695
250696
250697
250699
25070
250700
250701
250702
250703
250704
250705
250708
25071
250710
250711
250713
250714
250715
250717
250718
250719
25072
250720
250721
250722
250723
250724
250725
250726
250727
250728
250729
25073
250731
250732
250734
250735
250736
250738
250739
25074
250740
250741
250742
250743
250745
250746
250747
250749
250750
250751
250754
250756
250759
25076
250761
250762
250764
250766
250768
250769
25077
250770
250771
250773
250774
250776
250777
250778
250779
25078
250780
250781
250782
250783
250784
250786
250787
250788
250789
25079
250790
250792
250795
250796
250797
250798
25080
250800
250802
250804
250805
250806
250807
250808
250809
25081
250810
250812
250815
250816
250817
250819
250820
250821
250823
250824
250825
250826
250827
250829
250830
250831
250832
250833
250835
250837
250839
25084
250841
250842
250843
250844
250845
250846
250848
250849
250850
250852
250853
250855
250856
250857
250858
250859
25086
250861
250862
250863
250865
250866
250867
250868
250869
25087
250871
250872
250873
250874
250875
250876
250877
250879
25088
250880
250881
250883
250884
250885
250887
250888
250891
250894
250895
250897
250898
250899
250902
250903
250904
250905
250906
250908
250909
250911
250912
250913
250914
250916
250917
250918
250919
25092
250920
250921
250923
250924
250925
250926
250927
250928
250929
250930
250931
250933
250934
250935
250937
250938
25094
250940
250941
250942
250943
250944
250945
250946
250949
25095
250950
250953
250954
250955
250956
250957
250958
250959
250961
250963
250965
250966
250967
250969
250970
250972
250974
250975
250976
250979
250980
250981
250982
250983
250984
250986
250987
250988
250989
25099
250990
250991
250992
250993
250994
250998
251
25100
251000
251001
251002
251004
251005
251006
251007
25101
251010
251011
251012
251013
251014
251015
251016
251018
251019
251020
251022
251023
251024
251025
251026
251027
251028
25103
251030
251031
251032
251033
251034
251035
251036
251037
251039
25104
251040
251041
251046
251049
251051
251053
251054
251055
251057
251059
25106
251061
251065
251067
251069
25107
251071
251072
251073
251074
251076
251079
251082
251083
251084
251085
251086
251087
251089
25109
251092
251094
251099
25110
251102
251104
251105
251106
251107
251108
251109
25111
251111
251115
251117
251118
251119
25112
251121
251122
251123
251124
251125
251127
251128
25113
251130
251131
251133
251134
251135
251136
251137
25114
251140
251144
251145
251147
251148
251149
251150
251153
251156
251159
251162
251163
251164
251165
251166
251168
251169
25117
251171
251172
251174
251175
251176
251177
251178
251180
251181
251182
251183
251184
251186
251187
251188
25119
251190
251191
251193
251194
251195
251197
251199
25120
251200
251202
251203
251204
251205
251206
251208
251209
25121
251210
251211
251212
251213
251216
251217
251218
25122
251220
251222
251224
251225
251226
251227
251230
251231
251232
251233
251234
251235
251236
251237
251238
251239
25124
251240
251241
251243
251244
251245
251247
251248
251252
251253
251254
251255
251257
251258
251259
25126
251260
251261
251262
251263
251264
251266
251267
251269
251270
251271
251272
251274
251275
251277
251278
25128
251280
251281
251282
251284
251285
251287
251290
251291
251292
251295
251296
251297
251298
25130
251300
251301
251302
251303
251304
251305
251307
251308
251309
251310
251311
251312
251313
251316
251317
25132
251320
251321
251322
251323
251324
251326
251328
251329
25133
251330
251331
251333
251334
251335
251337
251338
251339
251340
251341
251342
251343
251345
251346
251347
25135
251350
251351
251354
251355
251356
251357
251358
251359
251361
251362
251363
251365
251366
251367
251368
25137
251370
251371
251373
251374
251375
251376
251377
251380
251383
251384
251385
251387
251388
251389
251392
251393
251395
251396
251397
251399
251400
251401
251403
251405
251406
251407
251409
251410
251412
251413
251414
251417
251419
25142
251420
251421
251422
251423
251424
251425
251427
251428
251429
25143
251430
251431
251432
251434
251435
251436
251437
251438
251439
25144
251441
251444
251447
251448
251449
25145
251451
251453
251454
251455
251456
251457
251458
251460
251462
251463
251464
251466
251467
251469
25147
251470
251471
251474
251475
251476
251479
25148
251481
251482
251483
251484
251485
251486
251487
251489
25149
251491
251493
251494
251497
251498
251499
25150
251500
251501
251502
251503
251504
251505
251506
251508
251509
25151
251511
251515
251516
251517
251518
251519
251520
251522
251524
251525
251526
251527
251528
251529
25153
251530
251531
251532
251533
251534
251535
251537
251538
251539
25154
251541
251542
251544
251547
251548
251549
25155
251550
251551
251552
251553
251555
251557
251558
251559
251560
251562
251563
251564
251565
251566
251567
251568
251569
25157
251570
251571
251572
251573
251574
251575
251576
251577
251578
251579
251580
251581
251583
251584
251585
251586
251588
251589
251592
251593
251594
251595
251596
251597
251598
251599
2516
25160
251600
251602
251603
251604
251605
251606
251607
251608
251609
25161
251610
251611
251612
251614
251617
251618
251619
25162
251622
251623
251625
251626
251627
25163
251630
251633
251635
251636
251637
251638
251639
25164
251640
251641
251642
251643
251644
251645
251646
251647
251648
25165
251652
251653
251654
251656
251657
251658
25166
251660
251661
251663
251664
251665
251668
251669
25167
251670
251671
251672
251673
251675
251677
25168
251681
251685
251686
251687
251688
251689
25169
251690
251691
251692
251693
251694
251696
2517
25170
251702
251703
251705
251706
251707
251708
251709
251710
251712
251714
251715
251719
25172
251721
251722
251725
251726
251727
251728
251729
25173
251731
251732
251733
251734
251735
251736
251739
251743
251744
251746
251747
251749
251753
251754
251755
251756
251757
251758
251759
251760
251761
251762
251763
251764
251765
251766
251767
251768
25177
251770
251771
251773
251775
251776
251777
251778
251779
25178
251780
251781
251782
251783
251784
251788
251789
251793
251794
251796
251797
251798
251799
251800
251801
251803
251804
251805
251806
251807
251808
251809
251810
251813
251814
251817
251818
251819
25182
251820
251821
251822
251823
251824
251825
251827
251829
25183
251830
251832
251837
251838
251840
251841
251842
251843
251844
251846
251847
251848
251849
25185
251850
251851
251852
251853
251856
251857
251858
251859
25186
251860
251861
251862
251863
251864
251865
251866
251868
251869
25187
251872
251874
251876
251877
251879
25188
251880
251881
251882
251884
251885
251886
251887
251888
251889
25189
251890
251891
251892
251893
251894
251895
251896
251898
251899
25190
251900
251902
251904
251905
251908
251909
251916
251917
251918
251919
251920
251922
251923
251924
251929
251930
251932
251933
251936
251937
251938
251940
251941
251944
251946
251947
251948
25195
251950
251951
251952
251953
251954
251955
251957
251959
25196
251961
251964
251965
251967
251968
25197
251970
251971
251972
251974
251976
251977
251978
251979
25198
251981
251984
251985
251986
251987
251988
251989
25199
251990
251991
251992
251994
251995
251996
251997
251999
252
252001
252003
252004
252005
252006
252008
252009
252010
252011
252012
252013
252014
252015
252016
252017
252018
252019
25202
252020
252021
252022
252023
252024
252025
252026
252028
25203
252030
252031
252033
252034
252036
252039
25204
252041
252042
252043
252044
252045
252046
252047
252048
252049
25205
252050
252051
252052
252053
252054
252056
252059
252060
252061
252064
252066
252067
252069
252072
252073
252074
252077
252078
25208
252080
252081
252082
252085
252086
252088
25209
252090
252091
252093
252094
252095
252096
252097
252098
252099
25210
252100
252102
252103
252105
252106
252107
252108
252109
25211
252112
252113
252114
252115
252116
252117
252119
25212
252120
252122
252123
252125
252126
252127
252129
252130
252131
252132
252133
252134
252135
252137
252138
252139
25214
252140
252141
252142
252143
252144
252145
252147
252148
252149
252150
252151
252152
252154
252155
252156
252157
252158
252159
25216
252160
252161
252162
252164
252165
252166
252167
252168
252169
252170
252171
252172
252173
252174
252176
252178
252179
25218
252180
252182
252183
252184
252185
252186
252187
252188
252189
252190
252194
252196
252197
252198
252200
252201
252202
252204
252205
252207
252208
252209
25221
252210
252212
252213
252214
252215
252216
252218
252219
25222
252220
252221
252222
252224
252225
252227
252228
252229
25223
252230
252231
252232
252233
252235
252236
252237
252238
252239
25224
252240
252241
252242
252243
252244
252245
252246
252247
252248
252249
25225
252251
252252
252253
252254
252255
252256
252257
252258
252259
252260
252261
252262
252267
252268
252269
252270
252271
252272
252273
252274
252275
252276
252277
252278
252279
25228
252281
252282
252284
252286
252287
252288
252289
25229
252290
252291
252292
252293
252294
252295
252296
252297
252298
252299
252300
252301
252302
252304
252305
252306
252307
252308
252309
252310
252311
252312
252314
252315
252316
252317
252318
252319
25232
252320
252321
252322
252323
252324
252325
252326
252327
252328
252329
252330
252331
252332
252333
252334
252335
252337
252339
25234
252340
252341
252342
252343
252344
252345
252346
252347
252348
252349
252350
252351
252353
252354
252355
252356
252357
252358
252359
25236
252360
252361
252362
252363
252364
252365
252366
252367
252368
252369
25237
252370
252371
252372
252373
252374
252375
252376
252377
252378
252379
252380
252382
252383
252384
252385
252386
252388
252389
25239
252390
252391
252392
252393
252395
252396
252397
252398
252399
25240
252400
252401
252402
252403
252404
252405
252406
252407
252408
25241
252410
252411
252412
252413
252414
252415
252416
252417
252418
252419
25242
252420
252421
252422
252423
252424
252425
252426
252427
252429
252430
252431
252432
252433
252434
252435
252436
252438
252439
252440
252441
252442
252443
252444
252445
252446
252448
252449
25245
252450
252451
252452
252453
252454
252455
252456
252457
252458
252459
252460
252461
252463
252464
252465
252466
252467
252468
252470
252471
252473
252474
252476
252477
252478
252479
25248
252480
252481
252482
252483
252484
252485
252486
252487
252488
252489
25249
252490
252491
252492
252493
252494
252495
252496
252497
252499
2525
252500
252501
252502
252503
252504
252505
252506
252508
252509
25251
252510
252511
252512
252513
252514
252515
252516
252517
252518
252519
25252
252520
252521
252522
252523
252524
252525
252526
252529
25253
252530
252531
252532
252533
252534
252535
252536
252538
252539
252540
252541
252542
252543
252544
252545
252546
252547
252548
252549
25255
252550
252551
252552
252553
252554
252555
252556
252557
252559
25256
252560
252561
252563
252564
252565
252566
252567
252569
252570
252571
252572
252574
252575
252576
252577
252578
252579
252581
252582
252583
252584
252585
252586
252587
252589
25259
252590
252591
252592
252594
252595
252596
252597
252598
2526
25260
252600
252601
252602
252603
252604
252605
252606
252607
252608
252609
252610
252611
252612
252613
252614
252615
252616
252618
252619
25262
252620
252621
252622
252623
252624
252625
252626
252627
252628
252629
25263
252630
252631
252632
252633
252634
252635
252636
252637
252638
252639
25264
252640
252641
252642
252643
252644
252645
252646
252647
252648
252649
252650
252651
252652
252653
252654
252655
252656
252657
252658
252659
252660
252661
252662
252663
252664
252665
252666
252667
252669
252670
252671
252672
252673
252674
252675
252676
252678
252679
252680
252681
252682
252683
252684
252685
252686
252687
252688
252689
25269
252690
252691
252692
252693
252694
252695
252696
252697
252698
252699
2527
252700
252701
252704
252705
252706
252707
252708
252709
252710
252711
252712
252713
252714
252715
252717
252718
252719
25272
252720
252721
252722
252723
252724
252725
252726
252727
252728
252729
252731
252732
252734
252735
252736
252737
252738
252739
252740
252741
252742
252743
252744
252745
252746
252747
252748
252749
252750
252751
252752
252753
252754
252755
252756
252757
252759
252760
252761
252762
252764
252765
252766
252767
252768
252769
252770
252771
252772
252773
252774
252775
252777
252778
252779
25278
252780
252781
252782
252783
252784
252785
252786
252787
252788
252789
25279
252791
252792
252793
252794
252795
252797
252798
252799
2528
25280
252800
252801
252802
252803
252804
252805
252806
252807
252808
252809
252810
252811
252812
252813
252814
252815
252816
252817
252818
252819
25282
252820
252822
252823
252824
252825
252826
252827
252828
25283
252830
252831
252832
252833
252834
252835
252836
252838
252839
25284
252840
252841
252842
252844
252845
252847
252848
252849
252850
252851
252852
252853
252854
252855
252856
252857
252858
252859
252860
252861
252862
252863
252864
252865
252866
252867
252868
25287
252870
252871
252872
252873
252874
252875
252876
252878
252879
252880
252881
252882
252883
252884
252885
252886
252887
252888
252889
25289
252890
252891
252892
252893
252894
252895
252896
252897
252899
25290
252900
252901
252902
252903
252904
252905
252906
252907
252908
252910
252911
252912
252913
252914
252915
252916
252917
252918
252919
252920
252921
252922
252923
252924
252925
252926
252927
252928
252929
25293
252930
252931
252932
252933
252934
252935
252936
252937
252938
252939
252941
252942
252943
252944
252945
252946
252947
252948
252949
25295
252950
252951
252952
252953
252954
252955
252956
252957
252958
252959
25296
252960
252961
252963
252964
252965
252966
252967
252968
252969
25297
252970
252971
252972
252973
252974
252975
252976
252977
252978
252979
252980
252981
252982
252983
252984
252985
252986
252987
252988
252989
252990
252992
252994
252998
252999
253
25300
253000
253003
253006
253007
253008
253009
253010
253011
253012
253013
253014
253015
253016
253018
253020
253021
253022
253023
253025
253026
253027
253028
253029
25303
253030
253031
253032
253033
253034
253035
253036
253037
253038
253039
253040
253041
253042
253043
253044
253045
253046
253047
253048
253049
25305
253050
253053
253054
253055
253056
253057
253058
253059
253060
253061
253062
253063
253064
253065
253067
253069
253070
253071
253072
253074
253075
253076
253077
253078
253079
253080
253081
253082
253083
253085
253086
253087
253088
253089
253090
253091
253092
253093
253094
253095
253096
253097
253098
253099
25310
253100
253101
253102
253103
253104
253105
253106
253107
253108
25311
253110
253111
253112
253113
253114
253115
253116
253117
253118
253119
25312
253120
253121
253122
253123
253124
253125
253126
253127
253128
253129
25313
253130
253132
253133
253134
253135
253136
253137
253138
253139
25314
253140
253141
253142
253143
253144
253145
253146
253147
253148
253149
25315
253150
253151
253152
253153
253154
253155
253156
253157
253158
253159
253160
253161
253162
253163
253164
253165
253166
253167
253168
253169
253170
253171
253172
253173
253174
253175
253176
253177
253178
253179
25318
253180
253183
253184
253185
253186
253188
253189
25319
253191
253192
253194
253195
253196
253197
253198
253199
25320
253200
253204
253205
253206
253207
253209
253210
253212
253213
253215
253216
253217
253218
253219
253220
253221
253222
253223
253225
253226
253227
253228
253229
253230
253231
253232
253233
253234
253235
253236
253237
253238
253239
253240
253241
253242
253243
253244
253245
253246
253247
253248
253249
253250
253251
253252
253253
253254
253255
253256
253257
253258
253259
25326
253260
253261
253262
253263
253264
253265
253266
253267
253268
253269
253270
253271
253272
253273
253274
253275
253276
253277
253278
253279
253280
253281
253282
253283
253284
253285
253286
253287
253288
253289
25329
253290
253291
253292
253293
253294
253295
253296
253297
253298
253299
25330
253300
253301
253302
253303
253304
253305
253306
253307
253308
253309
253310
253311
253312
253314
253315
253316
253317
253318
253319
253320
253321
253322
253323
253324
253325
253326
253327
253328
253329
253330
253331
253332
253333
253334
253335
253336
253337
253338
253339
25334
253340
253341
253342
253343
253344
253346
253347
253348
253349
25335
253350
253351
253352
253353
253354
253355
253356
253358
25336
253360
253361
253362
253363
253364
253365
253366
253367
253368
253369
25337
253370
253371
253372
253373
253374
253375
253376
253377
253379
25338
253380
253381
253383
253384
253386
253387
25339
253390
253391
253392
253393
253394
253395
253396
253397
253398
253399
253400
253401
253402
253403
253404
253405
253406
253407
253408
253409
253410
253411
253412
253413
253414
253415
253416
253418
253419
253420
253421
253422
253427
253428
253429
253430
253431
253432
253433
253434
253435
253436
253437
253438
253439
253440
253441
253442
253443
253444
253445
253447
253448
253449
253450
253451
253452
253453
253454
253455
253456
253457
253458
253460
253461
253462
253463
253464
253465
253466
253467
253469
253470
253471
253472
253473
253474
253475
253477
253478
253479
253480
253481
253482
253483
253484
253485
253486
253487
253488
253489
253490
253491
253492
253493
253494
253495
253496
253498
253499
25350
253500
253501
253502
253503
253505
253506
253507
253508
253509
253511
253512
253513
253514
253515
253516
253517
253518
253519
25352
253520
253521
253522
253523
253524
253525
253526
253527
253528
253529
25353
253530
253531
253532
253533
253534
253535
253536
253538
253539
25354
253540
253541
253542
253543
253545
253546
253547
253548
253549
25355
253550
253551
253552
253553
253556
253557
253558
25356
253560
253561
253562
253564
253565
253567
253569
253570
253571
253573
253574
253575
253578
253579
25358
253581
253582
253583
253585
253586
253587
253588
253589
25359
253590
253591
253592
253593
253594
253595
253596
253598
253599
2536
25360
253600
253601
253602
253603
253604
253605
253606
253607
253608
253609
25361
253610
253611
253612
253613
253614
253615
253616
253618
253619
253621
253622
253623
253624
253626
253627
253629
25363
253630
253631
253632
253633
253634
253635
253636
253637
253638
253639
25364
253640
253641
253642
253644
253645
253646
253647
253648
253649
253650
253651
253652
253653
253654
253655
253656
253657
253658
253659
25366
253661
253662
253664
253665
253666
253667
253668
253669
253670
253671
253672
253673
253674
253675
253677
253679
253682
253683
253684
253685
253686
253687
253688
253689
25369
253691
253693
253694
253697
253698
253699
2537
253700
253701
253702
253703
253704
253705
253706
253707
253708
253709
253711
253712
253713
253714
253716
253719
25372
253722
253723
253724
253725
253726
253727
253728
253729
25373
253730
253731
253732
253733
253734
253736
253737
253738
253739
253740
253741
253742
253743
253744
253745
253746
253748
253749
253750
253751
253752
253754
253755
253756
253757
253758
253759
25376
253760
253761
253762
253763
253764
253765
253766
253767
253768
25377
253770
253771
253772
253773
253774
253775
253776
253777
253778
253779
253780
253781
253782
253783
253785
253786
253787
253788
253789
25379
253790
253791
253792
253793
253794
253795
253796
253797
253798
253799
2538
253800
253801
253802
253804
253805
253807
253808
253809
25381
253810
253811
253812
253813
253814
253815
253816
253817
253818
253819
253820
253821
253822
253824
253825
253826
253827
253828
253829
253830
253831
253833
253834
253835
253836
253837
253838
253839
25384
253840
253841
253842
253843
253844
253845
253846
253847
253848
253849
25385
253850
253851
253852
253855
253856
253857
253858
253859
25386
253860
253861
253862
253863
253864
253865
253866
253867
253868
25387
253870
253871
253872
253873
253874
253875
253876
253877
253878
253879
25388
253880
253881
253882
253883
253884
253885
253886
253887
253888
253889
25389
253890
253891
253892
253893
253894
253895
253896
253897
253898
253899
2539
253900
253902
253903
253904
253905
253906
253907
253908
253909
25391
253910
253911
253912
253913
253914
253915
253916
253917
253919
25392
253920
253921
253922
253923
253924
253926
253927
253928
253929
253930
253932
253933
253934
253935
253937
253938
25394
253940
253941
253942
253943
253944
253945
253946
253947
253949
25395
253951
253952
253953
253955
253956
253958
253959
25396
253960
253961
253962
253963
253964
253965
253966
253967
253968
253969
253970
253971
253972
253973
253975
253976
253978
253979
253980
253981
253982
253983
253984
253985
253986
253987
253988
253989
253994
253999
254
25400
254000
254001
254002
254003
254004
254005
254006
254007
254008
254009
254010
254011
254012
254013
254014
254015
254016
254017
254018
254019
254021
254022
254023
254024
254025
254026
254027
254028
25403
254030
254031
254032
254033
254034
254035
254036
254037
254038
254039
254040
254041
254042
254043
254044
254045
254047
254048
254049
25405
254050
254051
254052
254053
254054
254055
254056
254057
254058
254059
254060
254061
254062
254063
254064
254065
254067
254069
25407
254070
254072
254073
254074
254075
254076
254077
254078
254079
254080
254081
254082
254083
254084
254085
254086
254087
254088
254089
25409
254090
254091
254092
254093
254094
254096
254097
254098
254099
254100
254101
254102
254103
254104
254105
254106
254107
254108
254109
254110
254111
254112
254113
254114
254115
254116
254117
254118
254119
254120
254121
254122
254123
254124
254125
254126
254127
254128
254129
25413
254130
254131
254132
254133
254134
254135
254136
254137
254138
254139
254140
254141
254142
254143
254144
254146
254148
254149
254150
254151
254152
254153
254154
254155
254156
254157
254158
254161
254162
254163
254164
254165
254166
254167
254168
254169
254170
254171
254172
254173
254174
254175
254176
254177
254178
254179
254180
254181
254184
254185
254186
254187
254188
254189
254190
254191
254192
254193
254194
254195
254196
254197
254198
254199
254200
254201
254202
254203
254204
254205
254206
254207
254208
254209
254210
254211
254212
254213
254214
254215
254216
254217
25422
254221
254223
254225
254226
254227
254229
25423
254230
254231
254232
254233
254234
254235
254236
254238
254240
254241
254242
254243
254244
254245
254246
254247
254248
254249
25425
254250
254251
254252
254254
254255
254256
254257
254258
254259
25426
254260
254261
254262
254263
254264
254265
254267
254268
254269
254270
254271
254273
254274
254277
254278
25428
254280
254281
254282
254283
254284
254286
254288
254289
254290
254291
254292
254293
254294
254295
254296
254297
254298
254299
25430
254300
254301
254302
254303
254304
254305
254306
254307
254308
254309
25431
254311
254312
254313
254314
254315
254317
254319
25432
254320
254321
254322
254323
254324
254325
254326
254327
254328
254329
254330
254331
254332
254333
254334
254335
254336
254337
254338
254339
25434
254340
254341
254342
254343
254344
254345
254346
254347
254348
254349
25435
254350
254351
254352
254353
254354
254355
254356
254357
254358
254359
25436
254360
254361
254362
254363
254364
254365
254366
254367
254368
254369
25437
254371
254372
254373
254374
254375
254376
254377
254379
25438
254380
254381
254382
254383
254384
254385
254386
254387
254388
254389
25439
254390
254391
254392
254393
254394
254395
254396
254397
254398
254399
25440
254400
254401
254402
254403
254404
254405
254406
254407
254408
254409
25441
254410
254411
254412
254413
254414
254415
254416
254418
254419
254420
254421
254422
254423
254424
254425
254426
254428
254429
25443
254430
254431
254432
254433
254434
254435
254436
254437
254438
254439
254440
254441
254442
254443
254445
254446
254447
254448
254449
25445
254450
254451
254452
254453
254455
254456
254457
254458
254459
25446
254460
254461
254462
254464
254465
254466
254468
254469
25447
254470
254471
254472
254473
254474
254475
254476
254477
254478
254479
25448
254480
254481
254482
254483
254484
254485
254486
254487
254488
254489
25449
254490
254491
254492
254493
254494
254495
254497
254498
254499
25450
254500
254501
254502
254503
254504
254505
254506
254507
254509
25451
254510
254511
254512
254513
254514
254515
254516
254517
254518
254519
25452
254520
254521
254522
254523
254524
254525
254526
254527
254528
254529
254530
254531
254532
254534
254535
254536
254537
254538
254539
254540
254541
254542
254543
254544
254545
254546
254547
254548
254549
25455
254550
254551
254552
254553
254554
254555
254556
254557
254558
254559
25456
254560
254561
254562
254563
254564
254565
254566
254567
254568
254569
25457
254570
254571
254572
254573
254574
254575
254576
254578
254579
25458
254580
254581
254582
254585
254587
254588
254589
254590
254591
254593
254595
254596
254598
254599
2546
25460
254600
254601
254602
254603
254604
254605
254606
254607
254608
254609
25461
254610
254611
254612
254613
254614
254615
254616
254617
254618
254619
25462
254620
254621
254622
254623
254624
254625
254626
254627
254628
254629
254630
254631
254632
254633
254634
254635
254636
254638
254639
254640
254641
254642
254643
254645
254646
254647
254648
25465
254650
254651
254652
254653
254654
254655
254656
254657
254658
254659
25466
254660
254661
254662
254664
254666
254667
254668
254669
25467
254670
254671
254672
254673
254674
254675
254676
254677
254678
254679
25468
254680
254681
254682
254683
254684
254686
254687
254688
254689
25469
254690
254691
254692
254693
254694
254695
254696
254697
254698
254699
25470
254700
254701
254702
254703
254704
254705
254706
254707
254709
25471
254710
254711
254712
254713
254714
254716
254717
254719
25472
254720
254721
254722
254723
254724
254725
254726
254727
254728
254729
254730
254731
254732
254734
254735
254736
254737
254738
254739
25474
254740
254741
254742
254743
254744
254745
254746
254747
25475
254750
254751
254754
254756
254757
25476
254760
254761
254762
254765
254770
254771
254772
254773
254775
254777
254778
254779
25478
254780
254781
254782
254783
254784
254785
254786
254787
254788
254789
25479
254790
254791
254792
254793
254794
254795
254796
254797
254798
254799
254800
254801
254802
254803
254804
254805
254806
254807
254808
254809
254810
254811
254812
254813
254814
254815
254816
254817
254818
254819
25482
254820
254821
254822
254823
254824
254825
254827
254828
254829
254830
254831
254832
254833
254834
254835
254836
254837
254838
254839
25484
254840
254841
254842
254843
254844
254845
254846
254847
254848
254849
25485
254850
254851
254852
254853
254854
254855
254856
254857
254858
254859
254860
254861
254862
254863
254864
254865
254866
254867
254868
254869
25487
254871
254872
254873
254874
254875
254876
254877
254878
254879
254880
254881
254882
254883
254884
254885
254886
254888
254889
25489
254890
254891
254892
254893
254894
254895
254896
254897
254898
254899
254900
254901
254902
254903
254904
254905
254906
254909
25491
254912
254913
254915
254917
254918
254919
25492
254920
254921
254922
254923
254924
254925
254926
254927
254928
25493
254931
254932
254933
254934
254935
254936
254937
254938
254939
25494
254940
254941
254942
254943
254944
254945
254946
254947
254948
254949
25495
254950
254951
254952
254954
254956
254957
254958
254959
25496
254960
254961
254962
254963
254964
254965
254966
254967
254968
254969
25497
254970
254971
254972
254973
254974
254975
254976
254977
254978
254979
25498
254980
254981
254982
254983
254984
254985
254986
254987
254988
25499
254990
254994
254997
254998
255
25500
255002
255005
25501
255012
255014
255016
255019
25502
255022
255023
255024
255025
25503
255031
255032
255033
255034
255037
255038
255039
25504
255040
255043
255044
255048
255049
25505
255050
255052
255053
255055
255056
255057
255058
255059
25506
255061
255062
255063
255068
255069
25507
255070
255071
255072
255073
255075
255076
255077
255078
255079
25508
255080
255081
255082
255083
255084
255085
255086
255087
255088
255089
25509
255090
255091
255094
255095
255096
255097
255098
25510
255101
255107
255108
25511
255116
255117
25512
255123
255124
255126
255127
255129
255131
255132
255133
255135
255136
255139
255141
255143
255145
255146
255147
255148
255149
255150
255151
255152
255153
255154
255156
255157
255158
255159
25516
255160
255161
255162
255163
255164
255165
255166
255167
255168
25517
255170
255171
255172
255173
255174
255175
255176
255177
255179
25518
255181
255182
255184
255185
255186
255187
255188
255189
25519
255190
255191
255192
255193
255194
255195
255196
255197
255198
255199
25520
255200
255201
255202
255203
255204
255205
255206
255207
255208
255209
25521
255210
255211
255212
255213
255214
255215
255216
255217
255218
255219
255220
255221
255222
255223
255224
255225
255226
255228
255229
25523
255231
255237
255238
25524
255240
255242
255243
255245
255246
255247
255248
255249
255250
255251
255252
255253
255254
255255
255256
255257
255258
255259
255260
255261
255262
255263
255265
255266
255267
255268
255269
25527
255270
255273
255275
255277
255278
255279
25528
255280
255283
255285
255287
255288
255289
255290
255291
255292
255293
255294
255295
255296
255297
255298
255299
25530
255301
255302
255304
255305
255306
255307
255308
255313
255314
255315
255316
255317
255318
255319
25532
255321
255322
255323
255324
255325
255326
255327
255328
255329
25533
255330
255331
255332
255333
255334
255335
255336
255337
255338
255339
255340
255341
255342
255343
255344
255345
255346
255347
255349
255350
255351
255352
255353
255355
255356
255358
25536
255360
255361
255363
255364
255367
255369
255370
255371
255372
255373
255374
255376
255377
255378
255379
25538
255380
255381
255382
255383
255384
255385
255387
255388
255389
25539
255390
255391
255392
255393
255394
255395
255396
255397
255398
255399
25540
255400
255401
255402
255403
255404
255405
255406
255408
255409
25541
255410
255411
255412
255413
255414
255415
255416
255417
255419
255420
255421
255422
255423
255424
255425
255426
255427
255428
255429
25543
255430
255431
255432
255433
255434
255435
255436
255437
255438
255439
25544
255441
255443
255444
255445
255446
255447
255449
25545
255450
255451
255453
255454
255456
255458
255459
255462
255463
255465
255466
255468
255470
255472
255473
255475
255476
255477
255479
25548
255480
255481
255482
255483
255485
255487
255488
255489
25549
255490
255491
255492
255493
255494
255495
255496
255497
255498
255499
25550
255500
255501
255502
255504
255505
255506
255507
255508
255509
25551
255510
255511
255512
255513
255514
255515
255516
255517
255518
255519
255520
255521
255522
255525
255526
255527
255528
255529
25553
255530
255531
255532
255533
255534
255535
255536
255537
255538
25554
255540
255541
255542
255543
255544
255545
255546
255547
255548
255549
255550
255551
255552
255553
255554
255555
255556
255557
255558
255559
25556
255560
255561
255562
255563
255564
255565
255566
255567
255568
255569
25557
255570
255571
255572
255573
255575
255576
255577
255578
255579
25558
255580
255581
255582
255583
255584
255585
255586
255587
255588
25559
255590
255591
255592
255593
255595
255596
255597
255598
255599
25560
255600
255601
255602
255603
255604
255605
255606
255607
255608
255610
255612
255614
255615
255616
255618
255619
25562
255620
255621
255622
255623
255624
255625
255627
255628
255629
25563
255630
255631
255633
255634
255635
255637
255639
25564
255640
255643
255644
255645
255646
255647
255648
25565
255650
255651
255652
255653
255654
255655
255656
25566
255660
255661
255662
255663
255664
255665
255666
255667
255668
255669
25567
255670
255671
255672
255673
255674
255675
255676
255677
255678
255679
25568
255680
255681
255682
255683
255684
255685
255687
255688
255689
25569
255690
255691
255692
255693
255694
255696
255698
255699
255700
255701
255702
255703
255704
255705
255706
255707
255708
255709
25571
255711
255713
255714
255715
255716
255717
255718
255719
25572
255720
255721
255722
255723
255724
255725
255726
255727
255728
25573
255730
255731
255732
255733
255734
255735
255736
255737
255739
25574
255740
255742
255743
255744
255745
255746
255747
255748
255749
255750
255751
255752
255754
255755
255756
255757
255758
255759
25576
255760
255761
255762
255763
255765
255766
255767
255768
255769
25577
255771
255772
255773
255774
255775
255777
255778
255779
25578
255781
255782
255783
255784
255785
255786
255787
255788
255789
25579
255790
255791
255792
255793
255794
255795
255796
255797
255798
255799
25580
255800
255801
255802
255803
255804
255805
255806
255807
255808
255809
25581
255810
255811
255812
255813
255814
255815
255816
255817
255819
255820
255821
255822
255823
255824
255825
255826
255827
255829
25583
255830
255832
255833
255835
255836
255837
255838
255839
25584
255840
255841
255842
255843
255844
255845
255846
255847
255848
255849
25585
255850
255852
255854
255855
255856
255857
255858
255859
255860
255861
255862
255863
255864
255865
255866
255867
255868
255869
25587
255870
255871
255872
255873
255874
255875
255876
255878
25588
255880
255881
255882
255883
255884
255885
255886
255887
255888
255889
255890
255891
255892
255893
255894
255895
255896
255898
255899
25590
255900
255901
255902
255903
255904
255905
255906
255907
255908
255909
255910
255911
255912
255913
255914
255916
255918
255919
25592
255920
255921
255922
255923
255924
255925
255926
255927
255928
255929
255930
255931
255932
255933
255934
255935
255936
255937
255938
255939
25594
255940
255941
255942
255943
255944
255945
255946
255947
255948
255949
255950
255951
255952
255953
255954
255955
255956
255957
255958
255959
25596
255960
255961
255962
255963
255964
255965
255966
255967
255968
255969
25597
255970
255971
255972
255973
255974
255975
255976
255977
255978
255979
25598
255980
255981
255982
255983
255984
255985
255986
255987
255988
255989
25599
255990
255991
255992
255993
255994
255995
255996
255998
255999
256
25600
256000
256001
256002
256003
256004
256005
256006
256007
256008
256009
256010
256011
256012
256013
256014
256015
256016
256018
256019
25602
256020
256021
256022
256023
256024
256025
256026
256027
256028
25603
256030
256031
256032
256033
256034
256035
256036
256037
256039
25604
256040
256041
256042
256043
256044
256045
256047
256048
256049
256050
256051
256052
256054
256055
256056
256057
256058
256059
25606
256060
256062
256063
256064
256065
256066
256068
256069
256070
256071
256072
256073
256074
256075
256076
256077
256078
256079
25608
256080
256081
256082
256083
256084
256085
256086
256087
256088
256089
256090
256091
256092
256093
256094
256095
256096
256098
256099
256100
256101
256102
256103
256104
256105
256106
256108
256109
256110
256111
256112
256113
256114
256115
256116
256117
256118
256119
256120
256122
256123
256124
256125
256127
256128
256129
256130
256131
256132
256133
256134
256135
256136
256137
256138
256139
256140
256142
256143
256145
256146
256147
256148
256149
256151
256152
256153
256154
256155
256156
256158
256159
256160
256161
256162
256163
