261473
261474
261475
261476
261477
261478
261479
261480
261481
261482
261483
261484
261485
261486
261487
261488
261489
26149
261490
261491
261492
261493
261494
261495
261496
261497
261498
261499
26150
261500
261501
261502
261503
261504
261505
261507
261508
261509
26151
261510
261511
261512
261513
261514
261515
261516
261517
261518
261519
26152
261521
261522
261523
261524
261525
261527
261528
261529
26153
261530
261531
261532
261533
261534
261535
261536
261537
261538
261539
26154
261540
261541
261542
261543
261544
261545
261546
261547
261548
261549
26155
261550
261551
261552
261553
261554
261555
261556
261557
261558
261559
26156
261560
261561
261562
261564
261565
261566
261567
261568
261569
261570
261571
261572
261573
261574
261575
261576
261577
261578
261579
26158
261580
261582
261584
261585
261586
261587
261588
261589
261591
261593
261594
261595
261596
261597
261599
2616
261600
261601
261602
261603
261604
261605
261606
261607
261608
261609
261610
261612
261613
261614
261615
261617
261618
26162
261620
261621
261622
261623
261625
261626
261627
261628
261629
26163
261630
261631
261632
261633
261634
261635
261636
261637
261639
261641
261642
261643
261644
261645
261646
261647
261648
261649
26165
261650
261651
261652
261653
261654
261655
261656
261657
261658
261659
26166
261660
261661
261662
261663
261664
261665
261666
261667
261668
261669
26167
261670
261671
261672
261673
261674
261675
261676
261677
261678
261679
26168
261680
261681
261682
261683
261684
261685
261686
261687
261688
261689
26169
261690
261691
261693
261694
261695
261696
261697
261698
261699
2617
26170
261700
261701
261702
261703
261705
261706
261707
261708
261709
26171
261711
261712
261713
261714
261715
261716
261717
261718
261719
26172
261720
261721
261722
261723
261725
261726
261727
261728
261729
26173
261730
261731
261732
261733
261734
261735
261736
261737
261738
261739
26174
261740
261742
261743
261744
261745
261746
261748
261749
26175
261750
261751
261752
261753
261754
261756
261757
261758
261759
26176
261760
261761
261762
261763
261764
261765
261766
261767
261768
261769
26177
261770
261772
261773
261774
261775
261776
261777
261778
261779
26178
261780
261781
261782
261783
261784
261785
261786
261788
261789
261790
261792
261793
261794
261796
261797
261798
261799
26180
261800
261803
261804
261806
261807
261808
261809
26181
261810
261811
261812
261813
261814
261815
261816
261817
261818
261819
26182
261820
261821
261822
261823
261824
261825
261826
261827
261828
261829
261830
261831
261832
261833
261834
261835
261836
261837
261838
261839
261840
261841
261842
261843
261844
261845
261846
261847
261848
261849
26185
261850
261851
261853
261855
261856
261857
261859
26186
261861
261863
261864
261865
261866
261867
261868
261869
26187
261870
261871
261872
261873
261874
261875
261876
261877
261878
261879
26188
261880
261882
261883
261884
261885
261886
261887
261888
261889
26189
261890
261891
261892
261893
261894
261895
261896
261897
261898
261899
2619
26190
261900
261901
261902
261903
261904
261905
261906
261907
261908
261909
26191
261910
261911
261912
261913
261914
261915
261916
261917
261918
261919
261920
261921
261922
261926
261927
261928
261929
26193
261930
261931
261932
261934
261935
261936
261937
261938
261939
261940
261941
261942
261943
261944
261945
261946
261947
261948
261949
26195
261950
261951
261952
261953
261954
261955
261956
261957
261958
261959
26196
261960
261961
261962
261963
261964
261965
261966
261968
261969
261970
261971
261972
261973
261975
261976
261977
261979
26198
261980
261981
261982
261983
261985
261986
261987
261988
261989
26199
261991
261992
261993
261994
261995
261996
261997
261998
261999
262
2620
26200
262000
262001
262002
262003
262004
262006
262008
262009
26201
262011
262012
262013
262014
262015
262016
262017
262018
262019
26202
262020
262021
262022
262023
262024
262025
262026
262027
262028
262029
26203
262031
262032
262034
262035
262036
262037
262038
262039
26204
262040
262041
262042
262043
262044
262045
262046
262047
262048
262049
26205
262050
262051
262052
262053
262054
262055
262056
262057
262059
262060
262061
262062
262063
262065
262066
262067
262068
262069
26207
262070
262071
262072
262073
262074
262075
262077
262078
262079
26208
262080
262081
262082
262083
262084
262085
262086
262087
262088
262089
26209
262090
262091
262094
262095
262096
262097
262098
2621
262100
262101
262104
262105
262106
262107
262108
262109
262110
262111
262113
262114
262115
262116
262117
262118
262119
262120
262121
262122
262123
262124
262125
262126
262127
262128
262129
26213
262130
262131
262132
262133
262134
262135
262136
262137
262138
262139
26214
262140
262141
262142
262143
262144
262145
262146
262147
262148
262149
26215
262150
262151
262152
262153
262154
262155
262156
262157
262158
262159
262160
262161
262162
262163
262164
262165
262166
262167
262168
262169
26217
262170
262171
262172
262173
262174
262175
262176
262178
262179
26218
262180
262181
262182
262183
262184
262186
262187
262188
262189
26219
262191
262193
262194
262196
262197
262198
262199
26220
262200
262201
262202
262203
262204
262205
262206
262207
262208
262209
26221
262210
262211
262212
262213
262215
262216
262217
262218
262219
26222
262220
262221
262223
262224
262225
262227
262228
262229
26223
262230
262231
262232
262233
262234
262235
262236
262237
262239
26224
262240
262241
262242
262243
262244
262245
262246
262247
262248
262249
26225
262250
262251
262252
262253
262254
262255
262256
262257
262258
262259
26226
262260
262261
262262
262263
262264
262265
262266
262267
262268
262269
262270
262271
262272
262273
262274
262275
262276
262277
262278
262279
26228
262280
262281
262282
262283
262284
262285
262286
262287
262288
262289
26229
262290
262291
262292
262293
262294
262296
262297
262299
2623
26230
262300
262301
262302
262303
262304
262305
262306
262308
262311
262312
262313
262314
262315
262316
262317
262318
262319
26232
262320
262321
262322
262323
262324
262325
262326
262327
262328
262329
26233
262330
262331
262332
262333
262334
262335
262336
262337
262338
262339
26234
262340
262341
262342
262343
262344
262345
262346
262347
262348
262349
26235
262350
262351
262352
262353
262354
262355
262356
262357
262358
262359
26236
262360
262361
262362
262363
262364
262365
262366
262367
262368
262369
26237
262370
262371
262372
262373
262374
262375
262376
262377
262378
262379
262380
262381
262382
262383
262384
262385
262386
262387
262388
262389
26239
262390
262391
262392
262393
262394
262395
262396
262397
262398
262399
26240
262400
262401
262402
262403
262404
262405
262406
262407
262408
262409
26241
262410
262411
262412
262413
262414
262417
262418
262419
26242
262420
262421
262422
262423
262424
262425
262426
262428
262429
26243
262430
262431
262432
262433
262434
262435
262436
262437
262438
262439
26244
262440
262441
262442
262443
262444
262445
262446
262447
262448
262449
26245
262450
262451
262452
262453
262454
262455
262456
262457
262458
262459
26246
262460
262461
262462
262463
262464
262465
262466
262467
262468
262469
26247
262470
262471
262472
262473
262474
262476
262477
262478
262479
262480
262481
262482
262483
262484
262485
262486
262487
262488
262489
262490
262491
262492
262494
262495
262496
262497
262498
262499
2625
26250
262500
262501
262502
262503
262504
262505
262506
262507
262508
262509
26251
262510
262511
262512
262514
262515
262516
262517
262518
262519
26252
262520
262521
262522
262523
262524
262525
262526
262527
262528
262529
262530
262531
262532
262533
262534
262535
262536
262537
262538
262539
26254
262541
262542
262543
262544
262546
262547
262548
262549
26255
262550
262551
262552
262553
262554
262555
262556
262558
262559
26256
262560
262561
262562
262563
262564
262565
262566
262567
262568
262569
262570
262571
262572
262573
262574
262575
262576
262577
262578
262579
26258
262580
262581
262582
262584
262585
262586
262587
262588
262589
26259
262591
262592
262593
262594
262595
262597
262598
262599
262600
262601
262602
262603
262604
262605
262606
262607
262608
262609
26261
262610
262611
262612
262613
262614
262615
262616
262617
262618
262619
26262
262620
262621
262622
262623
262624
262626
262627
262628
262629
26263
262630
262631
262632
262633
262634
262635
262638
262639
26264
262640
262641
262642
262643
262645
262646
262647
262648
262649
26265
262650
262651
262652
262653
262654
262655
262656
262657
262658
262659
26266
262660
262661
262662
262663
262664
262665
262666
262667
262668
262669
26267
262670
262672
262673
262674
262676
262677
262678
26268
262680
262681
262682
262686
262687
262688
262689
26269
262690
262691
262692
262693
262694
262696
262697
262698
262699
26270
262700
262701
262702
262703
262704
262705
262706
262707
262708
262709
26271
262710
262711
262712
262713
262714
262715
262716
262717
262718
262719
26272
262720
262721
262722
262724
262725
262727
262728
262729
26273
262730
262731
262732
262733
262734
262735
262736
262737
262738
262739
26274
262740
262741
262742
262744
262745
262746
262747
262748
262749
26275
262750
262751
262752
262753
262754
262755
262756
262758
262759
26276
262760
262761
262762
262763
262764
262765
262766
262767
262768
262769
26277
262770
262771
262772
262773
262774
262775
262777
262778
262779
26278
262780
262782
262783
262784
262785
262786
262787
262788
262789
26279
262790
262791
262792
262793
262794
262795
262796
262797
262798
262799
26280
262800
262801
262803
262804
262805
262806
262807
262808
262809
26281
262810
262811
262812
262813
262814
262815
262816
262817
262818
262819
26282
262821
262822
262824
262825
262826
262827
262828
262829
26283
262830
262831
262832
262833
262834
262835
262836
262837
262838
262839
26284
262840
262841
262842
262843
262844
262845
262846
262847
262848
262849
26285
262850
262851
262852
262853
262854
262855
262856
262857
262858
262859
26286
262860
262862
262863
262864
262865
262866
262867
262868
262869
262870
262871
262872
262873
262874
262875
262876
262877
262878
262879
262880
262881
262882
262883
262884
262885
262886
262887
262888
262889
26289
262890
262891
262892
262893
262895
262896
262897
262898
262899
26290
262900
262901
262902
262903
262904
262905
262907
262908
262909
26291
262911
262912
262914
262915
262916
262918
262919
26292
262921
262922
262923
262924
262925
262926
262927
262928
262929
26293
262930
262931
262932
262933
262934
262935
262936
262937
262938
262939
26294
262940
262941
262942
262943
262944
262945
262946
262947
262948
262949
26295
262950
262951
262952
262953
262954
262955
262956
262957
262958
262959
26296
262960
262961
262962
262963
262964
262965
262966
262967
262968
262969
262970
262971
262972
262973
262974
262975
262976
262977
262978
262979
26298
262980
262981
262982
262983
262984
262985
262986
262987
262988
262989
26299
262990
262991
262992
262993
262994
262996
262997
262998
262999
26300
263000
263001
263002
263003
263004
263006
263007
263008
263009
26301
263010
263011
263012
263013
263014
263015
263016
263017
263019
26302
263020
263021
263022
263023
263024
263025
263026
263027
263028
263029
26303
263031
263032
263033
263034
263035
263036
263039
26304
263040
263041
263042
263043
263044
263045
263046
263048
26305
263055
263057
263058
263059
26306
263061
263063
263064
263065
263066
263067
263069
263070
263072
263073
263074
263075
263076
263077
263079
263080
263081
263082
263083
263084
263086
263087
263088
263089
26309
263090
263091
263092
263093
263094
263095
263096
263097
263099
263100
263101
263102
263103
263104
263105
263108
263109
26311
263111
263112
263113
263114
263115
263116
263117
263118
263119
26312
263120
263121
263123
263124
263125
263126
263127
263128
263130
263132
263133
263134
263135
263136
263137
263138
263139
26314
263140
263141
263142
263144
263145
263146
263147
263148
263150
263151
263152
263153
263154
263155
263156
263157
263158
263159
26316
263160
263161
263162
263163
263164
263165
263166
263167
263169
26317
263170
263171
263172
263173
263174
263175
263177
263178
263179
26318
263181
263183
263184
263186
263187
263188
263189
26319
263190
263191
263192
263193
263194
263195
263196
263197
263198
263199
26320
263200
263201
263202
263204
263205
263207
263208
263209
26321
263210
263211
263212
263213
263214
263215
263216
263217
263218
263219
263220
263221
263222
263223
263224
263226
263227
263228
263229
26323
263230
263231
263232
263233
263234
263236
263237
263238
263239
263240
263241
263242
263243
263244
263245
263247
263248
263249
26325
263250
263251
263252
263253
263254
263256
263257
263259
26326
263260
263261
263262
263263
263264
263265
263266
263267
263268
263269
26327
263270
263271
263272
263273
263274
263275
263276
263277
263278
263279
26328
263280
263281
263282
263284
263285
263286
263287
263288
263289
26329
263290
263292
263293
263294
263295
263296
263297
263298
263299
263300
263301
263302
263303
263304
263305
263306
263307
263308
263309
26331
263311
263312
263313
263314
263315
263316
263317
263319
26332
263320
263321
263322
263323
263324
263325
263326
263328
263329
26333
263330
263331
263332
263335
263336
263337
263338
263339
26334
263340
263341
263342
263343
263344
263345
263346
263347
263348
263349
26335
263350
263351
263352
263353
263354
263355
263356
263358
263359
26336
263360
263361
263362
263363
263364
263365
263366
263367
263368
263369
26337
263370
263371
263372
263373
263374
263375
263376
263377
263378
263379
26338
263380
263381
263382
263383
263384
263385
263386
263387
263388
263389
26339
263390
263391
263392
263393
263394
263395
263397
263398
263399
26340
263400
263401
263402
263403
263406
263407
263408
263409
263410
263411
263412
263413
263414
263415
263416
263417
26342
263420
263422
263423
263424
263425
263426
263427
263428
263429
263430
263431
263432
263434
263435
263436
263437
263438
263439
26344
263440
263441
263442
263443
263444
263445
263446
263447
263448
263449
263450
263451
263452
263453
263454
263455
263456
263457
263458
263459
26346
263460
263461
263462
263463
263464
263465
263466
263467
263468
263469
26347
263470
263471
263472
263473
263474
263475
263476
263477
263478
263479
263480
263481
263482
263483
263484
263485
263486
263487
263488
263489
26349
263491
263492
263493
263494
263495
263496
263497
263498
263499
26350
263500
263501
263502
263503
263505
263506
263507
263508
263509
26351
263510
263512
263513
263514
263515
263516
263517
263518
26352
263521
263522
263524
263526
263527
263528
263529
26353
263530
263531
263532
263533
263534
263535
263536
263537
263538
263539
26354
263540
263541
263542
263543
263545
263546
263547
263548
26355
263550
263551
263552
263553
263554
263555
263556
263557
263558
263559
26356
263560
263563
263564
263565
263566
263567
263568
263569
26357
263570
263571
263572
263573
263574
263575
263576
263577
263578
263579
26358
263580
263581
263582
263583
263584
263585
263586
263587
263588
263589
26359
263590
263591
263592
263593
263595
263596
263597
263598
263599
2636
26360
263600
263601
263602
263603
263604
263605
263606
263607
263608
263609
26361
263610
263611
263612
263613
263614
263615
263616
263617
263618
263619
26362
263620
263621
263622
263623
263624
263625
263626
263627
263628
26363
263630
263631
263632
263633
263634
263635
263636
263637
263638
263639
26364
263640
263641
263642
263643
263644
263645
263646
263647
263648
263649
26365
263650
263651
263652
263653
263654
263655
263656
263657
263658
263659
26366
263660
263661
263662
263663
263664
263665
263667
263668
263669
26367
263670
263671
263673
263674
263675
263677
263678
263679
26368
263680
263681
263682
263683
263684
263685
263686
263687
263688
263689
26369
263690
263691
263692
263693
263694
263695
263696
263697
263698
263699
2637
26370
263700
263701
263702
263703
263704
263705
263706
263707
263708
263709
26371
263710
263711
263712
263713
263714
263715
263716
263717
263718
263719
26372
263720
263721
263722
263723
263724
263725
263726
263727
263728
263729
26373
263730
263731
263732
263733
263734
263735
263736
263737
263738
263739
26374
263740
263741
263742
263743
263744
263745
263746
263747
263748
263749
263750
263751
263753
263754
263755
263756
263757
263758
263759
26376
263760
263761
263762
263763
263764
263765
263766
263767
263768
263769
263770
263771
263773
263774
263775
263776
263777
263778
263779
26378
263780
263781
263782
263783
263784
263785
263786
263787
263788
263789
26379
263790
263791
263792
263793
263794
263795
263796
263797
263798
263799
26380
263800
263801
263802
263803
263804
263805
263806
263807
263808
263809
263810
263811
263812
263813
263814
263815
263816
263817
263818
263819
263820
263821
263822
263823
263824
263825
263826
263827
263828
263829
263830
263831
263832
263833
263834
263835
263836
263837
263838
263839
263840
263841
263842
263843
263844
263845
263846
263847
263848
263849
26385
263850
263851
263852
263853
263854
263855
263856
263857
263858
263859
263860
263862
263863
263864
263865
263867
263868
263869
26387
263870
263871
263872
263873
263874
263875
263876
263877
263878
263879
26388
263880
263881
263882
263883
263884
263885
263886
263887
263888
263889
26389
263890
263891
263892
263893
263894
263895
263896
263897
263898
263899
2639
26390
263900
263901
263902
263903
263904
263905
263906
263907
263908
26391
263910
263911
263912
263913
263914
263915
263916
263917
263918
263919
263920
263921
263922
263923
263925
263926
263927
263929
26393
263931
263932
263933
263934
263935
263936
263937
263938
263939
263940
263941
263942
263943
263944
263945
263946
263948
263949
263950
263951
263952
263953
263954
263955
263957
263958
263959
263960
263961
263962
263963
263964
263965
263966
263967
263968
263969
263971
263972
263973
263974
263976
263977
263978
263979
26398
263980
263981
263982
263983
263984
263985
263986
263987
263988
263990
263991
263992
263993
263994
263995
263996
263997
263998
263999
2640
26400
264000
264001
264002
264003
264004
264005
264006
264007
264008
264009
264012
264013
264014
264015
264016
264017
264018
264019
264020
264021
264022
264023
264024
264025
264026
264027
264028
264029
264030
264031
264032
264033
264034
264036
264037
264038
264039
264040
264041
264042
264043
264044
264045
264046
264047
264048
264049
26405
264050
264051
264052
264053
264054
264055
264056
264057
264058
264059
264060
264061
264062
264063
264064
264065
264066
264067
264068
264069
264070
264071
264072
264073
264075
264076
264077
264078
264079
26408
264080
264081
264082
264083
264084
264085
264086
264087
264088
264089
264092
264093
264094
264095
264096
264097
264098
264099
264100
264102
264103
264104
264105
264106
264107
264108
264109
264112
264113
264114
264115
264116
264118
264119
264120
264121
264122
264123
264124
264125
264126
264127
264128
264130
264131
264132
264133
264134
264135
264136
264137
264138
264139
264141
264142
264143
264145
264146
264147
264148
264149
264150
264151
264152
264153
264154
264155
264156
264157
264158
264159
264160
264161
264162
264163
264164
264165
264166
264167
264168
264169
264170
264171
264172
264173
264174
264175
264176
264177
264178
264179
264180
264181
264182
264183
264184
264185
264186
264187
264188
264189
264190
264193
264196
264197
264198
264199
2642
264200
264201
264202
264203
264204
264205
264206
264207
264208
264210
264211
264212
264213
264214
264215
264217
264218
264219
26422
264220
264222
264223
264224
264225
264226
264227
264228
26423
264230
264232
264233
264234
264236
264237
264238
264239
264240
264241
264242
264243
264244
264245
264246
264247
264248
264249
26425
264250
264251
264252
264253
264254
264255
264256
264257
26426
264260
264261
264262
264263
264264
264265
264268
264269
26427
264270
264271
264272
264273
264274
264275
264277
264278
264279
26428
264280
264281
264282
264283
264284
264285
264286
264287
264288
264289
26429
264290
264291
264292
264293
264294
264295
264296
264297
264299
26430
264300
264301
264302
264303
264304
264305
264306
264307
264308
264309
26431
264310
264311
264312
264313
264315
264316
264318
264319
26432
264323
264325
264327
264328
264329
264330
264331
264332
264333
264334
264336
264337
264338
26434
264340
264341
264342
264343
264344
264345
264346
264347
264348
264349
264350
264351
264352
264354
264355
264356
264357
264358
264359
26436
264360
264361
264362
264363
264364
264365
264366
264367
264368
264369
26437
264370
264371
264372
264373
264375
264376
264377
264378
264379
264380
264381
264382
264383
264384
264386
264387
264388
264389
26439
264390
264391
264392
264393
264394
264395
264396
264397
264398
264399
2644
26440
264400
264401
264402
264403
264404
264405
264406
264407
264408
264409
26441
264410
264412
264413
264414
264415
264416
264417
264418
264419
264420
264422
264423
264424
264425
264426
264427
264428
264429
26443
264430
264431
264432
264433
264434
264435
264438
26444
264441
264443
264445
264446
264447
264448
264449
264450
264451
264452
264453
264454
264455
264456
264457
264458
264459
26446
264460
264461
264462
264463
264464
264465
264466
264467
264468
264469
26447
264470
264471
264472
264473
264474
264475
264476
264477
264478
264479
264480
264482
264483
264484
264485
264486
264487
264488
264489
26449
264490
264491
264492
264493
264494
264495
264496
264497
264498
264499
2645
26450
264500
264501
264502
264503
264504
264505
264506
264508
264509
26451
264510
264511
264512
264513
264515
264516
264517
264518
264519
26452
264520
264521
264522
264523
264524
264525
264526
264527
264528
264529
264530
264531
264532
264533
264534
264535
264536
264537
264538
264539
26454
264540
264541
264542
264543
264544
264545
264546
264547
264548
264549
26455
264550
264551
264552
264553
264554
264555
264556
264557
264558
264559
264560
264561
264562
264563
264564
264565
264566
264567
264568
264569
264570
264571
264572
264573
264574
264575
264576
264577
264578
264579
264580
264581
264582
264583
264584
264586
264588
264589
264590
264591
264592
264593
264594
264595
264596
264597
264598
264599
2646
26460
264600
264601
264602
264603
264604
264605
264606
264607
264608
264609
26461
264610
264611
264612
264613
264616
264621
264622
264623
264625
264626
264627
264628
264629
26463
264630
264631
264632
264633
264634
264635
264637
264638
264639
264640
264641
264642
264643
264644
264645
264646
264647
264648
264649
26465
264650
264651
264652
264653
264654
264655
264656
264657
264659
26466
264660
264661
264666
264667
264668
264669
26467
264670
264671
264672
264673
264674
264675
264676
264677
264678
264679
26468
264680
264681
264682
264684
264685
264686
264687
264688
264689
26469
264690
264691
264692
264693
264694
264695
264696
264697
264698
264699
2647
26470
264700
264701
264702
264703
264704
264705
264706
264707
264708
264709
26471
264710
264711
264712
264713
264714
264715
264716
264717
264718
264719
26472
264720
264721
264722
264723
264724
264725
264726
264727
264728
264729
26473
264730
264731
264732
264733
264734
264735
264736
264737
264738
264739
264740
264741
264742
264743
264744
264745
264746
264747
264748
264749
26475
264750
264751
264752
264754
264755
264756
264757
264758
264759
26476
264760
264761
264762
264763
264765
264766
264767
264768
264769
26477
264770
264771
264772
264773
264774
264775
264776
264777
264778
264779
26478
264781
264782
264783
264784
264785
264786
264787
264788
264789
26479
264790
264791
264792
264793
264794
264795
264796
264797
264798
264799
2648
26480
264800
264801
264802
264803
264804
264805
264806
264807
264809
26481
264810
264811
264812
264813
264814
264815
264816
264817
264818
26482
264820
264824
264825
264826
264827
264829
26483
264830
264831
264832
264833
264834
264835
264836
264837
264839
26484
264840
264841
264842
264843
264844
264845
264846
264847
264848
264849
264850
264851
264852
264853
264854
264855
264856
264857
264858
264859
26486
264860
264861
264862
264863
264864
264865
264866
264867
264868
264869
26487
264870
264871
264872
264873
264874
264875
264876
264877
264878
264879
26488
264880
264881
264882
264885
264886
26489
264890
264891
264892
264893
264894
264895
264897
264898
264899
2649
26490
264900
264901
264902
264903
264904
264905
264906
264907
264908
264909
264911
264912
264913
264914
264915
264918
264919
264920
264921
264922
264923
264924
264926
264927
264928
264929
26493
264930
264931
264932
264933
264934
264935
264936
264937
264938
264939
26494
264940
264941
264942
264943
264944
264945
264946
264947
264948
264949
26495
264950
264951
264952
264953
264954
264955
264956
264957
264958
264959
26496
264960
264961
264962
264963
264965
264966
264967
264968
264969
26497
264970
264971
264972
264973
264974
264975
264976
264977
264978
264979
26498
264980
264981
264982
264983
264984
264985
264986
264987
264988
264989
26499
264990
264991
264992
264993
264994
264995
264996
264998
264999
265
26500
265000
265001
265002
265003
265004
265005
265006
265007
265008
265009
26501
265010
265011
265012
265013
265014
265015
265016
265017
265018
265019
26502
265020
265022
265023
265024
265025
265026
265027
265028
265029
26503
265030
265031
265032
265033
265034
265035
265036
265037
265038
265039
26504
265040
265041
265042
265043
265044
265045
265046
265047
265048
265049
26505
265050
265051
265052
265053
265054
265056
265057
265058
265059
26506
265060
265061
265062
265063
265064
265065
265066
265067
265068
265069
26507
265070
265071
265072
265074
265075
265076
265077
265078
26508
265080
265081
265082
265083
265085
265086
265087
265088
265089
26509
265090
265091
265092
265093
265094
265095
265097
265098
265099
26510
265100
265101
265102
265103
265104
265106
265107
265108
265109
265111
265112
265113
265115
265116
265117
265118
265119
265120
265121
265123
265124
265125
265126
265127
265129
26513
265130
265131
265132
265133
265134
265135
265137
265138
265139
26514
265140
265141
265142
265143
265144
265145
265146
265147
265148
265149
26515
265150
265151
265152
265153
265154
265155
265156
265157
265158
265159
26516
265160
265161
265162
265163
265164
265165
265166
265168
265169
26517
265170
265171
265172
265173
265174
265175
265177
265178
265179
26518
265180
265181
265182
265183
265184
265185
265186
265187
265188
265189
265190
265191
265192
265193
265194
265195
265196
265197
265198
265199
2652
26520
265200
265202
265203
265204
265205
265206
265207
265208
265209
26521
265210
265211
265212
265213
265214
265215
265216
265217
265218
265219
26522
265220
265221
265222
265223
265224
265225
265226
265228
265229
265230
265231
265232
265233
265234
265235
265236
265237
265238
265239
265240
265241
265242
265243
265244
265246
265247
265248
265249
26525
265250
265251
265252
265253
265254
265255
265256
265257
265258
26526
265260
265261
265262
265263
265264
265265
265266
265267
265268
265269
265270
265271
265272
265273
265274
265275
265276
265277
265278
26528
265280
265281
265282
265283
265284
265285
265286
265287
265288
265289
26529
265290
265291
265292
265293
265294
265295
265296
265297
265298
265299
26530
265300
265301
265302
265303
265305
265306
265307
265308
265309
26531
265310
265311
265312
265313
265314
265315
265316
265317
265318
265319
265320
265321
265322
265323
265324
265325
265326
265328
265329
26533
265330
265331
265332
265333
265334
265335
265336
265337
265338
265339
265340
265341
265342
265343
265344
265345
265346
265347
265348
265349
26535
265350
265351
265352
265353
265354
265355
265356
265357
265358
265359
26536
265360
265361
265362
265363
265364
265365
265366
265367
265368
265369
26537
265373
265374
265375
265377
265378
265379
26538
265380
265381
265383
265385
265386
265387
265388
265389
26539
265390
265391
265392
265393
265394
265395
265396
265397
265398
265399
2654
26540
265400
265401
265402
265403
265404
265405
265406
265407
26541
265410
265411
265412
265413
265414
265415
265416
265417
265418
265419
26542
265420
265421
265422
265423
265424
265425
265426
265427
265428
265429
265430
265431
265432
265433
265434
265435
265436
265437
265438
265439
265442
265443
265444
265446
265447
265448
265449
265450
265451
265453
265454
265455
265456
265457
265458
265459
26546
265460
265461
265462
265463
265464
265465
265466
265467
265468
265469
26547
265470
265471
265472
265473
265474
265475
265476
265477
265478
265479
265482
265483
265484
265485
265486
265487
265488
265489
265490
265491
265492
265493
265494
265495
265496
265497
265499
2655
26550
265501
265502
265503
265504
265505
265506
265508
265509
26551
265510
265511
265512
265513
265514
265515
265516
265517
265518
265519
265520
265523
265524
265525
265526
265527
265528
265529
265530
265531
265532
265533
265535
265537
265538
265539
26554
265541
265542
265543
265544
265546
265547
265548
265549
26555
265550
265552
265553
265554
265555
265557
265558
265559
26556
265561
265562
265563
265564
265566
265568
265569
26557
265570
265571
265573
265575
265576
265577
265578
265579
26558
265580
265581
265582
265583
265584
265585
265586
265587
265588
265589
26559
265590
265591
265592
265593
265594
265595
265596
265597
265598
265599
26560
265600
265601
265602
265603
265604
265605
265606
265607
265608
265609
26561
265610
265611
265612
265613
265614
265616
265617
265618
265619
26562
265620
265621
265622
265623
265624
265626
265627
265628
265629
26563
265630
265631
265632
265633
265634
265635
265636
265637
265638
265639
26564
265640
265641
265642
265643
265644
265645
265646
265647
265648
265649
26565
265650
265651
265652
265653
265655
265656
265657
265658
265659
26566
265660
265661
265662
265663
265664
265665
265666
265667
265668
265669
26567
265670
265671
265672
265673
265674
265675
265676
265677
265678
265679
265681
265682
265683
265684
265685
265686
265687
265688
265689
26569
265690
265691
265692
265693
265694
265695
265696
265697
2657
26570
265700
265701
265702
265703
265704
265705
265706
265708
26571
265710
265711
265712
265714
265715
265716
265717
265718
265719
26572
265720
265721
265722
265723
265724
265725
265726
265727
265728
265729
26573
265730
265731
265732
265733
265734
265736
265739
26574
265740
265741
265742
265743
265744
265745
265746
265747
265748
265749
26575
265750
265751
265752
265753
265754
265755
265756
265757
265758
265759
26576
265760
265761
265762
265763
265764
265765
265766
265767
265769
26577
265770
265771
265772
265773
265774
265775
265776
265777
265778
26578
265780
265781
265783
265784
265785
265786
265787
265788
265789
26579
265790
265791
265792
265793
265794
265796
265797
265798
265799
26580
265800
265801
265802
265803
265804
265805
265806
265807
265808
265809
265810
265811
265812
265813
265814
265815
265816
265817
265818
265819
26582
265820
265821
265822
265823
265824
265825
265826
265827
265828
265829
26583
265830
265831
265832
265834
265835
265836
265837
265838
265839
26584
265840
265841
265842
265843
265844
265845
265848
265849
265850
265851
265852
265853
265854
265855
265856
265857
265858
265859
265860
265861
265862
265865
265866
265867
265868
265869
26587
265870
265874
265876
265877
265879
26588
265880
265882
265883
265884
265885
265886
265888
265889
26589
265890
265891
265892
265893
265894
265895
265896
265897
265900
265901
265903
265904
265905
265906
265908
265909
265910
265912
265913
265914
265915
265916
265918
26592
265920
265921
265922
265923
265925
265927
265928
265929
26593
265930
265931
265932
265933
265934
265936
265937
265938
265939
26594
265940
265941
265942
265943
265944
265945
265946
265947
265948
265949
26595
265950
265951
265952
265953
265954
265955
265956
265957
265958
265959
26596
265960
265961
265962
265963
265964
265965
265966
265968
265970
265971
265973
265974
265975
265977
265978
265979
26598
265980
265981
265982
265983
265984
265985
265986
265987
265988
265989
26599
265990
265991
265992
265995
265996
265998
265999
266
26600
266000
266001
266002
266003
266004
266005
266006
266007
266008
266009
26601
266010
266011
266012
266013
266014
266015
266016
266018
266019
26602
266020
266021
266022
266023
266024
266025
266026
266028
266029
26603
266030
266031
266032
266033
266034
266035
266036
266037
266038
266039
266040
266041
266042
266043
266044
266045
266046
266047
266048
266049
266050
266051
266052
266054
266055
266056
266057
266058
266059
26606
266060
266061
266062
266063
266064
266065
266066
266067
266068
266069
26607
266070
266072
266073
266074
266075
266076
266077
266078
266079
266080
266081
266082
266083
266084
266085
266086
266087
266088
266089
266090
266091
266092
266093
266094
266095
266096
266097
266098
266099
2661
26610
266100
266101
266102
266103
266104
266106
266107
266108
266109
266110
266111
266112
266113
266114
266115
266116
266117
266118
266119
26612
266120
266121
266122
266123
266124
266125
266127
266128
266129
266130
266131
266133
266134
266135
266136
266137
266138
266139
26614
266140
266141
266142
266143
266144
266145
266146
266147
266148
266149
26615
266150
266151
266152
266153
266154
266155
266156
266157
266158
266159
26616
266160
266161
266162
266163
266164
266165
266166
266167
266168
266169
26617
266170
266171
266172
266173
266174
266176
266177
266178
26618
266180
266181
266182
266183
266184
266185
266186
266187
266188
266190
266191
266192
266193
266194
266195
266196
266197
266199
2662
266201
266202
266204
266205
266206
266207
266208
266209
26621
266210
266212
266213
266214
266215
266216
266217
266218
266219
26622
266220
266221
266222
266223
266224
266225
266226
266227
266228
266229
26623
266230
266231
266232
266233
266234
266235
266236
266237
266238
266239
26624
266240
266241
266242
266243
266244
266245
266246
266247
266248
266249
26625
266250
266251
266252
266253
266254
266255
266256
266257
266258
266259
26626
266260
266261
266262
266263
266264
266265
266266
266267
266268
266269
26627
266270
266271
266272
266273
266274
266275
266276
266277
266278
266279
266280
266281
266283
266284
266285
266286
266287
266288
26629
266290
266291
266292
266293
266294
266295
266296
266297
266298
266299
26630
266300
266301
266302
266303
266304
266305
266306
266308
266309
26631
266310
266311
266313
266314
266315
266316
266318
266319
266320
266321
266322
266323
266324
266325
266326
266327
266328
266329
266330
266331
266332
266333
266334
266335
266336
266337
266339
266341
266342
266343
266344
266346
266348
266349
26635
266350
266351
266352
266353
266354
266355
266357
266358
266359
26636
266360
266361
266362
266363
266364
266365
266366
266367
266368
266369
26637
266370
266371
266372
266373
266374
266376
266377
266378
266379
26638
266380
266381
266383
266385
266386
266387
266388
266389
26639
266390
266391
266392
266393
266394
266395
266396
266397
266398
266399
26640
266401
266402
266403
266404
266405
266406
266407
266408
266409
26641
266410
266411
266412
266413
266414
266415
266416
266417
266418
266419
26642
266420
266421
266422
266423
266424
266425
266426
266427
266428
266429
26643
266430
266431
266432
266433
266434
266435
266436
266437
266438
266439
26644
266440
266441
266442
266443
266444
266445
266447
266448
26645
266450
266451
266452
266453
266454
266455
266456
266457
266458
266459
266460
266461
266462
266463
266466
266467
266468
266469
26647
266470
266471
266472
266474
266477
266478
26648
266480
266481
266482
266484
266485
266489
266491
266492
