271607
271608
271609
271610
271611
271612
271613
271614
271615
271616
271617
271618
271619
271620
271621
271622
271623
271624
271625
271626
271627
271628
271629
27163
271630
271631
271632
271633
271634
271635
271636
271637
271639
271640
271641
271642
271643
271644
271645
271646
271647
271649
271650
271651
271652
271653
271654
271655
271656
271657
271658
271659
271660
271662
271663
271664
271665
271666
271667
271668
271670
271671
271672
271673
271674
271675
271676
271677
271678
271679
271680
271681
271682
271683
271684
271685
271686
271687
271689
27169
271690
271691
271692
271695
271696
271697
271698
271699
27170
271700
271701
271702
271703
271704
271706
271707
271708
271709
27171
271710
271711
271712
271713
271714
271715
271716
271717
271718
271719
27172
271721
271722
271723
271724
271726
271727
271728
271729
271730
271731
271732
271733
271735
271736
271737
271738
271739
27174
271740
271741
271742
271743
271744
271745
271746
271747
271748
271749
27175
271750
271751
271752
271753
271754
271755
271756
271757
271758
271759
27176
271760
271761
271762
271763
271764
271765
271766
271767
271768
271769
271770
271771
271772
271773
271774
271775
271776
271777
271778
271779
27178
271780
271781
271782
271783
271784
271785
271787
271788
271789
27179
271790
271791
271792
271793
271794
271795
271796
271797
271798
271799
2718
271800
271801
271802
271803
271804
271805
271806
271807
271808
271809
27181
271810
271811
271812
271813
271815
271816
271817
271818
27182
271820
271821
271822
271825
271826
271827
271828
271829
27183
271830
271831
271832
271833
271834
271835
271836
271837
271838
271839
27184
271840
271841
271843
271844
271845
271846
271847
271848
271849
27185
271850
271851
271852
271853
271854
271855
271856
271857
271858
271859
27186
271860
271861
271862
271863
271864
271865
271866
271867
271868
271869
27187
271871
271872
271873
271874
271875
271876
271877
271878
271879
27188
271880
271881
271882
271883
271884
271885
271886
271887
271888
271889
27189
271890
271891
271892
271893
271894
271895
271896
271897
271899
2719
27190
271900
271902
271903
271904
271905
271906
271907
271908
271909
27191
271910
271911
271912
271913
271914
271915
271916
271917
271918
271919
27192
271920
271921
271922
271923
271924
271926
271928
271929
27193
271930
271931
271932
271933
271935
271937
271939
27194
271940
271941
271942
271943
271944
271945
271946
271947
271948
271949
271950
271951
271952
271953
271954
271955
271956
271957
271958
271959
27196
271960
271961
271962
271963
271964
271965
271966
271968
271969
27197
271970
271971
271972
271973
271974
271975
271976
271977
271979
27198
271980
271981
271982
271983
271984
271985
271986
271987
271988
271989
27199
271990
271991
271992
271993
271994
271995
271996
271997
271998
271999
272
27200
272000
272001
272002
272003
272004
272005
272006
272008
272009
27201
272010
272011
272012
272013
272014
272015
272016
272017
272018
272019
27202
272020
272022
272023
272024
272025
272026
272027
272028
272029
27203
272030
272031
272032
272033
272034
272035
272036
272037
272038
272039
27204
272040
272041
272042
272043
272044
272045
272046
272047
272048
272049
27205
272050
272052
272053
272054
272055
272056
272057
272058
272059
27206
272060
272061
272062
272063
272064
272065
272066
272067
272068
272069
27207
272070
272071
272072
272073
272074
272075
272076
272077
272078
272079
27208
272080
272081
272082
272083
272084
272085
272086
272087
272088
272089
27209
272090
272091
272092
272093
272094
272095
272096
272098
272099
2721
27210
272100
272101
272102
272103
272104
272105
272106
272107
272108
27211
272111
272112
272113
272114
272115
272116
272117
272118
272119
27212
272120
272121
272122
272123
272124
272125
272126
272127
272128
272129
27213
272130
272131
272132
272133
272134
272135
272137
272138
272139
27214
272140
272141
272142
272143
272144
272145
272146
272147
272148
272149
27215
272150
272151
272152
272153
272156
272157
272158
27216
272160
272162
272163
272164
272165
272166
272167
272168
272169
27217
272170
272171
272172
272173
272174
272175
272176
272177
272178
272179
27218
272180
272181
272182
272183
272184
272185
272186
272187
272188
272189
27219
272190
272191
272192
272193
272194
272195
272196
272197
272199
2722
27220
272200
272201
272202
272204
272206
272207
272208
272209
27221
272210
272211
272212
272213
272214
272215
272216
272217
272218
272219
27222
272221
272222
272223
272224
272225
272226
272227
272228
272229
27223
272230
272231
272232
272233
272234
272235
272236
272237
272238
272239
27224
272240
272241
272242
272243
272244
272246
272247
27225
272250
272251
272253
272254
272255
272256
272257
272258
272259
27226
272260
272261
272262
272263
272264
272265
272267
272268
272269
27227
272270
272271
272272
272274
272275
272276
272277
272278
272279
27228
272280
272281
272282
272283
272284
272285
272286
272287
272288
272289
272290
272291
272292
272293
272294
272295
272296
272297
272298
272299
27230
272300
272301
272302
272303
272304
272305
272306
272307
272308
27231
272310
272311
272312
272313
272314
272315
272316
272317
272318
272319
27232
272320
272321
272322
272323
272324
272325
272326
272327
272328
272329
27233
272330
272331
272332
272333
272334
272335
272336
272337
272338
272339
27234
272340
272341
272342
272343
272344
272346
272347
272348
272349
272350
272351
272352
272353
272354
272355
272357
272358
272359
27236
272360
272361
272362
272363
272364
272366
272367
272368
272369
27237
272370
272371
272372
272373
272374
272375
272376
272377
272378
272379
272380
272381
272382
272383
272384
272385
272386
272387
272388
272389
272390
272391
272392
272393
272394
272395
272396
272397
272398
272399
27240
272400
272401
272403
272404
272405
272406
272407
272408
272409
27241
272410
272411
272412
272413
272414
272415
272417
272418
272419
27242
272420
272421
272422
272423
272424
272425
272426
272427
272428
272429
27243
272430
272431
272432
272433
272434
272435
272436
272437
272438
272439
27244
272440
272441
272442
272443
272444
272445
272446
272447
272448
272449
27245
272450
272451
272452
272453
272454
272455
272456
272457
272459
27246
272460
272461
272462
272463
272464
272465
272467
272468
272469
27247
272470
272471
272472
272473
272474
272475
272476
272477
272478
272479
27248
272480
272481
272482
272483
272484
272485
272486
272487
272488
272489
272490
272491
272492
272493
272494
272495
272496
272498
272499
27250
272500
272501
272502
272503
272504
272505
272506
272507
272508
272509
27251
272510
272511
272512
272513
272514
272515
272516
272517
272518
272519
27252
272520
272521
272522
272523
272525
272526
272527
272528
27253
272530
272531
272532
272533
272534
272535
272536
272537
272538
272539
272540
272542
272543
272544
272545
272546
272547
272548
272549
27255
272550
272551
272552
272553
272554
272556
272557
272558
272559
27256
272560
272562
272563
272564
272565
272566
272567
272568
272569
27257
272570
272571
272572
272573
272574
272575
272576
272577
272578
272579
27258
272580
272581
272582
272583
272584
272585
272586
272587
272588
272589
27259
272590
272591
272592
272593
272594
272595
272596
272597
272598
272599
27260
272600
272601
272602
272603
272604
272605
272606
272607
272608
272609
27261
272610
272611
272612
272613
272614
272615
272616
272617
272618
272620
272622
272623
272624
272625
272626
272627
272628
272629
27263
272630
272631
272632
272633
272634
272635
272636
272637
272638
272639
272640
272641
272642
272643
272644
272645
272646
272647
272648
272649
27265
272650
272651
272652
272653
272654
272656
272657
272658
272659
27266
272660
272661
272662
272663
272664
272665
272666
272667
272668
272669
27267
272670
272671
272672
272673
272674
272675
272676
272677
272678
272679
272680
272681
272682
272683
272684
272685
272686
272687
272688
272689
272690
272691
272692
272693
272694
272695
272697
272698
272699
27270
272700
272701
272702
272703
272704
272705
272706
272707
272708
272709
27271
272710
272711
272712
272713
272714
272715
272716
272718
272719
27272
272720
272721
272722
272723
272724
272725
272726
272727
272728
272729
27273
272730
272731
272732
272733
272734
272735
272736
272737
272738
272739
27274
272740
272741
272742
272744
272746
272747
272748
272749
27275
272750
272751
272752
272753
272754
272755
272756
272757
272758
272759
27276
272760
272761
272762
272763
272764
272765
272766
272767
272768
272769
27277
272771
272772
272773
272774
272775
272776
272777
272778
272779
27278
272780
272781
272782
272783
272784
272785
272786
272787
272788
27279
272790
272791
272792
272793
272794
272795
272796
272797
272798
272799
2728
27280
272800
272801
272802
272803
272804
272805
272806
272807
272808
272809
27281
272810
272811
272812
272813
272814
272815
272816
272817
272818
272819
272820
272821
272822
272823
272824
272825
272826
272828
272829
27283
272830
272831
272832
272833
272834
272835
272836
272837
272838
272839
27284
272840
272841
272842
272843
272845
272846
272847
272848
272849
27285
272850
272851
272852
272853
272854
272855
272856
272857
272858
272859
27286
272860
272861
272862
272863
272864
272865
272866
272867
272869
27287
272870
272871
272872
272873
272874
272875
272876
272877
272878
272879
27288
272880
272881
272882
272883
272884
272885
272886
272888
272889
27289
272890
272891
272892
272893
272894
272895
272896
272897
272898
272899
27290
272900
272901
272902
272903
272904
272905
272906
272907
272908
272909
272910
272911
272912
272913
272914
272915
272916
272917
272918
272919
27292
272920
272921
272922
272923
272924
272925
272926
272927
272928
272929
272930
272931
272932
272933
272934
272935
272936
272937
272938
27294
272940
272941
272942
272943
272944
272945
272946
272947
272948
272949
27295
272950
272951
272952
272954
272955
272956
272957
272958
272959
27296
272960
272961
272962
272963
272964
272965
272966
272967
272968
272969
27297
272970
272971
272972
272973
272974
272976
272977
272978
272979
27298
272980
272981
272982
272983
272985
272986
272987
272988
272989
272990
272991
272992
272993
272994
272995
272996
272997
272998
272999
273
27300
273001
273002
273003
273004
273005
273006
273007
273008
273009
273010
273012
273014
273015
273016
273017
273018
273019
27302
273020
273021
273022
273023
273024
273025
273026
273027
273029
27303
273030
273031
273034
273035
273036
273037
273038
273039
27304
273040
273041
273042
273043
273044
273045
273046
273047
273048
273049
273050
273051
273052
273053
273054
273055
273056
273057
273058
273059
27306
273060
273061
273062
273063
273064
273065
273066
273067
273068
27307
273070
273071
273072
273073
273074
273075
273076
273077
273078
273079
27308
273080
273081
273082
273083
273084
273085
273086
273088
273089
273090
273091
273092
273093
273094
273095
273096
273098
273099
2731
27310
273100
273101
273102
273103
273105
273106
273107
273108
273109
273110
273111
273112
273113
273114
273115
273116
273117
273118
273119
27312
273120
273121
273122
273123
273124
273125
273126
273127
273128
273129
27313
273130
273131
273133
273134
273135
273136
273137
273138
273139
273140
273141
273142
273143
273144
273145
273147
273148
273149
273150
273152
273153
273154
273156
273157
273158
273159
27316
273160
273161
273163
273164
273165
273166
273167
273168
273169
27317
273170
273171
273172
273173
273174
273175
273176
273177
273178
273179
27318
273180
273181
273184
273185
273186
273187
273188
273189
273190
273191
273192
273194
273195
273196
273197
273199
2732
27320
273200
273201
273202
273203
273204
273205
273206
273207
273209
273210
273211
273212
273213
273214
273215
273216
273217
273218
273219
27322
273221
273222
273223
273224
273225
273226
273227
273228
273229
27323
273230
273231
273232
273233
273234
273235
273236
273237
273238
27324
273240
273241
273242
273243
273244
273245
273246
273247
273248
273249
27325
273250
273251
273252
273253
273254
273255
273256
273257
273258
273259
27326
273260
273261
273262
273263
273264
273265
273266
273267
273268
273269
27327
273270
273271
273272
273273
273274
273275
273276
273278
273279
27328
273280
273281
273282
273283
273284
273285
273286
273287
273288
273289
27329
273290
273291
273292
273295
273296
273297
273298
273299
273301
273302
273303
273304
273305
273306
273307
273308
273309
27331
273310
273311
273312
273313
273314
273315
273316
273318
273319
27332
273320
273321
273322
273323
273324
273325
273326
273327
273328
273329
27333
273330
273331
273332
273333
273335
273336
273338
273339
27334
273340
273342
273343
273344
273346
273347
273349
273350
273351
273352
273354
273355
273356
273358
27336
273365
273368
273369
27337
273370
273371
273372
273373
273374
273375
273376
273377
273378
273379
27338
273380
273381
273383
273384
273385
273386
273387
273388
273389
27339
273390
273391
273392
273393
273394
273396
273397
273398
273399
2734
273400
273401
273403
273404
273406
273407
273408
273409
27341
273410
273411
273412
273413
273416
273417
273418
273419
27342
273420
273421
273422
273423
273424
273425
273426
273427
273428
273429
27343
273430
273431
273432
273433
273434
273435
273436
273437
273438
273439
27344
273440
273441
273442
273443
273444
273445
273447
273448
273449
27345
273450
273451
273452
273453
273454
273455
273456
273458
273459
27346
273460
273461
273462
273464
273466
273467
273468
27347
273471
273474
273475
273476
273477
273478
273479
27348
273480
273481
273482
273485
273486
273487
273488
273489
27349
273490
273491
273492
273493
273494
273495
273496
273497
273498
2735
27350
273500
273501
273502
273503
273504
273505
273506
273507
273508
273509
27351
273510
273511
273512
273515
273516
273517
273518
273519
27352
273520
273523
273524
273525
273526
273527
273528
273529
27353
273530
273531
273532
273533
273534
273535
273536
273537
273538
273539
273540
273541
273542
273543
273545
273546
273547
273548
273549
273550
273551
273552
273553
273554
273555
273556
273557
273558
273559
273560
273561
273562
273563
273564
273565
273566
273567
273569
27357
273570
273571
273572
273573
273574
273575
273576
273577
273578
273579
27358
273580
273581
273582
273583
273584
273585
273586
273587
273588
273589
27359
273590
273591
273592
273593
273594
273595
273596
273597
273598
273599
27360
273600
273601
273602
273603
273604
273605
273606
273607
273608
273609
27361
273610
273611
273612
273613
273614
273615
273616
273617
273618
273619
27362
273620
273621
273622
273623
273624
273625
273626
273627
273631
273632
273635
273637
273638
27364
273640
273641
273642
273644
273645
273646
273647
273648
273649
27365
273650
273651
273653
273654
273655
273656
273657
273659
273660
273661
273662
273663
273664
273665
273666
273667
273669
27367
273670
273671
273673
273674
273675
273676
273677
273678
273679
273680
273681
273682
273683
273684
273685
273686
273687
273688
273689
27369
273690
273691
273692
273693
273694
273695
273696
273697
273698
273699
27370
273701
273702
273703
273704
273705
273706
273707
273708
273709
27371
273710
273711
273712
273713
273714
273715
273716
273717
273718
273719
27372
273720
273721
273722
273723
273724
273725
273726
273727
273728
273729
273730
273731
273732
273733
273734
273735
273736
273739
27374
273741
273742
273743
273744
273745
273746
273747
273748
273749
27375
273750
273751
273753
273754
273755
273756
273757
273758
273759
27376
273760
273761
273762
273763
273764
273765
273766
273768
273769
273770
273771
273772
273773
273774
273775
273776
273777
273778
273779
27378
273780
273781
273782
273783
273784
273786
273787
273788
273789
27379
273790
273791
273792
273793
273794
273795
273796
273797
273798
273799
27380
273800
273801
273802
273803
273804
273805
273806
273807
273808
273809
27381
273810
273811
273812
273813
273814
273815
273817
273818
273819
27382
273820
273821
273823
273824
273826
273827
273828
273829
273830
273831
273832
273833
273834
273836
273837
273838
27384
273840
273841
273842
273843
273844
273845
273846
273847
273848
273849
273850
273851
273852
273853
273854
273855
273856
273857
273858
273859
27386
273860
273861
273862
273863
273864
273865
273866
273867
273868
273869
27387
273870
273871
273872
273873
273874
273876
273877
273878
273879
273880
273881
273882
273883
273884
273885
273886
273887
273888
273889
27389
273890
273891
273892
273894
273895
273896
273897
273898
273899
27390
273900
273901
273902
273903
273904
273905
273906
273907
273908
273909
27391
273910
273911
273912
273913
273914
273915
273916
273917
273918
273919
27392
273920
273921
273922
273923
273924
273925
273926
273927
273928
27393
273930
273931
273932
273933
273934
273935
273936
273937
273939
27394
273940
273941
273942
273943
273944
273945
273946
273947
273948
273949
27395
273950
273951
273952
273953
273954
273955
273956
273957
273958
273959
27396
273960
273961
273962
273963
273964
273965
273966
273967
273968
273969
27397
273971
273972
273973
273974
273975
273976
273977
273978
27398
273980
273981
273982
273983
273985
273987
273988
273989
27399
273990
273991
273992
273993
273994
273995
273996
273997
273998
273999
274
2740
27400
274000
274002
274003
274004
274005
274006
274007
274008
274009
27401
274010
274011
274012
274013
274015
274016
274018
274019
27402
274020
274021
274022
274023
274024
274025
274026
274027
274028
274029
274030
274032
274033
274035
274036
274037
274038
274039
27404
274040
274041
274042
274043
274044
274045
274046
274047
274048
274049
27405
274050
274051
274052
274053
274054
274055
274056
274057
274058
274059
27406
274060
274061
274062
274063
274064
274065
274066
274067
274068
274069
27407
274070
274071
274072
274073
274074
274075
274076
274077
274078
274079
27408
274080
274081
274082
274083
274084
274085
274086
274087
274088
274089
27409
274091
274092
274093
274095
274096
274097
274098
274099
27410
274100
274101
274102
274103
274104
274105
274106
274107
274108
274109
27411
274110
274111
274112
274113
274114
274115
274116
274117
274118
274119
27412
274120
274121
274122
274123
274124
274125
274126
274127
274128
274129
27413
274130
274131
274132
274134
274135
274136
274137
274138
274139
27414
274140
274141
274142
274143
274144
274145
274146
274147
274148
274149
274150
274151
274152
274153
274154
274155
274156
274157
274158
274159
27416
274160
274161
274162
274163
274164
274165
274166
274167
274168
274169
27417
274170
274171
274172
274173
274174
274175
274176
274177
274178
274179
27418
274180
274181
274182
274183
274184
274185
274186
274187
274188
274189
27419
274190
274191
274192
274193
274194
274195
274196
274197
274198
274199
2742
27420
274200
274201
274202
274203
274204
274205
274206
274207
274209
274210
274211
274212
274213
274214
274215
274216
274218
274219
27422
274221
274222
274223
274224
274225
274226
274227
274229
27423
274230
274233
274234
274235
274236
274237
274238
274239
274240
274241
274242
274243
274244
274245
274246
274247
274248
274249
27425
274250
274251
274252
274253
274254
274255
274256
274257
274258
274259
274260
274261
274262
274263
274264
274265
274266
274267
274268
274269
274270
274271
274272
274273
274274
274275
274276
274277
274278
274279
27428
274280
274281
274282
274283
274284
274285
274286
274287
274288
274289
27429
274290
274291
274292
274293
274294
274295
274296
274297
274298
274299
27430
274300
274301
274302
274303
274304
274305
274306
274307
274309
27431
274310
274311
274312
274313
274314
274315
274316
274317
274318
27432
274320
274321
274322
274323
274324
274325
274326
274327
274328
274329
27433
274330
274331
274332
274333
274334
274335
274336
274337
274338
274339
27434
274340
274341
274342
274343
274344
274345
274346
274347
274348
274349
27435
274350
274351
274352
274353
274354
274355
274356
274357
274358
274359
27436
274360
274361
274362
274363
274364
274365
274366
274367
274368
274369
27437
274370
274371
274372
274373
274374
274375
274376
274377
274378
274379
27438
274380
274381
274382
274383
274384
274385
274386
274387
274388
274389
27439
274390
274392
274393
274394
274395
274396
274397
274398
274399
27440
274400
274401
274402
274403
274404
274406
274408
274409
27441
274410
274411
274412
274413
274414
274415
274416
274417
274418
27442
274420
274421
274422
274423
274424
274425
274426
274427
274428
274429
27443
274430
274431
274432
274433
274434
274435
274436
274437
274438
274439
27444
274440
274441
274442
274443
274444
274445
274446
274447
274448
274449
27445
274450
274451
274453
274454
274455
274456
274457
274458
274459
27446
274460
274461
274462
274463
274464
274465
274466
274467
274468
274469
27447
274471
274472
274473
274474
274475
274476
274477
274478
274479
27448
274480
274481
274482
274483
274484
274486
274487
274488
274489
27449
274490
274491
274492
274493
274494
274495
274496
274497
274498
274499
27450
274500
274501
274502
274503
274504
274505
274506
274507
274508
274509
27451
274510
274511
274512
274513
274514
274515
274516
274517
274518
274519
27452
274520
274521
274522
274524
274525
274526
274527
274528
274529
27453
274530
274531
274532
274533
274534
274535
274536
274537
274538
274539
274540
274541
274542
274544
274545
274546
274547
274548
274549
27455
274550
274551
274552
274553
274554
274555
274556
274557
274558
274559
27456
274560
274561
274562
274563
274564
274565
274566
274567
274568
274569
27457
274570
274571
274572
274573
274574
274575
274576
274577
274578
274579
27458
274580
274581
274582
274583
274584
274585
274586
274587
274588
274589
27459
274590
274591
274592
274593
274594
274595
274596
274597
274598
274599
27460
274600
274601
274602
274603
274604
274605
274606
274607
274608
274609
27461
274610
274611
274612
274613
274614
274615
274616
274617
274618
274619
27462
274623
274624
274625
274626
274627
274628
274629
27463
274630
274631
274632
274633
274634
274635
274636
274637
274638
274639
27464
274640
274641
274642
274643
274644
274645
274647
274648
274649
27465
274650
274651
274652
274653
274654
274655
274656
274657
274658
274659
27466
274660
274661
274662
274663
274664
274665
274666
274668
274669
27467
274670
274671
274672
274673
274674
274675
274676
274677
274678
274679
27468
274680
274681
274682
274683
274684
274685
274686
274687
274688
274689
274690
274691
274692
274693
274694
274695
274696
274697
274698
274699
2747
27470
274700
274701
274702
274703
274704
274705
274706
274707
274708
274709
27471
274710
274711
274712
274713
274714
274715
274716
274717
274718
274719
27472
274722
274723
274724
274725
274726
274728
274729
27473
274730
274731
274732
274733
274734
274735
274736
274737
274738
274739
27474
274741
274742
274743
274744
274745
274746
274747
274748
274749
27475
274750
274751
274752
274753
274754
274755
274756
274757
274758
274759
27476
274760
274761
274763
274764
274765
274766
274767
274768
274769
27477
274770
274771
274772
274773
274774
274775
274776
274777
274778
274779
27478
274780
274781
274782
274783
274784
274785
274786
274787
274788
274789
27479
274790
274791
274792
274793
274794
274795
274796
274798
274799
2748
27480
274800
274801
274802
274803
274804
274805
274806
274807
274808
274809
27481
274810
274811
274812
274813
274814
274815
274816
274817
274818
274819
27482
274820
274821
274822
274823
274824
274825
274826
274827
274828
274829
27483
274830
274831
274832
274833
274834
274835
274836
274837
274838
274839
274840
274841
274842
274843
274844
274845
274846
274847
274848
27485
274850
274851
274852
274853
274854
274855
274856
274857
274858
274859
27486
274860
274861
274862
274863
274864
274866
274867
274868
274869
27487
274870
274871
274872
274873
274874
274875
274876
274878
274879
274880
274881
274882
274883
274884
274886
274887
274888
274889
27489
274890
274891
274892
274893
274894
274895
274896
274897
274898
274899
2749
274901
274902
274904
274905
274906
274907
274908
274909
27491
274910
274911
274912
274913
274914
274915
274916
274917
274918
274919
27492
274920
274921
274922
274923
274924
274925
274926
274927
274928
274929
274930
274931
274932
274933
274934
274935
274936
274937
274938
274939
27494
274941
274943
274944
274945
274947
274948
274949
27495
274950
274952
274953
274954
274955
274956
274957
274958
274959
27496
274960
274961
274962
274963
274964
274965
274966
274967
274968
274969
27497
274971
274972
274973
274974
274975
274976
274977
274978
274979
27498
274980
274981
274982
274983
274984
274985
274986
274987
274988
274989
27499
274990
274991
274992
274993
274994
274995
274996
274997
274998
274999
275
2750
275000
275001
275003
275004
275008
275009
27501
275010
275011
275012
275013
275014
275015
275016
275018
275019
27502
275020
275021
275023
275024
275025
275026
275027
275028
275029
27503
275030
275031
275032
275033
275034
275035
275036
275038
275039
27504
275040
275041
275042
275043
275044
275045
275046
275047
275048
275049
27505
275050
275051
275052
275053
275054
275055
275056
275057
275058
275059
27506
275060
275061
275062
275063
275064
275065
275066
275067
275068
275069
27507
275070
275071
275074
275075
275076
275077
275078
275079
27508
275080
275084
275085
275086
275087
275088
275089
27509
275090
275091
275092
275093
275094
275095
275096
275098
275099
2751
27510
275100
275101
275102
275103
275104
275106
275107
275109
27511
275110
275111
275112
275113
275115
275116
275117
275118
275119
27512
275120
275121
275123
275124
275125
275126
275127
275128
275129
27513
275130
275131
275133
275134
275135
275136
275137
275138
275139
27514
275140
275141
275142
275143
275144
275145
275146
275147
275148
275149
27515
275150
275151
275152
275153
275154
275155
275156
275157
275158
275159
27516
275160
275161
275162
275164
275165
275166
275167
275168
275169
27517
275170
275171
275172
275173
275174
275175
275176
275177
275178
275179
27518
275180
275181
275183
275184
275185
275186
275187
275188
27519
275190
275191
275192
275193
275194
275195
275196
275197
275198
275199
2752
27520
275200
275201
275202
275203
275204
275205
275206
275207
275208
275209
27521
275210
275211
275212
275214
275215
275216
275217
275218
27522
275220
275221
275222
275223
275224
275225
275226
275227
275228
275229
27523
275230
275231
275232
275233
275234
275235
275236
275237
275238
275239
27524
275240
275241
275242
275243
275244
275246
275247
275248
275249
27525
275250
275251
275252
275253
275254
275255
275256
275257
275259
27526
275260
275261
275262
275263
275264
275265
275266
275267
275268
275269
27527
275270
275271
275272
275273
275274
275275
275276
275277
275278
275279
27528
275280
275281
275282
275283
275284
275285
275286
275287
275288
275289
27529
275292
275293
275294
275295
275296
275297
275298
275299
2753
275300
275301
275303
275304
275306
275308
27531
275310
275311
275313
275314
275315
275317
275318
275319
27532
275320
275321
275322
275323
275324
275325
275326
275327
275328
275329
27533
275330
275331
275332
275333
275334
275335
275336
275337
275338
275339
27534
275340
275341
275342
275343
275344
275345
275346
275347
275348
275349
27535
275350
275351
275352
275353
275354
275355
275356
275357
275358
275359
275360
275361
275362
275363
275364
275365
275366
275367
275368
275369
27537
275370
275371
275372
275374
275375
275376
275377
275378
275379
27538
275380
275381
275382
275383
275384
275385
275386
275387
275388
275389
27539
275390
275391
275392
275393
275394
275395
275396
275397
275398
275399
2754
27540
275400
275401
275403
275404
275405
275406
275407
275408
275409
27541
275411
275414
275415
275416
275417
275418
275419
27542
275420
275422
275424
275425
275426
275428
275429
27543
275430
275431
275432
275433
275434
275435
275436
275437
275438
275439
27544
275440
275441
275442
275443
275444
275445
275446
275447
275448
275449
27545
275450
275451
275452
275453
275454
275455
275456
275457
275458
275459
27546
275460
275461
275462
275463
275464
275465
275466
275467
275468
275469
27547
275470
275471
275472
275473
275474
275475
275476
275477
275478
275479
27548
275480
275481
275482
275483
275485
275486
275487
275488
275489
27549
275490
275491
275492
275493
275494
275495
275496
275497
275498
275499
2755
27550
275500
275501
275502
275503
275504
275505
275506
275507
275508
275509
27551
275510
275511
275512
275513
275514
275515
275516
275517
275518
275519
27552
275520
275521
275522
275523
275525
275526
275527
275528
275529
27553
275530
275531
275532
275533
275534
275535
275536
275537
275538
275539
27554
275540
275541
275542
275543
275544
275545
275546
275547
275548
275549
27555
275550
275551
275552
275553
275554
275555
275556
275557
275558
275559
275560
275561
275562
275563
275564
275565
275566
275567
275568
275569
27557
275570
275571
275572
275573
275574
275575
275577
275578
275579
27558
275580
275582
275583
275584
275585
275586
275587
275588
275589
27559
275590
275591
275592
275593
275594
275595
275597
275598
275599
2756
27560
275600
275601
275602
275603
275604
275605
275607
275608
275609
27561
275612
275613
275614
275615
275616
275617
275618
275619
27562
275620
275621
275622
275623
275624
275625
275626
275627
275628
275629
27563
275630
275631
275632
275633
275634
275635
275636
275637
275639
27564
275640
275641
275642
275643
275644
275645
275646
275647
275648
275649
27565
275650
275651
275652
275653
275655
275656
275657
275658
275659
27566
275660
275661
275663
275664
275665
275666
275667
275668
275669
27567
275670
275671
275672
275674
275675
275676
275677
275678
275679
27568
275680
275681
275682
275683
275684
275685
275686
275687
275688
275689
27569
275690
275691
275692
275693
275694
275696
275697
275698
275699
2757
275700
275701
275702
275703
275704
275705
275706
275707
275708
275709
275710
275711
275712
275713
275714
275715
275716
275717
275718
275719
275720
275721
275722
275723
275724
275725
275727
275728
275729
27573
275730
275731
275732
275733
275735
275736
275737
275738
275739
275740
275741
275742
275743
275744
275745
275746
275747
275749
275750
275751
275752
275753
275754
275755
275756
275757
275758
275759
27576
275760
275761
275762
275763
275764
275765
275766
275767
275769
275770
275771
275772
275774
275775
275776
275777
275778
275779
27578
275780
275781
275782
275783
275784
275785
275786
275787
275788
275789
27579
275790
275791
275793
275794
275795
275796
275797
275798
275799
2758
275800
275801
275802
275803
275804
275805
275806
275807
275808
275809
27581
275810
275811
275812
275813
275814
275815
275816
275817
275819
27582
275820
275821
275822
275823
275824
275825
275826
275827
275828
275829
27583
275830
275831
275832
275833
275834
275835
275836
275837
275838
275839
27584
275840
275841
275842
275843
275844
275845
275846
275847
275848
275849
27585
275850
275852
275853
275854
275855
275856
275857
275858
275859
27586
275860
275861
275862
275863
275864
275865
275866
275867
275868
275869
275870
275871
275872
275873
275874
275875
275876
275877
275878
275879
27588
275880
275881
275882
275883
275884
275885
275886
275887
275888
275889
275890
275891
275892
275893
275894
275895
275896
275897
275898
275899
2759
27590
275900
275901
275902
275903
275904
275905
275906
275907
275908
275909
27591
275910
275911
275912
275913
275914
275915
275916
275917
275918
275919
27592
275920
275921
275922
275923
275924
275925
275926
275927
275928
275929
27593
275930
275931
275932
275933
275934
275935
275936
275937
275938
275939
27594
275940
275941
275943
275944
275945
275946
275947
275948
275949
27595
275950
275951
275952
275953
275955
275956
275957
275958
275959
27596
275960
275961
275962
275964
275965
275966
275967
275968
275969
27597
275970
275971
275972
275973
275974
275975
275976
275977
275978
275979
27598
275980
275981
275982
275983
275984
275985
275986
275987
275989
27599
275990
275991
275992
275994
275995
275996
275997
275998
275999
276
2760
27600
276000
276001
276002
276003
276004
276005
276006
276007
276008
276009
27601
276010
276011
276012
276013
276014
276015
276016
276017
276018
276019
27602
276020
276021
276022
276023
276024
276025
276026
276027
276028
276029
27603
276030
276032
276033
276034
276035
276036
276037
276038
276039
276040
276042
276043
276044
276045
276046
276047
276049
27605
276050
276051
276052
276053
276054
276055
276056
276057
276058
276059
27606
276060
276061
276062
276063
276064
276065
276066
276067
276068
276069
27607
276070
276071
276072
276073
276074
276075
276076
276077
276078
276079
27608
276080
276081
276082
276083
276084
276086
276087
276088
276089
27609
276090
276091
276092
276093
276094
276095
276096
276097
276098
276099
2761
276100
276102
276103
276104
276105
276106
276107
276108
276109
27611
276110
276111
276115
276116
276117
276118
276119
27612
276120
276121
276122
276123
276124
276125
276126
276127
276128
276129
27613
276130
276131
276132
276133
276134
276135
276136
276137
276138
276139
27614
276140
276142
276143
276144
276145
276146
276147
276148
276149
276150
276151
276152
276154
276155
276156
276157
276158
276159
27616
276160
276161
276162
276164
276165
276166
276167
276168
27617
276170
276171
276172
276173
276174
276175
276177
276178
276179
27618
276180
276181
276182
276183
276185
276186
276187
276189
27619
276190
276191
276192
276194
276195
276196
276197
276198
2762
27620
276200
276201
276202
276203
276204
276205
276206
276207
276208
276209
27621
276210
276211
276212
276213
276214
276215
276216
276217
276218
276219
27622
276220
276221
276222
276223
276224
276226
276227
276228
276229
27623
276230
276231
276232
276233
276234
276235
276236
276237
276238
276239
27624
276240
276241
276242
276243
276244
276245
276246
276247
276248
276249
27625
276250
276251
276252
276253
276254
276255
276256
276257
276258
276259
27626
276261
276262
276263
276264
276265
276266
276267
276268
27627
276270
276271
276272
276273
276274
276275
276276
276277
276279
27628
276280
276281
276282
276283
276284
276285
276286
276287
276288
276289
27629
276290
276291
276292
276293
276294
276295
276296
276297
276298
276299
27630
276300
276301
276302
276303
276304
276305
276306
276307
276308
276309
27631
276311
276312
276313
276314
276315
276316
276317
276318
276319
27632
276320
276322
276323
276324
276326
276328
276330
276331
276332
276333
276334
276335
276336
276337
276338
276339
276340
276341
276342
276343
276344
276345
276346
276347
276348
276349
27635
276350
276351
276352
276353
276354
276355
276357
276358
276359
27636
276360
276361
276362
276363
276364
276365
276366
276367
276368
276369
27637
276370
276371
276372
276373
276374
276375
276377
276378
276379
27638
276380
276382
276383
276384
276385
276386
276387
276388
276389
27639
276390
276391
276392
276393
276394
276395
276396
276397
276398
276399
2764
27640
276400
276401
276402
276403
276404
276405
276406
276407
276408
276409
27641
276410
276411
276412
276413
276414
276416
276417
276418
276419
27642
276420
276421
276422
276423
276424
276425
276426
276427
276428
276429
27643
276430
276431
276432
276433
276434
276435
276437
276438
276439
27644
276440
276441
276442
276443
276444
276445
276446
276447
276448
276449
27645
276450
276451
276452
276453
276454
276456
276457
276458
276459
27646
276460
276461
276462
276463
276464
276465
276466
276468
276469
27647
276470
276471
276472
276473
276474
276475
276476
276477
276478
276479
27648
276480
276481
276482
276483
276484
276485
