276486
276487
276488
276489
27649
276490
276491
276494
276496
276498
276499
276500
276501
276502
276503
276504
276505
276506
276508
276509
27651
276510
276511
276512
276514
276515
276516
276517
276518
276519
27652
276520
276521
276522
276523
276524
276525
276526
276527
276528
276529
27653
276530
276531
276532
276533
276534
276535
276536
276537
276538
276539
27654
276540
276541
276542
276543
276544
276545
276546
276547
276548
276549
27655
276550
276551
276553
276554
276555
276556
276557
276558
276559
276560
276561
276562
276563
276564
276565
276566
276567
276568
276569
27657
276570
276571
276572
276573
276574
276575
276576
276577
276578
276579
27658
276580
276581
276582
276583
276585
276586
276587
276588
276589
27659
276590
276591
276592
276593
276594
276595
276596
276597
276598
276599
27660
276601
276602
276603
276604
276605
276606
276607
276609
27661
276610
276611
276612
276613
276614
276615
276616
276617
276618
276619
27662
276620
276621
276622
276623
276624
276626
276627
276628
276629
27663
276630
276632
276633
276634
276635
276636
276637
276638
276639
27664
276640
276641
276643
276646
276647
276648
276649
27665
276650
276651
276652
276653
276654
276655
276656
276657
276658
276659
276660
276661
276662
276664
276665
276666
276667
276668
276669
276670
276672
276673
276674
276675
276676
276677
276678
276679
27668
276681
276682
276683
276684
276685
276686
276687
276688
276689
27669
276691
276692
276693
276694
276695
276696
276697
276698
276699
2767
27670
276700
276701
276702
276703
276704
276705
276706
276707
27671
276710
276711
276712
276713
276715
276719
27672
276720
276721
276722
276723
276724
276725
276726
276728
276729
27673
276730
276731
276732
276733
276734
276735
276736
276737
276738
276739
27674
276740
276741
276742
276743
276744
276745
276746
276747
276748
27675
276750
276751
276752
276753
276754
276755
276756
276757
276758
276759
27676
276761
276762
276763
276764
276765
276766
276767
276768
276769
27677
276770
276771
276772
276773
276774
276775
276777
276778
276779
27678
276780
276782
276783
276784
276785
276786
276788
276789
27679
276790
276791
276792
276793
276794
276795
276796
276797
276798
276799
2768
27680
276800
276801
276802
276803
276804
276805
276808
276809
27681
276810
276811
276812
276813
276815
276816
276817
276818
276819
27682
276820
276821
276822
276823
276824
276825
276827
276828
276829
27683
276830
276831
276832
276833
276835
276836
276837
276839
27684
276840
276841
276842
276843
276844
276845
276846
276847
276849
27685
276850
276853
276855
276856
276857
276858
276859
27686
276860
276862
276863
276864
276865
276866
276867
276868
276869
27687
276870
276871
276872
276873
276874
276875
276876
276877
276878
276879
27688
276880
276882
276883
276884
276885
276887
276888
276889
27689
276893
276895
276896
276897
276898
276899
2769
27690
276900
276901
276902
276903
276904
276905
276906
276907
276908
276909
27691
276910
276911
276912
276913
276914
276916
276917
276918
276919
27692
276920
276921
276922
276923
276924
276925
276926
276927
276928
276929
27693
276930
276932
276933
276934
276935
276936
276937
276938
276939
27694
276940
276941
276942
276943
276944
276945
276946
276947
276948
276949
27695
276950
276951
276952
276953
276954
276955
276956
276957
276958
276959
27696
276960
276961
276962
276963
276964
276965
276966
276967
276968
276969
27697
276970
276971
276972
276973
276974
276975
276976
276977
276979
27698
276980
276981
276982
276983
276984
276985
276986
276987
276988
276989
27699
276990
276991
276992
276993
276994
276995
276996
276997
276998
276999
277
2770
27700
277000
277001
277002
277003
277004
277005
277006
277007
277008
277009
27701
277010
277011
277012
277013
277014
277015
277016
277017
277018
277019
27702
277020
277021
277022
277023
277024
277026
277027
277028
277029
27703
277030
277031
277032
277033
277034
277036
277037
277038
277039
277040
277041
277042
277043
277044
277045
277046
277047
277048
277049
277050
277051
277052
277053
277054
277055
277056
277057
277058
277059
27706
277060
277061
277062
277063
277065
277066
277067
277068
277069
27707
277070
277071
277072
277073
277074
277075
277076
277077
277078
277079
27708
277080
277081
277082
277084
277085
277086
277088
277089
27709
277090
277091
277092
277093
277094
277095
277096
277097
277098
277099
2771
27710
277100
277101
277102
277104
277105
277106
277107
277108
277109
27711
277110
277111
277112
277113
277114
277115
277116
277117
277118
277119
27712
277120
277121
277122
277124
277125
277126
277127
277128
277129
27713
277130
277131
277132
277133
277134
277135
277136
277137
277138
277139
27714
277140
277141
277142
277143
277144
277145
277146
277148
277149
27715
277150
277151
277152
277153
277154
277157
277158
277159
27716
277160
277161
277162
277163
277164
277165
277166
277167
277169
27717
277170
277171
277172
277173
277174
277176
277177
277178
277179
277180
277181
277183
277184
277185
277186
277187
277188
277189
27719
277190
277191
277192
277193
277194
277195
277196
277197
277199
2772
27720
277200
277201
277202
277203
277204
277205
277206
277207
277208
277209
27721
277210
277211
277212
277213
277214
277216
277217
277218
277219
277220
277221
277222
277223
277224
277225
277226
277227
277228
277229
27723
277230
277231
277232
277233
277234
277235
277236
277238
277239
27724
277240
277241
277242
277243
277244
277245
277246
277247
277248
277249
27725
277251
277252
277253
277254
277255
277256
277257
277258
277259
27726
277260
277261
277262
277263
277264
277265
277266
277267
277268
27727
277270
277271
277272
277273
277274
277275
277277
277278
277279
27728
277280
277281
277282
277283
277284
277285
277286
277288
277289
27729
277290
277291
277292
277293
277294
277295
277296
277298
277299
2773
27730
277300
277301
277302
277303
277304
277305
277306
277307
277308
277309
27731
277310
277311
277312
277313
277314
277315
277316
277318
277319
27732
277320
277321
277323
277324
277325
277326
277327
277328
277329
27733
277330
277331
277332
277333
277334
277335
277336
277337
277338
277339
27734
277340
277341
277342
277343
277344
277346
277347
277348
277349
27735
277350
277351
277352
277353
277354
277355
277357
277358
277359
27736
277360
277361
277362
277363
277364
277365
277366
277367
277368
277369
27737
277370
277371
277372
277373
277374
277376
277377
277378
277379
27738
277380
277381
277382
277383
277385
277386
277387
277388
277389
27739
277390
277391
277392
277393
277394
277395
277396
277397
277398
277399
2774
27740
277400
277401
277403
277404
277406
277407
277408
277409
27741
277411
277413
277414
277415
277416
277417
277418
277419
27742
277420
277421
277422
277423
277424
277425
277426
277427
277428
277429
277430
277431
277432
277433
277434
277435
277436
277437
277438
277439
27744
277440
277441
277442
277443
277444
277445
277446
277448
277449
27745
277450
277451
277452
277453
277454
277455
277456
277457
277459
277460
277461
277462
277463
277464
277465
277466
277467
277468
277469
27747
277470
277471
277472
277473
277474
277475
277476
277477
277478
277479
27748
277480
277481
277482
277483
277484
277485
277486
277487
277488
277489
277490
277491
277492
277493
277494
277495
277496
277497
277498
277499
2775
277500
277501
277502
277504
277505
277506
277507
277508
277509
277510
277511
277513
277514
277515
277516
277517
277519
27752
277520
277521
277522
277523
277524
277526
277527
277528
277529
27753
277530
277532
277533
277534
277535
277536
277538
277540
277541
277542
277543
277545
277546
277547
277548
277549
27755
277550
277551
277552
277553
277554
277555
277556
277557
277558
277559
277560
277561
277562
277563
277564
277565
277566
277567
277568
277569
27757
277570
277571
277572
277573
277574
277575
277576
277577
277578
277579
27758
277580
277581
277582
277583
277584
277585
277586
277587
277588
277589
27759
277590
277591
277592
277593
277594
277595
277597
277598
277599
2776
27760
277600
277601
277603
277604
277605
277606
277607
277608
277609
27761
277610
277611
277612
277613
277614
277615
277616
277617
277618
277619
27762
277620
277621
277623
277624
277625
277626
277627
277628
277629
27763
277631
277632
277633
277634
277635
277636
277637
277638
277639
27764
277640
277641
277642
277643
277644
277646
277647
277648
277649
27765
277650
277652
277653
277654
277655
277656
277657
277658
277659
27766
277660
277661
277662
277663
277664
277665
277666
277667
277669
27767
277671
277672
277673
277674
277675
277676
277677
277678
277679
27768
277680
277681
277682
277683
277684
277685
277686
277687
277688
277689
27769
277690
277691
277692
277693
277694
277695
277696
277697
277698
277699
2777
27770
277700
277701
277702
277703
277705
277706
277707
277708
277709
27771
277710
277711
277712
277713
277714
277715
277716
277717
277719
27772
277720
277721
277722
277723
277724
277725
277726
277727
277728
277729
27773
277730
277731
277732
277733
277734
277735
277736
277737
277738
27774
277740
277741
277742
277743
277744
277745
277746
277747
277748
277749
27775
277750
277751
277752
277753
277754
277755
277756
277757
277758
277759
27776
277760
277761
277762
277763
277764
277765
277766
277767
277769
27777
277770
277771
277772
277773
277774
277775
277776
277777
277778
277779
27778
277780
277781
277782
277783
277784
277785
277786
277787
277788
277789
27779
277791
277793
277794
277795
277796
277797
277799
2778
277800
277801
277802
277803
277804
277805
277806
277807
277808
277809
277810
277811
277812
277813
277814
277815
277816
277817
277818
277819
27782
277820
277821
277822
277823
277825
277826
277827
277828
27783
277830
277831
277832
277833
277834
277835
277836
277837
277838
277839
27784
277840
277841
277842
277845
277846
277847
277848
277849
27785
277850
277851
277852
277853
277854
277855
277856
277857
277858
277859
27786
277860
277861
277862
277863
277864
277865
277866
277867
277868
277869
27787
277870
277871
277872
277873
277874
277875
277876
277877
277878
277879
27788
277880
277881
277882
277883
277884
277885
277886
277888
277889
27789
277890
277893
277894
277895
277896
277897
277898
277899
2779
277900
277901
277902
277903
277904
277905
277906
277907
277908
277909
27791
277910
277911
277912
277913
277914
277915
277916
277917
277918
277919
27792
277920
277921
277922
277923
277924
277925
277926
277927
277928
277929
27793
277930
277931
277932
277933
277934
277935
277936
277937
277938
277939
277940
277942
277943
277944
277945
277946
277947
277948
277949
27795
277950
277951
277952
277953
277954
277955
277956
277957
277958
277959
27796
277960
277961
277962
277963
277964
277965
277966
277967
277968
277969
27797
277970
277971
277972
277973
277974
277975
277976
277977
277978
277979
27798
277981
277982
277983
277984
277985
277986
277988
277989
27799
277990
277991
277992
277993
277994
277995
277996
277997
277998
278
27800
278000
278001
278002
278003
278004
278005
278006
278007
278008
278009
27801
278010
278011
278012
278013
278014
278015
278016
278018
278019
27802
278020
278021
278022
278023
278024
278025
278026
278027
278028
278029
27803
278030
278031
278032
278033
278034
278036
278037
278038
278039
27804
278040
278041
278042
278043
278044
278045
278047
278048
278049
27805
278050
278051
278052
278053
278054
278055
278056
278057
278058
278059
27806
278060
278061
278062
278063
278065
278066
278067
278068
278069
27807
278070
278071
278072
278073
278074
278075
278076
278077
278078
27808
278080
278083
278084
278085
278086
278087
278088
278089
27809
278090
278091
278092
278093
278094
278095
278096
278097
27810
278101
278102
278104
278105
278106
278107
278108
278109
27811
278110
278111
278112
278113
278114
278115
278116
278117
278118
278119
27812
278120
278121
278122
278123
278124
278125
278126
278127
278128
278129
27813
278130
278131
278132
278133
278134
278135
278137
278138
278139
27814
278140
278141
278143
278145
278146
278147
278148
27815
278150
278151
278152
278154
278155
278156
278157
278158
278159
27816
278160
278161
278162
278163
278164
278165
278166
278167
278168
278169
27817
278171
278172
278173
278174
278175
278176
278177
278178
278179
27818
278180
278181
278182
278183
278184
278185
278186
278187
278189
27819
278190
278191
278192
278193
278194
278195
278196
278197
278198
278199
27820
278200
278201
278202
278203
278204
278205
278206
278207
278208
278209
27821
278210
278211
278212
278215
278216
278217
278218
278219
27822
278220
278221
278222
278223
278224
278225
278226
278227
278228
27823
278230
278231
278232
278233
278234
278236
278237
278238
278239
27824
278240
278241
278242
278245
278246
278247
278248
278249
27825
278250
278251
278252
278253
278254
278255
278256
278257
278258
278259
27826
278260
278261
278262
278263
278264
278265
278266
278267
278268
278269
27827
278270
278272
278273
278276
278277
278278
27828
278280
278282
278283
278284
278285
278286
278287
278288
278289
27829
278290
278291
278292
278293
278294
278295
278296
278297
278298
278299
27830
278300
278301
278302
278303
278304
278305
278306
278307
278308
278309
27831
278310
278311
278312
278313
278314
278315
278316
278317
278318
27832
278320
278321
278322
278323
278324
278325
278326
278327
278328
278329
278330
278332
278334
278335
278337
278338
278339
27834
278340
278342
278343
278345
278346
278347
278348
278349
27835
278350
278351
278352
278353
278354
278356
278357
278358
278359
27836
278360
278361
278362
278363
278364
278365
278367
278368
278369
27837
278370
278371
278372
278373
278374
278375
278376
278377
278378
278379
27838
278380
278381
278382
278383
278384
278385
278386
278387
278388
278389
278390
278391
278392
278393
278394
278395
278396
278397
278398
278399
2784
27840
278400
278401
278402
278403
278404
278405
278406
278407
278408
278409
27841
278411
278412
278413
278414
278415
278416
278417
278418
278419
278422
278423
278424
278425
278426
278427
278428
278429
27843
278430
278431
278432
278433
278434
278435
278436
278437
278438
278439
27844
278440
278441
278442
278443
278444
278445
278446
278447
278448
278449
27845
278450
278451
278452
278453
278454
278456
278457
278458
278459
27846
278460
278461
278462
278463
278464
278465
278466
278467
278469
27847
278470
278472
278473
278474
278475
278476
278477
278478
278479
27848
278480
278481
278482
278483
278484
278485
278486
278488
278489
278490
278491
278492
278493
278494
278495
278496
278497
278498
278499
27850
278500
278501
278503
278504
278505
278506
278507
278508
278509
27851
278510
278511
278512
278513
278514
278516
278518
278519
27852
278520
278521
278522
278523
278524
278525
278526
278527
278528
27853
278530
278531
278532
278533
278534
278535
278536
278537
278538
27854
278540
278542
278543
278544
278545
278546
278547
278548
278549
27855
278550
278551
278552
278553
278554
278556
278557
278558
278559
27856
278560
278561
278562
278563
278564
278565
278566
278567
278568
278569
27857
278570
278571
278572
278573
278574
278575
278576
278577
278578
278579
27858
278580
278581
278582
278583
278584
278585
278586
278587
278588
278589
27859
278590
278591
278592
278593
278594
278595
278598
278599
2786
27860
278601
278602
278603
278605
278607
278608
278609
27861
278610
278611
278612
278614
278615
278616
278617
278618
278619
27862
278620
278621
278622
278623
278624
278625
278626
278627
278628
278629
27863
278630
278631
278632
278633
278634
278635
278636
278637
278638
278639
27864
278640
278641
278642
278643
278644
278646
278647
278648
278649
27865
278650
278651
278652
278653
278654
278655
278656
278658
27866
278660
278661
278662
278663
278664
278665
278666
278668
278669
27867
278670
278671
278672
278673
278674
278675
278676
278677
278678
278679
278680
278681
278682
278685
278686
278687
278688
278689
27869
278691
278692
278693
278694
278695
278696
278697
278698
278699
2787
27870
278700
278701
278702
278703
278704
278705
278706
278707
278708
278709
278710
278711
278712
278713
278714
278715
278716
278717
278718
278720
278721
278722
278723
278725
278726
278727
278728
278729
27873
278730
278731
278732
278733
278734
278735
278736
278737
278738
278739
27874
278740
278741
278742
278743
278744
278745
278746
278747
278748
278749
27875
278750
278751
278752
278753
278754
278755
278756
278757
278758
278759
278760
278761
278763
278764
278765
278766
278768
278769
27877
278770
278771
278772
278774
278775
278776
278777
278778
278779
27878
278780
278781
278782
278783
278784
278785
278786
278787
278788
278789
27879
278790
278792
278793
278794
278795
278796
278798
278799
2788
27880
278800
278801
278802
278803
278804
278805
278806
278807
278808
278809
27881
278810
278811
278812
278813
278814
278815
278817
278818
278819
27882
278820
278821
278822
278823
278824
278825
278826
278827
278828
278829
27883
278830
278831
278832
278833
278834
278835
278836
278837
278838
278839
27884
278840
278841
278842
278843
278844
278845
278846
278847
278848
278849
27885
278851
278852
278853
278854
278855
278856
278857
278858
278859
27886
278860
278861
278862
278863
278864
278865
278866
278867
278868
278869
278870
278871
278872
278873
278874
278875
278876
278877
278878
278879
27888
278880
278881
278882
278883
278884
278885
278886
278888
278889
27889
278890
278892
278893
278894
278895
278896
278897
278898
278899
2789
278900
278901
278902
278903
278904
278905
278906
278907
278908
278909
27891
278910
278911
278912
278913
278914
278915
278916
278917
278918
278919
27892
278920
278921
278922
278923
278924
278925
278926
278927
278928
278929
278930
278931
278932
278933
278934
278935
278936
278937
278938
278939
278940
278941
278942
278943
278944
278945
278946
278947
278948
278949
27895
278950
278951
278952
278953
278954
278955
278956
278957
278958
278959
27896
278960
278961
278962
278963
278964
278965
278966
278967
278968
278969
27897
278970
278971
278972
278973
278974
278975
278976
278977
278978
278979
278980
278981
278982
278983
278984
278985
278986
278988
278989
27899
278990
278991
278992
278993
278994
278995
278996
278997
278998
278999
279
2790
279000
279001
279002
279003
279004
279005
279006
279007
279008
279009
27901
279010
279011
279012
279013
279014
279015
279016
279017
279018
279019
279020
279021
279022
279023
279024
279025
279026
279027
279029
27903
279030
279031
279032
279033
279034
279035
279036
279037
279038
279039
27904
279042
279044
279045
279046
279047
279048
279049
27905
279050
279051
279052
279053
279054
279055
279056
279057
279058
279059
27906
279060
279061
279062
279063
279064
279065
279066
279067
279068
279069
27907
279070
279071
279072
279073
279074
279075
279076
279077
279078
279079
279080
279082
279083
279084
279085
279086
279087
279088
279089
27909
279090
279091
279092
279093
279094
279095
279096
279097
279098
279099
2791
27910
279100
279101
279102
279103
279104
279105
279108
279109
279110
279111
279112
279114
279115
279116
279117
279118
279120
279121
279122
279123
279124
279125
279126
279127
279128
279129
279130
279131
279132
279133
279134
279135
279136
279137
279138
279139
279140
279141
279142
279143
279144
279145
279147
279148
279149
27915
279150
279151
279152
279153
279154
279155
279157
279158
279159
27916
279160
279161
279162
279163
279164
279165
279166
279167
279168
279169
27917
279170
279171
279172
279174
279175
279176
279177
279178
279179
27918
279180
279181
279184
279185
279186
279187
279188
279189
27919
279190
279191
279192
279193
279194
279195
279196
279197
279198
2792
27920
279200
279201
279202
279203
279204
279205
279206
279207
279208
279209
27921
279210
279211
279212
279213
279214
279215
279216
279217
279218
279219
27922
279220
279221
279223
279224
279225
279226
279227
279229
27923
279230
279231
279232
279233
279234
279235
279236
279237
279238
279239
27924
279240
279241
279242
279243
279244
279245
279246
279247
279248
279249
27925
279250
279251
279252
279253
279254
279255
279256
279257
279258
279259
27926
279260
279261
279262
279263
279264
279265
279266
279267
279268
279269
27927
279270
279271
279272
279273
279274
279275
279276
279277
279278
279279
27928
279280
279281
279282
279284
279285
279286
279287
279288
279289
27929
279290
279291
279292
279293
279294
279295
279296
279297
279298
279299
2793
27930
279300
279301
279302
279303
279304
279305
279306
279307
279308
279309
279310
279311
279312
279313
279314
279315
279316
279317
279318
279319
27932
279321
279322
279323
279324
279326
279327
279328
279329
27933
279330
279331
279332
279333
279334
279335
279336
279337
279338
279339
279340
279342
279343
279345
279346
27935
279350
279351
279352
279353
279355
279356
279358
279359
27936
279360
279361
279362
279363
279364
279365
279367
279368
279369
27937
279370
279371
279372
279373
279375
279376
279377
279378
279379
27938
279380
279381
279382
279383
279384
279385
279386
279387
279388
279389
27939
279393
279394
279395
279396
279397
279398
279399
27940
279400
279401
279402
279403
279404
279405
279406
279407
279408
279409
27941
279410
279412
279413
279414
279415
279416
279417
279418
279419
27942
279420
279421
279422
279423
279424
279425
279426
279427
279428
279429
27943
279430
279431
279432
279433
279434
279435
279436
279437
279438
279439
27944
279440
279441
279443
279444
279446
279449
27945
279450
279451
279452
279453
279454
279457
279458
279459
279461
279462
279463
279464
279466
279467
279468
27947
279470
279471
279472
279473
279474
279475
279476
279477
279478
279479
27948
279481
279482
279483
279484
279485
279486
279487
279488
279489
27949
279490
279491
279492
279493
279494
279495
279496
279497
279498
279499
27950
279500
279501
279502
279503
279504
279505
279506
279508
279509
27951
279510
279511
279512
279513
279514
279515
279516
279517
279518
27952
279520
279521
279522
279523
279524
279525
279526
279527
279529
27953
279530
279531
279532
279533
279534
279535
279536
279538
279539
279540
279541
279542
279543
279544
279545
279546
279548
279549
27955
279550
279551
279552
279553
279554
279555
279556
279557
279558
279559
27956
279560
279561
279562
279563
279564
279565
279566
279567
279568
279569
27957
279570
279572
279573
279574
279575
279576
279577
279578
279579
27958
279580
279581
279582
279583
279584
279585
279586
279588
279589
27959
279590
279591
279592
279593
279594
279595
279596
279597
279598
279599
2796
27960
279600
279601
279602
279603
279604
279605
279606
279607
279608
279609
27961
279610
279611
279612
279613
279614
279616
279617
279618
279619
27962
279620
279621
279622
279623
279624
279625
279626
279627
279628
279629
279630
279631
279632
279633
279634
279635
279636
279637
279638
279639
27964
279640
279641
279644
279645
279646
279647
279648
279649
27965
279650
279652
279653
279654
279655
279656
279657
279658
279659
27966
279660
279661
279662
279663
279664
279665
279666
279668
279669
27967
279670
279671
279672
279673
279674
279675
279676
279677
279678
279679
279680
279681
279682
279683
279684
279685
279686
279687
279688
279689
27969
279690
279691
279692
279693
279694
279695
279696
279697
279698
279699
2797
27970
279700
279701
279702
279703
279704
279705
279706
279707
279708
279709
27971
279710
279711
279712
279713
279714
279716
279717
279718
279719
27972
279720
279721
279722
279723
279724
279725
279726
279728
279729
27973
279730
279731
279732
279733
279734
279735
279736
279737
279738
279739
27974
279740
279741
279742
279743
279744
279746
279747
279748
279749
279750
279751
279752
279753
279754
279755
279756
279757
279758
279759
27976
279761
279762
279763
279764
279765
279766
279767
279768
279769
27977
279770
279771
279772
279773
279774
279775
279776
279777
279778
279779
27978
279780
279781
279782
279783
279784
279785
279786
279787
279788
279789
27979
279790
279791
279792
279793
279794
279795
279796
279797
279798
279799
2798
27980
279800
279801
279802
279803
279804
279805
279806
279807
279808
279809
279810
279811
279812
279813
279814
279815
279816
279817
279818
279819
279821
279822
279823
279824
279825
279826
279827
279828
279829
27983
279830
279831
279832
279833
279834
279835
279837
279838
279839
27984
279840
279841
279842
279843
279844
279845
279846
279847
279848
27985
279852
279853
279854
279855
279856
279857
279858
279859
27986
279860
279861
279863
279864
279866
279867
279868
279869
279870
279871
279872
279873
279874
279875
279876
279877
279878
279879
279880
279881
279882
279883
279885
279886
279887
279888
279889
27989
279890
279891
279892
279893
279894
279895
279896
279897
279898
279899
27990
279900
279901
279902
279903
279904
279905
279906
279907
279908
279909
27991
279910
279911
279912
279913
279914
279916
279917
279918
279919
279920
279921
279922
279923
279924
279925
279926
279928
279929
27993
279930
279931
279932
279933
279934
279935
279936
279937
279938
279939
27994
279940
279941
279942
279943
279944
279945
279946
279947
279948
279949
27995
279951
279952
279953
279954
279955
279956
279957
279958
27996
279960
279961
279963
279966
279967
279969
27997
279970
279971
279972
279973
279974
279975
279976
279977
279978
279979
27998
279980
279981
279982
279983
279984
279985
279986
279987
279988
279989
27999
279990
279991
279992
279993
279994
279995
279996
279997
279998
279999
28
280
2800
28000
280000
280001
280002
280003
280004
280005
280006
280007
28001
280010
280011
280013
280014
280015
280016
280017
280018
280019
28002
280020
280021
280022
280023
280024
280025
280026
280027
280028
280029
28003
280030
280031
280032
280033
280034
280035
280036
280037
280038
280039
28004
280040
280041
280042
280043
280044
280045
280046
280047
280048
280049
28005
280050
280051
280052
280054
280055
280056
280058
280059
28006
280060
280061
280062
280063
280064
280065
280066
280067
280068
280069
28007
280070
280071
280072
280073
280074
280075
280076
280077
280078
280079
280080
280081
280082
280083
280084
280085
280086
280087
280088
280089
280090
280091
280092
280093
280094
280095
280097
280098
280099
280100
280101
280102
280103
280104
280105
280106
280107
28011
280110
280111
280114
280115
280116
280118
280120
280121
280122
280123
280124
280125
280126
280127
280128
280129
280130
280131
280132
280133
280134
280135
280136
280137
280138
280139
28014
280140
280141
280142
280143
280144
280145
280147
280148
280149
28015
280150
280151
280152
280153
280154
280155
280156
280157
280158
280159
280160
280161
280162
280163
280164
280165
280166
280167
280168
280169
28017
280170
280171
280172
280173
280174
280175
280176
280177
280178
280179
28018
280180
280181
280182
280183
280184
280185
280186
280187
280188
280189
28019
280190
280191
280192
280194
280195
280196
280197
280198
280199
2802
28020
280200
280201
280202
280203
280204
280205
280206
280207
280208
280209
280210
280211
280212
280213
280214
280215
280216
280217
280218
280219
280220
280221
280222
280223
280224
280225
280226
280227
280228
280229
28023
280230
280231
280233
280234
280235
280236
280237
280238
280240
280241
280242
280244
280245
280246
280247
280248
280249
28025
280250
280251
280252
280254
280255
280256
280257
280258
280259
28026
280260
280261
280262
280263
280264
280265
280266
280267
280268
280269
280270
280271
280272
280273
280274
280275
280276
280277
280278
280279
28028
280280
280281
280282
280283
280284
280285
280286
280287
280288
280289
28029
280290
280291
280292
280293
280294
280295
280296
280297
280298
280299
28030
280300
280301
280302
280303
280304
280305
280306
280307
280308
280309
28031
280311
280313
280314
280315
280317
28032
280320
280321
280322
280323
280324
280325
280326
280327
280328
280329
28033
280330
280331
280332
280333
280334
280336
280337
280338
28034
280340
280341
280342
280343
280344
280345
280346
280347
280348
280349
28035
280350
280351
280352
280353
280354
280355
280356
280357
280358
280359
28036
280360
280361
280362
280363
280364
280365
280366
280367
280368
280369
28037
280370
280371
280372
280373
280374
280375
280376
280377
280378
280379
28038
280380
280381
280382
280383
280384
280385
280386
280387
280388
280389
28039
280390
280391
280392
280393
280394
280395
280396
280397
280398
280399
2804
28040
280400
280401
280402
280403
280404
280405
280406
280407
280408
280409
28041
280411
280412
280413
280414
280416
280417
280418
280419
280420
280421
280422
280423
280424
280425
280426
280427
280428
280429
28043
280430
280431
280433
280434
280436
280437
280438
280439
28044
280440
280441
280442
280444
280445
280447
280448
280449
280450
280451
280452
280453
280454
280455
280457
280458
280459
28046
280460
280463
280464
280465
280466
280467
280468
28047
280470
280471
280472
280473
280474
280475
280476
280477
280478
280479
28048
280480
280481
280482
280484
280485
280486
280487
280488
280489
28049
280490
280491
280492
280493
280494
280495
280496
280497
280498
280499
2805
28050
280500
280501
280502
280503
280505
280506
280507
280509
28051
280510
280511
280512
280513
280516
280517
280518
28052
280520
280521
280522
280523
280524
280525
280526
280527
280528
280529
28053
280530
280531
280532
280533
280534
280535
280536
280537
280538
280539
28054
280541
280542
280543
280544
280545
280546
280547
280548
280549
28055
280550
280552
280553
280554
280555
280556
280558
280559
28056
280560
280561
280563
280564
280565
280566
280567
280568
280569
280570
280571
280572
280573
280576
280579
28058
280580
280581
280582
280583
280585
280586
280587
280588
280589
28059
280590
280591
280593
280594
280595
280596
280597
280599
28060
280600
280602
280603
280604
280605
280606
280609
28061
280611
280612
280613
280614
280615
280616
280617
280618
280619
28062
280621
280622
280624
280625
280626
280627
280628
280629
28063
280630
280631
280632
280633
280634
280635
280636
280637
280638
280639
28064
280640
280641
280642
280643
280644
280645
280646
280647
280648
280649
28065
280652
280653
280654
280655
280656
280657
280658
280659
280660
280661
280662
280663
280664
280665
280666
280667
280668
280669
28067
280670
280671
280672
280673
280674
280675
280676
280677
280678
28068
280681
280682
280683
280684
280685
280686
280687
280688
280689
28069
280690
280691
280692
280693
280694
280696
280697
280698
280699
2807
28070
280700
280701
280702
280704
280705
280707
280708
280709
28071
280710
280711
280712
280714
280715
280716
280717
280718
280719
28072
280720
280721
280722
280723
280724
280725
280726
280727
280728
280729
28073
280730
280731
280732
280733
280734
280735
280736
280737
280738
280739
280740
280741
280742
280743
280744
280745
280746
280747
280748
280749
28075
280750
280751
280752
280753
280754
280755
280756
280757
280758
280759
28076
280760
280761
280762
280763
280764
280765
280766
280767
280768
280769
28077
280770
280771
280772
280773
280774
280775
280776
280777
280778
280779
28078
280780
280781
280782
280783
280784
280785
280786
280787
280788
280789
28079
280790
280791
280792
280793
280794
280795
280796
280797
280799
28080
280800
280801
280802
280803
280804
280806
280807
280808
280809
28081
280810
280811
280812
280815
280817
280818
280819
28082
280820
280821
280822
280823
280824
280825
280827
280828
280829
28083
280831
280832
280833
280835
280836
280837
280838
280839
28084
280840
280841
280842
280843
280844
280845
280846
280848
280849
28085
280850
280851
280852
280853
280854
280855
280856
280857
280858
280859
28086
280860
280861
280862
280863
280864
280865
280866
280867
280868
280869
28087
280870
280871
280872
280873
280874
280875
280876
280877
280878
280879
280880
280881
280882
280883
280884
280885
280886
280889
28089
280890
280891
280892
280893
280894
280896
280897
280898
280899
28090
280900
280901
280902
280903
280904
280905
280906
280907
280908
280909
280910
280911
280913
280914
280915
280916
280917
280919
280920
280921
280922
280923
280924
280925
280927
280928
280929
28093
280931
280932
280934
280935
280936
280937
280938
280939
28094
280940
280941
280942
280944
280945
280946
280947
280948
280950
280951
280953
280954
280955
280956
280957
280958
280959
28096
280960
280961
280962
280963
280964
280965
280966
280967
280968
280969
28097
280970
280971
280972
280973
280974
280975
280976
280977
280978
280979
28098
280980
280981
280982
280983
280984
280985
280986
280987
280988
280989
28099
280990
280991
280992
280993
280994
280995
280996
280997
280998
280999
281
28100
281000
281003
281004
281006
281007
281008
28101
281010
281011
281012
281013
281014
281015
281016
281017
281018
281019
28102
281020
281021
281022
281023
281024
281025
281026
281027
281028
281029
28103
281030
281031
281032
281033
281034
281035
281036
281037
281038
281039
281040
281041
281042
281043
281045
281046
281047
281048
281049
28105
281050
281051
281052
281053
281055
281056
281058
281059
281060
281061
281062
281063
281064
281065
281066
281067
281068
281069
28107
281070
281071
281072
281073
281075
281076
281077
281078
281079
28108
281080
281081
281082
281083
281084
281085
281086
281087
281088
281089
28109
281090
281091
281092
281093
281094
281095
281096
281098
281099
28110
281100
281101
281102
281103
281104
281105
281106
281107
281108
281109
28111
281110
281111
281112
281113
281114
281115
281116
281117
281118
281119
28112
281120
281121
281122
281123
281125
281126
281127
281128
281129
28113
281130
281131
281132
281133
281134
281135
281136
281137
281138
281139
28114
281140
281141
281142
281143
281144
281145
281146
281147
281148
281149
28115
281151
281152
281153
281155
281156
281157
281158
281159
281160
281161
281162
281163
281164
281165
281167
281168
281169
28117
281170
281171
281172
281173
281174
281175
281176
281177
281178
281179
28118
281180
281181
281182
281183
281184
281185
281186
281187
281189
28119
281190
281191
281192
281193
281194
281195
281196
281197
281198
281199
28120
281200
281201
281202
281203
281204
281205
281206
281207
281208
281209
28121
281210
281211
281212
281213
281214
281215
281216
281217
281218
281219
281220
281221
281223
281224
281225
281226
281227
281228
281229
28123
281230
281231
281232
281233
281234
281235
281236
281237
281238
281239
28124
281240
281241
281242
281243
281244
281245
281246
281247
281248
281249
28125
281250
281251
281253
281254
281255
281256
281257
281258
281259
28126
281260
281261
281262
281263
281264
281265
281266
281267
281268
28127
281271
281272
281273
281274
281275
281276
281277
281278
281279
28128
281280
281281
281282
281283
281284
281285
281286
281287
281288
281289
28129
281290
281291
281292
281293
281294
281295
281297
281298
281299
2813
28130
281300
281301
281302
281303
281306
281308
281309
28131
281310
281311
281312
281313
281314
281315
281317
281318
281319
28132
281320
281321
281322
281323
281324
281325
281326
281328
281329
28133
281330
281331
281333
281334
281336
281337
281338
281339
28134
281340
281341
281342
281343
281344
281345
281346
281347
281348
281349
28135
281350
281351
281352
281353
281354
281355
281356
281357
281358
281359
28136
281360
281361
281362
281363
281364
281366
281367
281368
281369
28137
281370
281371
281372
281373
281374
281375
281376
281377
281378
281379
28138
281380
281381
281382
281383
281385
281386
281387
281388
281389
281390
281391
281392
281393
281394
281396
281397
281398
2814
281401
281402
281403
281404
281405
281406
281407
281408
281409
28141
281410
281411
281412
281413
281414
281415
281416
