1025829
1025830
1025831
1025832
1025833
1025834
1025835
1025837
1025838
1025840
1025841
1025842
1025843
1025844
1025846
1025847
1025848
1025849
1025850
1025851
1025852
1025853
1025854
1025855
1025856
1025857
1025858
1025859
1025860
1025861
1025862
1025863
1025864
1025865
1025866
1025867
1025869
1025871
1025872
1025873
1025874
1025875
1025876
1025880
1025881
1025882
1025883
1025884
1025886
1025888
1025890
1025891
1025892
1025893
1025894
1025896
1025897
1025898
1025899
10259
102590
1025900
1025901
1025902
1025903
1025904
1025905
1025906
1025907
1025908
1025909
1025910
1025911
1025913
1025914
1025915
1025916
1025917
1025918
1025919
1025920
1025921
1025922
1025923
1025924
1025925
1025926
1025927
1025928
1025930
1025931
1025932
1025933
1025934
1025935
1025936
1025938
1025939
1025940
1025941
1025942
1025943
1025944
1025945
1025946
1025947
1025948
1025949
1025951
1025952
1025953
1025954
1025955
1025956
1025957
1025958
1025959
102596
1025960
1025961
1025962
1025963
1025965
1025966
1025967
1025968
1025969
102597
1025970
1025971
1025972
1025974
1025975
1025976
1025977
1025978
1025979
1025980
1025981
1025982
1025983
1025984
1025985
1025986
1025987
1025989
102599
1025990
1025991
1025992
1025994
1025995
1025996
1025997
1025998
1025999
10260
1026000
1026002
1026003
1026004
1026005
1026006
1026008
1026009
1026010
1026011
1026012
1026013
1026014
1026015
1026016
1026019
102602
1026020
1026021
1026022
1026023
1026024
1026025
1026028
1026029
1026030
1026031
1026032
1026033
1026034
1026035
1026036
1026037
1026038
1026039
102604
1026040
1026041
1026042
1026043
1026044
1026045
1026046
1026047
1026048
1026049
1026050
1026052
1026053
1026054
1026055
1026056
1026057
1026058
1026059
102606
1026060
1026061
1026062
1026063
1026064
1026066
1026067
1026068
1026069
1026070
1026071
1026073
1026074
1026075
1026076
1026077
1026078
1026079
1026080
1026081
1026082
1026083
1026084
1026085
1026086
1026087
1026091
1026092
1026093
1026094
1026095
1026096
1026097
1026099
10261
1026100
1026101
1026102
1026103
1026104
1026105
1026106
1026107
1026108
1026109
102611
1026110
1026111
1026112
1026113
1026114
1026115
1026116
1026118
1026119
1026120
1026121
1026122
1026124
1026125
1026126
1026127
1026128
1026129
102613
1026130
1026131
1026132
1026133
1026134
1026135
1026136
1026137
1026138
1026139
1026140
1026141
1026142
1026143
1026144
1026145
1026146
1026147
1026148
1026149
102615
1026150
1026151
1026152
1026153
1026154
1026155
1026156
1026157
1026158
1026159
1026160
1026161
1026162
1026163
1026164
1026165
1026166
1026167
1026168
1026170
1026171
1026172
1026173
1026174
1026175
1026176
1026177
1026178
1026179
1026180
1026181
1026182
1026183
1026184
1026185
1026186
1026188
1026189
1026190
1026191
1026192
1026194
1026195
1026196
1026198
1026199
1026200
1026201
1026202
1026203
1026204
1026205
1026206
1026207
1026208
1026209
1026210
1026211
1026212
1026213
1026214
1026215
1026216
1026217
1026218
1026219
102622
1026220
1026221
1026222
1026223
1026225
1026227
1026228
1026229
102623
1026230
1026231
1026233
1026234
1026235
1026236
1026237
1026238
102624
1026241
1026242
1026243
1026244
1026245
1026246
1026247
1026248
1026249
1026250
1026251
1026252
1026253
1026254
1026255
1026256
1026257
1026258
1026259
1026260
1026261
1026262
1026263
1026265
1026266
1026267
1026268
1026269
1026271
1026272
1026273
1026274
1026275
1026276
1026277
1026278
1026279
102628
1026280
1026281
1026282
1026283
1026284
1026285
1026286
1026287
1026288
1026289
102629
1026290
1026291
1026292
1026293
1026294
1026295
1026296
1026297
1026298
1026299
10263
102630
1026300
1026301
1026302
1026304
1026305
1026306
1026308
1026309
102631
1026310
1026312
1026313
1026314
1026315
1026316
1026317
1026318
1026319
102632
1026320
1026322
1026323
1026324
1026325
1026328
1026329
1026330
1026333
1026334
1026335
1026336
1026337
1026338
1026339
102634
1026340
1026341
1026342
1026343
1026344
1026345
1026346
1026347
1026348
1026349
1026350
1026351
1026352
1026353
1026354
1026355
1026356
1026357
1026358
1026359
102636
1026360
1026361
1026362
1026363
1026364
1026367
1026368
1026369
102637
1026370
1026371
1026372
1026373
1026374
1026375
1026376
1026377
1026378
1026379
1026380
1026381
1026382
1026383
1026384
1026385
1026386
1026387
1026388
1026389
102639
1026390
1026391
1026392
1026393
1026394
1026395
1026396
1026397
1026398
1026399
10264
102640
1026400
1026401
1026402
1026403
1026404
1026405
1026406
1026407
1026408
1026409
102641
1026410
1026411
1026412
1026413
1026414
1026415
1026416
1026417
1026418
1026419
102642
1026420
1026421
1026422
1026424
1026425
1026426
1026427
1026428
1026429
1026430
1026431
1026432
1026433
1026434
1026435
1026436
1026437
1026438
1026439
102644
1026440
1026441
1026442
1026443
1026444
1026445
1026446
1026447
1026448
1026449
1026450
1026451
1026452
1026453
1026454
1026455
1026456
1026457
1026458
1026459
1026460
1026461
1026462
1026463
1026464
1026465
1026466
1026467
1026468
1026469
102647
1026470
1026471
1026472
1026473
1026474
1026475
1026476
1026477
1026478
102648
1026480
1026481
1026482
1026483
1026484
1026485
1026486
1026487
1026488
1026489
1026490
1026491
1026492
1026493
1026494
1026495
1026496
1026497
1026498
1026499
10265
1026500
1026501
1026502
1026503
1026504
1026505
1026506
1026507
1026508
1026509
102651
1026510
1026511
1026512
1026513
1026514
1026515
1026517
1026518
1026519
1026520
1026521
1026522
1026523
1026524
1026525
1026526
1026527
1026528
1026529
102653
1026530
1026531
1026532
1026533
1026535
1026536
1026537
1026538
1026539
102654
1026540
1026541
1026542
1026543
1026544
1026545
1026546
1026547
1026548
1026549
1026550
1026551
1026552
1026553
1026554
1026555
1026556
1026557
1026558
1026559
102656
1026560
1026561
1026563
1026564
1026566
1026567
1026568
1026569
102657
1026570
1026571
1026572
1026573
1026574
1026575
1026576
1026577
1026578
1026579
102658
1026580
1026581
1026582
1026583
1026584
1026585
1026586
1026587
1026589
1026590
1026591
1026592
1026593
1026594
1026595
1026596
1026597
1026598
1026599
10266
1026600
1026601
1026602
1026603
1026604
1026605
1026606
1026607
1026608
1026609
102661
1026610
1026611
1026612
1026613
1026614
1026615
1026617
1026618
1026619
102662
1026620
1026621
1026622
1026623
1026624
1026625
1026626
1026627
1026628
1026629
1026630
1026631
1026632
1026633
1026634
1026635
1026636
1026637
1026638
1026639
102664
1026641
1026642
1026643
1026644
1026645
1026646
1026647
1026648
1026649
1026650
1026651
1026652
1026653
1026654
1026656
1026658
1026659
102666
1026660
1026661
1026662
1026663
1026664
1026665
1026666
1026667
1026668
1026669
1026670
1026671
1026672
1026673
1026674
1026675
1026676
1026677
1026678
1026679
102668
1026680
1026681
1026682
1026683
1026684
1026685
1026686
1026687
1026688
1026689
102669
1026690
1026691
1026692
1026693
1026694
1026695
1026696
1026698
1026699
10267
1026700
1026702
1026703
1026704
1026705
1026707
1026709
102671
1026710
1026711
1026713
1026714
1026715
1026716
1026718
1026719
1026720
1026721
1026722
1026723
1026724
1026725
1026726
1026727
1026728
1026730
1026731
1026732
1026733
1026734
1026735
1026736
1026737
1026738
1026739
1026740
1026742
1026743
1026744
1026745
1026746
1026747
1026748
1026749
1026750
1026751
1026752
1026753
1026754
1026755
1026756
1026757
1026758
1026759
1026760
1026761
1026762
1026763
1026764
1026765
1026766
1026767
1026768
1026769
1026770
1026771
1026772
1026773
1026774
1026775
1026776
1026777
1026778
1026779
102678
1026780
1026781
1026782
1026783
1026784
1026785
1026786
1026789
1026790
1026791
1026792
1026793
1026794
1026795
1026796
1026798
1026799
10268
102680
1026800
1026801
1026802
1026803
1026804
1026805
1026807
1026808
1026809
1026810
1026811
1026812
1026813
1026814
1026815
1026816
1026817
1026818
1026819
1026821
1026822
1026823
1026824
1026825
1026826
1026827
1026828
1026829
1026830
1026831
1026832
1026833
1026834
1026835
1026836
1026837
1026838
1026839
102684
1026840
1026841
1026842
1026843
1026844
1026845
1026846
1026847
1026849
102685
1026850
1026852
1026853
1026854
1026855
1026856
1026857
1026858
1026859
102686
1026860
1026861
1026862
1026863
1026864
1026865
1026866
1026868
102687
1026870
1026871
1026872
1026874
1026876
1026877
1026878
1026879
1026880
1026881
1026883
1026884
1026886
1026887
1026888
1026890
1026891
1026892
1026893
1026894
1026896
1026897
1026898
1026899
10269
1026900
1026901
1026902
1026903
1026904
1026905
1026906
1026907
1026908
1026909
102691
1026910
1026911
1026912
1026913
1026914
1026915
1026916
1026918
1026919
1026920
1026921
1026922
1026923
1026924
1026926
1026928
1026929
102693
1026930
1026932
1026933
1026935
1026937
1026938
1026939
1026940
1026941
1026942
1026943
1026944
1026945
1026946
1026947
1026949
102695
1026950
1026951
1026952
1026953
1026954
1026955
1026956
1026957
1026958
1026959
1026960
1026961
1026962
1026963
1026964
1026965
1026966
1026967
1026969
102697
1026970
1026971
1026972
1026973
1026974
1026975
1026976
1026977
1026978
1026979
1026980
1026981
1026982
1026983
1026984
1026985
1026986
1026987
1026988
1026989
102699
1026990
1026991
1026992
1026993
1026994
1026995
1026996
1026997
1026998
1026999
10270
102700
1027000
1027001
1027002
1027003
1027004
1027005
1027006
1027007
1027008
1027009
1027010
1027011
1027012
1027013
1027014
1027015
1027016
1027017
1027018
1027019
1027020
1027021
1027022
1027023
1027024
1027026
1027027
1027028
1027029
102703
1027030
1027031
1027032
1027033
1027034
1027035
1027036
1027037
1027038
1027039
102704
1027040
1027041
1027042
1027043
1027044
1027045
1027046
1027047
1027048
1027049
102705
1027050
1027051
1027052
1027053
1027054
1027055
1027056
1027057
1027058
1027059
102706
1027060
1027061
1027062
1027063
1027065
1027066
1027067
1027068
1027069
102707
1027070
1027071
1027072
1027073
1027074
1027075
1027076
1027077
1027078
1027079
102708
1027080
1027081
1027082
1027083
1027084
1027086
1027087
1027088
1027089
102709
1027090
1027091
1027092
1027093
1027094
1027095
1027096
1027097
1027098
1027099
10271
102710
1027100
1027101
1027102
1027103
1027104
1027105
1027106
1027107
1027108
1027109
102711
1027110
1027111
1027113
1027114
1027115
1027116
1027117
1027119
102712
1027120
1027121
1027123
1027124
1027125
1027126
1027127
1027128
1027129
102713
1027130
1027131
1027132
1027133
1027134
1027135
1027136
1027137
1027138
1027139
102714
1027140
1027141
1027142
1027143
1027144
1027145
1027146
1027147
1027149
102715
1027150
1027151
1027152
1027154
1027155
1027156
1027157
1027158
1027159
1027160
1027161
1027162
1027163
1027164
1027166
1027167
1027168
1027169
102717
1027170
1027171
1027172
1027173
1027174
1027175
1027176
1027177
1027178
1027179
1027180
1027181
1027182
1027183
1027184
1027185
1027186
1027187
1027188
1027189
102719
1027190
1027191
1027192
1027193
1027194
1027195
1027196
1027197
1027198
1027199
10272
1027200
1027201
1027202
1027203
1027204
1027205
1027206
1027207
1027208
1027209
102721
1027210
1027211
1027212
1027213
1027215
1027216
1027217
1027218
1027219
102722
1027220
1027221
1027222
1027223
1027224
1027225
1027226
1027227
1027228
1027229
1027230
1027231
1027232
1027233
1027234
1027235
1027236
1027237
1027238
1027239
102724
1027240
1027241
1027242
1027243
1027244
1027245
1027246
1027247
1027248
1027249
1027250
1027251
1027252
1027253
1027254
1027255
1027256
1027257
1027258
1027259
102726
1027260
1027261
1027262
1027263
1027264
1027265
1027266
1027267
1027268
1027269
1027270
1027271
1027272
1027273
1027274
1027275
1027276
1027277
1027278
1027279
102728
1027280
1027281
1027282
1027283
1027284
1027286
1027287
1027288
1027289
1027292
1027294
1027295
1027296
1027297
1027298
1027299
10273
1027300
1027301
1027302
1027303
1027304
1027305
1027306
1027307
1027308
1027309
1027310
1027311
1027312
1027314
1027315
1027316
1027317
1027318
1027319
102732
1027320
1027321
1027322
1027323
1027324
1027325
1027326
1027327
1027328
1027329
1027330
1027331
1027332
1027333
1027334
1027335
1027336
1027337
1027338
1027339
102734
1027340
1027341
1027342
1027343
1027344
1027345
1027346
1027347
1027348
1027349
102735
1027350
1027351
1027352
1027353
1027354
1027355
1027356
1027357
1027358
1027359
102736
1027360
1027361
1027362
1027363
1027364
1027365
1027366
1027367
1027368
1027369
102737
1027370
1027371
1027372
1027373
1027374
1027375
1027376
1027377
1027378
1027379
1027380
1027381
1027382
1027383
1027384
1027385
1027386
1027387
1027388
1027389
102739
1027390
1027391
1027392
1027393
1027394
1027395
1027396
1027398
1027399
10274
102740
1027400
1027401
1027402
1027403
1027404
1027405
1027407
1027408
102741
1027410
1027411
1027412
1027413
1027414
1027415
1027417
1027418
1027419
1027420
1027421
1027422
1027423
1027424
1027425
1027426
1027427
1027428
1027429
102743
1027430
1027431
1027432
1027433
1027435
1027436
1027437
1027438
1027439
102744
1027440
1027441
1027442
1027443
1027444
1027445
1027446
1027447
1027448
1027449
102745
1027450
1027451
1027452
1027453
1027454
1027455
1027456
1027457
1027458
1027459
1027460
1027462
1027463
1027464
1027465
1027466
1027467
1027468
1027469
102747
1027470
1027471
1027472
1027473
1027474
1027475
1027476
1027481
1027482
1027483
1027484
1027485
1027486
1027487
1027488
1027489
102749
1027490
1027491
1027492
1027493
1027494
1027496
1027497
1027498
1027499
10275
102750
1027500
1027501
1027502
1027503
1027504
1027505
1027506
1027508
1027509
102751
1027510
1027511
1027512
1027513
1027514
1027515
1027516
1027517
1027518
1027519
102752
1027520
1027521
1027522
1027523
1027524
1027525
1027526
1027527
1027528
1027529
1027530
1027531
1027532
1027533
1027534
1027535
1027536
1027537
1027538
1027539
102754
1027540
1027541
1027542
1027543
1027544
1027545
1027546
1027547
1027548
1027549
1027550
1027551
1027552
1027553
1027554
1027555
1027556
1027557
1027558
1027559
102756
1027560
1027561
1027562
1027563
1027564
1027565
1027566
1027567
1027569
1027570
1027571
1027572
1027574
1027575
1027576
1027577
1027578
1027579
102758
1027580
1027581
1027582
1027583
1027584
1027585
1027586
1027587
1027588
1027591
1027592
1027593
1027594
1027595
1027596
1027597
1027598
1027599
10276
102760
1027600
1027601
1027602
1027603
1027605
1027607
1027608
1027610
1027611
1027612
1027613
1027614
1027615
1027616
1027617
1027618
1027619
102762
1027620
1027621
1027623
1027624
1027625
1027626
1027627
1027628
1027629
1027630
1027631
1027632
1027633
1027634
1027635
1027636
1027637
1027638
1027639
102764
1027640
1027641
1027642
1027643
1027644
1027645
1027646
1027647
1027648
1027649
102765
1027650
1027651
1027652
1027653
1027654
1027655
1027656
1027657
1027658
1027659
1027661
1027662
1027663
1027664
1027665
1027666
1027667
1027668
1027669
1027670
1027671
1027672
1027673
1027674
1027675
1027676
1027677
1027678
1027679
1027680
1027681
1027682
1027683
1027684
1027685
1027686
1027687
1027688
1027689
1027690
1027691
1027692
1027693
1027697
1027698
1027700
1027701
1027704
1027706
1027707
1027708
1027709
1027710
1027711
1027713
1027716
1027717
1027719
102772
1027720
1027721
1027723
1027724
1027725
1027726
1027727
1027728
1027729
1027730
1027731
1027732
1027733
1027734
1027735
1027736
1027737
102774
1027740
1027742
1027743
1027745
1027749
1027751
1027752
1027754
1027755
1027757
1027758
1027759
1027760
1027761
1027762
1027763
1027765
1027766
1027769
1027771
1027773
1027775
1027779
1027781
1027783
1027785
1027786
1027787
1027789
1027790
1027791
1027792
1027794
1027795
1027796
1027797
1027798
1027799
10278
102780
1027800
1027801
1027803
1027804
1027805
1027806
1027807
1027808
1027809
1027810
1027812
1027813
1027814
1027815
1027816
1027818
1027819
1027821
1027822
1027823
1027824
1027825
1027826
1027827
1027828
1027829
102783
1027830
1027831
1027832
1027833
1027834
1027835
1027836
1027837
1027838
102784
1027840
1027841
1027842
1027843
1027844
1027846
1027847
1027848
1027849
1027850
1027851
1027852
1027853
1027854
1027855
1027856
1027857
1027858
1027859
1027860
1027861
1027862
1027863
1027864
1027865
1027866
1027867
1027868
1027869
1027870
1027871
1027872
1027873
1027874
1027875
1027876
1027877
1027879
1027880
1027882
1027883
1027884
1027885
1027886
1027887
1027889
1027890
1027891
1027892
1027893
1027894
1027895
1027896
1027897
1027898
1027899
10279
1027900
1027901
1027902
1027903
1027904
1027905
1027907
1027908
1027909
102791
1027910
1027911
1027912
1027913
1027914
1027915
1027916
1027917
1027918
1027919
102792
1027920
1027921
1027922
1027923
1027924
1027925
1027926
1027927
1027928
1027929
1027930
1027931
1027933
1027934
1027935
1027936
1027937
1027938
1027939
102794
1027941
1027943
1027944
1027945
1027946
1027947
1027948
1027949
1027950
1027951
1027952
1027953
1027954
1027955
1027956
1027957
1027958
1027959
102796
1027960
1027961
1027962
1027963
1027964
1027965
1027966
1027967
1027968
1027969
1027970
1027971
1027972
1027973
1027974
1027975
1027976
1027977
1027978
1027979
102798
1027980
1027981
1027982
1027983
1027984
1027985
1027986
1027987
1027988
1027989
1027990
1027991
1027992
1027993
1027994
1027995
1027997
1027998
1027999
10280
1028000
1028001
1028002
1028003
1028004
1028005
1028006
1028007
1028008
1028009
102801
1028010
1028011
1028012
1028013
1028014
1028015
1028016
1028017
1028018
102802
1028021
1028022
1028023
1028024
1028025
1028026
1028027
1028029
102803
1028030
1028031
1028032
1028033
1028034
1028035
1028036
1028037
1028038
1028040
1028041
1028042
1028043
1028044
1028045
1028046
1028047
1028048
1028049
102805
1028050
1028051
1028052
1028053
1028054
1028055
1028057
1028058
1028059
1028060
1028061
1028062
1028063
1028065
1028066
1028067
1028068
1028069
102807
1028070
1028071
1028072
1028073
1028074
1028075
1028076
1028077
1028078
1028079
1028080
1028081
1028082
1028083
1028084
1028085
1028086
1028087
1028088
1028089
102809
1028091
1028092
1028093
1028094
1028095
1028096
1028097
1028098
1028099
10281
102810
1028100
1028101
1028102
1028103
1028104
1028105
1028106
1028107
1028108
1028109
102811
1028110
1028111
1028112
1028113
1028114
1028115
1028116
1028118
1028119
102812
1028120
1028121
1028123
1028124
1028125
1028127
1028128
1028130
1028131
1028132
1028133
1028134
1028135
1028136
1028138
1028139
1028140
1028141
1028142
1028143
1028144
1028145
1028146
1028147
1028148
1028149
1028150
1028151
1028152
1028153
1028154
1028155
1028156
1028157
1028158
1028159
1028160
1028161
1028162
1028163
1028164
1028165
1028166
1028167
1028168
1028169
102817
1028170
1028171
1028172
1028173
1028174
1028175
1028176
1028177
1028178
1028179
1028180
1028182
1028183
1028184
1028185
1028186
1028187
1028188
102819
1028190
1028191
1028192
1028193
1028194
1028195
1028196
1028197
1028198
1028199
10282
1028200
1028201
1028202
1028203
1028204
1028205
1028206
1028207
1028208
1028209
102821
1028210
1028211
1028212
1028213
1028214
1028215
1028216
1028217
1028218
1028219
102822
1028220
1028221
1028222
1028223
1028224
1028225
1028226
1028227
1028228
1028229
102823
1028230
1028231
1028232
1028233
1028234
1028237
1028238
1028239
1028241
1028242
1028243
1028244
1028245
1028246
1028247
1028248
1028249
102825
1028250
1028251
1028252
1028253
1028254
1028255
1028256
1028257
1028258
1028259
102826
1028260
1028261
1028262
1028263
1028264
1028265
1028266
1028267
1028268
1028269
1028270
1028271
1028272
1028273
1028274
1028275
1028276
1028277
1028278
1028279
102828
1028280
1028282
1028283
1028284
1028285
1028286
1028287
1028288
1028289
1028290
1028291
1028292
1028293
1028294
1028295
1028296
1028297
1028298
1028299
10283
102830
1028300
1028301
1028302
1028303
1028304
1028305
1028306
1028307
1028308
1028309
102831
1028310
1028311
1028312
1028313
1028314
1028316
1028317
1028318
1028319
102832
1028320
1028321
1028322
1028323
1028324
1028325
1028326
1028327
1028328
1028329
102833
1028330
1028332
1028333
1028334
1028335
1028336
1028337
1028338
1028339
102834
1028340
1028341
1028342
1028343
1028344
1028345
1028346
1028347
1028348
1028349
102835
1028350
1028351
1028352
1028353
1028354
1028355
1028356
1028357
1028358
1028359
102836
1028360
1028361
1028362
1028363
1028364
1028365
1028367
1028368
1028369
102837
1028370
1028371
1028372
1028373
1028374
1028375
1028376
1028377
1028378
1028379
1028380
1028381
1028382
1028383
1028384
1028385
1028387
1028388
1028389
102839
1028390
1028391
1028392
1028394
1028395
1028396
1028397
1028398
1028399
102840
1028400
1028401
1028402
1028403
1028404
1028405
1028406
1028407
1028408
1028409
102841
1028410
1028411
1028412
1028413
1028414
1028415
1028416
1028417
1028418
1028419
1028420
1028421
1028422
1028423
1028424
1028425
1028426
1028428
1028429
1028430
1028431
1028432
1028433
1028434
1028435
1028436
1028437
1028438
1028439
102844
1028440
1028441
1028442
1028443
1028444
1028445
1028446
1028447
1028449
102845
1028450
1028451
1028452
1028453
1028454
1028455
1028456
1028458
1028459
1028460
1028461
1028462
1028463
1028464
1028465
1028466
1028467
1028468
102847
1028470
1028471
1028472
1028473
1028474
1028475
1028476
1028477
1028478
1028479
102848
1028480
1028481
1028482
1028483
1028484
1028485
1028486
1028487
1028488
1028489
1028490
1028491
1028492
1028493
1028494
1028496
1028498
1028499
10285
1028500
1028501
1028502
1028503
1028504
1028505
1028506
1028507
1028508
1028509
102851
1028510
1028511
1028512
1028513
1028514
1028515
1028516
1028517
1028518
1028519
1028520
1028521
1028522
1028523
1028524
1028526
1028529
102853
1028530
1028531
1028533
1028534
1028535
1028536
1028537
1028538
1028539
102854
1028540
1028541
1028542
1028543
1028544
1028545
1028546
1028547
1028548
1028549
102855
1028550
1028551
1028552
1028553
1028554
1028555
1028556
1028557
1028558
1028559
1028560
1028561
1028562
1028563
1028564
1028565
1028566
1028567
1028568
1028569
102857
1028570
1028571
1028572
1028573
1028574
1028575
1028576
1028577
1028578
1028579
102858
1028580
1028582
1028583
1028584
1028585
1028586
1028587
1028588
1028589
1028591
1028595
1028597
1028598
1028599
10286
102860
1028600
1028601
1028602
1028603
1028604
1028605
1028606
1028607
1028608
1028609
1028610
1028611
1028613
1028614
1028616
1028617
1028618
1028619
102862
1028620
1028621
1028622
1028623
1028624
1028625
1028626
1028627
1028628
102863
1028630
1028631
1028633
1028634
1028635
1028636
1028637
1028638
1028639
1028640
1028641
1028642
1028644
1028645
1028647
1028648
1028649
102865
1028650
1028652
1028653
1028654
1028655
1028656
1028657
1028658
1028659
102866
1028660
1028661
1028662
1028663
1028665
1028666
1028667
1028668
1028669
102867
1028670
1028671
1028672
1028673
1028674
1028675
1028676
1028677
1028678
1028679
102868
1028680
1028681
1028682
1028683
1028684
1028685
1028686
1028687
1028688
1028689
102869
1028690
1028691
1028692
1028693
1028694
1028696
1028697
1028699
10287
102870
1028700
1028702
1028703
1028704
1028705
1028706
1028707
1028708
1028709
102871
1028710
1028711
1028712
1028713
1028714
1028715
1028716
1028717
1028718
102872
1028720
1028721
1028722
1028723
1028724
1028725
1028726
1028728
102873
1028730
1028731
1028732
1028733
1028734
1028735
1028736
1028737
1028738
1028739
102874
1028740
1028741
1028742
1028743
1028744
1028746
1028747
1028748
1028749
1028750
1028751
1028752
1028753
1028754
1028755
1028756
1028757
1028758
1028759
102876
1028760
1028762
1028766
1028767
1028769
102877
1028770
1028771
1028772
1028773
1028774
1028775
1028776
1028777
1028778
1028779
102878
1028780
1028781
1028783
1028784
1028785
1028786
1028787
1028788
1028789
1028790
1028791
1028792
1028793
1028794
1028795
1028796
1028797
1028798
1028799
10288
102880
1028800
1028801
1028802
1028803
1028804
1028805
1028806
1028807
1028808
1028809
102881
1028810
1028811
1028812
1028813
1028814
1028815
1028816
1028817
1028818
1028819
1028822
1028823
1028824
1028825
1028826
1028827
1028828
1028829
1028831
1028832
1028833
1028834
1028835
1028836
1028837
1028838
1028839
102884
1028840
1028841
1028842
1028843
1028844
1028845
1028846
1028847
1028848
1028849
102885
1028850
1028851
1028852
1028853
1028854
1028855
1028856
1028857
1028858
1028859
102886
1028860
1028861
1028862
1028863
1028864
1028865
1028866
1028867
1028868
1028869
1028870
1028871
1028872
1028873
1028874
1028875
1028876
1028877
1028878
1028879
102888
1028880
1028881
1028882
1028883
1028884
1028885
1028886
1028887
1028888
1028889
102889
1028890
1028891
1028892
1028893
1028894
1028896
1028899
10289
102890
1028901
1028902
1028903
1028904
1028905
1028906
1028907
1028908
1028909
1028910
1028911
1028912
1028913
1028914
1028915
1028916
1028918
1028919
102892
1028921
1028922
1028923
1028924
1028925
1028926
1028927
102893
1028930
1028931
1028932
1028933
1028934
1028935
1028936
1028937
1028938
1028939
102894
1028940
1028941
1028942
1028944
1028945
1028946
1028947
1028948
1028949
102895
1028952
1028953
1028954
1028955
1028956
1028957
1028958
1028959
102896
1028960
1028962
1028963
1028964
1028965
1028966
1028967
1028968
1028969
1028970
1028971
1028972
1028973
1028974
1028975
1028977
1028978
1028979
102898
1028980
1028981
1028982
1028985
1028987
1028988
1028989
102899
1028990
1028991
1028992
1028993
1028994
1028995
1028996
1028997
1028998
1028999
1029000
1029002
1029003
1029004
1029005
1029006
1029007
1029008
102901
1029010
1029011
1029012
1029013
1029015
1029016
1029017
1029018
1029019
102902
1029020
1029021
1029022
1029023
1029024
1029025
1029026
1029027
1029028
1029029
102903
1029030
1029032
1029033
1029034
1029035
1029036
1029037
1029038
1029039
1029040
1029041
1029042
1029043
1029045
1029046
1029047
1029048
1029049
102905
1029050
1029051
1029052
1029053
1029054
1029055
1029056
1029057
1029058
1029059
102906
1029060
1029061
1029062
1029063
1029064
1029065
1029066
1029067
1029068
1029069
102907
1029070
1029071
1029072
1029073
1029074
1029075
1029076
1029077
1029078
1029079
1029080
1029081
1029083
1029084
1029085
1029086
1029088
1029089
102909
1029090
1029091
1029092
1029093
1029094
1029096
1029097
1029098
1029099
10291
102910
1029100
1029102
1029103
1029104
1029106
1029107
1029108
1029109
102911
1029110
1029111
1029113
1029114
1029115
1029116
1029118
1029119
1029120
1029121
1029123
1029124
1029125
1029127
1029128
1029129
102913
1029130
1029131
1029132
1029134
1029135
1029136
1029137
1029138
1029139
1029140
1029141
1029142
1029143
1029144
1029146
1029147
1029149
102915
1029150
1029151
1029152
1029153
1029154
1029155
1029156
1029157
1029158
1029159
102916
1029160
1029161
1029162
1029163
1029164
1029165
1029166
1029167
1029168
1029169
102917
1029170
1029171
1029172
1029173
1029174
1029175
1029176
1029177
1029178
1029179
1029180
1029181
1029182
1029183
1029184
1029185
1029186
1029187
1029188
1029189
102919
1029190
1029191
1029192
1029193
1029194
1029195
1029197
1029198
1029199
10292
1029200
1029201
1029202
1029203
1029204
1029205
1029207
1029208
1029209
1029210
1029211
1029212
1029213
1029214
1029215
1029216
1029217
1029218
1029219
102922
1029220
1029221
1029222
1029223
1029224
1029226
1029227
1029228
1029229
102923
1029230
1029232
1029233
1029234
1029235
1029236
1029237
1029238
1029240
1029241
1029242
1029243
1029244
1029245
1029246
1029247
1029248
1029249
102925
1029250
1029251
1029252
1029253
1029254
1029255
1029256
1029257
1029258
1029259
1029260
1029261
1029262
1029264
1029265
1029266
1029268
1029269
102927
1029270
1029271
1029272
1029273
1029274
1029275
1029276
1029277
1029278
1029279
102928
1029280
1029281
1029282
1029283
1029284
1029285
1029286
1029287
1029288
102929
1029290
1029291
1029293
1029294
1029295
1029296
1029298
10293
1029300
1029301
1029302
1029303
1029304
1029305
1029306
1029307
1029308
1029309
102931
1029310
1029311
1029312
1029313
1029314
1029315
1029316
1029317
1029318
1029319
102932
1029321
1029322
1029323
1029324
1029325
1029326
1029327
1029328
1029329
102933
1029330
1029332
1029333
1029334
1029335
1029336
1029337
1029338
1029339
1029340
1029341
1029342
1029343
1029345
1029346
1029347
1029348
1029349
102935
1029350
1029351
1029352
1029353
1029354
1029355
1029356
1029357
1029358
1029359
102936
1029360
1029361
1029362
1029363
1029364
1029365
1029366
1029367
1029369
1029370
1029371
1029372
1029373
1029374
1029375
1029376
1029377
1029378
102938
1029380
1029383
1029387
1029389
1029390
1029397
1029398
10294
1029400
1029401
1029402
1029405
1029406
1029408
1029409
102941
1029412
1029413
1029414
1029419
1029420
1029421
1029422
1029423
1029424
1029425
1029426
1029427
1029428
1029429
102943
1029430
1029431
1029432
1029433
1029434
1029435
1029436
1029437
1029438
1029439
102944
1029440
1029441
1029443
1029444
1029445
1029446
1029447
1029448
1029449
1029450
1029451
1029452
1029453
1029454
1029455
1029456
1029457
1029458
1029459
1029460
1029461
1029462
1029463
1029464
1029465
1029466
1029467
1029468
1029469
102947
1029471
1029472
1029473
1029474
1029475
1029476
1029477
1029478
1029479
1029480
1029481
1029482
1029483
1029484
1029485
1029486
1029487
1029488
1029489
102949
1029490
1029492
1029493
1029494
1029495
1029496
1029497
10295
102950
1029500
1029501
1029503
1029504
1029505
1029506
1029507
1029508
1029509
102951
1029510
1029511
1029512
1029513
1029515
1029516
1029517
1029518
1029519
102952
1029520
1029521
1029522
1029523
1029524
1029525
1029526
1029527
1029528
1029529
102953
1029530
1029531
1029532
1029533
1029534
1029535
1029536
1029537
1029538
1029539
1029540
1029541
1029542
1029543
1029544
1029545
1029546
1029547
1029549
102955
1029550
1029551
1029552
1029553
1029554
1029555
1029556
1029557
1029558
1029559
1029560
1029561
1029562
1029563
1029564
1029565
1029566
1029567
1029568
1029569
102957
1029570
1029571
1029572
1029573
1029574
1029575
1029576
1029578
1029579
1029580
1029582
1029583
1029584
1029585
1029586
1029587
1029588
1029589
102959
1029590
1029591
1029592
1029594
1029595
1029596
1029597
1029598
1029599
10296
1029600
1029601
1029602
1029603
1029605
1029606
1029607
1029608
1029609
102961
1029611
1029612
1029613
1029614
1029615
1029616
1029617
1029618
1029619
102962
1029620
1029621
1029622
1029623
1029624
1029625
1029626
1029627
1029628
1029629
102963
1029630
1029631
1029632
1029633
1029634
1029635
1029636
1029637
1029638
1029639
1029640
1029642
1029643
1029644
1029645
1029646
1029648
1029649
102965
1029650
1029651
1029653
1029654
1029655
1029656
1029657
1029658
1029659
102966
1029660
1029661
1029662
1029663
1029664
1029665
1029666
1029667
1029668
1029669
1029670
1029671
1029672
1029673
1029674
1029675
1029676
1029677
1029678
1029679
1029680
1029681
1029682
1029683
1029684
1029685
1029686
1029688
1029689
102969
1029690
1029691
1029692
1029694
1029695
1029696
1029697
1029699
10297
1029700
1029701
1029702
1029703
1029704
1029705
1029706
1029707
1029708
1029709
1029710
1029711
1029712
1029713
1029715
1029716
1029717
1029718
1029719
1029720
1029721
1029722
1029723
1029724
1029725
1029726
1029727
1029728
1029729
102973
1029730
1029731
1029732
1029733
1029734
1029735
1029736
1029737
1029738
1029739
1029740
1029741
1029742
1029743
1029744
1029745
1029746
1029748
1029750
1029751
1029752
1029753
1029755
1029756
1029757
1029758
1029759
1029760
1029765
1029767
1029769
1029770
1029771
1029772
1029773
1029774
1029775
1029776
1029777
1029778
1029779
1029780
1029781
1029782
1029783
1029784
1029785
1029786
1029787
1029788
1029789
1029790
1029791
1029792
1029793
1029794
1029797
1029798
1029799
1029800
1029801
1029802
1029804
1029805
1029806
1029807
1029808
1029809
1029810
1029811
1029812
1029813
1029814
1029815
1029816
1029817
1029818
1029819
1029820
1029821
1029822
1029823
1029824
1029825
1029826
1029827
1029828
1029829
1029833
1029835
1029836
1029837
1029838
1029839
1029840
1029841
1029842
1029843
1029844
1029845
1029847
1029848
1029849
1029850
1029851
1029852
1029853
1029854
1029855
1029856
1029857
1029859
1029860
1029861
1029862
1029863
1029865
1029866
1029867
1029868
1029869
1029870
1029871
1029872
1029873
1029874
1029875
1029877
1029878
1029879
1029880
1029881
1029882
1029883
1029884
1029885
1029887
1029888
1029889
1029890
1029891
1029892
1029893
1029894
1029896
1029897
1029898
1029899
10299
1029900
1029901
1029902
1029904
1029905
1029906
1029907
1029908
1029909
102991
1029910
1029911
1029913
1029914
1029916
1029917
1029918
1029919
1029920
1029921
1029922
1029924
1029925
1029926
1029927
1029928
1029929
1029930
1029931
1029932
1029933
1029934
1029935
1029936
1029937
1029938
1029939
1029940
1029941
1029942
1029943
1029944
1029945
1029946
1029947
1029948
1029949
1029950
1029951
1029952
1029953
1029954
1029955
1029956
1029958
1029959
1029960
1029961
1029962
1029963
1029964
1029965
1029966
1029967
1029968
1029970
1029972
1029973
1029974
1029975
1029976
1029977
1029978
1029979
1029980
1029981
1029982
1029983
1029984
1029985
1029986
1029987
1029988
1029989
102999
1029990
1029991
1029993
1029994
1029995
1029996
1029997
1029998
1029999
103
10300
1030000
1030001
1030004
1030006
1030009
1030010
1030011
1030014
1030015
1030016
1030017
1030018
1030019
103002
1030020
1030022
1030023
1030024
1030025
1030026
1030027
1030028
1030029
1030030
1030031
1030032
1030033
1030034
1030035
1030036
1030037
1030038
1030039
1030040
1030041
1030043
1030044
1030045
1030046
1030047
1030048
1030049
1030050
1030051
1030052
1030053
1030054
1030055
1030056
1030057
1030058
1030059
1030060
1030061
1030062
1030063
1030064
1030065
103007
1030070
1030071
1030073
1030074
1030075
1030076
1030078
1030079
103008
1030080
1030082
1030083
1030084
1030085
1030086
1030087
1030089
1030090
1030091
1030092
1030093
1030094
1030095
1030096
1030097
1030099
10301
1030100
1030101
1030102
1030103
1030104
1030105
1030106
1030107
1030108
1030109
1030110
1030111
1030112
1030113
1030114
1030115
1030116
1030117
1030118
1030119
103012
1030120
1030121
1030122
1030123
1030124
1030125
1030126
1030127
1030128
1030129
1030130
1030131
1030132
1030133
1030134
1030136
1030137
1030138
1030139
103014
1030140
1030141
1030142
1030143
1030144
1030145
1030146
1030147
1030148
1030149
103015
1030150
1030151
1030152
1030153
1030154
1030156
1030157
1030158
1030159
103016
1030160
1030161
1030162
1030163
1030164
1030165
1030166
1030167
1030168
1030169
103017
1030170
1030171
1030172
1030173
1030174
1030175
1030176
1030177
1030178
103018
1030180
1030181
1030182
1030183
1030184
1030185
1030186
1030187
1030188
1030189
103019
1030192
1030193
1030194
1030196
1030197
1030198
1030199
103020
1030200
1030201
1030202
1030203
1030204
1030205
1030206
1030207
1030208
1030209
103021
1030210
1030212
1030213
1030214
1030215
1030216
1030217
1030218
1030219
103022
1030220
1030221
1030223
1030224
1030225
1030226
1030227
1030228
1030230
1030231
1030233
1030235
1030236
1030237
1030238
1030239
1030240
1030241
1030242
1030243
1030244
1030245
1030246
1030247
1030248
1030249
1030250
1030251
1030252
1030253
1030254
1030255
1030256
1030257
1030258
1030259
103026
1030260
1030261
1030262
1030263
1030264
1030265
1030266
1030267
1030268
1030269
103027
1030270
1030271
1030272
1030273
1030274
1030276
1030277
1030278
1030279
103028
1030281
1030282
1030283
1030284
1030285
1030286
1030287
1030288
1030289
103029
1030290
1030291
1030292
1030293
1030294
1030295
1030296
1030297
1030298
1030299
10303
1030300
1030301
1030302
1030303
1030304
1030305
1030306
1030307
1030308
1030309
103031
1030310
1030311
1030313
1030314
1030315
1030316
1030317
1030318
1030319
1030320
1030321
1030322
1030323
1030324
1030325
1030326
1030327
1030328
1030329
1030330
1030331
1030332
1030333
1030334
1030335
1030336
1030337
1030338
1030339
1030341
1030342
1030343
1030344
1030345
1030346
1030347
1030348
1030349
1030350
1030351
1030352
1030353
1030354
1030355
1030356
1030357
1030358
1030359
103036
1030360
1030361
1030362
1030363
1030364
1030365
1030366
1030367
1030368
1030369
1030370
1030371
1030372
1030373
1030374
1030375
1030376
1030377
1030379
1030380
1030381
1030382
1030383
1030384
1030385
1030386
1030387
1030388
1030389
1030390
1030391
1030392
1030393
1030394
1030395
1030396
1030397
1030398
1030399
10304
1030400
1030401
1030402
1030403
1030404
1030405
1030406
1030407
1030409
1030410
1030411
1030412
1030413
1030414
1030415
1030416
1030417
1030419
1030420
1030422
1030423
1030424
1030426
1030428
1030429
103043
1030430
1030431
1030432
1030433
1030434
1030435
1030436
1030437
1030438
1030439
103044
1030440
1030441
1030442
1030443
1030444
1030445
1030446
1030447
1030448
1030449
103045
1030450
1030451
1030452
1030453
1030454
1030455
1030456
1030457
1030458
1030459
103046
1030460
1030461
1030462
1030463
1030464
1030465
1030466
1030467
1030468
1030469
1030471
1030472
1030473
1030474
1030475
1030476
1030477
1030478
103048
1030480
1030481
1030482
1030483
1030485
1030486
1030487
1030488
1030490
1030491
1030492
1030493
1030495
10305
103050
1030500
1030502
1030503
1030504
1030505
1030506
1030507
1030508
1030509
103051
1030510
1030511
1030512
1030513
1030514
1030515
1030516
1030517
1030518
1030519
1030520
1030521
1030522
1030524
1030525
1030526
1030527
1030528
1030529
1030530
1030531
1030532
1030533
1030534
1030535
1030536
1030537
1030538
1030539
103054
1030540
1030541
1030542
1030543
1030544
1030545
1030546
1030547
1030548
1030549
1030550
1030551
1030552
1030553
1030554
1030555
1030556
1030557
1030558
1030559
103056
1030560
1030561
1030562
1030563
1030564
1030565
1030566
1030567
1030568
1030569
103057
1030570
1030571
1030572
1030573
1030574
1030575
1030576
1030577
1030578
1030579
1030580
1030582
1030583
1030585
1030586
1030587
1030588
1030589
1030591
1030592
1030593
1030594
1030595
1030596
1030597
1030598
1030599
10306
1030600
1030601
1030603
1030604
1030605
1030606
1030607
1030608
1030609
1030610
1030611
1030612
1030613
1030614
1030615
1030616
1030618
1030619
1030620
1030621
1030622
1030623
1030625
1030626
1030627
1030628
1030629
1030630
1030631
1030632
1030633
1030634
1030635
1030636
1030637
1030638
1030639
1030640
1030641
1030642
1030643
1030645
1030646
1030647
1030648
1030649
1030650
1030651
1030652
1030653
1030654
1030655
1030656
1030657
1030658
1030659
103066
1030660
1030661
1030662
1030663
1030664
1030665
1030666
1030667
1030668
103067
1030670
1030671
1030672
1030673
1030674
1030675
1030677
1030678
1030679
1030681
1030682
1030683
1030684
1030685
1030686
1030688
1030689
1030691
1030692
1030693
1030694
1030696
1030697
1030698
1030699
10307
103070
1030700
1030702
1030704
1030706
1030707
1030708
1030709
103071
1030710
1030711
1030712
1030715
1030716
1030717
1030718
1030719
1030720
1030721
1030723
1030724
1030725
1030727
1030728
1030729
103073
1030730
1030734
1030735
1030736
1030737
1030739
1030741
1030742
1030743
1030744
1030745
1030747
1030748
1030749
103075
1030751
1030752
1030753
1030754
1030755
1030756
1030758
1030759
1030761
1030762
1030765
1030766
1030767
1030768
1030769
103077
1030770
1030771
1030772
1030773
1030774
1030775
1030776
1030777
1030778
1030779
103078
1030780
1030781
1030782
1030783
1030784
1030785
1030786
1030787
1030788
1030789
103079
1030790
1030791
1030792
1030793
1030794
1030795
1030796
1030797
1030799
103080
1030800
1030801
1030802
1030803
1030804
1030805
1030806
1030807
1030809
1030811
1030812
1030813
1030814
1030815
1030816
1030817
1030818
1030819
103082
1030820
1030821
1030822
1030823
1030824
1030825
1030826
1030827
1030828
1030829
103083
1030830
1030831
1030832
1030833
1030834
1030835
1030836
1030837
1030838
1030839
103084
1030840
1030841
1030842
1030843
1030845
1030846
1030847
1030848
1030849
1030850
1030851
1030852
1030853
1030854
1030855
1030856
1030857
1030859
103086
1030860
1030861
1030862
1030863
1030864
1030865
1030866
1030867
1030868
1030869
103087
1030870
1030871
1030873
1030874
1030875
1030876
1030878
103088
1030880
1030881
1030882
1030883
1030884
1030885
1030886
1030887
1030888
1030889
103089
1030890
1030891
1030892
1030893
1030894
1030895
1030896
1030898
10309
1030900
1030901
1030902
1030903
1030904
1030905
1030906
1030907
1030908
1030909
103091
1030910
1030911
1030912
1030913
1030914
1030916
1030917
1030918
1030919
1030920
1030921
1030922
1030923
1030924
1030925
1030926
1030929
103093
1030930
1030932
1030933
1030934
1030935
1030936
1030937
103094
1030940
1030941
1030942
1030943
1030944
1030945
1030946
1030947
1030948
1030949
103095
1030950
1030951
1030952
1030953
1030954
1030955
1030956
1030957
1030958
1030959
1030960
1030962
1030963
1030964
1030965
1030966
1030967
1030968
1030969
103097
1030970
1030971
1030972
1030973
1030974
1030975
1030976
