350149
350150
350151
350152
350154
350156
350157
350158
350160
350161
350162
350163
350164
350165
350166
350168
350169
350170
350171
350172
350173
350174
350175
350176
350177
350178
350179
350180
350181
350182
350183
350184
350185
350186
350187
350188
350189
350190
350191
350192
350193
350194
350195
350196
350197
350198
350200
350201
350202
350203
350204
350205
350206
350207
350208
350209
350210
350211
350212
350213
350215
350216
350217
350218
350219
350220
350221
350223
350224
350225
350226
350227
350228
350229
350230
350231
350232
350233
350234
350235
350236
350237
350238
350239
350240
350241
350242
350244
350245
350246
350247
350249
350250
350251
350252
350255
350256
350258
350259
350261
350262
350263
350264
350265
350266
350267
350268
350269
350270
350271
350272
350273
350274
350275
350276
350279
350280
350281
350282
350283
350284
350285
350286
350287
350288
350289
350290
350292
350293
350294
350295
350296
350298
350300
350301
350302
350303
350305
350306
350307
350308
350309
350310
350311
350312
350313
350314
350315
350316
350317
350318
350319
350320
350322
350323
350324
350325
350326
350327
350328
350329
350330
350331
350332
350333
350334
350335
350336
350337
350339
350340
350342
350344
350345
350346
350347
350348
350349
350350
350351
350352
350353
350354
350355
350358
350359
350360
350361
350362
350363
350364
350366
350367
350368
350369
350370
350371
350372
350373
350374
350376
350377
350378
350379
350380
350381
350382
350383
350384
350385
350386
350387
350388
350389
350390
350391
350392
350393
350395
350396
350397
350398
350399
350400
350401
350403
350404
350405
350406
350407
350409
350411
350412
350413
350414
350415
350416
350417
350418
350419
350420
350421
350422
350423
350425
350426
350428
350429
350430
350431
350432
350433
350434
350435
350436
350437
350439
350440
350441
350444
350445
350446
350450
350451
350452
350454
350455
350456
350457
350458
350459
350460
350462
350463
350465
350466
350467
350468
350469
350470
350471
350472
350474
350475
350476
350477
350478
350480
350481
350482
350484
350485
350486
350487
350488
350489
350490
350491
350492
350493
350494
350495
350496
350497
350499
350500
350502
350503
350504
350505
350508
350509
350510
350511
350512
350513
350515
350516
350517
350518
350519
350520
350521
350524
350526
350527
350528
350529
350530
350531
350532
350533
350534
350535
350536
350537
350538
350539
350540
350541
350542
350544
350545
350546
350547
350548
350549
350550
350551
350552
350553
350554
350555
350556
350557
350558
350559
350560
350561
350563
350564
350565
350566
350567
350568
350569
350570
350573
350574
350575
350576
350577
350578
350579
350580
350582
350583
350585
350588
350589
350590
350591
350592
350593
350594
350595
350596
350598
350599
350600
350602
350603
350604
350605
350606
350607
350608
350609
350610
350611
350612
350613
350615
350616
350617
350618
350620
350621
350622
350623
350624
350626
350627
350628
350629
350630
350631
350632
350633
350634
350635
350636
350637
350638
350639
350640
350641
350642
350643
350644
350645
350646
350647
350648
350649
350650
350651
350652
350653
350654
350655
350656
350657
350658
350659
350660
350661
350662
350664
350665
350666
350668
350669
350670
350671
350672
350673
350674
350675
350676
350678
350679
350680
350681
350682
350683
350684
350685
350686
350687
350688
350689
350690
350691
350692
350693
350694
350695
350696
350697
350698
350699
350700
350701
350702
350703
350704
350705
350706
350707
350708
350709
350710
350711
350712
350713
350716
350717
350719
350720
350721
350722
350723
350724
350725
350726
350727
350728
350731
350732
350733
350734
350735
350736
350737
350738
350739
350740
350741
350742
350743
350744
350745
350746
350749
350750
350751
350752
350753
350754
350755
350757
350758
350759
350760
350761
350762
350763
350764
350765
350766
350767
350768
350769
350770
350771
350772
350773
350774
350775
350776
350777
350778
350779
350780
350781
350784
350785
350786
350787
350788
350789
350790
350791
350792
350793
350794
350795
350796
350797
350798
350799
350800
350801
350802
350805
350806
350807
350808
350809
350810
350811
350812
350813
350814
350815
350816
350817
350818
350819
350820
350822
350823
350824
350825
350826
350827
350828
350829
350830
350831
350832
350834
350835
350836
350837
350838
350839
350840
350841
350842
350843
350844
350845
350846
350847
350848
350849
350850
350851
350852
350853
350854
350855
350856
350857
350858
350859
350860
350861
350862
350863
350864
350865
350866
350868
350871
350872
350873
350874
350875
350876
350877
350878
350881
350882
350883
350886
350887
350889
350890
350891
350892
350893
350894
350895
350896
350897
350899
350902
350903
350904
350907
350910
350912
350913
350914
350916
350917
350918
350919
350920
350921
350922
350923
350924
350926
350927
350928
350929
350930
350931
350932
350933
350936
350937
350938
350939
350940
350941
350943
350944
350945
350946
350947
350949
350950
350953
350954
350955
350956
350957
350959
350960
350961
350962
350963
350964
350965
350968
350969
350970
350971
350972
350974
350975
350976
350977
350979
350980
350981
350982
350984
350985
350986
350987
350988
350990
350991
350992
350994
350995
350996
350997
350998
351000
351001
351002
351003
351004
351005
351006
351007
351008
351010
351011
351012
351013
351015
351016
351017
351018
351019
351020
351021
351022
351023
351024
351025
351026
351027
351028
351029
351030
351031
351032
351033
351034
351035
351036
351037
351038
351039
351040
351041
351042
351043
351044
351045
351046
351047
351048
351049
351050
351052
351053
351054
351055
351056
351057
351058
351059
351060
351061
351062
351063
351064
351066
351067
351068
351069
351070
351071
351072
351073
351074
351075
351076
351077
351078
351079
351080
351081
351082
351083
351084
351085
351086
351087
351088
351089
351090
351091
351092
351093
351094
351095
351096
351097
351098
351099
351100
351101
351102
351103
351104
351105
351106
351107
351108
351109
351110
351111
351112
351113
351114
351115
351116
351117
351118
351119
351120
351121
351122
351123
351124
351125
351126
351127
351128
351129
351130
351131
351132
351133
351135
351136
351137
351138
351139
351140
351141
351142
351143
351144
351145
351146
351147
351148
351149
351150
351151
351152
351154
351155
351156
351157
351158
351159
351160
351161
351162
351163
351164
351165
351166
351167
351168
351169
351170
351171
351172
351173
351174
351175
351176
351177
351178
351179
351180
351181
351182
351183
351185
351186
351187
351188
351189
351190
351191
351192
351193
351194
351195
351196
351197
351198
351199
351200
351201
351202
351203
351204
351205
351206
351207
351208
351209
351210
351211
351212
351213
351214
351215
351216
351217
351218
351220
351221
351222
351223
351225
351226
351227
351229
351230
351232
351233
351234
351235
351236
351237
351238
351239
351240
351241
351243
351245
351246
351247
351248
351249
351250
351251
351253
351254
351255
351256
351257
351258
351259
351260
351261
351262
351263
351264
351265
351266
351267
351268
351269
351270
351271
351272
351273
351274
351275
351276
351277
351278
351279
351280
351281
351282
351283
351284
351285
351286
351287
351288
351289
351290
351291
351292
351293
351294
351295
351296
351297
351298
351299
351300
351301
351302
351303
351304
351305
351306
351307
351308
351309
351310
351311
351312
351313
351314
351315
351316
351317
351318
351319
351320
351321
351322
351323
351324
351325
351326
351327
351328
351329
351330
351331
351332
351333
351334
351335
351336
351337
351338
351339
351340
351342
351345
351346
351347
351348
351349
351350
351351
351352
351353
351354
351355
351356
351357
351358
351359
351360
351361
351362
351363
351364
351365
351366
351367
351368
351369
351370
351371
351372
351373
351374
351375
351376
351377
351378
351379
351380
351381
351382
351383
351385
351386
351387
351388
351389
351390
351391
351392
351393
351394
351395
351396
351397
351398
351399
351400
351401
351402
351403
351404
351405
351406
351407
351408
351409
351410
351411
351413
351414
351415
351416
351417
351418
351419
351420
351421
351423
351424
351425
351426
351427
351428
351429
351430
351431
351432
351434
351435
351436
351437
351438
351439
351440
351441
351442
351443
351444
351445
351446
351447
351448
351451
351452
351453
351454
351455
351456
351457
351458
351459
351460
351461
351462
351463
351464
351465
351466
351467
351468
351469
351470
351471
351472
351473
351474
351475
351476
351477
351479
351480
351482
351483
351484
351485
351486
351487
351488
351489
351490
351491
351492
351493
351494
351495
351496
351497
351498
351499
351500
351501
351502
351503
351504
351505
351506
351507
351508
351509
351510
351511
351512
351513
351514
351515
351517
351518
351519
351520
351521
351522
351523
351524
351525
351526
351527
351528
351529
351530
351531
351532
351533
351534
351535
351536
351537
351538
351539
351540
351541
351542
351543
351544
351545
351546
351547
351548
351549
351550
351551
351552
351553
351554
351555
351556
351557
351558
351559
351560
351561
351562
351563
351564
351565
351566
351567
351568
351569
351570
351571
351572
351573
351574
351575
351576
351577
351578
351579
351580
351581
351582
351583
351584
351585
351586
351587
351588
351589
351590
351591
351592
351593
351594
351595
351596
351597
351599
351600
351601
351602
351603
351604
351605
351606
351607
351608
351609
351610
351611
351612
351613
351616
351617
351618
351619
351620
351621
351622
351623
351624
351625
351626
351627
351628
351629
351630
351631
351632
351633
351634
351635
351636
351637
351638
351639
351640
351641
351642
351643
351644
351645
351646
351648
351649
351650
351652
351653
351654
351655
351656
351657
351658
351659
351660
351661
351662
351663
351664
351665
351666
351668
351669
351670
351671
351672
351673
351674
351675
351676
351677
351678
351679
351680
351681
351682
351683
351685
351686
351687
351688
351689
351690
351691
351692
351693
351694
351695
351696
351697
351698
351699
351700
351703
351704
351705
351706
351707
351708
351709
351710
351712
351713
351714
351715
351716
351717
351718
351719
351720
351721
351722
351723
351724
351726
351727
351728
351729
351730
351731
351732
351733
351734
351735
351736
351737
351738
351739
351740
351741
351742
351743
351744
351745
351746
351747
351748
351749
351750
351752
351753
351755
351756
351757
351758
351759
351760
351761
351762
351764
351765
351767
351768
351769
351770
351771
351772
351773
351774
351775
351776
351777
351778
351779
351780
351781
351782
351783
351784
351785
351786
351787
351788
351789
351790
351791
351792
351793
351794
351795
351796
351797
351798
351799
351800
351801
351802
351803
351804
351806
351808
351809
351810
351812
351813
351814
351815
351816
351817
351818
351819
351820
351821
351822
351823
351824
351826
351827
351828
351829
351830
351832
351833
351834
351835
351836
351837
351838
351839
351840
351841
351842
351843
351844
351845
351848
351849
351850
351851
351852
351853
351854
351856
351857
351858
351859
351861
351862
351863
351864
351865
351867
351868
351869
351870
351871
351872
351873
351874
351875
351876
351877
351878
351879
351880
351881
351882
351884
351885
351887
351888
351889
351890
351891
351892
351893
351894
351895
351896
351897
351899
351900
351901
351902
351903
351905
351906
351907
351908
351909
351910
351911
351912
351913
351914
351915
351916
351917
351918
351919
351920
351921
351922
351924
351925
351926
351927
351928
351929
351930
351932
351933
351934
351935
351936
351937
351938
351940
351941
351944
351945
351946
351947
351949
351952
351953
351955
351956
351957
351958
351959
351960
351962
351963
351964
351965
351966
351967
351968
351969
351970
351972
351973
351974
351976
351977
351978
351979
351980
351981
351982
351984
351985
351986
351988
351990
351991
351992
351994
351995
351996
351997
351998
351999
352000
352001
352002
352003
352004
352005
352006
352007
352008
352009
352010
352011
352012
352013
352014
352015
352016
352017
352018
352019
352021
352022
352023
352024
352025
352026
352027
352028
352029
352030
352031
352032
352034
352035
352036
352037
352038
352039
352040
352041
352042
352043
352044
352045
352046
352047
352048
352049
352050
352051
352052
352053
352054
352055
352056
352057
352058
352059
352061
352062
352063
352064
352065
352066
352067
352068
352069
352070
352071
352072
352073
352074
352075
352076
352077
352078
352079
352080
352081
352082
352083
352084
352085
352086
352087
352088
352089
352090
352091
352092
352093
352094
352095
352096
352097
352098
352099
352100
352101
352102
352103
352104
352105
352106
352107
352108
352109
352110
352111
352112
352113
352114
352115
352117
352118
352119
352120
352121
352123
352124
352125
352126
352127
352128
352129
352130
352131
352132
352133
352134
352136
352137
352141
352142
352144
352146
352147
352148
352150
352151
352152
352153
352154
352155
352156
352157
352158
352159
352160
352161
352162
352163
352164
352165
352166
352167
352168
352169
352170
352172
352173
352174
352175
352176
352177
352178
352179
352180
352181
352182
352183
352184
352185
352186
352187
352188
352189
352190
352191
352192
352193
352194
352195
352196
352197
352198
352199
352200
352201
352202
352203
352204
352205
352206
352208
352209
352210
352211
352213
352214
352215
352216
352217
352218
352220
352221
352222
352223
352224
352225
352226
352227
352228
352229
352230
352231
352232
352233
352235
352236
352237
352238
352239
352240
352241
352242
352243
352244
352245
352246
352247
352248
352249
352250
352251
352252
352253
352254
352255
352256
352257
352258
352259
352260
352261
352263
352264
352265
352266
352267
352268
352269
352270
352271
352272
352273
352274
352275
352276
352278
352279
352280
352283
352284
352285
352286
352287
352288
352289
352290
352291
352292
352293
352294
352295
352296
352297
352298
352299
352300
352301
352302
352303
352304
352305
352306
352307
352308
352309
352310
352311
352312
352313
352314
352315
352316
352317
352318
352319
352320
352321
352322
352323
352324
352325
352326
352327
352328
352329
352330
352331
352332
352333
352334
352335
352336
352337
352338
352339
352341
352342
352343
352344
352345
352346
352348
352349
352350
352351
352352
352353
352354
352355
352356
352357
352358
352359
352360
352361
352362
352363
352364
352365
352366
352367
352368
352369
352370
352371
352372
352373
352374
352375
352376
352377
352378
352379
352380
352381
352382
352383
352385
352386
352387
352388
352389
352390
352391
352394
352395
352396
352399
352400
352401
352402
352403
352404
352405
352406
352407
352408
352409
352410
352411
352412
352413
352415
352416
352417
352418
352419
352420
352421
352422
352423
352424
352425
352426
352427
352428
352429
352430
352431
352432
352433
352434
352435
352436
352437
352438
352439
352440
352441
352442
352443
352444
352445
352446
352447
352448
352449
352450
352451
352452
352453
352454
352455
352456
352457
352458
352459
352461
352462
352463
352464
352465
352466
352467
352468
352470
352471
352472
352473
352474
352475
352476
352477
352478
352479
352481
352482
352483
352484
352485
352486
352487
352488
352489
352490
352491
352492
352493
352494
352495
352496
352497
352498
352499
352500
352501
352502
352503
352504
352505
352506
352507
352508
352509
352510
352511
352512
352514
352515
352516
352517
352518
352519
352520
352521
352522
352523
352524
352525
352527
352528
352529
352530
352531
352532
352534
352535
352536
352537
352538
352539
352540
352541
352542
352543
352544
352545
352546
352547
352548
352549
352551
352552
352553
352554
352555
352556
352557
352558
352559
352560
352561
352562
352563
352564
352565
352566
352567
352568
352569
352570
352571
352572
352573
352574
352575
352576
352577
352578
352579
352580
352581
352582
352583
352584
352585
352586
352587
352588
352589
352590
352591
352594
352595
352596
352597
352598
352600
352601
352602
352603
352604
352605
352606
352607
352608
352609
352610
352611
352612
352613
352614
352615
352616
352617
352618
352619
352620
352621
352622
352623
352624
352626
352627
352628
352629
352630
352631
352632
352634
352635
352636
352637
352638
352639
352640
352641
352642
352643
352645
352646
352647
352648
352649
352650
352651
352652
352653
352654
352655
352657
352658
352659
352660
352662
352663
352664
352665
352666
352667
352668
352669
352670
352671
352672
352673
352674
352675
352676
352677
352678
352679
352680
352681
352682
352683
352684
352685
352686
352687
352689
352690
352691
352692
352693
352694
352695
352696
352697
352698
352700
352703
352704
352706
352707
352708
352709
352710
352711
352712
352713
352714
352715
352716
352717
352718
352719
352720
352721
352722
352723
352724
352725
352726
352727
352728
352729
352730
352731
352732
352733
352734
352735
352736
352737
352738
352739
352740
352741
352742
352743
352744
352745
352746
352747
352748
352749
352750
352752
352753
352754
352755
352756
352757
352758
352759
352760
352761
352762
352763
352764
352765
352766
352767
352768
352769
352770
352771
352772
352773
352774
352775
352776
352777
352778
352779
352781
352782
352783
352784
352785
352786
352787
352788
352790
352791
352792
352794
352795
352796
352797
352798
352800
352801
352803
352805
352806
352807
352808
352809
352810
352811
352812
352813
352814
352815
352816
352817
352818
352819
352820
352821
352822
352823
352824
352825
352826
352827
352828
352829
352830
352831
352832
352833
352834
352835
352836
352838
352839
352840
352841
352842
352843
352844
352845
352846
352847
352848
352849
352850
352851
352852
352853
352857
352858
352859
352860
352861
352862
352863
352864
352865
352866
352867
352868
352869
352870
352871
352872
352873
352874
352875
352876
352877
352878
352879
352880
352881
352882
352883
352884
352885
352886
352887
352888
352889
352890
352891
352892
352893
352894
352895
352896
352897
352898
352899
352900
352901
352902
352903
352904
352905
352906
352908
352910
352911
352912
352913
352914
352915
352916
352917
352918
352919
352920
352921
352922
352923
352924
352925
352926
352927
352928
352929
352930
352932
352933
352936
352938
352939
352940
352941
352942
352943
352944
352945
352946
352947
352950
352951
352952
352953
352954
352955
352956
352957
352958
352959
352960
352961
352962
352963
352964
352965
352966
352967
352968
352969
352970
352971
352972
352973
352974
352975
352976
352977
352978
352979
352981
352982
352983
352984
352985
352986
352987
352988
352989
352990
352991
352992
352993
352995
352996
352997
352998
352999
353001
353002
353004
353005
353007
353008
353009
353011
353012
353013
353014
353015
353016
353017
353018
353019
353020
353021
353023
353024
353025
353026
353027
353028
353029
353031
353033
353034
353035
353037
353038
353039
353040
353041
353042
353043
353044
353045
353046
353047
353048
353049
353050
353051
353052
353053
353054
353056
353057
353058
353059
353060
353061
353062
353063
353064
353065
353066
353067
353068
353069
353070
353071
353073
353074
353075
353076
353077
353078
353079
353080
353081
353082
353083
353084
353085
353086
353087
353088
353089
353090
353091
353092
353093
353094
353095
353096
353097
353098
353099
353100
353101
353102
353103
353104
353105
353106
353107
353108
353109
353110
353111
353112
353113
353114
353115
353117
353118
353119
353121
353122
353123
353124
353125
353126
353127
353128
353129
353130
353131
353132
353133
353134
353135
353136
353137
353138
353139
353140
353141
353142
353143
353144
353145
353146
353147
353148
353149
353150
353151
353152
353153
353154
353155
353156
353157
353158
353159
353160
353161
353162
353163
353164
353165
353166
353167
353169
353170
353171
353172
353173
353174
353175
353176
353177
353178
353179
353180
353181
353182
353183
353184
353185
353186
353187
353188
353189
353190
353191
353193
353194
353195
353196
353197
353198
353199
353200
353201
353202
353203
353204
353205
353206
353207
353208
353210
353211
353212
353215
353216
353217
353218
353219
353220
353221
353222
353223
353224
353225
353226
353227
353229
353230
353231
353232
353233
353234
353235
353236
353237
353238
353239
353240
353241
353242
353243
353244
353246
353247
353248
353249
353250
353251
353252
353253
353254
353255
353256
353257
353258
353259
353260
353261
353262
353263
353264
353265
353266
353267
353268
353270
353271
353272
353273
353274
353275
353276
353278
353279
353280
353281
353282
353283
353284
353286
353287
353288
353289
353290
353291
353292
353293
353294
353298
353299
353300
353301
353302
353303
353304
353305
353306
353307
353308
353309
353310
353311
353312
353314
353315
353317
353318
353319
353320
353321
353322
353323
353324
353325
353326
353327
353328
353329
353330
353331
353332
353333
353334
353335
353336
353337
353338
353339
353340
353341
353342
353343
353344
353345
353346
353347
353350
353351
353352
353353
353354
353355
353356
353357
353358
353359
353360
353361
353362
353363
353364
353365
353366
353367
353368
353369
353370
353371
353373
353374
353375
353376
353377
353378
353379
353380
353381
353382
353383
353384
353385
353386
353387
353388
353389
353390
353391
353392
353393
353394
353395
353396
353397
353398
353399
353400
353402
353403
353404
353405
353406
353407
353408
353410
353411
353412
353413
353414
353415
353416
353417
353418
353419
353420
353421
353422
353423
353424
353425
353426
353427
353428
353429
353430
353431
353432
353433
353434
353436
353439
353440
353441
353442
353443
353444
353445
353446
353447
353449
353450
353451
353452
353453
353454
353455
353456
353457
353458
353459
353460
353461
353463
353464
353466
353467
353468
353469
353470
353471
353472
353473
353474
353475
353476
353477
353478
353479
353483
353484
353485
353486
353487
353488
353489
353490
353491
353492
353493
353494
353495
353496
353497
353498
353499
353500
353501
353502
353503
353504
353505
353506
353507
353508
353509
353510
353511
353513
353514
353515
353516
353517
353518
353519
353520
353521
353522
353523
353524
353525
353526
353527
353528
353530
353531
353532
353533
353534
353535
353536
353542
353544
353546
353547
353549
353550
353551
353552
353554
353555
353556
353557
353559
353562
353563
353564
353565
353566
353567
353568
353570
353571
353573
353574
353575
353576
353577
353578
353579
353580
353581
353582
353583
353584
353585
353586
353587
353588
353589
353590
353591
353592
353593
353594
353595
353596
353597
353598
353599
353600
353601
353602
353603
353604
353605
353606
353607
353608
353609
353610
353612
353613
353614
353616
353617
353618
353619
353620
353621
353622
353623
353624
353625
353626
353627
353628
353629
353630
353631
353632
353633
353634
353635
353636
353637
353638
353639
353640
353641
353642
353643
353644
353645
353646
353647
353648
353649
353650
353651
353652
353654
353655
353656
353657
353658
353659
353660
353661
353663
353664
353665
353666
353667
353668
353669
353670
353671
353672
353673
353674
353675
353676
353677
353678
353679
353680
353681
353682
353683
353684
353685
353686
353687
353688
353689
353690
353691
353692
353693
353694
353695
353696
353697
353698
353699
353700
353701
353702
353703
353704
353705
353706
353708
353709
353710
353711
353712
353713
353714
353715
353716
353717
353718
353720
353722
353723
353724
353725
353726
353727
353728
353729
353730
353731
353732
353733
353734
353736
353737
353738
353739
353740
353742
353743
353745
353746
353747
353749
353750
353751
353752
353753
353755
353756
353757
353759
353760
353761
353763
353764
353765
353766
353767
353768
353769
353770
353771
353772
353773
353774
353775
353776
353777
353778
353779
353780
353781
353782
353783
353784
353786
353787
353788
353789
353790
353791
353793
353794
353795
353796
353797
353798
353799
353800
353801
353802
353803
353804
353805
353806
353807
353808
353809
353810
353811
353813
353815
353817
353819
353821
353822
353823
353824
353825
353826
353827
353828
353829
353830
353831
353832
353833
353834
353835
353836
353837
353838
353839
353840
353841
353842
353843
353844
353845
353846
353848
353849
353850
353854
353855
353856
353858
353859
353860
353861
353862
353863
353864
353865
353866
353867
353868
353869
353870
353871
353872
353873
353874
353875
353876
353877
353878
353879
353880
353881
353882
353883
353884
353885
353886
353887
353888
353889
353890
353891
353892
353893
353894
353895
353896
353897
353898
353899
353901
353902
353903
353904
353905
353906
353907
353908
353909
353910
353911
353912
353913
353914
353915
353916
353917
353918
353919
353920
353921
353922
353923
353924
353925
353927
353928
353929
353930
353931
353932
353933
353934
353935
353936
353937
353938
353939
353940
353941
353942
353943
353944
353945
353946
353947
353948
353949
353950
353951
353952
353953
353954
353955
353956
353957
353958
353959
353960
353961
353962
353963
353964
353965
353966
353968
353969
353970
353971
353972
353973
353974
353975
353976
353977
353978
353979
353980
353981
353982
353983
353984
353985
353986
353987
353988
353989
353990
353991
353992
353993
353994
353995
353996
353997
353998
353999
354000
354001
354002
354003
354004
354005
354006
354007
354008
354009
354010
354011
354012
354013
354014
354015
354016
354017
354018
354019
354020
354021
354023
354024
354025
354026
354027
354028
354029
354030
354031
354032
354033
354034
354035
354036
354037
354038
354039
354040
354041
354042
354043
354044
354045
354047
354048
354049
354051
354052
354053
354054
354055
354056
354057
354058
354059
354060
354061
354063
354065
354067
354068
354069
354070
354071
354072
354073
354074
354075
354076
354077
354078
354079
354080
354081
354082
354083
354084
354085
354086
354087
354088
354089
354090
354091
354092
354093
354094
354095
354096
354097
354098
354099
354100
354101
354102
354103
354104
354105
354106
354107
354108
354109
354110
354111
354112
354113
354114
354115
354116
354117
354118
354119
354120
354121
354122
354123
354124
354125
354126
354127
354128
354129
354130
354131
354133
354134
354135
354136
354137
354138
354139
354140
354141
354142
354143
354144
354145
354146
354147
354148
354150
354151
354152
354153
354154
354156
354157
354158
354160
354161
354162
354163
354165
354166
354167
354168
354169
354170
354171
354172
354173
354174
354175
354176
354177
354178
354179
354180
354181
354182
354183
354184
354185
354186
354187
354188
354189
354190
354191
354192
354193
354194
354195
354196
354197
354198
354200
354201
354202
354203
354204
354205
354207
354208
354209
354210
354211
354212
354214
354216
354217
354218
354219
354220
354221
354222
354223
354224
354225
354226
354227
354229
354230
354231
354232
354234
354235
354236
354237
354238
354239
354240
354241
354243
354244
354245
354246
354247
354248
354249
354250
354251
354252
354253
354254
354255
354256
354257
354258
354259
354260
354261
354262
354263
354264
354265
354266
354267
354268
354269
354270
354271
354272
354273
354274
354275
354276
354277
354278
354279
354280
354281
354282
354283
354284
354285
354286
354287
354288
354289
354291
354293
354295
354296
354298
354299
354300
354301
354302
354303
354304
354305
354307
354308
354309
354310
354311
354312
354313
354315
354316
354317
354319
354320
354321
354322
354324
354325
354326
354327
354328
354329
354330
354331
354332
354333
354334
354335
354336
354340
354341
354343
354344
354345
354346
354347
354348
354349
354350
354352
354353
354354
354355
354356
354357
354358
354359
354360
354361
354362
354363
354364
354365
354366
354367
354368
354369
354370
354371
354372
354373
354374
354375
354377
354378
354379
354380
354381
354382
354383
354384
354385
354386
354387
354388
354389
354390
354393
354395
354396
354397
354398
354399
354401
354402
354403
354404
354405
354406
354408
354409
354410
354411
354412
354413
354414
354415
354418
354421
354422
354423
354424
354425
354426
354427
354428
354429
354430
354431
354432
354433
354434
354436
354437
354438
354439
354440
354441
354443
354444
354445
354446
354447
354448
354450
354451
354452
354454
354457
354458
354459
354460
354461
354462
354463
354464
354465
354466
354467
354468
354469
354470
354471
354472
354473
354474
354475
354476
354477
354478
354479
354481
354482
354483
354484
354485
354486
354487
354488
354489
354491
354492
354493
354494
354495
354496
354497
354498
354499
354500
354501
354502
354503
354504
354505
354506
354507
354508
354509
354510
354511
354512
354513
354514
354515
354516
354517
354518
354519
354520
354521
354522
354524
354525
354526
354528
354531
354533
354534
354535
354536
354538
354540
354541
354542
354543
354544
354546
354547
354548
354549
354550
354551
354552
354553
354554
354555
354556
354557
354558
354559
354560
354561
354563
354564
354565
354566
354567
354568
354569
354570
354571
354572
354573
354574
354576
354577
354578
354579
354580
354581
354582
354583
354584
354585
354586
354587
354588
354589
354590
354591
354592
354593
354594
354595
354596
354597
354598
354599
354600
354601
354602
354603
354604
354605
354606
354607
354608
354609
354611
354612
354613
354614
354615
354616
354617
354618
354619
354620
354621
354622
354623
354624
354625
354626
354627
354628
354629
354630
354631
354632
354634
354635
354636
354637
354638
354639
354640
354641
354642
354643
354644
354645
354646
354647
354648
354649
354650
354651
354652
354653
354654
354655
354656
354657
354658
354659
354660
354661
354662
354664
354665
354667
354668
354669
354671
354673
354674
354676
354677
354679
354680
354683
354684
354685
354686
354687
354688
354689
354690
354691
354692
354693
354694
354695
354696
354697
354698
354699
354700
354701
354703
354704
354706
354707
354708
354709
354710
354711
354712
354713
354714
354715
354716
354718
354719
354720
354721
354722
354724
354726
354727
354728
354730
354731
354732
354733
354734
354735
354736
354737
354739
354740
354741
354742
354743
354744
354745
354747
354748
354749
354750
354751
354752
354753
354754
354755
354756
354757
354758
354759
354760
354761
354762
354763
354764
354765
354766
354767
354768
354770
354771
354772
354773
354774
354776
354778
354779
354780
354781
354782
354783
354784
354785
354786
354787
354788
354789
354791
354792
354794
354795
354796
354797
354798
354799
354800
354801
354802
354803
354804
354805
354806
354807
354808
354809
354810
354811
354812
354813
354814
354815
354816
354817
354818
354819
354820
354821
354822
354823
354824
354825
354826
354827
354828
354829
354830
354831
354832
354833
354834
354835
354836
354837
354839
354840
354841
354842
354843
354844
354845
354846
354847
354848
354849
354850
354851
354852
354853
354854
354855
354857
354859
354860
354861
354862
354863
354864
354865
354866
354867
354868
354869
354870
354872
354873
354874
354875
354876
354877
354878
354880
354881
354882
354883
354884
354885
354886
354887
354888
354889
354891
354892
354893
354894
354895
354896
354897
354898
354899
354900
354901
354903
354904
354905
354906
354907
354908
354909
354910
354911
354912
354914
354915
354916
354917
354918
354919
354920
354921
354922
354923
354924
354926
354927
354928
354929
354930
354931
354932
354933
354934
354935
354936
354937
354938
354939
354940
354941
354942
354943
354944
354945
354946
354948
354949
354950
354951
354952
354953
354954
354955
354956
354957
354958
354959
354960
354961
354962
354963
354964
354965
354966
354967
354968
354969
354970
354971
354972
354973
354974
354976
354977
354978
354979
354980
354981
354982
354983
354984
354985
354986
354987
354988
354989
354990
354991
354992
354993
354994
354995
354996
354997
354998
354999
355000
355002
355003
355004
355005
355006
355007
355008
355009
355010
355011
355012
355013
355014
355015
355017
355018
355019
355020
355021
355022
355023
355024
355025
355026
355027
355028
355029
355030
355031
355032
355034
355035
355036
355037
355038
355039
355040
355041
355042
355043
355044
355045
355048
355049
355050
355051
355052
355053
355054
355055
355056
355057
355059
355065
355066
355067
355068
355069
355070
355071
355072
355073
355074
355075
355076
355077
355078
355079
355080
355081
355082
355083
355084
355085
355086
355087
355088
355089
355090
355091
355092
355093
355095
355096
355097
355098
355099
355100
355102
355103
355104
355105
355106
355107
355108
355109
355110
355111
355112
355113
355114
355115
355116
355117
355118
355119
355120
355121
355122
355123
355124
355125
355126
355127
355128
355129
355130
355131
355132
355133
355134
355135
355136
355138
355140
355141
355142
355143
355144
355145
355146
355147
355148
355149
355150
355151
355152
355153
355154
355155
355156
355158
355159
355160
355161
355162
355163
355164
355165
355166
355167
355168
355169
355170
355171
355172
355173
355175
355176
355177
355178
355179
355180
355181
355182
355183
355184
355185
355186
355187
355188
355189
355190
355191
355193
355194
355195
355196
355197
355198
355199
355200
355202
355203
355204
355206
355207
355208
355209
355210
355211
355212
355213
355214
355216
355220
355221
355224
355225
355228
355229
355230
355232
355234
355237
355238
355240
355241
355242
355243
355244
355245
355246
355247
355248
355249
355250
355251
355252
355253
355254
355255
355256
355257
355258
355259
355260
355261
355262
355263
355264
355265
355266
355267
355268
355270
355271
355272
355273
355274
355276
355277
355279
355280
355281
355282
355283
355285
355286
355288
355289
355290
355291
355292
355293
355295
355297
355299
355300
355301
355302
355303
355304
355306
355307
355308
355309
355310
355311
355312
355313
355314
355315
355316
355317
355318
355319
355320
355321
355322
355323
355324
355325
355326
355327
355328
355329
355330
355331
355332
355333
355334
355335
355336
355337
355338
355339
355340
355341
355342
355343
355344
355345
355346
355347
355348
355349
355350
355351
355352
355353
355354
355355
355356
355357
355358
355359
355360
355361
355362
355363
355364
355365
355366
355367
355368
355369
355370
355371
355372
355373
355374
355375
355376
355377
355378
355379
355380
355381
355382
355383
355384
355385
355386
355387
355388
355389
355390
355391
355392
355393
355394
355395
355397
355398
355399
355400
355401
355402
355403
355404
355405
355406
355407
355408
355409
355410
355411
355412
355413
355414
355415
355416
355417
355418
355419
355420
355421
355422
355423
355424
355425
355427
355429
355430
355431
355433
355434
355435
355436
355437
355438
355439
355440
355441
355442
355443
355444
355445
355446
355447
355448
355449
355450
355451
355452
355453
355454
355456
355458
355459
355460
355461
355462
355463
355464
355465
355466
355467
355468
355469
355470
355471
355473
355474
355475
355476
355477
355478
355479
355480
355481
355482
355483
355484
355485
355487
355488
355489
355490
355491
355492
355493
355495
355496
355497
355498
355499
355501
355502
355504
355505
355506
355507
355508
355509
355510
355511
355512
355513
355514
355515
355516
355517
355518
355519
355520
355521
355522
355523
355525
355526
355527
355528
355529
355530
355532
355533
355534
355535
355536
355537
355538
355539
355540
355542
355545
355546
355547
355548
355549
355551
355552
355554
355555
355557
355558
355559
355560
355562
355563
355564
355565
355566
355567
355568
355569
355570
355571
355572
355573
355574
355576
355577
355578
355579
355580
355582
355587
355588
355589
355591
355592
355593
355594
355595
355596
355597
355598
355600
355601
355602
355603
355604
355605
355606
355607
355608
355609
355610
355611
355613
355614
355615
355616
355617
355618
355619
355620
355621
355622
355623
355624
355625
355626
355627
355628
355629
355631
355632
355633
355634
355635
355636
355637
355638
355639
355640
355641
355642
355643
355644
355645
355646
355647
355648
355649
355650
355651
355652
355653
355654
355655
355656
