291379
29138
291380
291381
291382
291383
291384
291385
291386
291387
291388
291389
291390
291391
291392
291393
291394
291395
291396
291397
291398
291399
2914
29140
291400
291401
291402
291403
291404
291405
291406
291407
291408
29141
291410
291411
291412
291413
291414
291415
291416
291417
291418
291419
29142
291420
291421
291422
291423
291424
291425
291426
291427
291429
29143
291430
291431
291432
291433
291434
291435
291436
291437
291438
291439
29144
291440
291441
291442
291443
291444
291445
291446
291447
291448
29145
291450
291451
291452
291453
291454
291455
291456
291457
291458
291459
29146
291460
291461
291462
291463
291464
291465
291466
291467
291469
29147
291470
291471
291473
291474
291475
291476
291477
291478
291479
29148
291480
291481
291482
291483
291488
291489
291490
291491
291492
291493
291494
291495
291496
291497
291498
291499
29150
291500
291501
291502
291503
291504
291505
291506
291507
291508
291509
29151
291510
291511
291512
291513
291514
291515
291516
291517
291518
291519
291520
291521
291522
291523
291524
291525
291526
291527
291528
291529
291530
291531
291532
291533
291535
291536
291537
291538
291539
29154
291540
291541
291542
291543
291544
291545
291546
291547
291548
291549
291551
291552
291553
291554
291555
291556
291557
291558
291559
291560
291561
291562
291563
291565
291566
291567
291568
291569
29157
291570
291571
291572
291573
291574
291575
291576
291577
291578
291579
291580
291581
291582
291583
291584
291585
291586
291587
291588
291589
29159
291590
291591
291592
291593
291594
291595
291596
291598
291599
29160
291600
291602
291603
291604
291605
291606
291607
291608
291609
29161
291610
291611
291612
291613
291615
291616
291617
291618
291619
29162
291620
291621
291622
291623
291624
291625
291626
291627
291628
291629
29163
291630
291631
291632
291633
291634
291635
291636
291637
291638
291639
291640
291641
291642
291643
291644
291645
291646
291647
291648
291649
29165
291650
291651
291652
291653
291654
291656
291657
291658
291659
29166
291661
291662
291663
291665
291666
291667
291668
291669
29167
291670
291671
291672
291673
291674
291675
291676
291677
291678
291679
29168
291680
291681
291682
291683
291684
291685
291686
291687
291688
291689
29169
291690
291691
291692
291693
291694
291695
291696
291697
291698
291699
29170
291700
291701
291702
291703
291704
291705
291706
291707
291708
291709
291710
291711
291712
291713
291714
291715
291716
291717
291718
291719
291720
291721
291722
291723
291724
291725
291726
291727
291728
291729
29173
291730
291731
291732
291733
291734
291735
291736
291737
291738
291739
29174
291740
291741
291742
291743
291744
291745
291746
291747
291748
291749
29175
291750
291751
291753
291754
291755
291756
291757
291758
291759
29176
291760
291761
291762
291763
291764
291765
291766
291767
291768
29177
291770
291771
291772
291773
291774
291775
291776
291777
291778
291779
29178
291780
291781
291782
291783
291784
291786
291787
291788
291790
291791
291793
291794
291795
291796
291797
291798
291799
29180
291800
291801
291802
291803
291804
291805
291807
291808
291809
29181
291810
291811
291812
291813
291814
291815
291816
291817
291818
291819
29182
291820
291821
291822
291823
291824
291825
291827
291828
291829
291830
291831
291832
291833
291834
291835
291836
291837
291838
291839
29184
291840
291841
291842
291843
291844
291846
291847
291848
291849
29185
291850
291851
291853
291854
291856
291858
291859
29186
291860
291861
291862
291863
291865
291866
291867
291868
291869
29187
291870
291871
291872
291873
291874
291875
291876
291877
291878
291879
29188
291880
291881
291882
291883
291884
291885
291886
291888
291889
29189
291890
291891
291892
291894
291895
291896
291897
291898
291899
29190
291900
291901
291903
291904
291905
291907
291908
291909
29191
291910
291911
291912
291913
291914
291915
291916
291917
291918
291919
29192
291920
291921
291922
291923
291924
291925
291926
291927
291928
291929
29193
291930
291931
291932
291933
291934
291935
291936
291937
291938
291939
29194
291940
291941
291942
291943
291944
291945
291946
291947
291948
291949
29195
291950
291951
291952
291953
291954
291955
291956
291957
291958
291959
29196
291960
291961
291962
291963
291964
291965
291966
291967
291968
291969
29197
291970
291971
291976
291977
291978
291979
291980
291981
291982
291983
291984
291985
291986
291987
291988
291989
29199
291990
291992
291993
291994
291996
291997
291998
291999
292
292000
292001
292004
292006
292007
292009
292010
292011
292013
292014
292015
292016
292017
292018
292019
292020
292021
292022
292023
292024
292025
292026
292027
292028
292029
29203
292030
292031
292032
292033
292034
292035
292036
292037
292038
292039
29204
292040
292041
292042
292043
292044
292045
292046
292047
292048
292049
292050
292051
292052
292053
292054
292055
292056
292057
292058
292059
292060
292061
292062
292063
292064
292065
292066
292067
292069
292070
292071
292072
292073
292074
292075
292076
292077
292078
292079
292080
292081
292082
292084
292085
292086
292087
292088
292089
292090
292091
292093
292094
292095
292096
292097
292098
292099
29210
292100
292101
292102
292103
292104
292105
292106
292107
292108
29211
292110
292111
292112
292113
292114
292115
292116
292117
292118
292119
29212
292120
292121
292122
292124
292125
292126
292127
292128
292129
292130
292131
292132
292133
292134
292135
292136
292137
292138
292139
29214
292140
292141
292142
292143
292144
292145
292146
292147
292148
292149
29215
292150
292151
292152
292153
292154
292155
292156
292157
292158
292159
29216
292160
292161
292162
292163
292164
292165
292166
292167
292168
292169
29217
292170
292171
292172
292173
292174
292175
292176
292177
292178
292179
29218
292180
292181
292182
292183
292184
292185
292186
292187
292188
292189
292190
292191
292192
292193
292194
292195
292196
292198
292199
2922
29220
292200
292201
292202
292203
292204
292205
292206
292208
292209
29221
292210
292211
292212
292213
292214
292215
292216
292217
292218
29222
292220
292221
292222
292223
292225
292226
292227
292228
292229
29223
292230
292231
292232
292233
292234
292235
292236
292237
292238
292239
29224
292240
292241
292242
292244
292246
292247
292248
292249
29225
292250
292251
292252
292253
292254
292255
292256
292257
292258
292259
29226
292261
292262
292263
292264
292265
292266
292267
292268
292269
29227
292270
292271
292272
292273
292274
292275
292276
292277
292278
292279
29228
292280
292281
292282
292283
292284
292285
292286
292288
292289
29229
292290
292291
292292
292293
292294
292295
292296
292297
292298
292299
2923
29230
292300
292301
292302
292303
292304
292305
292306
292307
292308
292309
29231
292310
292311
292312
292313
292314
292315
292316
292317
292318
292319
29232
292320
292321
292322
292323
292325
292326
292327
292328
292329
29233
292330
292331
292332
292333
292334
292335
292336
292337
292340
292341
292342
292343
292344
292345
292346
292347
292348
292349
29235
292350
292351
292352
292353
292354
292355
292356
292357
292359
29236
292360
292361
292362
292363
292364
292366
292367
292368
292369
29237
292370
292371
292372
292373
292374
292375
292376
292377
292378
292379
29238
292380
292381
292382
292383
292384
292385
292386
292388
292389
29239
292390
292391
292392
292393
292394
292395
292396
292397
292398
292399
2924
292400
292401
292402
292403
292404
292405
292406
292407
292408
292409
29241
292410
292411
292412
292415
292416
292417
292418
29242
292420
292421
292422
292423
292424
292425
292426
292427
292428
292429
29243
292430
292431
292432
292433
292434
292435
292436
292437
292438
292439
29244
292440
292441
292442
292443
292444
292445
292446
292447
292449
292450
292451
292452
292453
292454
292455
292456
292457
292458
292459
29246
292460
292461
292462
292463
292464
292465
292466
292467
292468
292469
292470
292471
292472
292473
292474
292475
292476
292478
292479
29248
292481
292482
292483
292485
292486
292487
292488
292489
29249
292490
292491
292492
292493
292494
292495
292496
292497
292498
292499
2925
292500
292501
292502
292503
292504
292505
292506
292507
292508
292509
29251
292510
292511
292512
292513
292514
292515
292516
292517
292518
292519
292521
292522
292523
292524
292525
292526
292527
292529
292530
292531
292532
292533
292534
292535
292536
292537
292538
292539
29254
292540
292541
292542
292544
292545
292546
292547
292548
292549
292550
292551
292552
292553
292554
292555
292558
292559
292560
292561
292562
292563
292564
292565
292566
292567
292568
292569
29257
292570
292571
292572
292573
292574
292575
292576
292577
292578
292579
29258
292580
292581
292582
292583
292584
292585
292586
292588
292589
29259
292590
292591
292592
292593
292595
292596
292597
292598
2926
29260
292600
292601
292602
292603
292604
292605
292606
292607
292608
29261
292610
292611
292613
292614
292615
292616
292617
292619
29262
292620
292621
292622
292623
292624
292625
292626
292628
292629
29263
292630
292631
292632
292633
292634
292635
292636
292637
292638
292639
29264
292640
292641
292642
292643
292644
292645
292646
292647
292648
292649
292650
292651
292652
292653
292654
292655
292656
292657
292658
292659
29266
292660
292662
292663
292664
292665
292666
292667
292668
292669
29267
292670
292671
292673
292674
292676
292677
292678
292679
29268
292680
292681
292682
292683
292684
292685
292686
292687
292688
292689
29269
292690
292691
292693
292694
292695
292696
292697
292698
292699
2927
29270
292700
292701
292702
292703
292704
292705
292706
292707
292708
292710
292711
292712
292713
292714
292715
292716
292717
292718
292719
29272
292720
292721
292722
292723
292724
292725
292726
292727
292728
292729
292730
292731
292732
292733
292734
292735
292736
292738
292740
292741
292742
292743
292744
292745
292746
292747
292748
292749
29275
292750
292751
292752
292753
292754
292755
292757
292759
292760
292761
292763
292764
292765
292766
292767
292768
292769
292770
292771
292772
292773
292774
292775
292777
292778
292779
29278
292780
292781
292782
292783
292784
292785
292786
292787
292788
292789
29279
292790
292791
292792
292793
292794
292795
292796
292797
292798
292799
2928
29280
292800
292801
292802
292803
292806
292807
292808
292809
29281
292810
292811
292812
292813
292814
292815
292816
292817
292818
292819
29282
292820
292821
292822
292823
292824
292825
292826
292827
292828
292829
29283
292830
292831
292832
292833
292834
292835
292836
292837
292838
292839
29284
292840
292841
292842
292843
292844
292845
292846
292847
292848
292849
292850
292852
292853
292854
292855
292856
292857
292858
292859
29286
292860
292861
292862
292863
292865
292866
292867
292868
292869
292871
292872
292873
292874
292875
292876
292877
292878
292879
29288
292881
292882
292883
292884
292885
292886
292887
292888
292889
29289
292890
292891
292892
292893
292894
292895
292896
292897
292898
292899
2929
29290
292900
292902
292903
292904
292905
292906
292907
292908
292909
29291
292910
292911
292912
292913
292914
292915
292916
292917
292918
292919
29292
292920
292921
292922
292923
292924
292925
292926
292927
292928
292929
29293
292930
292931
292932
292933
292934
292935
292936
292937
292938
29294
292940
292941
292942
292943
292945
292946
292947
292948
292949
29295
292950
292951
292952
292953
292954
292955
292956
292957
292958
292959
29296
292960
292961
292962
292963
292964
292965
292966
292967
292968
292969
29297
292970
292971
292972
292973
292974
292975
292976
292977
292978
292979
29298
292980
292981
292983
292984
292985
292986
292987
292988
292989
29299
292990
292991
292992
292993
292994
292995
292996
292997
292998
292999
293
293000
293001
293002
293004
293005
293006
293007
293008
293009
29301
293010
293011
293012
293013
293014
293015
293016
293018
293019
29302
293020
293021
293022
293023
293024
293025
293026
293027
293028
293029
29303
293030
293031
293032
293033
293034
293035
293036
293037
293038
293039
293040
293041
293042
293043
293044
293045
293047
293048
293049
29305
293050
293051
293052
293053
293054
293055
293056
293057
293058
293059
29306
293060
293061
293062
293063
293064
293065
293066
293067
293068
293069
29307
293070
293071
293072
293073
293074
293075
293076
293077
293078
293079
293080
293081
293082
293083
293084
293085
293088
293089
293090
293091
293092
293093
293094
293095
293096
293097
293098
293099
29310
293100
293101
293102
293103
293105
293106
293107
293108
293109
29311
293110
293112
293113
293114
293115
293116
293117
293118
293119
293120
293121
293122
293123
293125
293126
293127
29313
293130
293132
293133
293134
293135
293136
293137
293138
293139
29314
293140
293141
293142
293143
293144
293145
293146
293147
293148
293149
29315
293150
293151
293152
293153
293154
293155
293156
293157
293158
293159
29316
293160
293161
293162
293163
293164
293165
293166
293167
293168
293169
293170
293171
293172
293173
293174
293175
293176
293177
293178
293179
29318
293180
293181
293182
293183
293184
293185
293186
293187
293188
293189
29319
293190
293191
293192
293193
293194
293195
293197
293198
293199
29320
293201
293202
293203
293204
293205
293206
293207
293208
293209
293210
293211
293212
293213
293214
293215
293216
293217
293220
293221
293222
293223
293224
293225
293226
293227
293228
293229
29323
293230
293231
293232
293233
293234
293235
293236
293237
29324
293240
293241
293242
293243
293244
293245
293246
293247
293248
293249
293250
293251
293252
293253
293254
293255
293256
293257
293258
293259
29326
293260
293261
293262
293263
293264
293265
293266
293267
293268
293269
29327
293270
293271
293272
293273
293274
293275
293276
293277
293278
293279
29328
293280
293281
293282
293283
293285
293286
293287
293288
293289
293290
293291
293292
293293
293294
293295
293297
293298
293299
293300
293301
293302
293303
293304
293305
293306
293307
293308
293309
293310
293311
293312
293313
293314
293316
293317
293318
293319
29332
293320
293321
293322
293324
293325
293326
293327
293328
293329
29333
293330
293331
293332
293333
293334
293335
293336
293337
293338
293339
29334
293340
293341
293343
293344
293345
293346
293347
293348
293349
29335
293350
293351
293352
293353
293354
293355
293356
293357
293359
29336
293360
293361
293362
293363
293364
293365
293366
293368
293369
293370
293371
293372
293373
293374
293375
293377
293378
293379
29338
293380
293381
293382
293383
293384
293385
293386
293387
293388
29339
293390
293391
293392
293393
293394
293395
293396
293397
293398
293399
293400
293401
293402
293403
293404
293405
293406
293407
293408
293409
29341
293410
293411
293412
293413
293414
293415
293416
293417
293418
293419
29342
293420
293421
293422
293424
293425
293426
293427
293428
293429
29343
293430
293431
293432
293433
293434
293435
293436
293437
293438
293439
293440
293442
293443
293444
293445
293446
293447
293448
293449
29345
293450
293451
293452
293453
293454
293455
293456
293457
293458
293459
29346
293460
293461
293462
293463
293464
293465
293466
293467
293468
293469
29347
293470
293471
293472
293473
293474
293475
293476
293477
293478
293479
29348
293480
293481
293482
293483
293484
293485
293486
293487
293488
293489
29349
293491
293492
293493
293494
293495
293496
293497
293498
293499
29350
293500
293501
293503
293504
293505
293506
293507
293508
293509
29351
293510
293511
293512
293513
293514
293515
293516
293517
293518
293519
29352
293520
293521
293522
293524
293525
293526
293527
293528
293529
29353
293530
293531
293532
293533
293534
293535
293536
293537
293538
293539
29354
293540
293541
293542
293543
293544
293545
293546
293547
293549
29355
293550
293551
293552
293553
293554
293555
293556
293557
293558
293559
293560
293561
293562
293563
293564
293565
293566
293567
293568
293569
293570
293571
293572
293573
293574
293575
293576
293577
293578
293579
29358
293580
293581
293582
293583
293584
293586
293587
293588
293589
293590
293591
293592
293593
293594
293595
293596
293597
293598
293599
29360
293600
293601
293602
293604
293605
293606
293608
293609
29361
293610
293611
293612
293613
293614
293615
293616
293617
293618
293619
29362
293620
293621
293622
293623
293624
293625
293626
293627
293628
293629
29363
293630
293631
293632
293633
293634
293635
293636
293637
293638
293639
29364
293640
293641
293642
293643
293644
293645
293646
293647
293648
293649
29365
293650
293651
293652
293653
293654
293656
293657
293658
293659
29366
293660
293661
293662
293663
293665
293666
293667
293668
293669
293670
293671
293672
293673
293674
293675
293677
293678
293679
29368
293680
293681
293682
293683
293684
293685
293686
293687
293689
29369
293690
293691
293692
293693
293694
293695
293696
293697
293698
293699
293700
293701
293702
293703
293704
293705
293706
293707
293708
293709
29371
293710
293711
293712
293713
293714
293715
293716
293717
293718
293719
29372
293720
293721
293722
293723
293724
293725
293726
293727
293728
29373
293730
293731
293732
293733
293734
293735
293736
293737
293738
293739
293740
293741
293742
293743
293744
293745
293746
293747
293748
293749
293750
293751
293752
293753
293754
293755
293756
293757
293758
293759
29376
293760
293761
293762
293763
293764
293765
293766
293767
293768
29377
293770
293771
293772
293773
293774
293775
293776
293779
293780
293781
293782
293783
293784
293785
293786
293787
293789
29379
293790
293791
293793
293794
293795
293796
293797
293798
293799
29380
293800
293801
293802
293803
293804
293805
293806
293807
293808
293809
29381
293810
293811
293812
293813
293814
293815
293816
293819
29382
293820
293821
293822
293823
293824
293825
293826
293827
293828
293829
29383
293830
293831
293832
293833
293834
293836
293837
293838
29384
293840
293841
293842
293843
293844
293846
293847
293848
293849
293850
293851
293852
293853
293854
293855
293856
293858
293859
293860
293861
293862
293863
293864
293866
293867
293868
293869
29387
293870
293871
293872
293873
293874
293876
293877
293878
293879
29388
293880
293881
293882
293883
293884
293885
293886
293887
293888
293889
29389
293890
293891
293892
293893
293894
293895
293896
293897
293898
293899
29390
293900
293901
293902
293903
293904
293905
293906
293907
293908
293909
293910
293911
293912
293913
293914
293915
293916
293917
293918
293919
293920
293921
293922
293923
293924
293925
293926
293927
293928
293929
29393
293930
293931
293932
293933
293934
293935
293936
293937
293938
29394
293940
293941
293942
293943
293944
293945
293946
293947
293948
29395
293950
293951
293952
293954
293955
293956
293957
293958
293959
29396
293960
293961
293962
293963
293964
293965
293966
293967
293968
293969
29397
293970
293971
293972
293973
293974
293975
293976
293977
293979
29398
293980
293981
293982
293983
293984
293986
293987
293988
293989
29399
293990
293991
293992
293993
293994
293995
293996
293997
293998
293999
294
29400
294000
294001
294002
294003
294004
294005
294006
294007
294008
294009
294011
294012
294013
294014
294015
294016
294017
294019
29402
294020
294021
294022
294023
294024
294025
294026
294027
294028
294029
29403
294030
294031
294032
294033
294034
294035
294036
294037
294038
294039
29404
294040
294041
294042
294043
294044
294046
294047
294048
294049
29405
294050
294051
294052
294053
294054
294055
294056
294059
29406
294060
294062
294063
294065
294066
294067
294068
294069
29407
294070
294071
294072
294073
294074
294075
294076
294077
294078
294080
294081
294082
294083
294085
294086
294087
294088
294089
29409
294090
294091
294092
294093
294094
294095
294096
294097
294098
294099
29410
294100
294101
294102
294103
294104
294105
294106
294107
294108
294109
294110
294111
294112
294113
294114
294115
294116
294117
294118
294119
29412
294120
294121
294122
294123
294124
294126
294127
294128
294129
29413
294130
294131
294132
294133
294134
294135
294136
294137
294138
294139
29414
294140
294141
294142
294144
294145
294146
294147
294148
294149
29415
294150
294151
294152
294153
294154
294156
294157
294158
29416
294160
294161
294162
294163
294164
294165
294167
294168
294169
29417
294170
294171
294172
294173
294174
294175
294176
294178
29418
294180
294181
294182
294183
294184
294185
294186
294188
294189
29419
294191
294193
294194
294195
294196
294197
294198
294199
29420
294200
294201
294202
294203
294204
294205
294206
294207
294208
294209
294210
294211
294213
294214
294215
294216
294217
294218
294219
29422
294220
294221
294222
294223
294224
294225
294226
294227
294229
29423
294230
294231
294232
294234
294237
294238
294239
29424
294241
294242
294243
294244
294245
294246
294247
294248
294249
29425
294251
294252
294253
294254
294255
294256
294257
294258
29426
294260
294261
294262
294263
294264
294265
294266
294268
294269
29427
294270
294271
294272
294273
294274
294275
294276
294277
294278
294279
29428
294280
294281
294282
294284
294286
294287
294288
294289
29429
294290
294291
294292
294293
294294
294295
294296
294297
294298
294299
29430
294300
294301
294302
294303
294304
294305
294306
294307
294308
294309
29431
294310
294311
294312
294313
294314
294315
294316
294317
294318
29432
294320
294321
294322
294323
294324
294325
294327
294328
294329
29433
294330
294331
294332
294333
294334
294335
294336
294337
294338
294339
29434
294340
294341
294342
294343
294344
294345
294346
294347
294348
294349
29435
294350
294351
294352
294353
294354
294355
294356
294357
294358
294359
29436
294361
294362
294363
294364
294365
294366
294367
294368
294369
29437
294370
294371
294372
294373
294374
294375
294376
294377
294379
294380
294381
294382
294384
294385
294386
294387
294388
294389
294392
294393
294394
294395
294397
294398
294399
29440
294400
294402
294403
294404
294405
294406
294407
294408
294409
29441
294410
294411
294413
294414
294415
294416
294417
294418
294419
29442
294420
294421
294422
294423
294424
294425
294426
294428
294429
29443
294430
294431
294432
294433
294434
294435
294436
294437
294438
294439
29444
294440
294441
294442
294443
294444
294445
294446
294447
294452
294454
294455
294456
294457
294458
294459
294460
294461
294462
294463
294464
294465
294466
294467
294469
294470
294472
294473
294474
294475
294476
294477
294478
294479
29448
294480
294481
294482
294483
294484
294485
294486
294487
294488
294489
29449
294490
294492
294493
294495
294496
294497
294498
294499
29450
294501
294502
294503
294504
294507
294508
294509
29451
294510
294512
294513
294514
294515
294517
294518
29452
294520
294521
294523
294524
294525
294526
294527
294528
29453
294530
294532
294533
294535
294536
294538
294539
29454
294541
294542
294543
294544
294545
294546
294547
294548
294549
29455
294550
294551
294552
294553
294554
294557
294558
294559
29456
294560
294562
294563
294564
294565
294566
294567
294568
294569
29457
294570
294571
294572
294573
294574
294575
294576
294577
294578
29458
294580
294581
294583
294584
294585
294586
294587
294589
29459
294590
294591
294592
294593
294594
294596
294597
294598
294599
29460
294600
294601
294602
294603
294604
294605
294606
294607
294608
294609
29461
294610
294611
294612
294613
294614
294615
294616
294617
294618
294619
294620
294621
294622
294623
294624
294625
294626
294627
294628
294629
29463
294630
294631
294632
294633
294634
294635
294636
294637
294638
294639
29464
294640
294641
294642
294643
294644
294645
294646
294648
294649
29465
294650
294651
294652
294653
294654
294655
294656
294657
294659
29466
294660
294661
294662
294663
294664
294665
294666
294667
294668
294669
29467
294670
294671
294672
294673
294674
294675
294676
294677
294678
294679
29468
294680
294681
294682
294683
294684
294686
294687
294688
294689
29469
294690
294691
294692
294693
294694
294696
294697
294698
294699
29470
294700
294701
294702
294703
294704
294705
294706
294707
294708
294709
29471
294710
294711
294712
294713
294714
294715
294716
294717
294718
294719
29472
294720
294721
294722
294723
294725
294727
294728
294729
29473
294731
294732
294733
294734
294735
294736
294737
294738
294739
29474
294740
294741
294742
294743
294744
294745
294746
294747
294748
294749
29475
294750
294751
294752
294754
294755
294756
294758
294759
29476
294760
294761
294762
294763
294764
294765
294766
294767
294768
294769
29477
294770
294771
294772
294773
294776
294777
294778
294779
29478
294781
294782
294783
294784
294785
294786
294787
294788
294789
294791
294792
294793
294794
294795
294796
294797
294798
294799
294800
294801
294802
294803
294804
294805
294806
294807
294808
294809
29481
294811
294812
294813
294814
294815
294816
294817
294818
294819
29482
294820
294821
294822
294823
294824
294825
294826
294827
294828
294829
29483
294830
294832
294833
294834
294835
294836
294837
294838
294839
29484
294840
294842
294844
294845
294846
294848
294849
29485
294850
294851
294852
294853
294854
294855
294856
294857
294858
294859
29486
294860
294861
294862
294863
294864
294865
294866
294867
294868
294869
29487
294870
294871
294872
294873
294874
294875
294876
294877
294878
294879
29488
294880
294881
294882
294883
294884
294885
294887
294888
294889
29489
294890
294891
294892
294893
294894
294895
294896
294897
294898
294899
29490
294900
294901
294902
294903
294904
294905
294907
294908
294909
29491
294910
294911
294912
294913
294915
294916
294918
294919
29492
294920
294921
294922
294923
294924
294926
294927
294928
29493
294930
294931
294932
294933
294934
294935
294937
294938
294939
29494
294940
294941
294942
294943
294944
294945
294946
294947
294948
294949
29495
294950
294951
294952
294953
294954
294955
294957
294959
29496
294960
294961
294962
294963
294964
294965
294966
294968
294969
29497
294970
294971
294972
294973
294974
294975
294976
294977
294978
294979
29498
294980
294982
294983
294984
294985
294986
294987
294988
294989
29499
294991
294992
294993
294994
294995
294996
294997
294998
294999
29500
295000
295001
295002
295003
295004
295005
295006
295007
295008
295009
29501
295010
295011
295012
295013
295014
295015
295017
295018
29502
295020
295021
295022
295023
295024
295025
295027
295028
295029
295030
295031
295032
295033
295034
295035
295036
295037
295038
295039
29504
295040
295041
295042
295043
295044
295045
295046
295047
295048
295049
29505
295050
295051
295052
295053
295054
295055
295056
295057
295058
295059
29506
295060
295062
295063
295064
295065
295066
295067
295068
295069
29507
295070
295071
295072
295073
295074
295075
295076
295077
295078
295079
29508
295080
295081
295082
295083
295084
295085
295086
295087
295088
295089
29509
295091
295092
295093
295094
295095
295096
295097
295098
295099
29510
295100
295101
295102
295103
295104
295105
295106
295108
295109
29511
295110
295111
295115
295116
295118
295119
29512
295120
295121
295122
295123
295124
295125
295126
295127
295128
295129
29513
295131
295132
295134
295135
295136
295137
295138
295139
29514
295141
295142
295143
295144
295145
295146
295147
295148
295149
29515
295150
295151
295152
295153
295154
295155
295156
295157
295158
295159
29516
295160
295161
295162
295163
295164
295165
295166
295167
295168
295169
29517
295170
295171
295172
295173
295174
295175
295176
295177
295178
295179
295180
295181
295182
295183
295185
295186
295187
295188
295189
295192
295193
295194
295195
295196
295197
295198
295199
29520
295200
295201
295202
295203
295204
295205
295206
295207
295208
295209
29521
295210
295212
295213
295214
295215
295216
295217
295218
295219
29522
295220
295221
295222
295223
295224
295225
295226
295227
295228
295229
29523
295230
295231
295232
295233
295234
295235
295237
295238
29524
295242
295243
295244
295245
295246
295247
295248
295249
295250
295251
295252
295253
295254
295255
295256
295257
295258
295259
295260
295261
295262
295263
295264
295265
295266
295267
295268
295269
29527
295270
295271
295272
295273
295274
295275
295276
295277
295278
295279
29528
295280
295281
295284
295285
295286
295287
295288
295290
295291
295292
295293
295294
295295
295296
295297
295298
295299
29530
295300
295301
295302
295303
295304
295305
295306
295307
295308
295312
295313
295314
295315
295316
295317
295318
29532
295320
295321
295322
295323
295324
295325
295326
295327
295328
29533
295330
295331
295332
295333
295334
295335
295336
295337
295338
295339
29534
295340
295341
295342
295343
295344
295345
295346
295347
295348
29535
295350
295351
295352
295353
295354
295355
295356
295357
295358
295359
29536
295360
295361
295362
295363
295364
295365
295366
295367
295368
295369
29537
295370
295371
295372
295373
295374
295375
295377
295379
29538
295380
295381
295382
295383
295384
295385
295386
295388
295389
29539
295390
295391
295392
295393
295394
295395
295396
295397
295398
295399
29540
295400
295401
295402
295403
295404
295405
295406
295407
295408
295409
29541
295410
295411
295412
295413
295415
295416
295417
295418
295419
29542
295420
295421
295422
295423
295424
295425
295426
295427
295428
295429
29543
295430
295431
295432
295433
295434
295435
295436
295437
295438
295439
295440
295441
295442
295443
295444
295445
295446
295447
295448
295449
29545
295450
295451
295452
295453
295454
295455
295456
295457
295458
295459
29546
295460
295462
295463
295464
295465
295466
295467
295468
295469
29547
295471
295472
295473
295474
295476
295477
295478
295479
29548
295480
295481
295482
295483
295484
295485
295486
295487
295488
295489
29549
295490
295491
295492
295493
295494
295496
295497
295498
295499
29550
295500
295501
295502
295503
295504
295505
295506
295507
295508
295509
29551
295510
295511
295512
295513
295514
295515
295516
295517
295518
295519
29552
295520
295521
295522
295523
295524
295525
295526
295527
295528
295529
295530
295531
295532
295533
295534
295535
295536
295537
295538
295539
295540
295541
295542
295544
295545
295547
295548
295549
29555
295550
295551
295552
295553
295554
295555
295556
295557
295558
295559
29556
295560
295561
295562
295563
295564
295566
295567
295568
295569
29557
295570
295571
295572
295573
295574
295575
295576
295577
295578
295579
29558
295580
295581
295582
295583
295584
295585
295586
295587
295588
295589
29559
295590
295591
295592
295593
295594
295595
295596
295598
295599
2956
29560
295600
295601
295602
295603
295604
295605
295606
295607
295608
295609
29561
295610
295611
295613
295615
295616
295617
295618
295619
29562
295620
295621
295622
295623
295624
295625
295626
295627
295628
295629
295630
295631
295632
295633
295634
295635
295636
295637
295638
29564
295640
295641
295642
295643
295644
295645
295646
295647
295648
295649
29565
295650
295651
295652
295653
295654
295656
295657
295658
295659
29566
295660
295661
295662
295663
295664
295665
295666
295667
295668
295669
295670
295671
295672
295673
295674
295675
295676
295677
295678
295679
29568
295680
295681
295682
295683
295684
295685
295686
295687
295688
295689
29569
295690
295691
295692
295693
295694
295695
295696
295697
295698
295699
2957
29570
295700
295701
295702
295703
295704
295705
295706
295707
295708
295709
295710
295711
295712
295713
295714
295715
295716
295717
295719
29572
295720
295721
295722
295723
295724
295725
295726
295727
295728
295729
29573
295730
295731
295733
295734
295735
295736
295737
295739
29574
295740
295741
295742
295745
295746
295747
295748
295749
295750
295751
295752
295753
295754
295755
295756
295757
295758
295759
295760
295761
295762
295763
295764
295765
295766
295767
295768
295769
29577
295770
295771
295772
295774
295775
295776
295778
295779
29578
295780
295781
295782
295783
295784
295785
295786
295787
295788
295789
29579
295790
295791
295792
295793
295794
295795
295796
295797
295798
295799
2958
29580
295800
295801
295802
295803
295804
295805
295806
295807
295808
295809
29581
295810
295811
295812
295813
295814
295816
295817
295818
295819
29582
295820
295821
295823
295824
295825
295826
295829
295830
295831
295832
295833
295834
295835
295836
295837
295838
295839
29584
295840
295841
295842
295843
295844
295845
295846
295847
295848
295849
295850
295851
295852
295853
295854
295855
295856
295857
295858
295859
29586
295860
295861
295862
295863
295864
295865
295866
295867
295868
295869
29587
295870
295871
295872
295873
295874
295875
295876
295877
295878
295879
29588
295880
295881
295882
295883
295884
295885
295886
295887
295888
295889
29589
295890
295891
295892
295894
295895
295896
295897
295898
295899
2959
295900
295901
295902
295903
295905
295906
295907
295908
295909
295910
295912
295913
295914
295915
295916
295917
295918
295919
29592
295920
295921
295922
295923
295924
295925
295926
295927
295928
295929
295930
295931
295932
295933
295934
295936
295937
295938
295939
29594
295940
295941
295942
295943
295944
295945
295946
295947
295949
29595
295950
295951
295952
295953
295954
295955
295956
295957
295958
29596
295960
295961
295962
295963
295964
295965
295966
295967
295968
295969
29597
295970
295971
295972
295973
295974
295975
295976
295977
295978
295979
29598
295980
295981
295982
295983
295984
295985
295986
295987
295988
295989
29599
295990
295992
295994
295995
295996
295997
295998
295999
296
2960
29600
296000
296001
296002
296003
296004
296005
296006
296007
296008
29601
296010
296011
296012
296013
296014
296015
296016
296018
296019
29602
296020
296021
296022
296023
296024
296025
296027
296028
296029
29603
296031
296033
296034
296035
296036
296037
296038
296040
296042
296043
296044
296047
296048
296049
29605
296050
296051
296052
296053
296055
296058
296059
29606
296060
296061
296062
296063
296064
296065
296066
296067
296068
296069
29607
296070
296071
296072
296073
296074
296075
296076
296077
296078
296079
296080
296081
296082
296083
296084
296085
296086
296087
296089
29609
296090
296091
296092
296095
296096
296097
296098
296099
2961
29610
296100
296101
296102
296103
296104
296105
296106
296107
296109
29611
296110
296111
296112
296113
296115
296116
296117
296118
296119
29612
296120
296121
296122
296123
296125
296126
296127
296128
296129
29613
296130
296131
296133
296134
296135
296136
296137
296138
29614
296140
296141
296142
296143
296144
296145
296147
296148
296149
296150
296151
296153
296154
296155
296156
296157
296158
29616
296160
296161
296162
296163
296164
296165
296166
296167
296169
29617
296170
296171
296172
296173
296174
296175
296176
296178
296179
29618
296180
296181
296182
296183
296184
296185
296186
296187
296188
296189
296190
296191
296192
296193
296194
296195
296196
296197
296198
296199
2962
29620
296200
296201
296202
296203
296204
296205
296206
296207
296208
296209
29621
296210
296211
296212
296213
296214
296215
296216
296217
296218
296219
29622
296220
296221
296222
296223
296224
296225
296226
296227
296228
29623
296230
296231
296232
296233
296234
296235
296236
296237
296238
296239
29624
296240
296241
296242
296243
296244
296246
296247
296248
29625
296250
296251
296252
296253
296254
296255
296256
296257
296258
296259
296260
296261
296262
296263
296264
296265
296266
296267
296268
296269
29627
296270
296271
296272
296273
296274
296275
296276
296277
296278
29628
296280
296281
296283
296284
296285
296286
296287
296288
29629
296290
296291
296292
296293
296294
296295
296296
296297
296299
2963
29630
296300
296301
296302
296303
296304
296305
296306
296307
296308
296309
29631
296311
296312
296313
296314
296315
296316
296317
296318
296319
29632
296320
296321
296322
296323
296324
296325
