383627
383628
383629
383630
383631
383634
383635
383636
383637
383638
383639
383640
383641
383643
383644
383645
383646
383647
383648
383649
383651
383652
383653
383654
383655
383656
383657
383658
383659
383660
383661
383662
383663
383664
383665
383666
383667
383668
383669
383670
383671
383672
383673
383674
383675
383676
383677
383678
383679
383680
383681
383682
383683
383684
383685
383686
383687
383688
383689
383690
383691
383692
383693
383694
383695
383696
383697
383698
383700
383701
383702
383703
383704
383705
383706
383707
383708
383709
383710
383711
383712
383713
383714
383715
383716
383717
383718
383719
383721
383722
383723
383724
383725
383726
383727
383729
383730
383731
383732
383733
383734
383735
383736
383737
383739
383740
383741
383742
383743
383744
383746
383747
383748
383749
383750
383752
383753
383754
383755
383756
383757
383758
383759
383760
383761
383762
383763
383764
383765
383768
383774
383775
383776
383777
383778
383779
383780
383781
383782
383784
383785
383786
383787
383788
383790
383791
383792
383793
383794
383795
383796
383797
383798
383799
383800
383801
383802
383803
383804
383805
383806
383807
383809
383810
383811
383812
383813
383816
383818
383819
383820
383821
383822
383823
383824
383825
383826
383827
383828
383829
383830
383831
383832
383833
383834
383835
383836
383837
383838
383839
383841
383842
383843
383844
383845
383846
383847
383851
383852
383853
383854
383855
383856
383857
383858
383859
383860
383861
383864
383865
383866
383867
383868
383869
383870
383871
383872
383873
383874
383875
383876
383877
383878
383879
383880
383881
383882
383883
383884
383886
383887
383888
383890
383891
383892
383893
383894
383896
383897
383898
383899
383900
383901
383902
383903
383904
383905
383906
383907
383908
383910
383911
383912
383913
383914
383915
383916
383917
383918
383919
383920
383921
383922
383923
383924
383925
383926
383927
383929
383931
383932
383934
383935
383936
383937
383938
383940
383941
383943
383944
383945
383946
383947
383948
383949
383950
383951
383952
383953
383954
383955
383956
383957
383958
383959
383960
383961
383962
383963
383964
383965
383966
383967
383968
383969
383970
383971
383972
383973
383974
383976
383977
383978
383979
383980
383981
383983
383984
383985
383986
383988
383989
383990
383991
383992
383993
383997
383998
383999
384000
384001
384002
384003
384004
384005
384006
384007
384008
384009
384010
384011
384012
384013
384014
384015
384017
384018
384019
384020
384021
384022
384023
384024
384025
384026
384027
384028
384029
384030
384031
384033
384034
384035
384036
384038
384041
384043
384046
384048
384049
384050
384051
384052
384053
384054
384055
384056
384057
384058
384059
384060
384061
384062
384063
384064
384065
384067
384068
384069
384070
384071
384072
384073
384075
384076
384080
384081
384082
384083
384084
384085
384086
384087
384088
384089
384090
384091
384093
384094
384095
384098
384099
384100
384101
384103
384104
384105
384106
384107
384108
384109
384110
384111
384112
384113
384114
384115
384116
384119
384120
384121
384122
384123
384125
384126
384127
384128
384129
384131
384132
384133
384134
384136
384137
384138
384139
384140
384141
384143
384144
384145
384146
384147
384148
384149
384150
384151
384152
384153
384154
384156
384157
384158
384159
384160
384161
384162
384163
384164
384165
384166
384167
384168
384169
384170
384171
384172
384174
384175
384176
384178
384179
384180
384181
384182
384184
384185
384186
384187
384188
384189
384190
384191
384192
384194
384195
384196
384197
384198
384200
384201
384202
384203
384204
384205
384206
384207
384208
384209
384210
384211
384212
384213
384214
384216
384217
384218
384219
384220
384221
384222
384224
384225
384227
384228
384229
384230
384231
384232
384233
384234
384235
384236
384237
384238
384239
384240
384241
384242
384243
384244
384247
384248
384250
384251
384252
384253
384254
384255
384256
384257
384259
384262
384263
384264
384265
384266
384267
384268
384269
384270
384271
384272
384274
384275
384277
384278
384279
384280
384281
384282
384283
384284
384285
384287
384288
384289
384290
384291
384292
384293
384294
384295
384296
384297
384298
384299
384300
384302
384303
384304
384305
384306
384307
384308
384310
384311
384312
384313
384314
384315
384316
384317
384318
384319
384320
384321
384322
384323
384324
384325
384326
384327
384328
384329
384330
384331
384332
384334
384335
384336
384337
384338
384339
384340
384342
384343
384344
384345
384346
384347
384348
384349
384350
384351
384352
384353
384354
384355
384356
384357
384358
384359
384361
384362
384363
384364
384365
384366
384367
384368
384369
384370
384371
384372
384373
384374
384376
384377
384378
384379
384380
384381
384382
384383
384384
384385
384386
384387
384388
384389
384390
384391
384392
384393
384394
384395
384398
384400
384401
384403
384404
384407
384408
384409
384410
384412
384413
384414
384415
384417
384418
384419
384420
384421
384422
384423
384424
384425
384426
384427
384429
384430
384431
384432
384434
384435
384436
384438
384439
384440
384441
384442
384443
384444
384445
384446
384447
384448
384449
384450
384451
384452
384453
384454
384455
384457
384458
384459
384460
384461
384462
384463
384464
384465
384466
384467
384468
384469
384470
384471
384472
384473
384474
384475
384476
384477
384478
384479
384480
384481
384482
384483
384484
384485
384487
384488
384489
384490
384491
384492
384493
384495
384496
384497
384498
384499
384500
384501
384502
384503
384504
384506
384507
384508
384509
384510
384511
384512
384513
384514
384515
384516
384517
384518
384519
384520
384521
384522
384523
384524
384525
384527
384528
384529
384530
384531
384532
384533
384534
384535
384536
384537
384538
384540
384541
384543
384544
384545
384546
384547
384549
384550
384551
384552
384553
384554
384555
384556
384557
384558
384559
384560
384561
384562
384563
384564
384565
384566
384567
384568
384569
384570
384571
384573
384574
384575
384576
384577
384578
384579
384580
384581
384582
384583
384584
384585
384586
384587
384588
384589
384590
384591
384592
384593
384594
384595
384596
384597
384598
384599
384600
384601
384602
384603
384604
384605
384606
384607
384608
384609
384610
384611
384613
384614
384615
384616
384617
384618
384619
384620
384621
384622
384623
384624
384625
384626
384627
384628
384629
384630
384631
384632
384633
384634
384635
384636
384637
384638
384639
384640
384641
384643
384644
384645
384646
384647
384648
384649
384650
384651
384652
384653
384654
384655
384656
384657
384658
384659
384660
384662
384663
384664
384665
384667
384669
384670
384671
384673
384674
384675
384676
384677
384678
384679
384680
384681
384682
384683
384684
384685
384686
384687
384688
384689
384691
384692
384693
384694
384695
384697
384698
384699
384700
384701
384702
384703
384704
384705
384706
384707
384708
384709
384710
384712
384713
384714
384715
384716
384717
384718
384719
384720
384721
384722
384723
384724
384725
384726
384727
384728
384729
384730
384731
384732
384733
384734
384735
384736
384737
384738
384739
384740
384741
384742
384743
384745
384746
384747
384748
384749
384750
384751
384752
384753
384754
384755
384756
384757
384758
384759
384760
384761
384762
384764
384765
384766
384767
384768
384769
384770
384773
384778
384779
384781
384783
384784
384785
384787
384788
384789
384790
384791
384792
384793
384794
384795
384796
384797
384798
384799
384800
384801
384802
384803
384805
384810
384811
384812
384813
384814
384815
384816
384817
384818
384819
384821
384822
384823
384824
384825
384826
384827
384828
384829
384830
384831
384832
384833
384834
384835
384836
384837
384839
384840
384841
384842
384843
384844
384845
384846
384849
384850
384851
384852
384853
384854
384855
384856
384857
384860
384861
384863
384864
384865
384866
384867
384868
384869
384870
384872
384873
384874
384875
384877
384878
384879
384880
384881
384882
384883
384884
384885
384886
384887
384888
384889
384890
384891
384892
384893
384894
384895
384897
384898
384899
384901
384902
384904
384907
384909
384910
384911
384912
384913
384914
384915
384916
384917
384918
384919
384920
384921
384922
384923
384924
384925
384926
384927
384928
384929
384930
384931
384932
384933
384934
384936
384937
384940
384941
384942
384943
384944
384945
384946
384947
384948
384949
384951
384952
384953
384954
384955
384956
384957
384958
384959
384960
384961
384962
384963
384964
384965
384967
384969
384970
384971
384972
384973
384974
384975
384976
384977
384978
384979
384980
384981
384982
384983
384984
384985
384986
384987
384988
384989
384991
384992
384993
384994
384995
384996
384997
384998
384999
385000
385002
385004
385005
385006
385007
385008
385010
385011
385012
385013
385015
385016
385017
385018
385019
385020
385021
385022
385023
385026
385027
385029
385030
385031
385032
385033
385034
385035
385036
385037
385038
385039
385040
385041
385042
385043
385044
385045
385046
385047
385048
385049
385050
385051
385052
385054
385056
385057
385058
385060
385061
385062
385063
385065
385066
385067
385068
385069
385070
385071
385072
385074
385075
385077
385079
385080
385082
385083
385084
385085
385086
385087
385088
385089
385091
385092
385093
385094
385095
385096
385097
385098
385099
385100
385101
385102
385103
385104
385105
385106
385109
385110
385111
385112
385113
385114
385115
385116
385117
385118
385119
385120
385123
385124
385125
385126
385127
385128
385129
385130
385131
385132
385133
385134
385135
385136
385137
385138
385139
385140
385141
385142
385144
385146
385147
385148
385149
385150
385151
385152
385153
385154
385156
385157
385158
385159
385160
385161
385162
385163
385164
385165
385166
385167
385168
385169
385170
385171
385172
385174
385175
385176
385177
385178
385179
385180
385181
385182
385183
385184
385185
385186
385187
385188
385189
385190
385191
385192
385193
385194
385195
385196
385197
385198
385200
385201
385202
385203
385204
385205
385206
385207
385208
385209
385210
385211
385212
385213
385215
385216
385217
385218
385221
385222
385224
385225
385226
385227
385228
385229
385230
385231
385232
385233
385234
385235
385236
385237
385238
385239
385240
385241
385242
385243
385244
385245
385246
385247
385248
385249
385251
385252
385253
385254
385255
385256
385257
385258
385259
385260
385261
385262
385263
385264
385265
385266
385267
385268
385269
385270
385271
385272
385274
385275
385276
385277
385278
385279
385280
385281
385282
385286
385287
385288
385289
385290
385291
385292
385294
385295
385296
385298
385299
385300
385301
385302
385304
385305
385306
385307
385308
385309
385310
385312
385313
385314
385315
385316
385317
385318
385319
385320
385321
385322
385324
385325
385327
385328
385329
385330
385331
385332
385333
385334
385335
385336
385337
385338
385339
385340
385341
385342
385343
385344
385346
385347
385348
385349
385350
385351
385352
385353
385354
385355
385356
385357
385358
385359
385360
385361
385362
385363
385364
385365
385367
385368
385369
385370
385371
385372
385373
385374
385375
385376
385377
385378
385379
385380
385381
385382
385383
385384
385386
385387
385388
385389
385390
385391
385392
385393
385394
385395
385396
385397
385398
385400
385401
385402
385403
385405
385406
385407
385408
385409
385411
385412
385413
385414
385415
385416
385417
385418
385420
385421
385424
385426
385427
385428
385429
385431
385432
385433
385436
385437
385438
385439
385440
385441
385442
385443
385444
385445
385446
385447
385448
385449
385450
385451
385452
385453
385454
385457
385458
385459
385460
385461
385464
385466
385467
385468
385469
385471
385472
385473
385474
385476
385478
385479
385480
385481
385482
385483
385484
385485
385486
385487
385488
385489
385490
385491
385492
385493
385494
385495
385496
385498
385499
385500
385501
385502
385503
385504
385505
385506
385507
385508
385509
385510
385511
385512
385513
385514
385515
385516
385517
385518
385519
385520
385521
385522
385523
385524
385526
385527
385528
385529
385530
385531
385532
385533
385534
385535
385536
385537
385538
385539
385541
385542
385543
385544
385545
385546
385547
385548
385549
385550
385551
385552
385553
385554
385555
385556
385557
385558
385559
385560
385561
385562
385564
385565
385566
385567
385568
385569
385570
385571
385572
385573
385574
385575
385576
385577
385578
385579
385580
385581
385582
385583
385584
385585
385586
385587
385588
385589
385590
385591
385592
385593
385594
385595
385596
385597
385598
385599
385600
385601
385602
385603
385605
385606
385608
385609
385610
385611
385613
385614
385615
385617
385618
385619
385620
385621
385622
385623
385624
385625
385626
385627
385629
385630
385631
385632
385634
385635
385636
385637
385638
385640
385641
385642
385643
385644
385646
385647
385649
385650
385651
385652
385653
385654
385655
385656
385657
385658
385659
385660
385661
385662
385663
385664
385666
385667
385668
385669
385670
385671
385672
385673
385674
385675
385676
385677
385678
385679
385680
385681
385682
385683
385684
385685
385686
385687
385688
385689
385690
385691
385692
385693
385694
385695
385696
385697
385698
385699
385700
385701
385702
385703
385704
385705
385706
385707
385708
385710
385711
385713
385714
385715
385716
385718
385719
385720
385722
385726
385727
385728
385729
385730
385731
385732
385733
385734
385735
385736
385737
385738
385739
385740
385741
385742
385743
385744
385746
385747
385748
385749
385750
385751
385752
385753
385754
385755
385756
385757
385760
385761
385762
385763
385764
385765
385766
385767
385768
385770
385771
385772
385773
385774
385775
385777
385778
385779
385780
385781
385782
385783
385784
385785
385786
385787
385788
385789
385790
385791
385792
385793
385794
385795
385796
385797
385798
385799
385800
385801
385802
385803
385804
385805
385806
385807
385808
385810
385811
385813
385814
385815
385816
385817
385818
385819
385820
385821
385822
385823
385824
385825
385826
385827
385828
385829
385830
385832
385833
385834
385835
385836
385837
385838
385839
385840
385841
385842
385843
385844
385845
385846
385847
385848
385849
385850
385851
385852
385853
385854
385855
385856
385857
385858
385859
385860
385861
385862
385866
385868
385869
385870
385871
385872
385873
385874
385875
385876
385877
385879
385880
385881
385882
385883
385884
385885
385886
385887
385888
385889
385890
385891
385892
385893
385894
385895
385896
385897
385898
385899
385901
385902
385903
385904
385905
385906
385907
385908
385910
385911
385912
385913
385914
385915
385916
385917
385918
385919
385920
385921
385922
385923
385924
385925
385926
385927
385928
385929
385930
385931
385933
385934
385935
385936
385938
385939
385940
385941
385942
385943
385944
385945
385946
385947
385948
385949
385950
385951
385953
385955
385956
385957
385958
385959
385960
385961
385962
385963
385964
385967
385969
385970
385971
385973
385974
385975
385976
385977
385978
385979
385980
385981
385982
385983
385984
385985
385986
385987
385988
385989
385990
385991
385992
385993
385994
385995
385996
385997
385998
385999
386000
386001
386002
386003
386004
386005
386007
386008
386009
386010
386012
386013
386014
386015
386016
386017
386018
386019
386020
386021
386022
386023
386024
386025
386026
386027
386028
386029
386030
386031
386032
386033
386034
386036
386037
386038
386039
386041
386042
386043
386044
386045
386046
386047
386049
386050
386051
386052
386053
386054
386055
386056
386057
386058
386059
386060
386061
386062
386064
386065
386066
386067
386068
386069
386070
386071
386072
386073
386074
386075
386076
386080
386081
386082
386083
386084
386085
386086
386087
386088
386089
386090
386091
386092
386093
386094
386095
386096
386097
386098
386099
386100
386101
386102
386103
386104
386105
386106
386107
386108
386109
386110
386111
386112
386113
386114
386115
386116
386117
386118
386119
386120
386122
386123
386125
386126
386127
386128
386129
386130
386131
386132
386133
386134
386135
386137
386138
386139
386140
386141
386142
386143
386144
386145
386148
386149
386150
386151
386152
386153
386154
386156
386157
386158
386159
386160
386162
386163
386164
386165
386166
386167
386169
386170
386171
386172
386173
386174
386175
386176
386177
386178
386179
386181
386182
386184
386185
386186
386187
386188
386189
386190
386191
386192
386193
386194
386195
386196
386198
386200
386201
386203
386204
386205
386206
386207
386208
386209
386210
386211
386212
386213
386214
386216
386217
386218
386219
386220
386221
386222
386223
386224
386225
386226
386227
386228
386229
386230
386231
386232
386234
386235
386236
386237
386238
386240
386241
386242
386243
386244
386245
386246
386247
386248
386249
386250
386251
386252
386253
386254
386255
386256
386257
386258
386259
386260
386261
386262
386263
386266
386267
386268
386269
386270
386271
386272
386273
386274
386275
386276
386277
386278
386279
386280
386281
386282
386283
386284
386285
386286
386287
386288
386289
386290
386291
386293
386294
386295
386296
386297
386298
386299
386301
386302
386303
386304
386306
386309
386311
386312
386313
386314
386315
386316
386317
386318
386319
386320
386321
386322
386323
386324
386325
386326
386328
386329
386330
386331
386332
386333
386334
386335
386336
386337
386338
386339
386340
386341
386342
386343
386344
386345
386346
386347
386348
386349
386350
386351
386352
386353
386355
386356
386357
386358
386359
386360
386361
386362
386363
386364
386365
386366
386367
386368
386369
386370
386371
386372
386373
386374
386375
386376
386377
386378
386379
386381
386384
386385
386386
386387
386388
386389
386390
386391
386392
386393
386394
386395
386396
386397
386398
386399
386400
386401
386402
386403
386404
386405
386406
386407
386408
386409
386410
386411
386412
386413
386415
386416
386417
386418
386419
386420
386421
386422
386423
386424
386426
386427
386428
386429
386430
386431
386432
386433
386434
386435
386436
386437
386438
386439
386441
386442
386443
386444
386445
386446
386447
386448
386449
386450
386451
386453
386454
386455
386456
386457
386458
386459
386460
386461
386462
386463
386464
386465
386466
386467
386468
386469
386470
386471
386472
386473
386474
386475
386476
386477
386478
386479
386480
386481
386482
386483
386484
386485
386486
386487
386488
386489
386490
386492
386493
386494
386496
386497
386498
386499
386500
386501
386502
386503
386504
386505
386506
386507
386509
386510
386511
386512
386513
386514
386515
386516
386519
386520
386521
386522
386523
386524
386525
386526
386527
386528
386529
386532
386533
386536
386537
386538
386539
386540
386541
386542
386544
386545
386546
386548
386552
386553
386554
386555
386556
386557
386559
386562
386564
386565
386566
386567
386568
386569
386570
386571
386572
386573
386574
386575
386576
386577
386579
386580
386581
386582
386583
386584
386586
386587
386588
386589
386590
386591
386592
386593
386594
386595
386596
386597
386598
386599
386600
386601
386602
386603
386604
386605
386606
386607
386608
386609
386610
386611
386612
386613
386614
386615
386616
386617
386618
386620
386621
386622
386623
386624
386625
386626
386627
386628
386629
386630
386631
386632
386633
386635
386636
386637
386638
386639
386640
386641
386642
386643
386644
386645
386646
386647
386648
386649
386650
386651
386652
386654
386655
386656
386657
386658
386659
386660
386661
386662
386663
386664
386665
386666
386667
386668
386669
386670
386671
386672
386673
386674
386675
386676
386677
386678
386679
386680
386681
386683
386684
386685
386686
386687
386688
386690
386691
386693
386694
386695
386696
386697
386698
386699
386700
386701
386702
386703
386704
386705
386706
386707
386708
386709
386710
386711
386712
386715
386716
386717
386718
386719
386720
386721
386722
386724
386725
386726
386727
386728
386730
386731
386732
386733
386734
386735
386736
386737
386739
386740
386741
386742
386743
386744
386745
386747
386748
386749
386751
386752
386753
386754
386755
386756
386757
386758
386759
386760
386761
386763
386764
386766
386767
386768
386769
386770
386771
386772
386773
386774
386775
386776
386777
386778
386779
386780
386781
386782
386783
386784
386785
386786
386787
386788
386789
386790
386791
386792
386793
386794
386795
386796
386797
386798
386799
386800
386801
386802
386803
386804
386805
386806
386807
386809
386810
386811
386812
386813
386814
386816
386817
386819
386820
386821
386822
386823
386824
386825
386826
386827
386828
386829
386830
386831
386832
386833
386834
386835
386836
386837
386838
386839
386840
386841
386842
386843
386844
386845
386847
386848
386849
386850
386851
386853
386854
386855
386856
386857
386858
386859
386860
386861
386862
386863
386864
386865
386867
386868
386869
386871
386873
386874
386875
386876
386878
386879
386880
386881
386882
386883
386884
386885
386887
386888
386889
386890
386891
386892
386893
386894
386895
386896
386897
386898
386899
386900
386903
386904
386905
386906
386908
386909
386910
386911
386912
386914
386915
386916
386917
386918
386919
386920
386921
386922
386923
386924
386925
386926
386927
386928
386929
386930
386931
386932
386933
386934
386935
386936
386937
386938
386939
386940
386941
386942
386943
386944
386945
386946
386947
386948
386949
386950
386951
386952
386953
386955
386956
386957
386958
386959
386960
386961
386962
386963
386964
386965
386966
386967
386968
386970
386971
386972
386973
386974
386975
386976
386978
386980
386982
386983
386984
386985
386986
386987
386988
386989
386990
386991
386992
386993
386995
386996
386998
386999
387001
387002
387003
387004
387005
387006
387007
387008
387009
387010
387011
387012
387013
387014
387015
387016
387017
387018
387019
387020
387021
387022
387023
387024
387025
387026
387027
387028
387029
387030
387031
387032
387033
387034
387035
387036
387038
387039
387040
387041
387042
387043
387044
387045
387046
387047
387048
387049
387050
387051
387052
387053
387054
387056
387057
387059
387060
387061
387062
387063
387064
387065
387066
387067
387068
387069
387070
387071
387072
387073
387074
387075
387076
387077
387078
387079
387080
387081
387082
387083
387084
387085
387087
387088
387089
387091
387092
387093
387094
387095
387096
387098
387099
387100
387101
387102
387103
387104
387105
387106
387107
387108
387109
387110
387111
387112
387113
387114
387115
387116
387117
387118
387119
387120
387121
387122
387123
387124
387125
387126
387127
387128
387129
387130
387131
387132
387133
387134
387135
387136
387137
387138
387139
387141
387142
387143
387144
387145
387146
387147
387148
387150
387151
387152
387153
387154
387155
387156
387157
387158
387159
387160
387161
387162
387163
387164
387165
387166
387167
387168
387169
387170
387171
387172
387173
387174
387175
387176
387177
387178
387179
387180
387181
387182
387183
387184
387185
387186
387187
387188
387189
387191
387192
387193
387194
387195
387196
387197
387198
387199
387200
387201
387202
387203
387204
387205
387206
387207
387208
387210
387211
387212
387214
387217
387219
387220
387221
387222
387223
387225
387226
387227
387228
387229
387230
387231
387232
387233
387235
387236
387237
387238
387239
387240
387241
387242
387243
387244
387245
387246
387247
387248
387249
387250
387251
387252
387253
387254
387255
387256
387257
387258
387259
387260
387261
387262
387263
387264
387265
387266
387267
387268
387269
387270
387271
387272
387274
387275
387276
387278
387279
387280
387282
387283
387284
387285
387286
387287
387288
387289
387290
387291
387292
387293
387294
387295
387296
387297
387298
387299
387300
387301
387302
387303
387304
387305
387306
387307
387308
387309
387310
387311
387312
387313
387314
387315
387316
387317
387318
387319
387320
387321
387322
387323
387324
387325
387326
387327
387328
387329
387330
387331
387332
387333
387334
387335
387336
387337
387338
387339
387340
387341
387342
387343
387344
387345
387346
387347
387348
387349
387350
387351
387352
387353
387354
387355
387356
387357
387358
387359
387360
387361
387362
387365
387366
387367
387368
387369
387370
387371
387372
387373
387374
387375
387376
387377
387378
387379
387380
387381
387382
387383
387384
387385
387386
387387
387388
387389
387390
387391
387392
387393
387395
387396
387397
387398
387399
387400
387401
387402
387403
387404
387405
387406
387407
387408
387409
387411
387412
387413
387415
387417
387419
387420
387421
387422
387423
387424
387425
387426
387427
387428
387429
387430
387431
387432
387433
387434
387436
387437
387438
387439
387440
387441
387442
387443
387444
387445
387447
387448
387449
387450
387451
387452
387453
387454
387455
387456
387457
387458
387459
387461
387462
387464
387465
387466
387467
387468
387469
387470
387471
387472
387473
387474
387475
387476
387477
387478
387480
387481
387482
387483
387484
387485
387486
387487
387488
387490
387491
387493
387494
387495
387496
387497
387498
387499
387500
387501
387502
387503
387504
387505
387506
387507
387508
387509
387510
387511
387512
387514
387515
387516
387517
387518
387519
387521
387522
387523
387524
387525
387526
387527
387528
387529
387530
387531
387532
387533
387534
387535
387536
387537
387538
387539
387540
387542
387543
387544
387545
387547
387548
387549
387550
387551
387552
387553
387554
387555
387556
387557
387558
387559
387560
387561
387562
387563
387564
387565
387566
387567
387568
387570
387571
387572
387573
387574
387575
387576
387577
387578
387579
387580
387581
387582
387583
387584
387585
387586
387587
387588
387589
387590
387591
387592
387593
387594
387595
387596
387597
387598
387599
387600
387601
387602
387603
387604
387605
387606
387608
387609
387610
387611
387612
387613
387614
387615
387616
387617
387619
387620
387621
387622
387625
387626
387627
387628
387629
387630
387631
387633
387634
387635
387636
387637
387639
387640
387641
387642
387644
387645
387646
387647
387648
387649
387650
387651
387652
387653
387654
387655
387656
387657
387658
387659
387660
387661
387662
387663
387664
387665
387667
387668
387669
387670
387671
387672
387673
387674
387675
387676
387677
387678
387679
387680
387681
387682
387683
387684
387685
387686
387687
387688
387689
387690
387693
387694
387695
387696
387697
387698
387699
387700
387701
387702
387703
387704
387705
387706
387708
387710
387712
387713
387714
387715
387716
387717
387718
387719
387720
387721
387722
387723
387724
387725
387727
387728
387729
387730
387731
387732
387733
387734
387735
387736
387737
387739
387740
387742
387743
387744
387745
387746
387747
387748
387749
387750
387751
387752
387753
387755
387756
387757
387758
387759
387761
387762
387763
387764
387765
387766
387768
387769
387770
387771
387772
387773
387775
387776
387777
387778
387779
387780
387781
387782
387783
387784
387785
387787
387788
387789
387790
387791
387792
387793
387794
387795
387796
387797
387798
387799
387800
387801
387802
387804
387805
387806
387808
387809
387810
387811
387812
387813
387814
387815
387816
387817
387818
387819
387820
387821
387822
387823
387824
387825
387826
387827
387828
387829
387830
387831
387832
387833
387834
387835
387836
387837
387838
387839
387840
387842
387843
387844
387845
387846
387847
387848
387849
387850
387851
387852
387853
387854
387855
387856
387857
387858
387859
387860
387861
387862
387863
387865
387866
387867
387868
387870
387871
387873
387875
387876
387877
387878
387879
387880
387881
387882
387883
387885
387886
387887
387888
387889
387890
387891
387892
387893
387894
387895
387896
387898
387899
387900
387901
387902
387903
387904
387905
387906
387907
387908
387909
387910
387911
387912
387913
387914
387915
387916
387917
387918
387919
387920
387921
387922
387923
387924
387925
387926
387927
387928
387929
387930
387931
387932
387933
387934
387935
387936
387937
387938
387940
387941
387942
387943
387944
387945
387946
387947
387948
387949
387951
387952
387953
387954
387955
387956
387957
387958
387959
387960
387961
387962
387963
387964
387965
387966
387967
387968
387969
387970
387971
387972
387973
387974
387975
387976
387977
387978
387979
387980
387981
387982
387983
387984
387985
387986
387987
387988
387989
387990
387991
387992
387993
387994
387995
387998
387999
388000
388001
388002
388003
388004
388005
388006
388007
388008
388009
388010
388011
388012
388014
388015
388016
388017
388018
388019
388020
388021
388022
388023
388024
388025
388026
388027
388028
388029
388030
388031
388032
388033
388034
388035
388036
388037
388038
388039
388040
388041
388043
388044
388045
388046
388047
388048
388049
388050
388051
388052
388054
388055
388056
388057
388058
388059
388060
388061
388062
388063
388064
388065
388067
388069
388070
388071
388072
388073
388074
388075
388077
388078
388079
388081
388082
388083
388084
388085
388086
388087
388088
388089
388090
388092
388093
388094
388095
388096
388097
388098
388100
388101
388102
388103
388104
388105
388106
388107
388108
388109
388110
388111
388112
388113
388114
388115
388116
388117
388118
388119
388120
388121
388122
388125
388127
388128
388129
388130
388132
388133
388134
388135
388136
388137
388138
388139
388140
388141
388142
388143
388144
388145
388146
388147
388148
388149
388150
388151
388152
388153
388154
388155
388156
388157
388158
388159
388160
388161
388162
388163
388164
388165
388166
388167
388168
388169
388171
388172
388173
388174
388175
388176
388177
388178
388179
388181
388182
388183
388184
388185
388186
388187
388188
388189
388190
388191
388192
388193
388194
388195
388196
388197
388199
388200
388201
388202
388203
388204
388205
388206
388207
388208
388209
388210
388211
388212
388213
388214
388215
388217
388219
388220
388221
388222
388223
388224
388225
388226
388228
388229
388230
388231
388232
388233
388234
388235
388236
388237
388238
388239
388240
388241
388242
388243
388244
388245
388246
388248
388249
388250
388251
388252
388253
388255
388256
388257
388259
388261
388262
388263
388264
388265
388266
388267
388269
388270
388271
388272
388273
388274
388275
388276
388277
388278
388279
388280
388281
388282
388283
388284
388285
388286
388287
388288
388289
388290
388291
388292
388293
388294
388295
388296
388297
388298
388299
388300
388301
388302
388304
388305
388306
388308
388309
388310
388312
388313
388314
388315
388316
388317
388318
388319
388320
388321
388322
388323
388324
388325
388326
388327
388328
388329
388330
388331
388332
388333
388334
388335
388337
388338
388339
388340
388341
388342
388343
388344
388345
388346
388348
388349
388350
388351
388352
388353
388354
388355
388356
388357
388359
388361
388362
388363
388364
388365
388366
388367
388368
388370
388371
388372
388373
388374
388375
388377
388378
388379
388380
388383
388384
388385
388387
388388
388389
388390
388391
388392
388393
388394
388395
388396
388397
388398
388399
388400
388401
388402
388403
388404
388405
388406
388407
388408
388409
388410
388411
388412
388413
388414
388415
388416
388417
388418
388419
388420
388421
388422
388423
388424
388425
388426
388427
388428
388429
388430
388431
388432
388433
388434
388436
388438
388440
388441
388442
388443
388444
388445
388446
388448
388449
388450
388451
388452
388453
388454
388456
388457
388458
388459
388460
388461
388462
388463
388464
388465
388466
388467
388468
388469
388470
388471
388472
388473
388474
388475
388476
388477
388478
388479
388480
388481
388483
388484
388485
388486
388487
388489
388490
388491
388493
388494
388495
388496
388497
388498
388499
388500
388502
388503
388504
388505
388506
388507
388508
388509
388510
388511
388512
388514
388515
388516
388517
388518
388519
388520
388523
388524
388526
388529
388530
388531
388532
388533
388535
388536
388538
388540
388541
388542
388543
388544
388545
388546
388547
388548
388549
388551
388552
388553
388555
388556
388557
388558
388559
388560
388561
388564
388565
388566
388569
388570
388571
388572
388573
388574
388575
388576
388577
388578
388579
388580
388581
388583
388584
388585
388586
388588
388589
388590
388591
388592
388593
388594
388595
388596
388597
388598
388599
388600
388601
388602
388603
388604
388605
388606
388608
388609
388611
388612
388613
388614
388615
388616
388618
388619
388620
388622
388623
388624
388625
388626
388627
388628
388629
388630
388631
388632
388633
388634
388635
388636
388637
388638
388639
388640
388641
388642
388643
388644
388645
388646
388647
388648
388649
388650
388651
388652
388653
388654
388655
388656
388657
388658
388659
388660
388661
388662
388663
388664
388665
388666
388667
388668
388670
388671
388672
388674
388676
388677
388678
388680
388681
388682
388683
388684
388685
388686
388687
388688
388689
388690
388691
388692
388693
388694
388695
388696
388697
388698
388699
388700
388701
388702
388703
388704
388705
388706
388707
388708
388709
388710
388712
388713
388714
388715
388716
388717
388718
388719
388720
388721
388722
388723
388724
388725
388726
388727
388728
388729
388730
388731
388732
388733
388734
388735
388736
388737
388738
388739
388740
388741
388742
388743
388744
388745
388748
388749
388750
388751
388752
388753
388754
388755
388756
388757
388758
388759
388760
388761
388762
388763
388764
388766
388768
388769
388770
388771
388772
388774
388775
388777
388779
388780
388782
388784
388785
388786
388788
388790
388791
388792
388793
388794
388795
388796
388798
388799
388800
388801
388802
388803
388804
388805
388806
388807
388809
388810
388811
388812
388813
388814
388815
388816
388817
388818
388819
388820
388821
388822
388823
388824
388825
388826
388827
388828
388829
388830
388831
388832
388833
388834
388835
388836
388837
388838
388839
388840
388841
388842
388843
388844
388845
388846
388847
388848
388849
388850
388851
388852
388853
388854
388855
388856
388857
388858
388859
388860
388861
388862
388863
388864
388865
388866
388867
388868
388869
388870
388871
388872
388873
388874
388876
388877
388878
388879
388880
388881
388882
388883
388884
388885
388886
388888
388889
388890
388891
388892
388893
388895
388896
388897
388898
388899
388901
388902
388903
388904
388905
388906
388907
388908
388909
388910
388911
388912
388914
388915
388916
388917
388918
388919
388920
388921
388922
388923
388924
388925
388926
388927
388928
388929
388930
388931
388933
388934
388935
388936
388937
388938
388939
388940
388941
388942
388943
388944
388945
388946
388947
388948
388949
388950
388951
388952
388953
388954
388955
388956
388957
388958
388959
388960
388961
388962
388963
388964
388965
388966
388967
388968
388969
388970
388971
388972
388973
388974
388976
388978
388979
388980
388981
388982
388983
388984
388985
388986
388987
388988
388989
388990
388991
388992
388993
388994
388995
388996
388997
388998
388999
389000
389001
389002
389006
389007
389008
389009
389010
389011
389012
389013
389014
389015
389016
389017
389018
389019
389020
389021
389022
389023
389024
389025
389026
389027
389028
389029
389031
389032
389033
389034
389035
389036
389037
389038
389039
389040
389041
389042
389043
389044
389045
389046
389047
389048
389050
389051
389052
389053
389055
389056
389057
389058
389059
389060
389061
389062
389063
389064
389065
389066
389067
389068
389069
389070
389071
389072
389073
389074
389075
389076
389077
389078
389080
389081
389082
389083
389084
389086
389087
389088
389089
389090
389092
389093
389094
389097
389099
389100
389101
389102
389103
389104
389105
389106
389107
389109
389110
389112
389113
389114
389115
389116
389117
389118
389119
389120
389122
389123
389124
389125
389126
389127
389130
389131
389132
389133
389134
389136
389137
389138
389139
389140
389142
389146
389147
389149
389150
389151
389152
389153
389154
389155
389156
389158
389159
389160
389162
389163
389164
389165
389166
389167
389168
389169
389170
389171
389172
389173
389174
389175
389176
389177
389178
