321038
321039
321040
321041
321042
321043
321045
321046
321047
321048
32105
321050
321052
321053
321054
321055
321056
321058
321060
321062
321064
321066
321067
321068
321069
32107
321070
321071
321072
321073
321074
321075
321076
321077
321078
321079
321080
321081
321082
321083
321084
321085
321086
321088
32109
321090
321091
321092
321093
321095
321096
321099
32110
321101
321102
321103
321104
321105
321106
321107
321108
321109
32111
321110
321111
321112
321113
321114
321115
321116
321117
321118
321119
321120
321121
321122
321123
321124
321125
321126
321127
321128
321129
32113
321130
321131
321132
321133
321134
321135
321136
321137
321138
321139
32114
321140
321141
321142
321143
321144
321145
321146
321147
321149
32115
321150
321151
321152
321153
321155
321157
321158
321159
32116
321160
321161
321162
321163
321164
321165
321166
321167
321168
32117
321170
321171
321172
321173
321174
321175
321176
321177
321178
321179
32118
321180
321181
321182
321183
321184
321186
321187
321188
321189
32119
321190
321191
321192
321193
321194
321195
321196
321197
321198
321199
32120
321200
321201
321202
321203
321204
321205
321206
321207
321208
321209
32121
321210
321211
321213
321214
321215
321217
321218
321219
32122
321220
321221
321222
321223
321224
321225
321226
321227
321228
321229
32123
321231
321232
321233
321235
321236
321237
321238
321239
32124
321240
321241
321242
321243
321244
321245
321246
321247
321248
321249
32125
321250
321251
321252
321253
321254
321256
321257
321258
321259
321260
321261
321262
321263
321264
321265
321266
321267
321268
321269
321270
321271
321272
321273
321274
321275
321276
321277
321278
321279
32128
321280
321281
321282
321283
321284
321285
321286
321287
321288
321289
321290
321291
321292
321293
321294
321295
321296
321297
321298
321299
32130
321300
321301
321302
321303
321304
321305
321306
321307
321308
321309
321310
321311
321312
321314
321315
321316
321317
321318
321319
32132
321320
321321
321322
321323
321324
321325
321326
321327
321328
321329
321330
321331
321332
321333
321334
321335
321336
321337
321338
321339
32134
321341
321342
321343
321344
321345
321347
321348
321349
321350
321351
321352
321353
321354
321355
321356
321357
321359
321360
321361
321362
321363
321364
321365
321366
321367
321368
321369
32137
321370
321371
321372
321373
321374
321375
321376
321377
321378
321379
321380
321382
321383
321384
321385
321386
321387
321388
321389
32139
321390
321391
321392
321393
321395
321396
321397
321398
321399
3214
32140
321400
321401
321402
321403
321404
321405
321406
321407
321408
321409
32141
321410
321412
321413
321414
321415
321416
321417
321418
321419
32142
321420
321421
321422
321423
321424
321425
321426
321427
321428
321429
32143
321430
321431
321432
321433
321434
321435
321436
321437
321438
321439
32144
321440
321441
321442
321443
321444
321445
321446
321447
321448
321449
32145
321450
321451
321452
321453
321454
321455
321456
321457
321458
321459
32146
321460
321461
321462
321463
321464
321465
321466
321467
321468
321469
32147
321470
321471
321472
321473
321474
321475
321476
321477
321479
32148
321480
321481
321482
321483
321485
321486
321487
321488
321489
32149
321491
321492
321493
321494
321496
321497
321499
3215
32150
321500
321503
321504
321505
321506
321507
321508
321509
32151
321510
321511
321512
321513
321514
321515
321517
321518
321519
32152
321520
321521
321522
321523
321524
321525
321526
321527
321528
321529
321530
321531
321532
321533
321534
321535
321536
321537
321538
321539
321540
321541
321542
321543
321544
321545
321546
321547
321548
321549
321550
321551
321552
321553
321554
321556
321557
321558
321559
321560
321561
321562
321563
321564
321565
321566
321567
321568
32157
321570
321571
321572
321573
321574
321575
321576
321577
321578
321579
32158
321580
321581
321582
321583
321584
321585
321586
321587
321588
32159
321590
321591
321592
321593
321594
321595
321596
321597
321598
321599
3216
32160
321601
321602
321603
321604
321605
321607
321608
321609
32161
321610
321611
321612
321613
321614
321615
321616
321617
321618
321619
32162
321621
321622
321623
321624
321625
321626
321627
321628
321629
32163
321630
321631
321632
321633
321634
321635
321636
321637
321639
32164
321641
321643
321644
321645
321646
321647
321648
32165
321650
321651
321652
321653
321654
321655
321656
321657
321658
321659
32166
321660
321661
321662
321663
321664
321665
321666
321667
321668
321669
321670
321671
321672
321673
321675
321676
321677
321678
321679
32168
321680
321681
321682
321683
321684
321685
321686
321687
321688
321689
32169
321690
321691
321692
321693
321694
321695
321696
321697
321698
321699
3217
32170
321700
321701
321702
321703
321704
321705
321706
321707
321708
321709
32171
321710
321711
321712
321713
321714
321715
321716
321717
321719
32172
321720
321721
321722
321723
321724
321725
321726
321727
321728
321729
32173
321730
321731
321732
321733
321734
321735
321736
321737
321738
321739
32174
321740
321741
321742
321743
321744
321745
321746
321747
321748
321749
321750
321751
321752
321753
321754
321755
321756
321757
321758
321759
32176
321760
321761
321762
321763
321764
321765
321766
321767
321768
321769
32177
321770
321771
321772
321773
321774
321775
321776
321777
321778
321779
32178
321780
321781
321782
321783
321784
321785
321786
321788
321789
32179
321790
321791
321792
321793
321794
321795
321796
321797
321799
3218
32180
321801
321802
321806
321807
321808
321809
32181
321810
321811
321812
321813
321815
321817
321818
321819
32182
321820
321821
321822
321824
321825
321826
321828
321829
32183
321830
321832
321833
321834
321835
321836
321837
321838
321839
32184
321840
321841
321842
321843
321844
321845
321846
321847
321848
321849
32185
321850
321851
321852
321853
321854
321855
321856
321857
321858
321859
32186
321860
321861
321862
321863
321864
321865
321866
321867
321868
321869
32187
321870
321871
321872
321873
321875
321876
321877
321878
321879
32188
321880
321881
321882
321883
321884
321885
321886
321887
321888
321889
32189
321890
321891
321892
321893
321894
321895
321896
321897
321898
321900
321901
321902
321903
321904
321905
321906
321907
321908
321909
32191
321910
321911
321912
321913
321914
321915
321916
321917
321918
321919
321920
321921
321922
321923
321924
321925
321926
321927
321928
321929
32193
321930
321931
321932
321933
321934
321936
321937
321938
321939
32194
321940
321941
321942
321943
321944
321945
321946
321947
321948
32195
321950
321951
321952
321953
321954
321955
321956
321957
321958
321959
32196
321960
321961
321962
321963
321964
321965
321966
321967
321968
321969
32197
321970
321971
321972
321973
321974
321975
321976
321977
321978
321980
321981
321982
321983
321984
321985
321986
321987
321988
321989
321990
321991
321992
321993
321994
321995
321996
321997
321998
321999
322
322000
322001
322003
322004
322005
322007
322008
322009
322010
322011
322012
322013
322015
322016
322017
322018
322019
32202
322020
322021
322022
322023
322024
322025
322026
322028
322029
32203
322030
322032
322033
322034
322035
322036
322037
322038
322039
322041
322042
322043
322044
322045
322046
322047
322048
322049
32205
322050
322051
322053
322054
322055
322056
322057
322058
322059
32206
322060
322061
322062
322063
322064
322065
322066
322067
322068
322069
322070
322071
322072
322073
322074
322075
322076
322077
322078
32208
322080
322082
322083
322084
322085
322086
322087
322088
322089
32209
322090
322091
322092
322093
322094
322095
322096
322097
322098
322099
322101
322102
322103
322104
322105
322106
322107
322108
322110
322112
322113
322114
322115
322116
322118
322119
322120
322121
322122
322124
322125
322126
322127
322128
32213
322130
322134
322135
322136
322137
322138
322139
32214
322140
322141
322142
322143
322144
322145
322146
322148
322149
32215
322150
322151
322152
322153
322154
322155
322156
322157
322158
322159
322160
322161
322163
322164
322165
322167
322168
322169
32217
322170
322171
322172
322173
322175
322176
322177
322178
322179
32218
322181
322182
322183
322184
322185
322186
322187
322188
322189
32219
322190
322191
322192
322193
322194
322195
322196
322197
322198
322199
32220
322200
322201
322202
322203
322204
322205
322206
322207
322208
322209
32221
322210
322211
322212
322214
322215
322216
322217
322218
322219
32222
322220
322221
322222
322223
322224
322225
322226
322227
322228
322229
32223
322231
322232
322233
322234
322235
322236
322237
322238
322239
32224
322240
322241
322242
322243
322244
322245
322246
322247
322248
322249
32225
322250
322251
322252
322254
322255
322256
322257
322258
322259
32226
322260
322261
322262
322263
322264
322265
322266
322267
322268
322269
32227
322270
322271
322272
322273
322274
322275
322276
322277
322278
322279
322280
322281
322282
322283
322284
322285
322286
322287
322288
322289
32229
322290
322291
322292
322293
322295
322296
322297
322298
322300
322301
322302
322303
322304
322305
322306
322307
322308
322309
322310
322311
322312
322313
322314
322315
322316
322317
322318
322319
322320
322321
322322
322323
322324
322325
322326
322327
322328
322329
32233
322331
322332
322333
322334
322335
322336
322337
322338
322339
32234
322340
322341
322342
322343
322344
322345
322346
322347
322348
322349
32235
322350
322351
322352
322353
322354
322355
322356
322357
322358
322359
322360
322361
322362
322363
322364
322365
322366
322367
322368
322369
32237
322370
322372
322373
322374
322375
322376
322377
322378
322379
32238
322380
322382
322383
322384
322385
322386
322387
322388
322389
322390
322391
322392
322393
322394
322395
322396
322397
322398
322399
322400
322401
322402
322403
322404
322405
322406
322408
322409
32241
322410
322411
322412
322413
322414
322415
322416
322417
322418
322419
32242
322420
322421
322422
322423
322424
322425
322426
322427
322428
322429
32243
322430
322431
322432
322433
322434
322435
322436
322437
322438
322439
32244
322440
322441
322442
322443
322444
322445
322446
322447
322449
322451
322452
322453
322454
322455
322456
322457
322458
322459
322460
322461
322462
322463
322464
322465
322466
322467
322468
322469
322470
322471
322472
322473
322474
322475
322476
322477
322478
322479
32248
322481
322482
322483
322484
322485
322486
322487
322488
322489
32249
322490
322491
322492
322493
322494
322496
322497
322498
322499
32250
322500
322501
322502
322503
322505
322506
322507
322508
322509
32251
322510
322511
322512
322513
322514
322515
322516
322517
322518
322519
322520
322521
322522
322523
322524
322525
322526
322527
322528
322529
322530
322531
322532
322534
322535
322537
322539
32254
322540
322541
322542
322543
322544
322545
322546
322547
322548
32255
322553
322554
322555
322556
322557
322558
322559
32256
322562
322563
322564
322565
322566
322567
322568
322569
32257
322570
322571
322572
322573
322574
322575
322576
322577
322578
322579
32258
322580
322581
322583
322584
322585
322586
322587
322588
322589
322590
322591
322592
322593
322594
322595
322597
322598
322599
322600
322602
322603
322604
322605
322606
322607
322608
322609
32261
322610
322611
322612
322613
322614
322615
322616
322617
322618
322619
322620
322621
322622
322623
322624
322625
322627
322628
322629
32263
322630
322631
322632
322633
322634
322635
322636
322637
322638
322639
322640
322641
322642
322643
322644
322645
322646
322647
322648
322649
322650
322651
322652
322653
322654
322655
322656
322657
322658
322661
322663
322664
322666
322668
322669
322671
322672
322673
322674
322675
322676
322677
322678
322679
322680
322681
322682
322683
322684
322685
322686
322687
322688
322689
322690
322691
322692
322693
322694
322695
322696
322697
322698
322699
322701
322702
322703
322704
322705
322706
322707
322708
322709
322710
322711
322712
322714
322715
322716
322717
322718
322719
32272
322720
322721
322722
322723
322724
322725
322726
322727
322728
322729
32273
322730
322731
322732
322734
322735
322736
322738
322739
32274
322740
322741
322742
322743
322744
322745
322746
322747
322748
322749
32275
322750
322751
322752
322753
322754
322755
322756
322757
322758
322759
32276
322760
322761
322762
322763
322764
322765
322766
322767
322768
322769
32277
322770
322771
322772
322773
322774
322775
322776
322777
322778
322779
32278
322780
322781
322782
322784
322785
322786
322787
322789
32279
322790
322791
322792
322793
322794
322795
322796
322799
32280
322800
322801
322802
322803
322804
322805
322806
322807
322808
322809
322810
322811
322812
322813
322814
322815
322816
322817
322818
322819
32282
322820
322821
322822
322823
322824
322825
322826
322827
322828
322829
32283
322830
322831
322832
322833
322834
322835
322836
322837
322838
322839
32284
322840
322841
322842
322843
322845
322846
322847
322848
322849
32285
322851
322852
322853
322854
322855
322858
322859
32286
322860
322861
322862
322863
322864
322865
322866
322867
322868
322869
32287
322870
322871
322872
322873
322874
322875
322876
322877
322878
322879
32288
322880
322884
322885
322886
322888
322889
322890
322891
322892
322893
322894
322895
322896
322898
322899
32290
322900
322901
322902
322903
322904
322905
322906
322907
322908
322909
322910
322911
322912
322913
322914
322915
322916
322917
322918
322919
32292
322920
322921
322922
322923
322924
322926
322927
322928
32293
322930
322931
322932
322934
322935
322936
322938
322939
32294
322940
322941
322942
322943
322944
322945
322946
322947
322948
322949
32295
322950
322951
322952
322954
322955
322956
322957
322958
322959
32296
322960
322961
322962
322963
322964
322965
322966
322967
322968
322969
32297
322970
322971
322972
322973
322974
322975
322976
322977
322978
322979
32298
322980
322981
322982
322983
322984
322985
322986
322987
322988
322989
322990
322991
322992
322993
322994
322995
322997
322999
32300
323000
323001
323002
323003
323004
323005
323007
323008
323009
32301
323010
323011
323012
323013
323014
323015
323016
323017
323018
323019
32302
323020
323021
323023
323024
323025
323026
323027
323028
32303
323030
323031
323032
323033
323034
323035
323036
323037
323039
32304
323040
323041
323043
323044
323045
323046
323047
323048
323049
32305
323050
323051
323052
323053
323054
323056
32306
323060
323061
323062
323063
323064
323065
323066
323067
323068
323069
32307
323070
323071
323072
323073
323074
323075
323076
323077
323078
323079
32308
323080
323081
323082
323083
323084
323085
323086
323087
323088
323089
32309
323090
323091
323092
323093
323094
323096
323097
323098
323099
32310
323100
323101
323102
323103
323104
323105
323106
323108
32311
323110
323113
323114
323115
323116
323117
323118
323119
32312
323120
323121
323122
323123
323124
323125
323126
323127
323128
323129
32313
323130
323132
323133
323134
323135
323136
323137
323138
323139
32314
323140
323141
323142
323143
323144
323145
323146
323147
323148
323149
323150
323151
323152
323153
323155
323156
323157
323158
323159
32316
323160
323162
323163
323164
323165
323166
323167
323168
323169
32317
323170
323171
323172
323173
323174
323175
323176
323177
323178
323179
32318
323180
323181
323182
323183
323184
323185
323186
323187
323188
323189
32319
323190
323191
323192
323193
323194
323195
323196
323198
323199
323200
323201
323202
323204
323205
323206
323208
323209
323210
323211
323212
323213
323216
323217
323218
32322
323221
323222
323223
323224
323225
323226
323227
323228
323229
32323
323230
323231
323232
323233
323234
323235
323236
323237
323238
323239
32324
323240
323242
323243
323244
323245
323246
323247
323249
32325
323250
323251
323253
323254
323255
323256
323257
323259
32326
323260
323261
323262
323263
323264
323265
323266
323268
323269
32327
323270
323271
323272
323274
323275
323276
323277
323278
323279
32328
323280
323281
323282
323283
323284
323285
323287
323288
323289
32329
323290
323291
323292
323293
323294
323295
323296
323297
323298
323299
32330
323300
323301
323302
323303
323304
323306
323307
323308
323309
32331
323311
323312
323313
323315
323316
323317
323318
323319
32332
323320
323321
323322
323325
323326
323327
323328
323329
323330
323331
323332
323333
323334
323335
323336
323337
323338
323339
32334
323340
323341
323342
323343
323344
323345
323346
323347
323348
323349
32335
323350
323351
323352
323353
323354
323355
323356
323357
323358
323359
32336
323360
323361
323362
323363
323364
323365
323366
323367
323368
323369
32337
323370
323371
323372
323373
323374
323375
323376
323377
323378
323379
32338
323380
323381
323382
323383
323384
323385
323386
323387
323388
323389
32339
323390
323392
323393
323394
323395
323396
323397
323398
323399
323400
323401
323402
323403
323404
323405
323406
323407
323408
323409
323410
323411
323412
323413
323414
323415
323416
323417
323418
323420
323421
323423
323424
323425
323427
323428
323429
32343
323430
323431
323432
323434
323435
323436
323437
323438
323439
323440
323441
323442
323443
323444
323445
323446
323447
323448
323449
32345
323450
323451
323453
323454
323455
323456
323457
323458
323459
323460
323461
323462
323463
323464
323465
323466
323467
323468
323469
323470
323471
323472
323473
323474
323475
323476
323477
323478
323479
323480
323481
323482
323483
323484
323485
323486
323487
323488
323489
323490
323491
323492
323493
323494
323495
323496
323497
323498
323499
323500
323501
323502
323503
323504
323505
323506
323507
323508
323509
323510
323511
323512
323513
323514
323515
323516
323517
323518
323519
32352
323520
323521
323522
323524
323525
323526
323527
323528
323529
323530
323531
323532
323533
323534
323535
323536
323537
323538
323539
323540
323542
323543
323544
323545
323546
323547
323548
323549
323550
323551
323552
323553
323554
323555
323556
323557
323558
323559
323560
323561
323562
323563
323564
323565
323566
323567
323568
323569
323570
323571
323572
323573
323574
323575
323576
323577
323578
323579
323580
323581
323582
323583
323584
323585
323586
323587
323588
323589
323590
323591
323592
323593
323594
323595
323596
323597
323598
323599
323600
323601
323602
323603
323605
323606
323607
323608
323609
323610
323611
323612
323613
323614
323615
323616
323617
323618
323619
323620
323621
323622
323623
323624
323625
323626
323627
323628
323629
323630
323631
323632
323633
323634
323635
323637
323638
323640
323641
323643
323644
323645
323646
323647
323648
323650
323651
323652
323653
323654
323655
323656
323657
323658
323659
323660
323661
323663
323664
323665
323666
323667
323668
32367
323670
323671
323672
323673
323674
323675
323676
323677
323678
323679
323681
323682
323683
323684
323685
323686
323687
323688
323689
323690
323691
323692
323693
323694
323695
323696
323697
323698
323699
323700
323701
323702
323703
323704
323705
323706
323707
323708
323709
323710
323711
323712
323713
323714
323715
323716
323717
323718
323719
323720
323721
323722
323723
323725
323726
323727
323728
323729
323730
323731
323732
323733
323734
323735
323736
323737
323738
323739
323740
323741
323742
323743
323744
323745
323746
323747
323748
323749
323750
323751
323752
323753
323754
323755
323756
323757
323758
323759
323760
323761
323762
323763
323764
323765
323766
323767
323768
323769
323770
323771
323772
323773
323774
323775
323776
323777
323778
323781
323782
323783
323784
323785
323787
323788
323789
323790
323791
323792
323793
323794
323795
323796
323797
323798
323799
323800
323801
323802
323803
323804
323805
323807
323808
323809
323810
323811
323812
323813
323814
323815
323816
323817
323818
323820
323821
323822
323823
323824
323825
323826
323827
323828
323829
323830
323831
323832
323833
323834
323835
323836
323837
323838
323839
323840
323841
323842
323843
323844
323845
323847
323848
323849
323850
323851
323852
323853
323854
323856
323857
323858
323859
323860
323861
323862
323863
323864
323865
323866
323867
323869
32387
323870
323871
323872
323873
323875
323876
323877
323878
323879
32388
323880
323881
323882
323883
323884
323885
323886
323887
323888
323889
32389
323890
323891
323892
323893
323894
323895
323896
323897
323898
323899
32390
323900
323902
323903
323904
323905
323907
323908
323909
323910
323911
323912
323913
323914
323915
323916
323917
323918
32392
323920
323921
323922
323923
323924
323925
323926
323927
323928
323929
32393
323930
323931
323932
323933
323934
323935
323937
323938
323939
323940
323941
323942
323943
323944
323945
323946
323947
323948
323949
32395
323950
323951
323952
323953
323954
323955
323957
323959
323962
323963
323964
323965
323966
323967
323968
323970
323971
323972
323973
323974
323976
323977
323978
323979
323980
323981
323982
323984
323985
323987
323988
323989
323990
323991
323992
323993
323994
323995
323996
323997
323998
323999
324001
324002
324003
324004
324005
324006
324007
324008
324009
324010
324011
324012
324013
324014
324015
324016
324017
324018
324019
324020
324021
324022
324023
324024
324025
324026
324027
324029
324030
324031
324032
324033
324034
324035
324036
324037
324038
324039
324040
324041
324042
324043
324044
324045
324046
324047
324048
324049
324050
324051
324052
324053
324054
324055
324056
324057
324058
324059
32406
324060
324061
324062
324064
324066
324067
324068
324069
32407
324070
324071
324072
324073
324074
324075
324076
324077
324078
324079
324080
324081
324082
324083
324084
324085
324087
324088
32409
324090
324091
324092
324093
324094
324095
324096
324097
324098
324099
324100
324101
324102
324104
324105
324106
324107
324109
324110
324111
324112
324113
324114
324115
324116
324117
324118
324119
324120
324121
324122
324123
324124
324125
324126
324127
324128
324129
324130
324131
324132
324133
324135
324137
324138
324139
324140
324141
324143
324144
324145
324146
324147
324148
324150
324151
324152
324153
324154
324155
324156
324157
324158
324159
324160
324161
324162
324163
324165
324166
324167
324168
324169
324170
324171
324172
324173
324174
324175
324176
324177
324178
324179
324180
324181
324182
324183
324184
324185
324186
324187
324188
324189
324191
324192
324193
324194
324195
324196
324197
324198
324202
324205
324206
324207
324208
324209
324210
324211
324212
324213
324214
324215
324217
324218
324219
32422
324220
324221
324222
324225
324227
324228
324229
324230
324231
324232
324233
324235
324236
324237
324238
324239
324240
324241
324243
324244
324245
324246
324247
324248
324249
324251
324252
324253
324254
324255
324256
324257
324258
324259
324260
324261
324262
324263
324264
324265
324266
324268
324269
324270
324271
324272
324273
324274
324275
324276
324277
324278
324279
32428
324280
324281
324282
324283
324284
324285
324286
324287
324288
324289
32429
324291
324292
324293
324294
324295
324296
324297
324298
32430
324300
324301
324302
324303
324304
324305
324306
324307
324308
324309
324310
324311
324312
324314
324316
324317
324318
324319
32432
324320
324321
324322
324323
324324
324325
324326
324327
324328
324329
324330
324331
324332
324333
324334
324335
324336
324337
324338
324339
324340
324341
324342
324343
324344
324345
324346
324347
324349
324350
324351
324352
324353
324355
324356
324357
324358
324359
324360
324361
324362
324363
324364
324366
324367
324368
324369
324370
324371
324372
324373
324374
324375
324376
324377
324378
324379
324380
324382
324383
324387
324388
324389
324392
324394
324395
324396
324397
324398
324400
324402
324404
324405
324406
324407
324408
324409
324411
324412
324413
324414
324415
324416
324417
324418
324419
324420
324421
324422
324423
324427
324428
324429
32443
324430
324431
324432
324433
324434
324435
324436
324437
324438
324439
32444
324440
324441
324442
324443
324444
324445
324446
324447
324448
324449
32445
324450
324451
324452
324453
324454
324455
324456
324457
324459
32446
324460
324461
324462
324463
324464
324465
324466
324467
324468
324469
32447
324470
324471
324472
324473
324474
324476
324477
324478
324479
324480
324481
324483
324484
324485
324486
324487
324488
324489
32449
324490
324492
324493
324494
324495
324496
324497
324498
32450
324500
324501
324502
324503
324504
324505
324506
324507
324508
324509
32451
324510
324511
324512
324513
324514
324516
324517
324518
324519
324520
324521
324522
324523
324524
324525
324526
324527
324528
324531
324532
324533
324534
324535
324536
324537
324538
324539
32454
324540
324541
324542
324543
324544
324545
324546
324547
324548
324549
324550
324551
324552
324553
324554
324555
324556
324557
324558
324559
32456
324560
324561
324562
324563
324565
324566
324567
324568
324571
324572
324573
324574
324575
324576
324577
324578
324579
32458
324580
324581
324583
324584
324585
324586
324587
32459
324593
324595
324596
324597
324598
324599
324602
324603
324604
324605
324606
324607
324608
324609
32461
324610
324611
324612
324613
324614
324615
324616
324618
324619
32462
324620
324621
324622
324623
324624
324625
324626
324627
324628
324629
32463
324630
324631
324632
324633
324634
324635
324636
324637
324638
324639
32464
324640
324641
324642
324643
324644
324645
324646
324647
324648
324649
32465
324650
324651
324652
324653
324654
324655
324656
324657
324658
324659
32466
324660
324661
324662
324663
324664
324665
324666
324667
324668
324669
32467
324670
324671
324672
324673
324674
324675
324676
324677
324678
324679
324680
324681
324682
324683
324684
324685
324686
324687
324689
324690
324691
324692
324693
324694
324695
324696
324697
324699
32470
324700
324701
324702
324703
324704
324705
324707
324708
324709
32471
324710
324711
324712
324713
324714
324715
324717
324718
324719
32472
324720
324721
324722
324723
324724
324725
324726
324727
324728
324730
324731
324732
324733
324734
324735
324736
324737
324738
324739
32474
324740
324741
324742
324743
324744
324745
324746
324747
324748
324749
324750
324751
324752
324754
324755
324756
324757
324758
324759
324760
324761
324762
324763
324764
324765
324766
324767
324768
324769
324771
324772
324773
324774
324775
324776
324777
324778
324779
32478
324780
324781
324782
324783
324784
324785
324786
324787
324788
324789
324790
324791
324794
324796
324797
324798
324799
32480
324800
324801
324802
324803
324804
324806
324807
324808
324809
32481
324810
324811
324812
324813
324817
324819
324820
324821
324822
324823
324824
324825
324826
324827
324828
324829
32483
324830
324832
324833
324835
324837
324838
324839
32484
324840
324841
324842
324843
324844
324845
324847
324848
324849
324850
324851
324852
324854
324855
324856
324857
324858
324859
32486
324860
324861
324862
324863
324864
324867
324868
324869
324870
324871
324872
324873
324874
324875
324876
324878
324879
32488
324880
324881
324882
324883
324886
324887
324888
324889
32489
324890
324892
324893
324894
324895
324896
324897
324898
324899
32490
324900
324901
324902
324903
324904
324905
324907
324908
324909
324910
324911
324912
324913
324914
324915
324916
324917
324918
324919
324920
324921
324922
324923
324924
324925
324926
324927
324928
324929
324930
324931
324932
324933
324934
324935
324936
324937
324938
324939
32494
324941
324942
324943
324944
324945
324946
324947
324948
324949
324950
324951
324952
324953
324954
324955
324956
324957
324958
324959
324960
324961
324962
324963
324965
324967
324968
324969
32497
324970
324971
324972
324973
324975
324976
324978
324979
324980
324981
324982
324983
324984
324986
324987
324988
324989
32499
324990
324991
324992
324993
324994
324995
324996
324997
324999
325000
325001
325002
325003
325004
325005
325006
325007
325008
325009
325010
325011
325012
325013
325014
325015
325016
325017
325018
325019
32502
325020
325021
325022
325023
325024
325025
325026
325027
325028
325029
325030
325031
325033
325034
325035
325036
325037
325038
325039
325040
325041
325042
325043
325044
325045
325046
325047
325048
325049
325050
325051
325052
325053
325054
325056
325057
325058
325059
325060
325061
325062
325063
325064
325065
325066
325067
325068
325069
325070
325071
325072
325073
325074
325075
325076
325077
325079
32508
325080
325081
325083
325084
325085
325086
325088
325089
325090
325091
325092
325094
325095
325096
325097
325098
325099
325100
325101
325102
325103
325104
325105
325106
325107
325108
325109
32511
325110
325111
325112
325113
325115
325116
325117
325118
325119
325120
325121
325122
325123
325124
325125
325126
325127
325128
325129
32513
325130
325131
325132
325133
325134
325135
325136
325137
325138
325139
32514
325140
325141
325142
325143
325144
325145
325146
325147
325148
325149
325150
325151
325152
325153
325154
325155
325156
325157
325158
32516
325160
325161
325162
325163
325164
325165
325166
325167
325168
325169
32517
325170
325171
325172
325173
325174
325177
325178
325179
325180
325183
325184
325186
325187
325188
325189
32519
325190
325191
325192
325193
325194
325195
325196
325197
325199
32520
325200
325202
325203
325204
325205
325207
325209
325210
325213
325214
325215
325216
325217
325218
325219
32522
325220
325221
325222
325223
325224
325225
325226
325227
325228
325229
32523
325230
325231
325232
325233
325234
325235
325236
325237
325238
325239
32524
325240
325241
325242
325243
325244
325245
325247
325248
325250
325251
325252
325253
325254
325255
325256
325257
325258
325259
32526
325260
325261
325262
325263
325264
325265
325266
325267
325268
325269
32527
325270
325271
325272
325273
325274
325277
325278
325279
32528
325280
325281
325282
325283
325284
325285
325286
325287
325288
325289
32529
325290
325291
325292
325293
325294
325295
325296
325297
325298
325299
325300
325301
325302
325303
325304
325305
325307
325308
32531
325310
325311
325312
325313
325314
325315
325316
325317
325318
325319
32532
325320
325321
325322
325323
325324
325325
325326
325327
325328
325329
32533
325331
325334
325335
325336
325337
325338
325339
32534
325340
325341
325342
325343
325344
325345
325346
325347
325348
325349
32535
325350
325351
325352
325353
325354
325355
325356
325357
325358
325359
32536
325360
325361
325362
325363
325364
325365
325366
325367
325368
325369
32537
325370
325371
325372
325373
325374
325375
325376
325377
325378
325379
325380
325381
325382
325384
325385
325388
325389
32539
325391
325392
325394
325396
325397
325398
325399
32540
325400
325401
325402
325403
325405
325406
325407
325408
325409
32541
325410
325411
325412
325413
325414
325415
325416
325417
325418
325419
325420
325421
325422
325423
325424
325425
325427
325428
325429
32543
325430
325431
325432
325433
325434
325435
325436
325438
325439
32544
325440
325441
325442
325443
325445
325446
325447
325448
325449
32545
325450
325451
325452
325453
325454
325455
325456
325457
325458
325459
32546
325460
325461
325462
325463
325464
325465
325466
325467
325468
325469
32547
325470
325471
325472
325473
325475
325477
325478
325479
32548
325480
325481
325482
325483
325484
325485
325486
325487
325488
325489
32549
325490
325491
325492
325493
325494
325495
325496
325497
325498
325499
325500
325501
325502
325503
325504
325505
325506
325507
325508
325509
325510
325511
325512
325513
325514
325515
325516
325517
325518
32552
325520
325521
325522
325523
325524
325525
325528
32553
325530
325531
325532
325533
325534
325535
325536
325537
325538
325539
325541
325542
325543
325544
325545
325546
325547
325548
32555
325550
325551
325552
325554
325555
325558
325559
32556
325560
325561
325562
325563
325564
325565
325566
325567
325568
325569
32557
325571
325572
325573
325574
325575
325576
325577
325578
325579
32558
325580
325582
325583
325585
325586
325587
325588
325589
32559
325590
325593
325594
325595
325596
325597
325598
325599
32560
325600
325602
325603
325604
325605
325606
325607
325608
325609
325610
325611
325612
325613
325614
325615
325616
325617
325618
325619
32562
325620
325621
325622
325623
325624
325625
325626
325628
325629
325630
325631
325632
325633
325634
325635
325636
325637
325638
325640
325641
325642
325643
325644
325645
325646
325647
325648
325649
325650
325651
325652
325653
325654
325655
325656
325659
32566
325660
325661
325662
325663
325664
325665
325666
325667
325668
325669
32567
325670
325671
325672
325673
325674
325675
325676
325677
325678
325679
32568
325680
325681
325682
325683
325684
325685
325686
325687
325688
325689
32569
325690
325691
325692
325693
325694
325695
325696
325697
325698
325699
32570
325700
325701
325702
325703
325704
325705
325706
325707
325708
325709
32571
325710
325711
325712
325713
325714
325715
325716
325717
325718
325719
325720
325721
325722
325723
325724
325725
325726
325727
325728
325729
325730
325731
325733
325734
325735
325736
325738
325739
32574
325740
325741
325742
325743
325744
325745
325746
325747
325748
325749
32575
325750
325751
325752
325753
325754
325755
325756
325757
325758
325759
32576
325760
325761
325762
325763
325764
325765
325766
325767
325768
325769
32577
325770
325771
325772
325773
325774
325775
325777
325778
325779
325780
325781
325782
325783
325784
325785
325786
325787
325788
325789
32579
325790
325791
325792
325793
325794
325796
325797
325799
32580
325800
325801
325803
325804
325805
325806
325807
325808
325809
32581
325810
325811
325812
325813
325814
325815
325816
325817
325818
325819
32582
325820
325821
325822
325823
325824
325825
325826
325827
325828
325829
32583
325830
325831
325833
325834
325835
325836
325837
325838
325839
32584
325840
325841
325842
325843
325844
325845
325846
325847
325848
325849
32585
325850
325851
325852
325853
325854
325855
325856
325857
325858
325859
325860
325861
325862
325864
325866
325867
325870
325871
325872
325878
325879
32588
325881
325883
325885
325887
325889
32589
325891
325892
325893
325894
325896
325897
325898
325899
32590
325900
325901
325902
325903
325904
325905
325906
325907
325908
325909
32591
325910
325911
325912
325913
325914
325915
325916
325918
325920
325921
325922
325923
325924
325925
325926
325927
325928
325929
32593
325930
325931
325932
325933
325934
325935
325936
325937
325938
325939
32594
325940
325941
325942
325943
325944
325945
325946
325947
325948
325949
32595
325950
325951
325952
325954
325955
325956
325957
325958
32596
325960
325961
325963
325964
325965
325966
325967
325968
325969
32597
325971
325972
325973
325974
325976
325977
325978
325979
32598
325980
325981
325982
325984
325985
325986
325987
325989
32599
325990
325991
325992
325993
325994
325995
325996
325997
325998
325999
326
32600
326000
326001
326002
326003
326004
326005
326007
326008
326009
32601
326010
326011
326012
326013
326014
326015
326016
326017
326018
326019
326020
326021
326022
326023
326024
326025
326027
326028
326029
326030
326031
326032
326033
326034
326035
326036
326037
326038
326039
32604
326040
326041
326042
326043
326044
326045
326046
326047
326048
326049
32605
326050
326051
326052
326053
326054
326055
326056
326057
326058
326059
32606
326060
326061
326062
326063
326064
326065
326066
326067
326068
326069
32607
326070
326071
326072
326073
326074
326075
326076
326077
326078
326079
32608
326080
326081
326082
326083
326084
326085
326086
326087
326088
326089
32609
326090
326091
326092
326093
326094
326095
326096
326097
326098
326099
32610
326100
326101
326102
326103
326104
326105
326106
326107
326108
326109
32611
326110
326111
326112
326113
326114
326115
326116
326117
326118
326119
32612
326120
326121
326122
326123
326124
326125
326126
326127
326128
326129
32613
326130
326131
326132
326133
326134
326135
326136
