400230
400231
400232
400233
400234
400236
400237
400238
400240
400241
400244
400245
400246
400247
400248
400249
400250
400251
400252
400253
400254
400255
400256
400257
400258
400259
400260
400261
400262
400263
400264
400267
400268
400270
400272
400274
400275
400276
400277
400278
400279
400280
400281
400282
400283
400284
400285
400286
400287
400288
400289
400290
400291
400292
400293
400294
400295
400296
400299
400301
400302
400303
400305
400308
400309
400310
400311
400312
400313
400315
400316
400317
400318
400320
400321
400323
400324
400325
400326
400327
400328
400329
400330
400331
400332
400333
400334
400335
400336
400337
400338
400339
400340
400341
400342
400343
400344
400345
400346
400347
400348
400349
400350
400351
400352
400353
400354
400355
400356
400357
400358
400359
400360
400361
400362
400363
400365
400366
400367
400368
400369
400370
400371
400372
400373
400374
400375
400376
400377
400378
400379
400380
400381
400382
400383
400384
400385
400386
400387
400388
400389
400390
400391
400392
400393
400394
400395
400396
400397
400398
400399
400400
400401
400402
400403
400404
400405
400406
400407
400408
400409
400410
400412
400413
400414
400415
400416
400417
400418
400419
400420
400421
400422
400423
400424
400425
400426
400427
400428
400429
400430
400432
400433
400434
400436
400438
400439
400440
400443
400444
400445
400447
400450
400451
400452
400453
400454
400455
400456
400458
400459
400460
400461
400462
400463
400464
400465
400466
400467
400468
400469
400470
400471
400472
400473
400474
400475
400477
400479
400480
400481
400482
400483
400484
400485
400486
400488
400489
400490
400491
400492
400493
400494
400495
400496
400497
400498
400499
400500
400501
400502
400503
400504
400505
400506
400507
400508
400509
400510
400511
400512
400514
400515
400517
400518
400519
400520
400521
400522
400523
400524
400525
400526
400527
400528
400529
400530
400531
400532
400533
400534
400535
400536
400537
400538
400541
400542
400543
400545
400546
400547
400548
400549
400550
400551
400552
400554
400558
400559
400560
400562
400563
400564
400565
400566
400567
400569
400570
400571
400572
400573
400574
400575
400576
400577
400578
400579
400580
400581
400582
400584
400585
400586
400587
400588
400589
400590
400591
400592
400593
400594
400595
400596
400597
400598
400599
400600
400601
400602
400603
400604
400605
400606
400607
400608
400609
400610
400611
400612
400613
400616
400617
400618
400619
400622
400623
400624
400625
400626
400627
400628
400629
400630
400632
400633
400634
400635
400636
400637
400638
400639
400640
400641
400642
400644
400645
400647
400648
400649
400650
400651
400652
400654
400655
400656
400657
400658
400659
400660
400661
400662
400663
400664
400665
400666
400667
400668
400669
400670
400671
400672
400673
400674
400675
400676
400677
400678
400679
400680
400681
400682
400683
400684
400685
400686
400687
400689
400690
400691
400692
400694
400695
400696
400697
400698
400699
400702
400703
400704
400705
400706
400707
400708
400709
400710
400711
400712
400713
400714
400715
400716
400717
400718
400719
400720
400721
400722
400723
400724
400725
400726
400727
400728
400729
400730
400731
400732
400733
400734
400735
400736
400737
400738
400739
400741
400742
400743
400744
400745
400746
400747
400749
400751
400752
400753
400754
400755
400756
400757
400758
400759
400760
400761
400762
400763
400764
400765
400767
400768
400769
400770
400771
400772
400773
400774
400775
400776
400777
400778
400779
400780
400781
400782
400783
400784
400785
400786
400787
400788
400789
400790
400791
400792
400793
400794
400795
400796
400797
400798
400799
400800
400801
400802
400803
400804
400806
400807
400808
400809
400810
400811
400812
400813
400814
400815
400816
400817
400818
400819
400820
400821
400822
400823
400824
400825
400826
400827
400828
400829
400830
400831
400832
400833
400834
400836
400837
400838
400839
400840
400841
400842
400843
400844
400845
400846
400847
400848
400849
400850
400851
400852
400854
400855
400856
400857
400859
400862
400863
400864
400865
400867
400868
400869
400870
400871
400872
400873
400874
400875
400876
400877
400879
400880
400881
400882
400883
400884
400885
400886
400887
400888
400889
400890
400892
400893
400894
400895
400896
400897
400898
400899
400901
400902
400903
400905
400906
400907
400908
400909
400910
400911
400912
400913
400914
400918
400919
400920
400921
400922
400923
400924
400925
400927
400928
400930
400931
400932
400933
400934
400936
400937
400938
400939
400940
400941
400942
400943
400944
400945
400946
400947
400948
400949
400950
400951
400952
400953
400954
400955
400956
400957
400958
400960
400962
400963
400964
400965
400966
400967
400968
400969
400970
400971
400972
400973
400974
400975
400976
400977
400978
400980
400981
400982
400983
400984
400985
400986
400987
400988
400989
400990
400991
400992
400993
400994
400995
400996
400997
400998
400999
401000
401002
401003
401004
401005
401006
401007
401008
401009
401010
401011
401012
401013
401014
401015
401017
401018
401019
401020
401021
401022
401023
401024
401025
401026
401027
401028
401029
401030
401031
401032
401033
401034
401035
401036
401037
401038
401039
401040
401041
401042
401043
401044
401045
401046
401048
401049
401050
401051
401052
401053
401054
401055
401056
401057
401058
401059
401060
401061
401062
401063
401064
401065
401066
401067
401068
401069
401070
401071
401072
401075
401076
401077
401078
401080
401081
401082
401085
401086
401087
401088
401089
401090
401092
401093
401094
401096
401097
401098
401099
401100
401101
401102
401103
401104
401105
401106
401107
401108
401109
401110
401111
401112
401113
401114
401115
401116
401117
401118
401119
401120
401121
401122
401123
401124
401125
401126
401127
401128
401129
401130
401131
401132
401133
401134
401136
401137
401139
401140
401141
401142
401143
401144
401145
401146
401148
401149
401150
401151
401152
401153
401155
401156
401157
401158
401159
401160
401161
401162
401163
401164
401165
401166
401170
401171
401172
401174
401175
401177
401178
401180
401181
401182
401183
401184
401186
401187
401188
401190
401191
401192
401193
401194
401195
401196
401197
401198
401199
401200
401201
401202
401203
401204
401205
401206
401207
401208
401209
401210
401211
401212
401213
401214
401215
401216
401217
401218
401219
401220
401221
401222
401223
401224
401225
401226
401227
401228
401229
401230
401231
401232
401233
401234
401235
401236
401237
401238
401239
401240
401241
401242
401243
401244
401245
401246
401247
401248
401250
401251
401252
401253
401254
401255
401256
401258
401259
401260
401261
401262
401263
401264
401265
401266
401267
401268
401269
401270
401271
401272
401274
401276
401277
401278
401279
401280
401281
401283
401284
401285
401286
401287
401288
401289
401290
401291
401292
401293
401294
401295
401296
401297
401298
401299
401300
401301
401302
401303
401304
401305
401306
401307
401308
401309
401311
401312
401313
401314
401315
401316
401317
401318
401319
401320
401321
401322
401323
401324
401325
401326
401327
401328
401329
401330
401331
401332
401333
401334
401335
401336
401337
401339
401342
401343
401344
401345
401346
401347
401348
401349
401350
401351
401352
401353
401354
401355
401356
401357
401358
401359
401360
401361
401363
401364
401365
401367
401368
401369
401370
401371
401372
401373
401374
401376
401377
401378
401379
401380
401381
401382
401383
401385
401386
401387
401388
401389
401390
401391
401392
401393
401394
401395
401396
401398
401399
401400
401401
401402
401403
401405
401406
401407
401408
401409
401410
401411
401412
401413
401414
401415
401416
401419
401420
401421
401422
401423
401425
401426
401427
401428
401429
401430
401431
401432
401433
401434
401435
401436
401437
401438
401439
401440
401441
401442
401444
401445
401446
401447
401448
401449
401450
401451
401453
401454
401455
401456
401457
401458
401459
401461
401462
401463
401464
401465
401466
401467
401468
401469
401470
401471
401472
401473
401475
401476
401477
401478
401479
401480
401481
401482
401484
401485
401486
401487
401488
401489
401490
401491
401493
401494
401495
401497
401498
401499
401500
401501
401502
401503
401504
401505
401506
401508
401509
401510
401511
401512
401513
401514
401515
401516
401517
401518
401519
401520
401521
401522
401523
401524
401525
401526
401527
401529
401530
401531
401532
401533
401534
401535
401536
401537
401538
401539
401540
401541
401542
401543
401544
401545
401546
401547
401548
401549
401550
401551
401552
401553
401554
401555
401556
401557
401559
401560
401561
401562
401563
401564
401567
401568
401569
401570
401571
401572
401573
401574
401575
401576
401577
401578
401579
401580
401581
401582
401583
401584
401585
401586
401587
401588
401589
401590
401591
401592
401593
401594
401595
401596
401597
401598
401600
401601
401602
401603
401604
401605
401606
401607
401608
401610
401611
401612
401613
401614
401615
401616
401617
401618
401619
401620
401621
401623
401624
401625
401626
401627
401628
401629
401630
401631
401632
401633
401634
401635
401636
401637
401638
401639
401640
401641
401642
401643
401644
401645
401646
401648
401649
401650
401651
401652
401653
401654
401655
401656
401657
401658
401659
401660
401661
401662
401663
401664
401665
401666
401667
401668
401670
401671
401672
401673
401674
401675
401676
401677
401678
401680
401681
401682
401683
401684
401685
401686
401687
401688
401689
401690
401691
401692
401693
401694
401695
401696
401697
401698
401699
401700
401701
401702
401703
401704
401706
401708
401709
401710
401711
401712
401713
401714
401715
401716
401717
401718
401719
401721
401725
401726
401727
401728
401729
401731
401732
401733
401734
401735
401736
401737
401738
401739
401740
401741
401742
401743
401746
401747
401748
401749
401750
401751
401752
401753
401754
401756
401757
401758
401759
401760
401762
401763
401765
401766
401768
401769
401770
401771
401772
401773
401774
401775
401776
401777
401778
401779
401780
401781
401782
401783
401784
401785
401786
401787
401788
401789
401790
401791
401792
401793
401794
401795
401796
401797
401798
401799
401800
401802
401804
401805
401806
401807
401808
401809
401810
401811
401812
401813
401814
401815
401816
401817
401818
401819
401820
401821
401822
401823
401824
401825
401826
401827
401828
401829
401830
401831
401832
401833
401834
401835
401836
401837
401838
401839
401841
401842
401843
401844
401845
401846
401847
401848
401849
401850
401851
401852
401853
401854
401855
401856
401857
401858
401859
401860
401861
401862
401863
401864
401865
401866
401867
401868
401869
401870
401872
401873
401874
401875
401876
401877
401878
401879
401881
401883
401884
401886
401887
401888
401891
401892
401893
401894
401895
401896
401897
401898
401899
401900
401901
401902
401905
401907
401908
401909
401910
401911
401912
401913
401914
401915
401916
401917
401918
401919
401921
401922
401923
401924
401925
401926
401927
401929
401931
401932
401933
401934
401935
401936
401937
401938
401939
401940
401941
401942
401943
401944
401945
401946
401947
401948
401949
401950
401951
401952
401953
401954
401955
401956
401957
401958
401959
401960
401961
401962
401963
401966
401969
401970
401971
401972
401973
401974
401975
401976
401978
401980
401981
401982
401983
401984
401985
401986
401987
401988
401989
401990
401991
401992
401994
401995
401996
401997
401999
402000
402001
402002
402003
402004
402005
402007
402010
402011
402012
402013
402014
402015
402016
402017
402018
402020
402021
402022
402023
402024
402025
402026
402027
402028
402029
402031
402033
402034
402035
402036
402037
402038
402039
402040
402041
402042
402043
402044
402045
402046
402047
402048
402049
402050
402051
402052
402053
402054
402055
402057
402058
402059
402060
402061
402063
402064
402065
402066
402068
402069
402070
402071
402072
402073
402075
402076
402077
402078
402079
402080
402081
402082
402083
402084
402085
402087
402088
402089
402092
402093
402094
402095
402096
402097
402098
402099
402100
402101
402102
402103
402104
402105
402106
402107
402108
402109
402110
402111
402113
402114
402115
402116
402117
402118
402119
402120
402121
402122
402123
402124
402125
402126
402127
402128
402129
402130
402131
402132
402133
402134
402135
402136
402137
402138
402139
402140
402141
402143
402144
402145
402146
402147
402148
402149
402150
402151
402152
402153
402154
402155
402157
402158
402159
402160
402161
402162
402163
402164
402165
402166
402167
402168
402169
402170
402171
402173
402176
402179
402180
402181
402183
402184
402185
402186
402187
402188
402189
402190
402191
402192
402193
402194
402195
402196
402197
402198
402199
402200
402202
402203
402204
402205
402206
402207
402208
402209
402210
402211
402212
402213
402214
402215
402216
402217
402218
402219
402220
402221
402222
402223
402224
402225
402226
402230
402231
402232
402233
402234
402235
402236
402237
402238
402239
402240
402241
402242
402243
402244
402245
402246
402247
402248
402249
402250
402251
402252
402253
402254
402255
402256
402257
402258
402259
402260
402261
402262
402263
402264
402265
402266
402267
402268
402270
402271
402272
402273
402274
402275
402276
402277
402278
402279
402280
402281
402282
402283
402284
402285
402286
402287
402288
402289
402290
402291
402292
402293
402294
402295
402296
402297
402298
402299
402300
402301
402302
402303
402304
402305
402306
402308
402309
402310
402312
402313
402314
402315
402316
402317
402318
402319
402320
402321
402322
402323
402324
402325
402326
402330
402331
402332
402333
402334
402335
402336
402337
402338
402339
402340
402341
402342
402343
402344
402345
402346
402347
402348
402349
402350
402351
402352
402353
402354
402355
402356
402357
402358
402359
402360
402361
402362
402363
402364
402365
402366
402367
402368
402369
402370
402371
402372
402373
402374
402375
402377
402378
402381
402382
402383
402384
402385
402386
402387
402388
402389
402390
402391
402392
402393
402394
402395
402396
402397
402398
402399
402400
402401
402402
402403
402404
402405
402406
402407
402408
402409
402410
402411
402412
402413
402415
402417
402419
402420
402422
402423
402424
402426
402427
402428
402429
402430
402431
402433
402434
402435
402436
402437
402438
402439
402440
402441
402442
402443
402444
402445
402446
402448
402449
402450
402451
402452
402453
402455
402456
402457
402458
402459
402460
402461
402462
402463
402464
402465
402466
402467
402468
402470
402471
402472
402473
402474
402475
402476
402477
402478
402479
402480
402481
402482
402483
402484
402485
402486
402487
402488
402489
402490
402491
402492
402493
402494
402495
402496
402497
402498
402499
402500
402501
402503
402504
402505
402506
402507
402508
402509
402510
402511
402512
402513
402514
402515
402516
402517
402518
402520
402521
402523
402524
402525
402526
402527
402528
402529
402530
402531
402532
402533
402534
402535
402536
402538
402539
402540
402541
402542
402543
402544
402545
402546
402547
402548
402549
402550
402551
402552
402553
402554
402555
402556
402557
402558
402559
402560
402561
402562
402563
402564
402565
402566
402568
402569
402570
402571
402572
402573
402574
402576
402577
402578
402579
402580
402581
402582
402583
402584
402585
402586
402587
402590
402591
402592
402593
402594
402595
402596
402597
402599
402600
402601
402602
402603
402604
402605
402606
402607
402608
402610
402611
402612
402613
402614
402615
402616
402617
402618
402619
402620
402621
402622
402623
402624
402625
402626
402627
402628
402629
402630
402631
402632
402633
402634
402635
402637
402638
402639
402641
402642
402643
402644
402645
402646
402647
402648
402649
402650
402651
402654
402657
402659
402661
402662
402663
402664
402665
402667
402668
402669
402670
402671
402672
402673
402674
402675
402676
402677
402678
402679
402680
402681
402682
402683
402684
402685
402686
402687
402688
402689
402690
402691
402692
402693
402695
402696
402697
402698
402699
402700
402701
402702
402703
402704
402705
402706
402707
402708
402709
402711
402712
402713
402714
402717
402718
402719
402720
402721
402722
402723
402724
402725
402726
402727
402728
402729
402730
402731
402732
402734
402735
402736
402737
402738
402739
402740
402741
402742
402743
402745
402746
402747
402748
402749
402750
402751
402752
402753
402754
402755
402756
402757
402758
402759
402760
402761
402763
402765
402766
402768
402769
402770
402771
402772
402773
402774
402775
402778
402779
402780
402781
402782
402783
402784
402785
402786
402787
402788
402789
402790
402791
402792
402793
402794
402795
402796
402798
402799
402800
402802
402804
402805
402806
402807
402808
402809
402810
402811
402812
402813
402814
402815
402816
402817
402818
402819
402820
402821
402822
402823
402824
402826
402827
402828
402830
402831
402832
402833
402834
402835
402836
402837
402838
402839
402840
402841
402842
402843
402844
402845
402846
402847
402848
402849
402851
402853
402854
402855
402856
402857
402858
402859
402860
402861
402862
402863
402864
402865
402866
402867
402868
402869
402870
402871
402872
402873
402874
402875
402876
402877
402878
402879
402880
402881
402882
402883
402884
402885
402886
402887
402888
402889
402890
402891
402892
402893
402894
402895
402896
402897
402898
402899
402900
402901
402902
402904
402905
402906
402907
402908
402909
402910
402911
402912
402913
402914
402915
402916
402917
402918
402919
402920
402921
402922
402923
402924
402925
402926
402927
402928
402929
402930
402931
402932
402933
402934
402935
402936
402937
402938
402939
402940
402941
402942
402943
402944
402945
402947
402948
402949
402951
402952
402953
402954
402955
402957
402958
402959
402960
402961
402962
402963
402964
402965
402966
402967
402968
402969
402970
402971
402972
402973
402974
402975
402976
402977
402978
402979
402980
402981
402982
402983
402984
402985
402986
402987
402989
402990
402991
402992
402993
402994
402995
402996
402998
402999
403000
403001
403002
403003
403004
403005
403006
403007
403008
403009
403010
403011
403013
403014
403015
403016
403017
403018
403019
403020
403021
403022
403023
403024
403025
403026
403027
403028
403030
403031
403032
403033
403034
403035
403037
403038
403039
403040
403041
403042
403043
403044
403045
403046
403047
403048
403049
403051
403052
403053
403054
403056
403057
403058
403059
403060
403061
403062
403064
403065
403066
403067
403068
403069
403070
403071
403072
403073
403074
403075
403076
403077
403078
403079
403080
403081
403083
403084
403085
403086
403087
403088
403089
403090
403092
403093
403094
403095
403097
403098
403099
403100
403101
403102
403104
403106
403107
403108
403109
403110
403111
403112
403113
403114
403115
403116
403117
403118
403119
403121
403122
403123
403124
403125
403126
403127
403128
403129
403130
403131
403132
403133
403134
403135
403137
403138
403139
403140
403141
403142
403143
403144
403145
403146
403147
403148
403149
403150
403151
403152
403153
403154
403155
403156
403157
403158
403159
403160
403161
403162
403163
403164
403165
403166
403167
403168
403169
403170
403171
403172
403173
403174
403175
403176
403177
403178
403179
403180
403181
403182
403183
403184
403185
403186
403187
403188
403190
403192
403193
403194
403195
403196
403197
403198
403199
403200
403201
403202
403203
403204
403205
403206
403207
403208
403209
403210
403211
403212
403213
403214
403216
403217
403218
403219
403220
403221
403222
403223
403224
403225
403226
403227
403228
403229
403230
403231
403232
403233
403234
403235
403236
403237
403238
403239
403240
403241
403242
403243
403244
403245
403246
403247
403248
403249
403250
403251
403252
403253
403255
403256
403259
403260
403261
403262
403264
403265
403266
403268
403269
403270
403271
403272
403273
403274
403275
403276
403277
403279
403280
403281
403282
403283
403285
403286
403287
403288
403289
403290
403291
403292
403293
403294
403295
403296
403297
403298
403299
403300
403301
403302
403303
403304
403306
403307
403308
403309
403310
403311
403312
403313
403314
403315
403316
403317
403318
403319
403320
403321
403322
403323
403324
403325
403326
403327
403328
403329
403330
403331
403332
403333
403334
403335
403336
403337
403338
403339
403340
403341
403342
403343
403344
403345
403346
403347
403348
403349
403350
403352
403353
403354
403355
403356
403357
403358
403359
403360
403361
403362
403363
403364
403365
403366
403367
403368
403369
403370
403371
403372
403373
403374
403375
403376
403377
403378
403379
403380
403381
403382
403383
403384
403385
403386
403387
403389
403390
403391
403392
403393
403394
403395
403396
403397
403398
403399
403400
403401
403402
403403
403404
403405
403406
403407
403409
403410
403411
403412
403413
403416
403417
403418
403419
403420
403421
403422
403423
403424
403425
403426
403427
403428
403429
403430
403431
403433
403434
403435
403436
403437
403439
403440
403442
403443
403444
403445
403446
403447
403448
403449
403450
403451
403452
403456
403457
403459
403461
403462
403465
403467
403468
403470
403474
403475
403476
403477
403480
403482
403483
403487
403488
403489
403493
403499
403501
403504
403505
403506
403507
403508
403509
403510
403511
403512
403513
403514
403515
403516
403517
403518
403520
403521
403522
403523
403524
403525
403526
403527
403528
403529
403530
403531
403532
403533
403534
403536
403538
403539
403540
403542
403543
403545
403546
403547
403549
403551
403552
403553
403554
403556
403557
403558
403560
403561
403562
403564
403565
403566
403567
403568
403569
403570
403571
403573
403574
403575
403576
403577
403578
403579
403580
403581
403582
403583
403584
403585
403586
403587
403588
403589
403590
403591
403592
403593
403594
403597
403598
403599
403600
403601
403602
403604
403605
403606
403607
403608
403609
403610
403611
403613
403614
403615
403616
403618
403619
403620
403621
403622
403623
403624
403625
403628
403629
403632
403634
403635
403636
403637
403638
403639
403640
403642
403644
403645
403647
403648
403649
403650
403651
403652
403653
403654
403655
403656
403657
403658
403659
403660
403661
403662
403664
403665
403666
403667
403668
403670
403671
403672
403673
403674
403675
403677
403678
403679
403680
403681
403682
403686
403687
403688
403690
403691
403692
403693
403694
403695
403696
403697
403698
403699
403700
403701
403703
403704
403705
403706
403707
403708
403709
403710
403711
403713
403715
403717
403719
403720
403721
403724
403729
403731
403733
403735
403738
403739
403740
403741
403743
403744
403745
403746
403749
403752
403753
403754
403755
403756
403757
403758
403760
403761
403765
403767
403769
403775
403778
403779
403781
403782
403785
403786
403787
403788
403789
403790
403791
403793
403795
403796
403798
403799
403801
403802
403806
403808
403809
403810
403812
403813
403814
403815
403816
403817
403818
403819
403820
403821
403822
403823
403824
403826
403827
403828
403829
403830
403831
403832
403833
403834
403835
403836
403837
403838
403840
403841
403842
403843
403844
403845
403846
403847
403848
403849
403850
403851
403852
403853
403854
403855
403856
403857
403858
403859
403860
403861
403862
403863
403864
403865
403866
403867
403868
403869
403870
403871
403872
403874
403875
403876
403877
403878
403879
403880
403881
403883
403884
403885
403886
403887
403888
403889
403890
403891
403892
403893
403894
403895
403896
403897
403898
403899
403900
403901
403902
403903
403904
403905
403906
403907
403908
403909
403910
403911
403913
403914
403915
403916
403917
403918
403919
403920
403921
403922
403923
403924
403925
403926
403927
403928
403929
403930
403931
403932
403933
403934
403935
403936
403937
403938
403939
403940
403941
403943
403944
403945
403946
403947
403949
403951
403952
403953
403954
403955
403956
403957
403958
403959
403960
403961
403962
403963
403964
403965
403966
403968
403969
403970
403972
403973
403974
403975
403976
403977
403978
403979
403980
403981
403982
403983
403984
403985
403986
403987
403989
403990
403991
403992
403993
403994
403995
403996
403997
403998
403999
404000
404001
404002
404003
404004
404005
404006
404007
404008
404009
404010
404011
404012
404013
404014
404015
404016
404017
404018
404019
404020
404021
404022
404023
404024
404025
404026
404027
404028
404029
404030
404031
404032
404033
404035
404036
404037
404038
404040
404041
404042
404043
404044
404045
404046
404047
404048
404049
404051
404052
404053
404054
404055
404056
404059
404060
404061
404062
404063
404065
404066
404067
404069
404071
404072
404073
404075
404076
404077
404078
404079
404080
404081
404082
404083
404084
404085
404086
404087
404089
404090
404091
404093
404094
404095
404096
404097
404098
404099
404100
404101
404102
404103
404105
404106
404108
404109
404110
404112
404114
404116
404117
404118
404119
404120
404121
404122
404123
404124
404125
404127
404128
404130
404131
404132
404133
404134
404136
404138
404140
404141
404142
404143
404144
404145
404146
404147
404149
404150
404151
404152
404153
404154
404155
404156
404157
404158
404159
404160
404161
404162
404163
404164
404165
404166
404167
404168
404169
404170
404171
404172
404173
404174
404175
404176
404177
404178
404179
404180
404181
404183
404184
404185
404186
404187
404188
404189
404190
404191
404192
404193
404194
404195
404196
404197
404198
404199
404200
404201
404203
404204
404205
404206
404207
404208
404209
404210
404211
404212
404213
404214
404215
404216
404217
404218
404221
404222
404224
404225
404226
404228
404230
404232
404233
404234
404235
404236
404237
404238
404239
404240
404241
404242
404243
404244
404245
404246
404249
404250
404251
404252
404253
404255
404256
404257
404258
404259
404260
404261
404262
404263
404264
404265
404267
404268
404269
404270
404271
404272
404273
404274
404275
404276
404277
404278
404279
404280
404281
404282
404283
404284
404285
404286
404287
404288
404289
404290
404291
404292
404293
404294
404296
404297
404298
404299
404300
404301
404302
404303
404304
404305
404306
404308
404309
404310
404311
404312
404313
404314
404316
404317
404318
404319
404321
404322
404323
404324
404325
404326
404329
404330
404331
404332
404334
404335
404336
404337
404338
404339
404340
404341
404342
404343
404344
404345
404346
404347
404348
404349
404350
404351
404352
404353
404354
404355
404356
404358
404359
404360
404361
404362
404363
404364
404365
404366
404367
404368
404369
404370
404371
404372
404373
404374
404375
404376
404378
404379
404380
404381
404382
404383
404384
404386
404387
404388
404389
404390
404391
404392
404393
404394
404395
404396
404398
404399
404400
404401
404402
404403
404404
404405
404406
404407
404408
404409
404410
404411
404412
404413
404414
404415
404416
404417
404418
404419
404420
404421
404422
404423
404424
404425
404426
404427
404428
404432
404433
404434
404435
404436
404437
404438
404439
404442
404443
404444
404445
404446
404447
404448
404449
404451
404452
404453
404454
404455
404456
404457
404459
404460
404461
404462
404464
404465
404466
404467
404468
404469
404470
404471
404473
404474
404475
404476
404477
404478
404479
404480
404481
404482
404483
404484
404485
404486
404487
404488
404489
404490
404491
404492
404494
404495
404496
404497
404498
404500
404501
404503
404504
404505
404506
404508
404510
404514
404515
404516
404518
404519
404520
404521
404522
404523
404524
404526
404527
404528
404529
404530
404531
404532
404533
404534
404535
404536
404537
404538
404539
404540
404541
404542
404543
404544
404545
404546
404547
404548
404550
404551
404552
404553
404554
404555
404556
404557
404559
404560
404561
404562
404563
404564
404565
404566
404567
404568
404569
404570
404571
404572
404573
404574
404575
404576
404577
404578
404579
404580
404581
404582
404583
404584
404585
404586
404587
404588
404589
404590
404591
404592
404593
404596
404597
404598
404599
404600
404601
404602
404604
404605
404606
404607
404608
404610
404611
404612
404613
404614
404615
404616
404617
404618
404619
404620
404621
404622
404623
404625
404626
404627
404628
404629
404630
404631
404632
404633
404634
404635
404636
404637
404638
404639
404640
404641
404642
404643
404644
404645
404646
404647
404648
404649
404650
404651
404652
404653
404654
404655
404656
404657
404658
404659
404660
404661
404662
404663
404664
404665
404666
404667
404668
404669
404670
404671
404673
404675
404676
404677
404678
404679
404680
404681
404682
404683
404684
404685
404686
404687
404688
404689
404690
404691
404692
404693
404694
404695
404696
404697
404699
404700
404701
404702
404704
404705
404706
404707
404708
404709
404711
404712
404713
404714
404715
404716
404717
404718
404719
404720
404721
404723
404724
404725
404726
404727
404728
404729
404730
404731
404732
404733
404734
404735
404736
404737
404738
404739
404740
404741
404742
404743
404744
404745
404746
404747
404748
404749
404750
404751
404752
404753
404755
404756
404757
404758
404760
404761
404762
404763
404764
404765
404766
404767
404768
404769
404770
404771
404772
404773
404774
404775
404776
404777
404778
404780
404781
404782
404783
404785
404786
404787
404788
404789
404790
404791
404792
404793
404794
404796
404797
404798
404799
404800
404801
404802
404804
404805
404806
404807
404808
404809
404810
404811
404812
404815
404816
404817
404818
404819
404820
404821
404822
404823
404824
404825
404826
404827
404828
404829
404830
404831
404832
404833
404834
404835
404836
404837
404838
404839
404840
404841
404842
404844
404845
404846
404847
404848
404849
404850
404851
404852
404853
404854
404855
404856
404857
404858
404860
404861
404864
404865
404868
404869
404870
404871
404872
404873
404874
404875
404876
404877
404878
404879
404880
404881
404882
404883
404884
404885
404886
404887
404888
404889
404890
404891
404892
404894
404896
404897
404898
404899
404900
404901
404902
404903
404904
404905
404906
404907
404908
404909
404910
404911
404912
404913
404914
404915
404916
404917
404918
404919
404920
404921
404924
404925
404927
404928
404929
404930
404931
404932
404933
404934
404935
404936
404937
404938
404939
404940
404941
404942
404944
404945
404947
404948
404949
404950
404953
404955
404956
404957
404958
404959
404961
404962
404963
404964
404965
404966
404967
404969
404970
404971
404972
404973
404974
404975
404977
404978
404979
404980
404981
404982
404983
404984
404985
404986
404987
404988
404989
404990
404991
404992
404993
404994
404995
404996
404997
404998
404999
405000
405001
405002
405003
405004
405005
405006
405007
405009
405010
405011
405013
405014
405015
405016
405017
405018
405019
405020
405021
405022
405024
405025
405026
405027
405028
405029
405031
405032
405034
405035
405036
405038
405039
405040
405044
405045
405047
405048
405049
405050
405051
405052
405053
405054
405055
405056
405057
405058
405059
405060
405061
405062
405064
405065
405066
405067
405068
405069
405070
405071
405072
405073
405074
405075
405076
405078
405079
405080
405081
405082
405084
405085
405086
405087
405088
405089
405090
405091
405092
405093
405094
405095
405096
405097
405098
405100
405101
405102
405103
405104
405105
405106
405107
405110
405111
405112
405113
405114
405115
405116
405119
405120
405121
405123
405124
405125
405126
405127
405128
405129
405131
405132
405133
405134
405135
405136
405137
405138
405139
405140
405141
405142
405143
405144
405145
405146
405147
405148
405149
405150
405151
405152
405153
405154
405155
405156
405157
405158
405159
405160
405162
405163
405164
405165
405166
405167
405168
405170
405171
405172
405173
405174
405175
405176
405177
405178
405179
405181
405182
405183
405184
405185
405186
405187
405188
405189
405190
405191
405192
405193
405194
405195
405196
405197
405199
405200
405201
405202
405203
405204
405205
405206
405207
405208
405209
405210
405211
405212
405213
405214
405219
405220
405221
405222
405223
405224
405225
405226
405227
405228
405229
405231
405232
405233
405234
405235
405236
405237
405238
405239
405240
405241
405242
405243
405244
405245
405246
405247
405248
405249
405250
405251
405252
405253
405255
405257
405258
405259
405261
405262
405263
405264
405265
405266
405267
405268
405269
405270
405272
405273
405274
405275
405276
405277
405278
405279
405280
405281
405282
405283
405284
405285
405286
405287
405288
405289
405290
405291
405292
405293
405294
405295
405296
405297
405298
405299
405300
405301
405302
405303
405305
405306
405307
405308
405309
405311
405312
405314
405316
405317
405318
405319
405320
405321
405322
405323
405324
405325
405326
405327
405328
405330
405331
405333
405334
405335
405336
405337
405338
405340
405341
405342
405343
405344
405345
405346
405347
405348
405349
405350
405351
405352
405353
405354
405355
405356
405357
405358
405360
405361
405362
405363
405364
405365
405366
405367
405368
405370
405371
405372
405373
405375
405376
405377
405378
405379
405380
405381
405382
405383
405384
405385
405386
405387
405388
405389
405390
405392
405394
405397
405398
405399
405400
405401
405402
405403
405404
405405
405406
405407
405408
405409
405410
405411
405412
405413
405414
405416
405417
405418
405419
405420
405421
405422
405423
405424
405425
405426
405427
405428
405430
405431
405433
405434
405436
405437
405438
405439
405440
405441
405442
405443
405444
405445
405446
405447
405448
405451
405452
405454
405456
405457
405458
405459
405461
405462
405463
405464
405465
405466
405467
405468
405469
405470
405471
405472
405473
405474
405475
405476
405477
405478
405479
405480
405481
405482
405484
405485
405486
405487
405488
405489
405490
405491
405492
405493
405494
405496
405497
405498
405499
405500
405501
405502
405503
405504
405505
405507
405508
405509
405510
405512
405514
405515
405517
405518
405519
405520
405521
405522
405524
405525
405526
405527
405528
405529
405530
405531
405532
405533
405534
405536
405537
405538
405539
405540
405541
405542
405543
405544
405545
405546
405547
405548
405549
405550
405551
405552
405553
405554
405556
405557
405558
405559
405560
405561
405563
405564
405565
405566
405567
405568
405569
405571
405572
405573
405574
405575
405576
405577
405578
405579
405580
405581
405582
405583
405584
405585
405589
405590
405592
405594
405595
405596
405597
405598
405599
405600
405601
405603
405604
405605
405606
405607
405608
405609
405610
405611
405612
405613
405614
405615
405616
405617
405618
405619
405620
405621
405622
405623
405624
405625
405626
405627
405628
405629
405630
405631
405632
405633
405634
405635
405637
405638
405640
405641
405642
405643
405644
405645
405646
405647
405648
405649
405650
405651
405652
405653
405654
405655
405656
405657
405658
405659
405660
405661
405662
405663
405664
405665
405669
405670
405671
405672
405684
405686
405687
405689
405690
405691
405694
405696
405698
405700
405701
405702
405703
405706
405707
405710
405712
405713
405716
405717
405718
405719
405720
405721
405723
405724
405725
405726
405727
405728
405729
405730
405731
405733
405734
405735
405736
405737
405738
405739
405740
405741
405742
405743
405744
405745
405746
405747
405748
405749
405750
405751
405752
405753
405754
405755
405756
405757
405758
405760
405761
405762
405763
405764
405765
405766
405767
405768
405769
405770
405772
405773
405774
405775
405776
405777
405778
405779
405780
405781
405782
405783
405784
405786
405787
405788
405789
405791
405792
405793
405794
405795
405796
405797
405798
405799
405800
405801
405802
405803
405804
405805
405806
405807
405808
405809
405810
405811
405812
405813
405814
405815
405816
405817
405818
405819
405820
405821
405822
405823
405824
405826
405827
405828
405829
405830
405831
405832
405833
405835
405836
405839
405841
405842
405843
405844
405845
405847
405848
405849
405851
405853
405854
405855
405856
405858
405859
405860
405861
