45148
45149
45150
45151
45152
45153
45155
45156
45157
45158
45159
45160
45161
45162
45163
45164
45166
45167
45168
45169
45170
45174
45175
45176
45177
45178
45179
45180
45181
45182
45183
45184
45185
45186
45187
45188
45189
45190
45191
45192
45193
45194
45196
45197
45198
45199
45200
45201
45202
45203
45204
45205
45206
45207
45208
45210
45211
45212
45213
45214
45215
45216
45217
45218
45219
45220
45221
45222
45223
45225
45226
45227
45228
45229
45230
45231
45232
45233
45234
45235
45236
45237
45238
45239
45240
45241
45242
45243
45244
45245
45246
45247
45248
45249
45250
45251
45252
45254
45256
45257
45258
45259
45260
45261
45262
45264
45265
45266
45267
45268
45269
45270
45272
45273
45274
45278
45279
45280
45282
45283
45285
45286
45287
45288
45289
45290
45291
45292
45293
45295
45296
45297
45298
45299
45300
45301
45302
45303
45304
45305
45307
45311
45312
45313
45314
45315
45316
45317
45318
45319
45320
45321
45322
45323
45324
45325
45326
45328
45329
45331
45332
45335
45336
45339
45340
45341
45343
45344
45345
45346
45347
45348
45349
45350
45356
45357
45359
45360
45361
45362
45363
45364
45368
45369
45370
45371
45372
45373
45374
45375
45376
45377
45378
45379
45380
45381
45382
45383
45384
45385
45386
45388
45389
45390
45391
45392
45393
45394
45395
45396
45397
45398
45399
45400
45401
45402
45403
45404
45405
45407
45408
45410
45411
45412
45413
45414
45415
45417
45418
45420
45425
45426
45427
45428
45429
45430
45431
45432
45433
45435
45437
45438
45439
45440
45441
45442
45443
45444
45445
45446
45447
45448
45449
45450
45452
45453
45454
45457
45458
45459
45460
45462
45463
45464
45465
45467
45468
45470
45471
45472
45473
45474
45475
45476
45477
45478
45479
45480
45482
45483
45484
45485
45486
45487
45488
45489
45490
45491
45492
45493
45494
45495
45496
45497
45499
45500
45501
45502
45503
45504
45505
45506
45507
45508
45509
45511
45512
45513
45515
45516
45518
45520
45522
45523
45525
45527
45528
45529
45530
45531
45532
45533
45534
45535
45536
45537
45538
45545
45546
45547
45548
45549
45551
45552
45553
45554
45555
45556
45557
45558
45559
45561
45562
45563
45564
45565
45566
45567
45568
45569
45570
45571
45572
45573
45575
45576
45577
45578
45579
45580
45581
45582
45583
45585
45588
45589
45590
45592
45593
45594
45595
45597
45598
45599
45600
45601
45602
45603
45607
45608
45609
45610
45611
45612
45613
45614
45615
45616
45617
45620
45621
45622
45623
45625
45626
45627
45628
45630
45631
45632
45633
45636
45637
45640
45641
45642
45644
45645
45646
45647
45649
45650
45651
45654
45655
45657
45658
45659
45660
45662
45663
45664
45665
45667
45668
45669
45670
45671
45672
45673
45674
45675
45676
45677
45678
45679
45680
45681
45682
45684
45685
45686
45687
45688
45690
45691
45692
45693
45694
45695
45697
45698
45699
45700
45703
45704
45705
45706
45708
45709
45710
45711
45712
45713
45714
45715
45716
45717
45718
45719
45720
45721
45722
45723
45724
45725
45726
45729
45731
45736
45737
45738
45739
45740
45741
45742
45744
45745
45746
45748
45749
45750
45751
45752
45756
45757
45758
45759
45760
45761
45763
45764
45765
45766
45767
45768
45769
45771
45772
45773
45774
45775
45776
45777
45778
45779
45780
45781
45782
45783
45784
45785
45786
45787
45788
45789
45790
45791
45792
45793
45795
45796
45797
45798
45799
45800
45801
45802
45803
45805
45806
45807
45810
45811
45813
45814
45815
45816
45817
45819
45820
45821
45822
45823
45824
45825
45827
45828
45829
45830
45831
45833
45835
45838
45839
45840
45841
45845
45846
45847
45849
45850
45851
45852
45853
45854
45856
45857
45859
45860
45861
45862
45863
45864
45865
45866
45867
45868
45871
45873
45874
45875
45876
45877
45878
45879
45880
45881
45882
45883
45884
45886
45887
45888
45889
45890
45891
45892
45893
45894
45895
45896
45897
45899
45900
45901
45902
45903
45904
45905
45906
45912
45914
45915
45916
45917
45919
45920
45921
45924
45925
45926
45927
45928
45929
45930
45931
45932
45933
45935
45936
45937
45938
45939
45940
45941
45942
45943
45944
45945
45946
45948
45949
45950
45951
45952
45953
45954
45957
45958
45959
45960
45961
45962
45963
45964
45965
45966
45967
45968
45969
45970
45971
45973
45974
45975
45976
45977
45978
45979
45980
45981
45982
45983
45984
45985
45986
45987
45990
45991
45993
45995
45996
45997
45998
45999
46000
46001
46003
46004
46005
46007
46008
46009
46010
46011
46012
46013
46014
46015
46016
46017
46018
46019
46020
46021
46022
46023
46024
46025
46026
46027
46028
46029
46030
46033
46034
46035
46036
46037
46038
46039
46040
46041
46042
46043
46044
46045
46046
46047
46048
46049
46050
46051
46053
46054
46055
46056
46058
46059
46060
46061
46062
46063
46064
46065
46067
46068
46069
46074
46075
46076
46077
46078
46079
46081
46086
46088
46089
46091
46092
46093
46094
46095
46097
46098
46099
46100
46101
46102
46103
46104
46105
46106
46107
46108
46109
46110
46111
46112
46113
46114
46115
46116
46117
46118
46119
46122
46124
46126
46127
46128
46129
46131
46132
46133
46134
46135
46136
46137
46138
46139
46140
46142
46143
46144
46145
46146
46147
46148
46149
46150
46151
46152
46153
46155
46156
46158
46159
46162
46163
46164
46165
46166
46168
46169
46172
46173
46174
46175
46176
46177
46178
46179
46180
46181
46182
46184
46185
46186
46187
46188
46189
46190
46191
46192
46193
46194
46195
46196
46197
46198
46199
46200
46203
46204
46205
46206
46207
46208
46209
46210
46211
46212
46213
46214
46215
46216
46217
46219
46221
46222
46223
46224
46225
46226
46227
46228
46229
46230
46232
46233
46234
46236
46238
46239
46240
46241
46242
46244
46247
46249
46250
46251
46252
46253
46254
46255
46256
46257
46258
46259
46260
46261
46262
46264
46265
46266
46267
46268
46269
46270
46273
46274
46275
46276
46277
46278
46280
46281
46282
46283
46284
46285
46286
46288
46289
46290
46291
46292
46293
46296
46297
46298
46299
46300
46301
46302
46304
46305
46306
46307
46308
46309
46312
46313
46314
46315
46316
46317
46320
46321
46322
46323
46326
46327
46328
46329
46330
46332
46333
46334
46335
46336
46337
46338
46339
46340
46341
46342
46343
46345
46351
46352
46354
46355
46356
46358
46359
46360
46361
46362
46363
46364
46365
46366
46367
46368
46369
46370
46371
46372
46373
46374
46375
46376
46377
46378
46379
46380
46381
46382
46383
46385
46386
46387
46388
46389
46390
46391
46392
46396
46398
46400
46401
46402
46403
46404
46405
46406
46407
46408
46409
46410
46411
46412
46413
46414
46415
46416
46417
46418
46419
46420
46421
46422
46423
46424
46426
46427
46428
46429
46430
46431
46432
46433
46434
46435
46436
46437
46439
46441
46442
46443
46445
46446
46447
46448
46449
46451
46452
46453
46454
46455
46456
46458
46460
46461
46462
46463
46464
46465
46466
46467
46468
46469
46470
46471
46472
46473
46474
46475
46479
46481
46483
46484
46485
46486
46487
46488
46489
46490
46491
46492
46493
46494
46495
46496
46498
46499
46500
46501
46502
46503
46504
46506
46507
46508
46509
46510
46513
46514
46515
46516
46517
46518
46521
46522
46523
46524
46525
46526
46528
46529
46530
46531
46532
46533
46534
46535
46536
46537
46541
46542
46543
46545
46546
46547
46548
46550
46551
46552
46553
46554
46555
46556
46557
46558
46559
46560
46561
46562
46563
46564
46565
46566
46567
46568
46569
46570
46573
46574
46575
46576
46578
46580
46581
46582
46583
46584
46586
46587
46588
46590
46591
46592
46593
46594
46595
46609
46610
46611
46614
46615
46616
46617
46618
46619
46620
46622
46623
46624
46625
46626
46629
46631
46632
46633
46637
46639
46640
46641
46642
46643
46644
46645
46646
46647
46648
46649
46650
46651
46652
46653
46654
46655
46656
46657
46658
46659
46660
46661
46662
46663
46664
46665
46666
46667
46668
46669
46670
46671
46673
46674
46675
46676
46677
46678
46679
46680
46681
46682
46684
46685
46686
46687
46688
46689
46690
46691
46692
46693
46694
46695
46696
46697
46699
46700
46701
46702
46703
46704
46705
46706
46707
46708
46709
46711
46712
46713
46714
46715
46716
46717
46718
46719
46720
46721
46722
46723
46724
46725
46726
46727
46728
46729
46730
46731
46732
46733
46734
46735
46736
46737
46738
46739
46740
46741
46742
46743
46744
46745
46746
46747
46748
46749
46750
46751
46752
46753
46754
46755
46756
46757
46758
46759
46760
46761
46762
46763
46765
46766
46767
46768
46769
46770
46771
46772
46773
46774
46776
46777
46778
46780
46781
46782
46783
46784
46785
46786
46787
46788
46789
46790
46791
46792
46793
46795
46796
46797
46798
46799
46800
46801
46802
46803
46804
46805
46806
46807
46808
46809
46810
46812
46814
46815
46816
46817
46818
46819
46820
46821
46822
46823
46824
46825
46826
46827
46828
46829
46830
46831
46832
46833
46834
46835
46836
46837
46838
46839
46840
46841
46842
46843
46844
46845
46847
46848
46849
46850
46851
46852
46853
46854
46855
46856
46857
46858
46859
46860
46861
46862
46863
46864
46865
46866
46867
46868
46869
46870
46871
46872
46873
46874
46875
46876
46877
46878
46879
46880
46882
46883
46884
46885
46886
46887
46888
46889
46890
46891
46892
46893
46894
46895
46896
46897
46898
46899
46900
46901
46902
46903
46904
46905
46907
46908
46909
46910
46911
46913
46914
46915
46916
46917
46918
46919
46920
46921
46922
46923
46924
46925
46927
46928
46929
46930
46931
46932
46933
46934
46935
46936
46938
46939
46940
46941
46942
46943
46944
46945
46946
46947
46948
46949
46952
46953
46954
46955
46956
46957
46958
46959
46960
46961
46962
46963
46965
46966
46967
46968
46970
46971
46972
46973
46974
46975
46976
46977
46978
46979
46980
46982
46983
46984
46985
46986
46987
46988
46989
46990
46991
46992
46993
46994
46995
46996
46997
46998
46999
47000
47001
47002
47003
47004
47006
47007
47008
47009
47010
47011
47013
47014
47015
47016
47017
47018
47019
47022
47023
47024
47025
47026
47029
47030
47032
47033
47034
47037
47038
47039
47040
47041
47042
47043
47044
47045
47046
47047
47048
47049
47050
47051
47052
47053
47054
47055
47056
47057
47058
47059
47060
47061
47062
47063
47064
47065
47066
47068
47069
47070
47072
47073
47074
47075
47076
47077
47078
47081
47088
47089
47090
47091
47092
47093
47094
47095
47096
47097
47098
47099
47100
47101
47102
47103
47104
47105
47106
47107
47108
47109
47110
47111
47112
47113
47114
47115
47116
47117
47118
47119
47120
47121
47122
47123
47124
47125
47126
47127
47128
47129
47130
47131
47133
47135
47136
47137
47138
47139
47140
47141
47142
47143
47144
47145
47149
47150
47151
47152
47153
47155
47156
47157
47158
47159
47160
47161
47162
47163
47166
47167
47168
47169
47170
47171
47173
47174
47175
47176
47177
47179
47181
47182
47183
47184
47185
47186
47187
47188
47190
47191
47192
47193
47194
47195
47197
47198
47199
47200
47201
47202
47203
47204
47205
47206
47207
47208
47211
47212
47215
47216
47217
47218
47219
47223
47224
47225
47226
47227
47228
47229
47231
47232
47233
47234
47236
47237
47238
47239
47240
47241
47243
47244
47245
47246
47247
47249
47250
47251
47252
47253
47254
47256
47257
47259
47260
47261
47262
47263
47264
47265
47266
47267
47268
47269
47270
47271
47272
47273
47274
47275
47276
47277
47278
47280
47281
47282
47283
47284
47285
47286
47287
47288
47289
47290
47291
47292
47293
47294
47295
47296
47297
47298
47299
47300
47301
47302
47303
47304
47305
47308
47309
47310
47311
47312
47313
47314
47315
47316
47317
47318
47319
47320
47322
47323
47324
47325
47327
47329
47330
47331
47332
47333
47334
47335
47336
47338
47340
47341
47342
47345
47352
47353
47354
47355
47356
47357
47358
47359
47360
47361
47362
47363
47364
47366
47367
47369
47370
47376
47383
47384
47385
47386
47387
47388
47390
47392
47393
47394
47395
47396
47397
47398
47399
47401
47402
47403
47404
47405
47406
47407
47408
47409
47410
47411
47412
47413
47416
47423
47424
47425
47426
47428
47429
47430
47431
47432
47433
47434
47435
47436
47437
47438
47439
47440
47441
47442
47443
47444
47445
47446
47447
47448
47449
47450
47451
47452
47453
47454
47455
47456
47457
47458
47459
47460
47461
47462
47463
47465
47466
47467
47468
47469
47470
47471
47472
47473
47474
47475
47476
47479
47480
47481
47482
47483
47485
47486
47487
47488
47489
47490
47491
47492
47493
47495
47496
47497
47498
47499
47500
47501
47502
47503
47504
47505
47506
47507
47508
47509
47510
47511
47514
47515
47516
47517
47518
47519
47520
47521
47522
47523
47524
47525
47526
47530
47532
47533
47534
47535
47536
47537
47538
47540
47541
47542
47543
47546
47547
47549
47550
47553
47554
47555
47556
47557
47559
47560
47561
47562
47564
47565
47567
47568
47569
47570
47571
47572
47573
47575
47576
47577
47578
47579
47580
47581
47582
47583
47584
47585
47586
47587
47588
47589
47590
47591
47592
47593
47594
47595
47596
47597
47598
47599
47601
47602
47603
47604
47605
47606
47607
47608
47609
47610
47611
47612
47613
47614
47615
47616
47617
47618
47619
47620
47622
47623
47624
47625
47626
47628
47631
47632
47633
47634
47635
47638
47639
47640
47641
47643
47644
47645
47646
47647
47648
47649
47650
47651
47652
47653
47654
47655
47656
47657
47658
47659
47660
47662
47663
47665
47668
47670
47671
47672
47673
47674
47675
47676
47677
47678
47679
47680
47681
47682
47683
47684
47685
47686
47688
47689
47690
47691
47692
47693
47694
47695
47696
47697
47698
47699
47700
47701
47702
47703
47704
47705
47706
47707
47708
47710
47711
47712
47713
47714
47715
47716
47717
47718
47720
47721
47723
47724
47725
47726
47727
47728
47729
47730
47731
47735
47736
47737
47738
47739
47740
47741
47742
47744
47745
47746
47747
47748
47749
47750
47751
47752
47753
47755
47757
47758
47759
47760
47762
47763
47765
47766
47767
47768
47769
47771
47773
47774
47777
47778
47779
47780
47781
47782
47783
47784
47786
47787
47788
47789
47790
47791
47792
47793
47794
47795
47796
47797
47798
47799
47800
47801
47802
47803
47804
47807
47808
47810
47811
47812
47813
47815
47816
47817
47818
47821
47822
47825
47826
47827
47828
47830
47831
47832
47833
47834
47835
47836
47837
47838
47839
47840
47841
47842
47843
47844
47845
47846
47847
47848
47849
47850
47851
47852
47853
47854
47855
47856
47858
47859
47860
47861
47862
47863
47864
47865
47866
47867
47868
47869
47870
47871
47873
47874
47876
47878
47880
47881
47882
47883
47884
47885
47886
47887
47888
47889
47890
47891
47892
47893
47894
47895
47896
47897
47898
47899
47900
47901
47902
47903
47904
47906
47907
47908
47911
47912
47913
47914
47915
47916
47917
47918
47919
47920
47921
47922
47923
47924
47925
47926
47927
47928
47929
47930
47931
47932
47933
47935
47936
47937
47938
47939
47940
47941
47942
47943
47944
47945
47946
47947
47948
47950
47951
47952
47953
47954
47955
47956
47957
47958
47959
47960
47961
47962
47963
47964
47965
47966
47968
47971
47973
47974
47975
47976
47977
47978
47979
47980
47981
47984
47985
47988
47989
47990
47992
47993
47994
47997
47998
47999
48000
48002
48003
48004
48005
48006
48007
48008
48009
48011
48012
48014
48015
48016
48017
48018
48019
48034
48035
48036
48038
48099
48100
48101
48108
48109
48110
48111
48112
48114
48115
48116
48117
48118
48119
48121
48122
48123
48124
48125
48127
48128
48129
48130
48131
48132
48133
48135
48136
48137
48138
48139
48140
48141
48142
48143
48144
48145
48146
48147
48148
48149
48150
48151
48152
48153
48155
48156
48157
48158
48159
48160
48161
48162
48163
48165
48166
48167
48168
48169
48170
48171
48172
48173
48174
48175
48180
48184
48185
48186
48187
48189
48191
48192
48193
48195
48196
48197
48198
48199
48200
48201
48202
48203
48204
48205
48206
48207
48208
48209
48210
48211
48212
48213
48214
48215
48216
48217
48218
48219
48220
48221
48222
48223
48226
48227
48228
48229
48230
48231
48232
48233
48234
48235
48236
48237
48238
48239
48240
48241
48242
48243
48244
48245
48246
48248
48249
48250
48251
48252
48253
48254
48255
48256
48257
48259
48260
48261
48262
48263
48264
48265
48266
48267
48268
48269
48270
48271
48272
48273
48274
48275
48276
48277
48278
48279
48280
48281
48282
48283
48284
48285
48286
48287
48288
48289
48290
48291
48292
48294
48295
48296
48297
48298
48299
48300
48301
48302
48303
48304
48305
48306
48307
48308
48309
48311
48312
48313
48314
48315
48316
48318
48319
48320
48321
48322
48323
48325
48326
48327
48328
48329
48330
48331
48332
48333
48334
48335
48336
48337
48338
48339
48340
48341
48342
48343
48345
48346
48347
48349
48350
48351
48352
48353
48354
48355
48356
48357
48358
48359
48360
48361
48362
48363
48364
48365
48366
48367
48368
48369
48370
48372
48373
48374
48375
48376
48377
48378
48379
48381
48382
48383
48385
48386
48387
48388
48390
48391
48392
48393
48394
48395
48396
48397
48398
48399
48400
48401
48402
48403
48404
48405
48406
48407
48408
48409
48410
48411
48412
48413
48414
48415
48417
48418
48419
48420
48421
48424
48425
48426
48427
48431
48438
48439
48440
48441
48442
48443
48444
48445
48446
48447
48448
48449
48451
48453
48454
48455
48457
48458
48459
48460
48461
48463
48464
48465
48466
48467
48468
48471
48473
48480
48481
48482
48483
48484
48485
48486
48487
48488
48489
48490
48491
48492
48493
48494
48495
48496
48498
48499
48500
48501
48502
48503
48504
48505
48506
48507
48508
48509
48510
48511
48513
48514
48515
48516
48519
48520
48521
48522
48523
48524
48525
48526
48527
48528
48529
48530
48531
48532
48534
48535
48536
48537
48538
48539
48540
48541
48542
48543
48544
48545
48546
48547
48548
48549
48550
48551
48552
48553
48554
48555
48556
48557
48558
48559
48560
48561
48562
48563
48564
48565
48566
48567
48569
48570
48571
48572
48573
48575
48576
48578
48579
48580
48581
48582
48583
48584
48585
48587
48589
48590
48591
48592
48593
48594
48595
48596
48598
48599
48600
48601
48603
48604
48605
48606
48608
48609
48610
48611
48612
48613
48615
48616
48617
48618
48619
48620
48621
48622
48623
48624
48625
48626
48627
48628
48629
48630
48631
48632
48633
48635
48636
48637
48638
48640
48641
48643
48644
48645
48646
48647
48648
48649
48650
48651
48652
48653
48654
48657
48658
48659
48660
48661
48662
48664
48665
48666
48668
48669
48670
48671
48672
48674
48675
48676
48677
48678
48679
48681
48682
48683
48684
48685
48686
48687
48688
48689
48690
48691
48692
48693
48694
48696
48697
48698
48699
48700
48701
48702
48703
48704
48705
48706
48707
48708
48709
48710
48711
48712
48713
48714
48715
48716
48719
48720
48721
48722
48724
48725
48726
48727
48728
48730
48731
48732
48733
48734
48735
48736
48737
48738
48739
48740
48741
48742
48744
48745
48746
48747
48748
48749
48750
48751
48752
48753
48755
48756
48757
48758
48759
48760
48761
48763
48764
48767
48769
48770
48771
48772
48773
48774
48775
48777
48778
48779
48780
48781
48782
48783
48784
48785
48786
48787
48788
48790
48791
48792
48793
48794
48795
48797
48798
48800
48803
48804
48806
48807
48808
48809
48811
48812
48813
48814
48815
48816
48817
48818
48819
48820
48821
48822
48823
48825
48826
48827
48828
48830
48831
48832
48833
48834
48835
48836
48837
48838
48839
48841
48842
48843
48844
48845
48846
48847
48848
48849
48850
48851
48852
48853
48855
48856
48858
48859
48860
48861
48862
48863
48864
48866
48867
48868
48869
48870
48871
48872
48873
48874
48875
48879
48880
48881
48882
48883
48884
48885
48886
48887
48888
48889
48890
48891
48892
48893
48894
48895
48896
48897
48898
48899
48900
48901
48902
48903
48904
48905
48906
48909
48910
48912
48913
48914
48915
48916
48917
48918
48919
48920
48921
48922
48923
48924
48925
48926
48927
48928
48929
48930
48931
48933
48935
48937
48938
48939
48940
48941
48942
48943
48944
48945
48946
48948
48949
48950
48953
48954
48955
48957
48958
48959
48960
48961
48962
48963
48964
48966
48967
48968
48973
48975
48976
48977
48978
48981
48985
48987
48988
48989
48992
48993
48994
48995
48996
48997
48999
49000
49001
49002
49003
49004
49005
49006
49007
49008
49009
49010
49011
49012
49013
49014
49016
49017
49018
49020
49021
49022
49026
49027
49028
49029
49030
49031
49032
49033
49035
49036
49037
49038
49039
49040
49041
49042
49043
49044
49045
49046
49047
49049
49050
49051
49052
49053
49054
49056
49057
49058
49059
49060
49062
49063
49064
49065
49067
49069
49070
49071
49072
49073
49074
49076
49077
49081
49082
49084
49085
49086
49087
49088
49090
49092
49093
49095
49096
49097
49098
49099
49100
49101
49102
49103
49104
49105
49106
49107
49108
49109
49110
49111
49112
49113
49114
49115
49116
49117
49118
49119
49120
49121
49122
49123
49124
49125
49126
49127
49128
49129
49130
49131
49132
49133
49134
49135
49136
49137
49138
49139
49140
49141
49142
49143
49144
49145
49146
49147
49148
49149
49150
49151
49152
49153
49154
49156
49157
49158
49160
49162
49163
49164
49166
49167
49168
49169
49170
49171
49172
49173
49174
49175
49176
49177
49178
49179
49180
49181
49182
49183
49184
49186
49190
49192
49193
49194
49195
49196
49197
49198
49199
49200
49201
49202
49203
49204
49206
49207
49209
49211
49212
49213
49214
49215
49216
49218
49219
49220
49221
49222
49223
49224
49225
49228
49229
49230
49231
49232
49234
49235
49236
49239
49240
49245
49248
49249
49250
49255
49256
49257
49258
49259
49260
49261
49262
49263
49264
49265
49266
49267
49268
49269
49270
49271
49272
49273
49275
49276
49277
49278
49279
49280
49281
49282
49283
49284
49285
49286
49288
49289
49290
49291
49292
49294
49295
49296
49297
49298
49299
49300
49301
49302
49303
49304
49305
49306
49307
49308
49309
49310
49311
49312
49313
49314
49315
49316
49317
49318
49319
49320
49321
49322
49323
49324
49325
49326
49327
49329
49330
49331
49332
49333
49334
49338
49339
49341
49342
49343
49344
49345
49346
49347
49348
49349
49350
49351
49352
49353
49354
49355
49356
49357
49358
49359
49360
49361
49362
49363
49364
49365
49367
49368
49369
49370
49372
49373
49374
49375
49376
49378
49379
49380
49381
49382
49384
49385
49386
49387
49388
49389
49390
49391
49392
49393
49394
49395
49396
49397
49398
49399
49400
49401
49402
49403
49405
49406
49407
49408
49409
49410
49411
49413
49414
49415
49416
49417
49418
49419
49420
49423
49424
49425
49426
49427
49428
49429
49430
49431
49432
49433
49434
49435
49437
49439
49442
49443
49444
49445
49446
49448
49449
49450
49452
49453
49454
49455
49456
49457
49458
49459
49460
49461
49462
49463
49465
49466
49467
49468
49469
49470
49471
49472
49473
49474
49475
49476
49477
49478
49479
49480
49481
49482
49483
49484
49485
49486
49488
49489
49490
49491
49492
49493
49494
49496
49497
49498
49499
49500
49501
49502
49503
49504
49505
49508
49510
49511
49514
49515
49516
49517
49518
49519
49520
49521
49522
49524
49525
49526
49527
49528
49529
49530
49538
49539
49540
49541
49542
49543
49544
49547
49549
49552
49554
49556
49557
49558
49559
49560
49561
49562
49565
49568
49569
49570
49571
49572
49573
49574
49575
49576
49577
49578
49579
49580
49581
49582
49583
49584
49585
49586
49587
49588
49589
49590
49591
49593
49594
49595
49597
49598
49599
49600
49601
49602
49603
49604
49606
49607
49608
49609
49611
49612
49614
49615
49616
49617
49618
49619
49620
49622
49623
49624
49625
49626
49627
49628
49630
49631
49632
49633
49634
49635
49636
49637
49638
49639
49640
49642
49643
49644
49645
49646
49647
49648
49650
49651
49652
49653
49654
49657
49664
49668
49669
49671
49673
49674
49675
49676
49677
49679
49680
49681
49682
49683
49684
49685
49686
49687
49688
49689
49690
49691
49693
49694
49695
49696
49697
49698
49699
49700
49701
49702
49703
49704
49705
49706
49707
49708
49709
49710
49711
49712
49714
49715
49717
49719
49720
49721
49722
49723
49725
49726
49727
49728
49729
49730
49731
49732
49733
49734
49735
49736
49737
49738
49739
49740
49741
49742
49743
49744
49745
49746
49747
49748
49755
49756
49757
49759
49760
49761
49762
49763
49765
49766
49767
49768
49769
49770
49771
49773
49776
49777
49781
49782
49783
49784
49785
49786
49787
49788
49789
49791
49792
49793
49794
49795
49796
49797
49798
49799
49801
49802
49803
49804
49805
49806
49807
49808
49809
49811
49812
49813
49814
49815
49816
49817
49818
49819
49821
49822
49823
49824
49825
49827
49828
49829
49830
49832
49833
49834
49835
49836
49837
49838
49840
49841
49842
49843
49844
49845
49846
49847
49848
49849
49850
49851
49852
49853
49854
49855
49856
49857
49858
49859
49860
49863
49864
49865
49866
49867
49868
49871
49872
49874
49876
49877
49878
49881
49882
49884
49885
49886
49887
49888
49889
49890
49891
49892
49893
49895
49896
49897
49898
49899
49900
49901
49902
49903
49904
49906
49907
49908
49909
49910
49911
49912
49913
49914
49915
49916
49917
49918
49919
49920
49921
49922
49925
49926
49927
49928
49929
49930
49931
49932
49933
49934
49935
49936
49937
49938
49939
49940
49941
49942
49943
49944
49945
49946
49947
49948
49949
49950
49951
49952
49953
49954
49955
49956
49957
49958
49959
49960
49961
49962
49963
49964
49965
49966
49967
49968
49969
49970
49971
49973
49974
49975
49976
49977
49978
49979
49980
49981
49982
49983
49984
49985
49986
49987
49988
49990
49991
49992
49995
49996
49997
49998
50001
50002
50003
50004
50005
50006
50007
50008
50009
50010
50011
50012
50013
50014
50017
50019
50020
50021
50022
50023
50024
50025
50026
50027
50028
50029
50030
50031
50032
50033
50034
50035
50036
50037
50038
50040
50041
50042
50043
50044
50045
50046
50048
50049
50050
50051
50053
50054
50056
50057
50058
50059
50060
50061
50062
50063
50064
50065
50066
50067
50068
50069
50070
50071
50072
50073
50075
50076
50077
50078
50079
50080
50081
50082
50083
50084
50085
50086
50087
50088
50089
50090
50091
50092
50093
50094
50096
50097
50098
50099
50100
50101
50102
50103
50104
50105
50106
50107
50108
50110
50111
50113
50114
50116
50117
50118
50119
50120
50122
50123
50124
50125
50126
50129
50130
50132
50133
50135
50136
50137
50138
50139
50140
50142
50143
50144
50146
50147
50148
50150
50151
50152
50153
50154
50155
50156
50157
50158
50160
50161
50162
50163
50166
50168
50169
50173
50175
50176
50177
50179
50181
50182
50183
50184
50185
50186
50187
50188
50189
50190
50191
50192
50193
50194
50195
50196
50197
50198
50199
50200
50201
50203
50204
50207
50208
50209
50210
50211
50212
50213
50214
50215
50216
50217
50219
50220
50221
50225
50226
50227
50228
50229
50231
50232
50235
50236
50237
50238
50239
50240
50241
50242
50247
50248
50250
50251
50252
50253
50254
50255
50256
50257
50258
50259
50260
50261
50262
50263
50264
50265
50266
50267
50268
50269
50270
50271
50272
50274
50275
50276
50277
50283
50285
50288
50289
50290
50291
50294
50295
50296
50298
50299
50300
50301
50302
50303
50304
50305
50306
50307
50308
50309
50310
50314
50317
50318
50319
50321
50323
50326
50327
50329
50330
50332
50333
50334
50335
50336
50337
50338
50339
50340
50341
50342
50344
50346
50347
50348
50349
50350
50352
50353
50354
50356
50357
50358
50359
50363
50364
50365
50367
50368
50370
50372
50373
50374
50375
50376
50377
50378
50379
50380
50381
50382
50383
50384
50385
50386
50387
50388
50389
50390
50391
50392
50393
50394
50395
50400
50401
50403
50406
50407
50408
50409
50410
50414
50415
50416
50417
50420
50423
50425
50426
50427
50430
50432
50433
50434
50435
50436
50437
50438
50439
50440
50441
50442
50443
50444
50445
50446
50447
50448
50449
50450
50451
50452
50453
50454
50456
50458
50459
50460
50461
50462
50463
50464
50466
50467
50468
50469
50470
50471
50472
50473
50474
50475
50476
50478
50479
50480
50481
50482
50483
50484
50485
50489
50492
50493
50494
50495
50496
50497
50498
50499
50500
50501
50503
50504
50505
50506
50507
50508
50510
50512
50513
50515
50518
50519
50521
50522
50523
50524
50526
50527
50528
50529
50530
50531
50532
50533
50534
50535
50536
50538
50541
50542
50543
50544
50545
50546
50547
50548
50549
50550
50551
50552
50553
50554
50555
50556
50557
50560
50562
50566
50567
50569
50570
50571
50572
50573
50575
50577
50578
50579
50580
50581
50583
50584
50585
50586
50587
50589
50590
50591
50592
50594
50595
50596
50597
50598
50600
50601
50602
50603
50604
50605
50606
50608
50609
50610
50611
50613
50614
50616
50617
50618
50619
50620
50621
50622
50623
50625
50626
50627
50630
50632
50633
50635
50636
50637
50638
50639
50640
50641
50642
50643
50646
50647
50648
50650
50651
50652
50653
50655
50656
50658
50662
50663
50664
50666
50667
50668
50669
50670
50671
50672
50673
50674
50675
50676
50677
50678
50679
50680
50683
50684
50685
50687
50688
50689
50690
50691
50693
50694
50695
50696
50697
50698
50699
50700
50701
50702
50704
50705
50706
50707
50708
50709
50710
50711
50712
50713
50714
50715
50716
50717
50718
50719
50720
50722
50723
50724
50725
50727
50728
50730
50731
50732
50736
50737
50739
50740
50741
50742
50744
50745
50746
50747
50751
50752
50753
50754
50755
50756
50757
50758
50759
50760
50761
50762
50763
50765
50766
50767
50769
50770
50771
50772
50774
50775
50776
50777
50778
50779
50780
50781
50782
50783
50785
50787
50788
50789
50790
50791
50792
50793
50794
50795
50796
50799
50800
50801
50802
50804
50805
50806
50807
50808
50809
50810
50812
50813
50815
50817
50818
50819
50820
50821
50824
50826
50827
50828
50829
50830
50834
50835
50836
50837
50838
50839
50840
50841
50845
50848
50849
50850
50851
50852
50853
50854
50855
50856
50857
50858
50859
50860
50861
50862
50863
50864
50865
50866
50867
50868
50869
50870
50871
50872
50873
50874
50875
50876
50878
50879
50881
50882
50883
50885
50887
50888
50889
50890
50891
50892
50893
50894
50895
50896
50897
50898
50899
50900
50901
50902
50903
50904
50906
50907
50908
50909
50910
50911
50912
50914
50915
50916
50917
50918
50919
50920
50921
50922
50923
50924
50925
50926
50927
50928
50929
50930
50932
50933
50934
50935
50936
50938
50939
50940
50941
50943
50944
50945
50946
50947
50948
50949
50950
50951
50952
50953
50954
50955
50956
50957
50958
50959
50960
50961
50962
50963
50964
50966
50967
50968
50970
50971
50972
50973
50974
50975
50977
50978
50979
50980
50981
50982
50983
50984
50985
50986
50987
50988
50989
50990
50992
50995
51000
51006
51007
51008
51009
51010
51011
51012
51013
51014
51015
51016
51017
51018
51019
51020
51021
51022
51023
51024
51026
51028
51030
51036
51037
51038
51039
51040
51041
51043
51044
51045
51046
51047
51048
51049
51051
51052
51054
51055
51056
51058
51059
51062
51063
51065
51066
51067
51068
51069
51070
51071
51072
51073
51074
51075
51077
51078
51079
51082
51083
51084
51088
51089
51090
51091
51092
51094
51095
51096
51098
51099
51100
51103
51104
51105
51106
51107
51108
51109
51110
51111
51112
51114
51115
51116
51117
51118
51119
51120
51121
51122
51123
51124
51126
51128
51130
51131
51132
51133
51135
51136
51137
51138
51141
51142
51143
51144
51145
51146
51147
51148
51149
51150
51151
51152
51153
51156
51157
51160
51162
51163
51165
51166
51167
51168
51169
51170
51173
51175
51176
51177
51178
51179
51180
51181
51182
51183
51184
51185
51186
51188
51190
51191
51193
51194
51195
51196
51197
51198
51199
51200
51201
51202
51204
51205
51206
51207
51208
51209
51210
51212
51213
51214
51215
51216
51218
51219
51220
51221
51224
51225
51226
51227
51228
51230
51237
51238
51239
51240
51241
51242
51243
51244
51245
51246
51248
51249
51250
51251
51252
51255
51256
51257
51258
51259
51260
51261
51263
51267
