411467
411468
411469
411470
411471
411472
411473
411474
411475
411476
411477
411478
411479
411480
411481
411482
411483
411484
411485
411486
411488
411489
411490
411491
411492
411493
411495
411496
411497
411498
411499
411500
411501
411502
411503
411504
411505
411506
411507
411508
411509
411510
411512
411513
411514
411515
411516
411517
411518
411519
411520
411521
411522
411523
411524
411525
411527
411528
411529
411530
411531
411533
411534
411535
411536
411537
411538
411540
411541
411542
411543
411544
411545
411546
411547
411548
411549
411550
411551
411552
411553
411554
411555
411556
411557
411558
411559
411560
411561
411562
411563
411564
411565
411566
411567
411568
411569
411570
411571
411572
411574
411575
411576
411577
411578
411579
411580
411581
411582
411583
411584
411585
411586
411587
411588
411589
411590
411591
411592
411593
411594
411595
411596
411597
411598
411599
411601
411602
411604
411606
411607
411608
411609
411610
411611
411612
411613
411614
411615
411616
411617
411618
411619
411620
411621
411622
411623
411624
411625
411626
411627
411628
411629
411630
411631
411632
411634
411635
411636
411637
411638
411639
411640
411642
411643
411644
411645
411646
411647
411648
411649
411650
411651
411652
411653
411654
411655
411656
411658
411659
411660
411661
411662
411663
411665
411666
411667
411668
411669
411670
411671
411672
411673
411674
411675
411677
411678
411679
411680
411681
411682
411683
411684
411685
411686
411687
411688
411689
411691
411692
411693
411694
411695
411696
411697
411698
411699
411700
411702
411703
411704
411706
411707
411708
411709
411711
411712
411713
411714
411715
411716
411717
411718
411719
411720
411721
411722
411723
411724
411725
411726
411727
411728
411729
411730
411731
411732
411733
411734
411735
411736
411738
411739
411740
411741
411742
411743
411745
411746
411747
411748
411749
411750
411751
411752
411753
411755
411756
411757
411758
411760
411761
411763
411764
411765
411766
411767
411768
411769
411770
411771
411772
411773
411774
411775
411776
411778
411779
411780
411783
411784
411785
411786
411788
411791
411792
411793
411794
411799
411800
411801
411802
411803
411804
411805
411806
411807
411808
411809
411810
411811
411812
411813
411814
411815
411816
411817
411818
411819
411820
411821
411822
411823
411824
411825
411826
411828
411829
411830
411831
411832
411833
411834
411835
411836
411837
411838
411839
411840
411841
411842
411846
411847
411848
411849
411850
411851
411852
411853
411854
411855
411856
411857
411858
411860
411861
411862
411864
411865
411866
411867
411869
411870
411871
411872
411873
411874
411875
411876
411877
411878
411881
411882
411883
411884
411885
411886
411887
411888
411889
411890
411891
411892
411893
411894
411895
411896
411897
411898
411899
411900
411902
411905
411906
411907
411908
411909
411911
411912
411913
411916
411917
411918
411919
411920
411921
411922
411923
411924
411925
411926
411927
411928
411929
411930
411931
411935
411936
411938
411939
411940
411941
411943
411944
411945
411946
411947
411948
411949
411951
411952
411953
411954
411955
411956
411957
411958
411959
411960
411961
411962
411963
411964
411966
411967
411968
411969
411970
411971
411972
411973
411974
411975
411976
411977
411978
411979
411980
411981
411982
411983
411984
411986
411987
411988
411989
411990
411991
411992
411993
411994
411995
411996
411997
411999
412000
412001
412002
412003
412004
412005
412006
412007
412008
412009
412010
412011
412012
412013
412014
412015
412016
412017
412018
412020
412021
412023
412024
412025
412026
412027
412028
412029
412030
412031
412032
412033
412034
412035
412036
412037
412039
412040
412041
412042
412044
412045
412046
412047
412048
412049
412051
412052
412053
412054
412055
412056
412057
412058
412059
412060
412061
412062
412063
412064
412065
412066
412068
412073
412075
412076
412077
412078
412079
412080
412081
412082
412083
412084
412086
412087
412088
412089
412090
412091
412092
412093
412094
412095
412096
412097
412098
412099
412100
412101
412102
412104
412105
412106
412107
412108
412109
412110
412111
412112
412113
412114
412115
412116
412117
412118
412119
412120
412121
412122
412123
412124
412125
412126
412127
412128
412130
412131
412132
412133
412134
412135
412136
412137
412140
412141
412142
412143
412145
412146
412147
412148
412150
412152
412153
412154
412155
412156
412157
412158
412159
412160
412161
412162
412163
412164
412165
412166
412167
412168
412169
412170
412171
412172
412173
412174
412175
412176
412177
412179
412180
412181
412182
412184
412186
412187
412188
412189
412190
412191
412192
412193
412194
412195
412196
412197
412198
412199
412200
412201
412202
412203
412204
412205
412206
412207
412208
412209
412210
412211
412213
412214
412215
412217
412218
412219
412220
412222
412223
412224
412225
412226
412227
412228
412229
412236
412240
412241
412242
412245
412246
412247
412248
412249
412250
412251
412253
412254
412255
412256
412257
412258
412259
412260
412261
412262
412263
412264
412265
412266
412267
412268
412269
412272
412273
412274
412275
412276
412277
412279
412280
412281
412282
412283
412284
412286
412287
412288
412289
412290
412291
412292
412294
412295
412296
412297
412298
412299
412300
412301
412302
412303
412304
412305
412306
412309
412310
412311
412312
412314
412315
412316
412317
412318
412320
412321
412322
412323
412324
412325
412327
412328
412329
412330
412331
412332
412333
412335
412336
412337
412338
412339
412342
412343
412344
412345
412346
412347
412348
412349
412350
412351
412352
412353
412354
412355
412356
412357
412359
412360
412361
412362
412363
412364
412365
412366
412367
412368
412369
412370
412371
412372
412373
412374
412378
412380
412381
412382
412383
412384
412385
412386
412387
412388
412390
412391
412392
412393
412394
412395
412396
412397
412398
412399
412400
412401
412402
412404
412405
412406
412407
412408
412409
412410
412411
412412
412413
412414
412415
412416
412417
412418
412419
412420
412422
412423
412424
412425
412426
412427
412428
412429
412430
412431
412432
412434
412435
412436
412437
412438
412439
412440
412441
412442
412443
412444
412445
412446
412447
412448
412449
412450
412451
412452
412453
412454
412455
412456
412457
412458
412459
412460
412461
412462
412463
412464
412465
412466
412467
412468
412469
412470
412471
412472
412473
412474
412475
412477
412478
412479
412480
412482
412483
412484
412485
412486
412487
412488
412489
412490
412491
412492
412493
412494
412495
412496
412497
412498
412499
412500
412501
412503
412504
412505
412506
412507
412508
412509
412510
412511
412512
412513
412514
412515
412517
412518
412519
412520
412521
412522
412524
412525
412527
412528
412529
412530
412532
412533
412534
412535
412536
412537
412539
412540
412541
412542
412543
412544
412545
412546
412547
412550
412551
412552
412553
412554
412555
412556
412557
412558
412559
412560
412561
412562
412564
412565
412566
412567
412569
412570
412571
412572
412573
412574
412575
412576
412577
412578
412579
412580
412581
412582
412583
412584
412585
412586
412588
412590
412591
412592
412593
412594
412595
412597
412598
412599
412600
412601
412602
412604
412605
412606
412607
412608
412609
412610
412611
412612
412613
412614
412615
412616
412617
412618
412619
412621
412622
412623
412624
412625
412626
412627
412628
412629
412630
412631
412632
412633
412634
412635
412636
412637
412638
412639
412640
412641
412642
412643
412644
412645
412646
412647
412648
412649
412650
412651
412652
412653
412655
412656
412657
412658
412659
412660
412661
412662
412663
412664
412665
412668
412669
412670
412671
412672
412673
412674
412675
412676
412677
412678
412679
412680
412681
412682
412683
412684
412685
412686
412687
412688
412689
412690
412691
412692
412693
412694
412695
412696
412698
412699
412700
412702
412703
412704
412705
412706
412707
412708
412709
412710
412711
412712
412713
412715
412716
412717
412719
412720
412721
412722
412723
412724
412725
412726
412727
412729
412730
412731
412732
412733
412734
412736
412737
412738
412739
412740
412741
412743
412744
412745
412746
412747
412748
412749
412750
412751
412752
412753
412754
412755
412756
412757
412758
412759
412760
412761
412762
412763
412764
412766
412767
412768
412769
412770
412771
412772
412773
412774
412775
412776
412777
412778
412779
412780
412781
412782
412783
412784
412785
412786
412787
412788
412789
412790
412791
412792
412794
412795
412797
412798
412799
412800
412801
412802
412803
412804
412805
412806
412807
412808
412809
412810
412811
412812
412813
412814
412815
412816
412817
412818
412819
412820
412821
412822
412823
412824
412825
412826
412827
412828
412829
412830
412831
412833
412834
412835
412836
412837
412838
412839
412840
412841
412842
412843
412844
412845
412846
412847
412848
412849
412850
412851
412852
412853
412854
412855
412856
412857
412858
412859
412860
412862
412864
412865
412866
412868
412869
412870
412872
412873
412874
412875
412876
412877
412879
412882
412883
412884
412885
412886
412887
412888
412889
412890
412891
412892
412893
412894
412895
412896
412897
412898
412899
412900
412901
412902
412903
412904
412905
412906
412907
412908
412910
412911
412912
412913
412914
412915
412916
412917
412918
412919
412920
412921
412922
412923
412924
412925
412926
412929
412931
412933
412937
412939
412941
412942
412943
412944
412945
412946
412947
412948
412949
412950
412951
412952
412953
412954
412955
412956
412957
412958
412959
412960
412961
412962
412963
412964
412965
412966
412967
412968
412969
412971
412972
412973
412974
412975
412976
412977
412978
412979
412980
412981
412982
412984
412985
412986
412987
412988
412989
412990
412991
412992
412993
412994
412995
412996
412997
412998
412999
413000
413001
413002
413003
413004
413005
413008
413011
413012
413013
413014
413015
413016
413017
413018
413019
413020
413021
413022
413023
413024
413025
413026
413027
413028
413029
413030
413031
413032
413033
413034
413035
413036
413037
413038
413040
413041
413042
413043
413044
413047
413048
413049
413052
413053
413055
413056
413057
413058
413059
413060
413061
413062
413063
413064
413065
413066
413067
413068
413069
413070
413071
413073
413074
413075
413076
413078
413080
413081
413082
413083
413084
413085
413086
413087
413088
413089
413090
413092
413093
413095
413096
413097
413098
413099
413100
413101
413102
413103
413104
413105
413106
413107
413108
413109
413110
413111
413112
413113
413114
413115
413116
413117
413118
413119
413120
413121
413122
413123
413124
413125
413126
413127
413129
413130
413131
413132
413133
413134
413135
413136
413137
413138
413139
413140
413141
413142
413143
413144
413145
413147
413148
413149
413150
413151
413152
413153
413154
413155
413156
413157
413160
413161
413163
413164
413165
413166
413167
413168
413169
413170
413171
413172
413173
413174
413175
413176
413177
413178
413179
413180
413181
413183
413184
413185
413186
413188
413189
413190
413191
413192
413193
413194
413195
413197
413198
413199
413200
413201
413202
413203
413204
413205
413206
413207
413208
413211
413212
413213
413214
413215
413216
413217
413218
413219
413220
413221
413222
413223
413224
413228
413229
413230
413232
413233
413234
413235
413236
413237
413238
413239
413240
413241
413242
413243
413244
413245
413246
413247
413248
413249
413250
413251
413252
413253
413254
413255
413256
413257
413258
413259
413260
413261
413262
413263
413264
413265
413266
413267
413268
413269
413270
413271
413272
413273
413275
413276
413277
413278
413279
413280
413281
413282
413283
413284
413286
413287
413288
413291
413292
413293
413294
413295
413296
413297
413298
413299
413300
413301
413302
413303
413304
413305
413306
413307
413308
413309
413310
413311
413312
413314
413315
413316
413318
413319
413320
413321
413322
413324
413325
413326
413327
413328
413329
413330
413331
413332
413333
413334
413335
413336
413337
413338
413339
413341
413342
413343
413344
413345
413346
413347
413348
413349
413350
413351
413352
413353
413354
413355
413356
413357
413359
413360
413361
413362
413363
413365
413367
413369
413371
413372
413374
413375
413376
413377
413378
413379
413380
413381
413382
413383
413384
413385
413386
413387
413388
413389
413390
413391
413392
413393
413395
413396
413397
413398
413399
413400
413401
413402
413403
413404
413405
413408
413410
413411
413413
413414
413415
413416
413417
413419
413420
413421
413422
413424
413425
413426
413427
413428
413429
413430
413431
413432
413434
413435
413436
413437
413438
413439
413440
413441
413442
413443
413444
413445
413446
413447
413448
413449
413450
413451
413452
413453
413454
413455
413456
413457
413458
413459
413460
413461
413462
413463
413464
413465
413466
413467
413468
413469
413470
413471
413472
413473
413474
413475
413476
413478
413480
413481
413482
413484
413486
413488
413489
413490
413491
413492
413493
413494
413495
413498
413499
413500
413503
413504
413508
413509
413511
413512
413513
413514
413515
413517
413518
413520
413521
413522
413524
413525
413526
413527
413528
413529
413531
413532
413534
413535
413536
413537
413538
413539
413540
413541
413542
413543
413544
413545
413546
413547
413548
413549
413551
413553
413555
413556
413557
413558
413559
413560
413561
413562
413563
413565
413566
413567
413568
413569
413570
413571
413572
413573
413574
413575
413576
413577
413578
413579
413580
413581
413582
413583
413584
413587
413588
413589
413590
413591
413592
413593
413594
413596
413597
413598
413600
413601
413602
413603
413604
413605
413606
413607
413608
413609
413610
413611
413614
413616
413617
413618
413619
413620
413621
413622
413623
413624
413625
413626
413627
413628
413629
413630
413631
413632
413634
413635
413636
413637
413638
413639
413640
413641
413642
413643
413644
413645
413646
413647
413648
413649
413650
413651
413652
413653
413654
413655
413656
413657
413658
413659
413660
413662
413664
413666
413667
413668
413669
413671
413672
413673
413674
413675
413677
413678
413679
413680
413682
413683
413685
413686
413687
413688
413689
413690
413691
413692
413693
413694
413695
413696
413698
413699
413700
413701
413702
413703
413704
413705
413706
413707
413708
413709
413710
413712
413713
413714
413715
413716
413717
413718
413719
413721
413724
413727
413728
413729
413730
413731
413732
413733
413734
413735
413736
413738
413739
413740
413741
413742
413743
413744
413745
413746
413747
413748
413749
413750
413751
413752
413753
413754
413755
413756
413757
413758
413759
413760
413761
413762
413763
413764
413765
413766
413767
413768
413769
413770
413771
413772
413773
413774
413775
413776
413777
413778
413779
413780
413781
413782
413783
413784
413785
413786
413787
413788
413789
413790
413791
413792
413793
413795
413796
413797
413798
413799
413800
413801
413802
413803
413805
413806
413809
413810
413811
413812
413813
413815
413816
413817
413818
413819
413820
413822
413823
413824
413825
413826
413827
413828
413829
413830
413831
413832
413833
413834
413835
413836
413837
413838
413839
413840
413841
413842
413843
413844
413845
413846
413847
413848
413849
413850
413851
413852
413853
413854
413855
413856
413857
413858
413859
413860
413861
413862
413863
413864
413865
413866
413867
413868
413869
413870
413871
413872
413873
413874
413875
413876
413877
413878
413879
413880
413881
413882
413883
413884
413885
413886
413888
413889
413890
413891
413892
413893
413895
413896
413897
413898
413899
413900
413901
413902
413903
413904
413905
413906
413908
413909
413911
413912
413913
413914
413916
413917
413918
413919
413920
413921
413922
413923
413925
413926
413927
413928
413929
413930
413934
413936
413937
413938
413939
413940
413941
413943
413944
413945
413946
413947
413948
413949
413950
413951
413952
413953
413954
413955
413956
413957
413958
413960
413961
413962
413963
413964
413965
413966
413967
413968
413969
413970
413971
413972
413973
413974
413975
413976
413977
413978
413979
413980
413982
413983
413985
413987
413989
413990
413991
413992
413993
413994
413995
413997
413998
413999
414001
414002
414003
414004
414007
414008
414009
414010
414011
414012
414013
414014
414015
414018
414019
414020
414021
414022
414023
414024
414025
414026
414027
414028
414029
414030
414031
414032
414033
414034
414036
414037
414038
414039
414040
414041
414042
414043
414044
414045
414046
414047
414048
414049
414050
414051
414052
414053
414054
414056
414060
414061
414062
414063
414064
414065
414066
414067
414068
414069
414070
414071
414072
414073
414074
414075
414076
414077
414079
414080
414081
414082
414083
414084
414085
414086
414087
414089
414090
414091
414092
414093
414094
414095
414096
414098
414099
414100
414101
414102
414103
414104
414105
414109
414110
414114
414115
414116
414117
414118
414119
414120
414122
414123
414125
414127
414128
414131
414132
414133
414134
414135
414136
414137
414138
414139
414140
414141
414142
414143
414144
414145
414146
414147
414148
414149
414150
414151
414152
414153
414154
414157
414159
414160
414162
414163
414164
414165
414166
414167
414168
414169
414170
414171
414172
414173
414174
414175
414176
414177
414178
414180
414181
414182
414183
414184
414185
414186
414187
414188
414189
414190
414191
414192
414193
414194
414195
414196
414197
414199
414201
414202
414204
414205
414206
414207
414208
414209
414210
414213
414214
414215
414216
414217
414218
414219
414220
414221
414222
414224
414225
414226
414227
414228
414229
414230
414231
414232
414233
414234
414235
414237
414238
414241
414242
414243
414244
414245
414246
414247
414248
414249
414250
414251
414252
414253
414254
414255
414256
414257
414259
414260
414262
414263
414265
414266
414267
414268
414270
414271
414272
414276
414277
414279
414280
414281
414282
414284
414285
414286
414287
414288
414289
414290
414291
414292
414293
414295
414296
414297
414298
414299
414301
414302
414303
414304
414305
414306
414308
414309
414310
414311
414312
414313
414314
414315
414316
414317
414318
414319
414321
414322
414324
414326
414328
414329
414330
414331
414332
414333
414334
414336
414339
414340
414341
414342
414344
414345
414347
414348
414349
414350
414351
414352
414353
414354
414355
414356
414357
414358
414359
414360
414361
414362
414363
414364
414365
414366
414367
414368
414369
414370
414371
414372
414373
414374
414375
414376
414377
414378
414379
414381
414382
414383
414384
414385
414386
414387
414388
414389
414390
414391
414392
414393
414394
414395
414396
414397
414398
414400
414402
414403
414404
414405
414406
414407
414408
414409
414410
414411
414412
414413
414414
414415
414416
414417
414418
414419
414420
414421
414422
414423
414424
414425
414426
414427
414428
414429
414430
414431
414432
414433
414434
414435
414436
414437
414438
414439
414440
414441
414442
414443
414445
414446
414447
414448
414449
414450
414451
414452
414453
414454
414455
414457
414458
414459
414461
414462
414463
414464
414465
414466
414467
414468
414469
414470
414471
414476
414477
414478
414479
414480
414481
414482
414483
414484
414485
414486
414488
414489
414490
414491
414492
414493
414494
414495
414496
414497
414498
414499
414500
414501
414504
414505
414506
414508
414509
414512
414514
414515
414516
414517
414519
414520
414521
414522
414523
414524
414525
414526
414527
414528
414529
414530
414531
414532
414533
414534
414535
414536
414537
414538
414539
414540
414541
414542
414543
414544
414546
414547
414548
414549
414550
414551
414552
414553
414554
414555
414556
414558
414559
414560
414561
414563
414564
414565
414566
414567
414568
414569
414570
414571
414572
414574
414575
414576
414577
414578
414579
414580
414581
414582
414583
414584
414585
414586
414587
414588
414589
414590
414591
414593
414596
414597
414598
414599
414600
414601
414602
414603
414604
414607
414608
414609
414610
414611
414612
414613
414614
414615
414617
414618
414619
414621
414623
414624
414626
414627
414628
414629
414630
414631
414633
414634
414635
414636
414637
414638
414639
414640
414641
414642
414643
414644
414645
414646
414648
414649
414651
414655
414656
414657
414658
414659
414661
414662
414663
414664
414665
414666
414667
414668
414669
414670
414671
414672
414673
414674
414675
414676
414677
414678
414679
414680
414681
414682
414683
414684
414685
414686
414687
414688
414689
414690
414691
414692
414693
414695
414696
414697
414698
414700
414701
414702
414703
414705
414709
414710
414711
414712
414713
414714
414715
414716
414717
414719
414720
414722
414723
414724
414725
414726
414728
414731
414732
414733
414734
414737
414738
414739
414740
414741
414742
414743
414744
414747
414749
414750
414751
414752
414753
414755
414757
414758
414759
414760
414761
414762
414763
414765
414766
414767
414768
414769
414770
414771
414772
414773
414774
414775
414776
414777
414778
414779
414780
414781
414782
414783
414784
414786
414787
414789
414790
414791
414792
414793
414794
414795
414796
414800
414801
414802
414803
414805
414806
414807
414808
414809
414810
414811
414812
414814
414815
414817
414818
414819
414821
414822
414823
414824
414825
414826
414827
414828
414829
414830
414831
414832
414833
414834
414835
414836
414838
414840
414843
414844
414848
414850
414852
414854
414855
414858
414859
414860
414861
414862
414863
414864
414865
414866
414867
414868
414870
414871
414872
414873
414874
414875
414876
414877
414878
414879
414880
414881
414882
414885
414886
414887
414888
414889
414891
414892
414893
414894
414895
414896
414897
414898
414899
414900
414901
414902
414903
414904
414905
414906
414907
414908
414909
414910
414911
414912
414915
414917
414918
414919
414920
414922
414923
414924
414925
414926
414927
414928
414930
414931
414932
414933
414934
414935
414936
414939
414940
414943
414944
414945
414947
414949
414950
414952
414953
414954
414955
414956
414957
414958
414959
414960
414961
414962
414963
414964
414965
414966
414967
414968
414969
414970
414972
414973
414974
414975
414977
414978
414979
414981
414982
414983
414984
414987
414988
414989
414990
414991
414992
414993
414994
414995
414996
414997
414998
414999
415000
415001
415002
415003
415004
415005
415006
415007
415008
415009
415010
415011
415012
415014
415015
415016
415019
415020
415021
415022
415023
415024
415026
415028
415032
415034
415035
415036
415037
415038
415039
415040
415041
415042
415043
415044
415045
415046
415047
415049
415050
415051
415052
415053
415055
415056
415057
415058
415059
415060
415061
415062
415064
415065
415066
415068
415069
415070
415071
415072
415073
415074
415075
415076
415078
415079
415080
415081
415083
415084
415085
415086
415087
415091
415092
415093
415094
415095
415096
415098
415099
415100
415101
415102
415103
415104
415105
415106
415107
415108
415109
415110
415111
415112
415113
415115
415116
415117
415118
415119
415120
415121
415122
415123
415124
415125
415126
415127
415128
415129
415130
415131
415132
415133
415136
415137
415138
415140
415141
415142
415143
415145
415146
415147
415148
415149
415150
415151
415152
415153
415154
415155
415156
415157
415158
415160
415161
415162
415163
415164
415165
415166
415167
415168
415169
415171
415172
415173
415174
415175
415176
415177
415178
415180
415181
415182
415184
415185
415186
415187
415188
415190
415191
415193
415194
415195
415196
415197
415199
415200
415201
415202
415203
415204
415205
415206
415208
415209
415210
415211
415212
415213
415214
415215
415216
415217
415218
415219
415220
415221
415222
415223
415224
415225
415226
415227
415228
415229
415230
415231
415232
415233
415234
415235
415237
415238
415239
415240
415241
415242
415243
415244
415245
415246
415248
415249
415250
415251
415252
415253
415254
415255
415256
415257
415258
415259
415263
415264
415265
415266
415267
415268
415270
415271
415272
415273
415274
415275
415276
415277
415278
415279
415282
415283
415284
415285
415286
415287
415288
415289
415290
415291
415293
415294
415295
415297
415298
415302
415303
415304
415305
415306
415307
415308
415310
415311
415312
415313
415314
415315
415316
415317
415318
415319
415321
415322
415323
415324
415326
415327
415328
415329
415330
415331
415332
415334
415337
415339
415340
415341
415342
415343
415344
415345
415346
415347
415348
415350
415351
415352
415353
415354
415355
415356
415357
415358
415359
415360
415361
415362
415363
415364
415365
415366
415367
415368
415369
415370
415371
415372
415373
415374
415375
415378
415379
415380
415381
415382
415383
415384
415385
415386
415387
415388
415389
415392
415396
415397
415398
415399
415400
415401
415402
415403
415404
415405
415406
415407
415408
415409
415410
415411
415412
415413
415414
415415
415416
415417
415418
415419
415420
415421
415422
415423
415425
415426
415427
415428
415429
415430
415431
415432
415433
415434
415435
415436
415437
415438
415439
415440
415441
415442
415443
415444
415445
415446
415447
415448
415449
415450
415451
415453
415455
415457
415458
415459
415460
415461
415462
415463
415464
415465
415466
415467
415468
415469
415470
415471
415472
415473
415474
415475
415476
415477
415478
415479
415480
415481
415482
415483
415484
415485
415486
415487
415488
415489
415491
415492
415494
415495
415496
415497
415498
415499
415500
415501
415502
415503
415504
415505
415506
415507
415508
415510
415511
415512
415513
415514
415515
415516
415517
415518
415519
415521
415523
415524
415525
415526
415527
415528
415529
415530
415531
415532
415533
415534
415536
415537
415538
415539
415540
415541
415542
415543
415544
415545
415546
415547
415548
415549
415550
415551
415552
415554
415555
415556
415558
415560
415561
415563
415565
415566
415567
415569
415570
415574
415583
415584
415586
415587
415588
415589
415590
415592
415593
415595
415596
415597
415598
415599
415600
415601
415602
415603
415605
415606
415607
415608
415609
415610
415611
415612
415613
415614
415615
415617
415618
415619
415620
415621
415623
415625
415626
415627
415628
415629
415630
415631
415632
415633
415634
415636
415637
415638
415640
415641
415642
415643
415645
415646
415648
415649
415650
415651
415652
415653
415655
415656
415657
415658
415659
415660
415661
415662
415663
415664
415665
415666
415667
415668
415669
415671
415672
415673
415674
415675
415678
415679
415681
415682
415683
415684
415686
415687
415688
415689
415690
415692
415693
415697
415699
415700
415703
415704
415706
415707
415708
415709
415714
415715
415716
415717
415718
415719
415720
415721
415722
415723
415724
415725
415726
415727
415728
415729
415730
415731
415732
415733
415734
415735
415736
415737
415738
415740
415741
415742
415744
415745
415746
415747
415748
415749
415750
415751
415752
415753
415754
415755
415756
415757
415758
415761
415764
415765
415766
415767
415768
415769
415771
415772
415773
415774
415775
415776
415777
415779
415780
415781
415783
415784
415785
415786
415787
415788
415789
415790
415791
415792
415793
415794
415795
415797
415798
415800
415801
415802
415803
415804
415805
415807
415808
415809
415810
415811
415812
415813
415814
415816
415817
415818
415819
415820
415821
415822
415823
415824
415825
415826
415827
415828
415829
415830
415832
415835
415836
415837
415838
415839
415842
415843
415844
415845
415846
415847
415848
415849
415850
415851
415852
415853
415854
415856
415857
415858
415859
415860
415861
415862
415863
415864
415865
415866
415867
415868
415869
415871
415872
415873
415874
415875
415877
415880
415881
415882
415883
415884
415885
415886
415887
415888
415889
415890
415891
415892
415893
415894
415895
415896
415901
415902
415903
415904
415905
415906
415907
415908
415909
415910
415912
415913
415914
415915
415917
415918
415919
415920
415921
415922
415923
415924
415925
415926
415928
415932
415935
415936
415937
415938
415942
415943
415944
415948
415949
415950
415951
415952
415955
415956
415957
415959
415960
415961
415962
415964
415965
415966
415968
415969
415970
415971
415973
415974
415975
415976
415978
415979
415980
415981
415985
415987
415988
415989
415990
415991
415992
415993
415994
415995
415996
415997
415999
416000
416001
416003
416004
416007
416008
416009
416010
416011
416012
416013
416014
416015
416016
416017
416019
416020
416021
416023
416024
416025
416026
416027
416029
416031
416032
416033
416035
416037
416038
416039
416041
416042
416043
416044
416046
416050
416051
416052
416054
416055
416056
416057
416058
416059
416060
416062
416063
416064
416065
416068
416069
416070
416071
416072
416073
416074
416075
416076
416077
416078
416079
416080
416084
416085
416086
416087
416088
416089
416090
416092
416093
416094
416095
416096
416097
416098
416099
416100
416101
416102
416103
416104
416105
416107
416108
416110
416111
416113
416114
416115
416116
416118
416119
416120
416121
416122
416123
416125
416126
416127
416128
416129
416130
416131
416133
416134
416135
416136
416137
416138
416139
416140
416141
416142
416143
416144
416145
416146
416147
416148
416149
416150
416151
416153
416154
416155
416156
416157
416158
416159
416160
416161
416162
416163
416164
416166
416167
416169
416170
416172
416173
416174
416175
416176
416177
416178
416179
416180
416181
416182
416183
416184
416185
416186
416187
416189
416190
416191
416192
416193
416194
416195
416196
416197
416198
416199
416200
416202
416203
416204
416205
416206
416207
416208
416209
416210
416211
416212
416213
416214
416215
416216
416217
416218
416219
416220
416221
416222
416223
416224
416225
416226
416227
416228
416230
416232
416233
416234
416235
416236
416237
416238
416239
416241
416242
416243
416244
416245
416247
416248
416249
416250
416251
416252
416253
416254
416255
416256
416258
416259
416261
416262
416265
416266
416267
416268
416270
416271
416273
416275
416276
416277
416278
416280
416281
416282
416283
416284
416285
416286
416287
416288
416289
416290
416291
416292
416293
416294
416296
416297
416298
416302
416303
416304
416306
416307
416308
416309
416310
416311
416312
416313
416315
416316
416317
416318
416319
416320
416321
416322
416323
416324
416325
416326
416327
416328
416329
416330
416332
416333
416334
416335
416336
416337
416338
416339
416340
416341
416342
416343
416344
416345
416346
416347
416348
416349
416350
416351
416352
416354
416355
416357
416358
416359
416360
416361
416362
416363
416364
416365
416366
416367
416368
416369
416370
416371
416373
416374
416375
416376
416377
416378
416379
416380
416381
416382
416383
416384
416385
416386
416387
416388
416389
416390
416391
416392
416393
416394
416395
416396
416398
416399
416400
416401
416403
416404
416405
416406
416407
416408
416409
416410
416411
416412
416413
416414
416416
416417
416418
416419
416420
416421
416422
416423
416424
416425
416427
416428
416429
416430
416431
416432
416433
416434
416435
416436
416437
416438
416439
416440
416441
416443
416444
416445
416446
416447
416448
416449
416450
416451
416452
416453
416454
416455
416456
416457
416458
416459
416460
416461
416463
416465
416467
416469
416470
416471
416472
416474
416477
416478
416479
416480
416481
416482
416483
416484
416485
416486
416487
416488
416489
416490
416493
416494
416495
416496
416497
416498
416499
416500
416501
416502
416503
416504
416505
416506
416509
416510
416511
416512
416513
416514
416515
416516
416517
416518
416519
416520
416521
416523
416524
416526
416527
416528
416529
416530
416531
416532
416534
416536
416537
416538
416539
416541
416542
416543
416544
416545
416546
416547
416548
416549
416550
416551
416552
416553
416554
416555
416556
416557
416558
416559
416560
416561
416562
416563
416565
416566
416567
416569
416570
416571
416572
416573
416574
416575
416576
416577
416578
416579
416580
416581
416582
416583
416584
416585
416586
416587
416588
416590
416592
416593
416594
416596
416598
416599
416600
416601
416602
416603
416604
416605
416607
416608
416609
416611
416613
416614
416615
416616
416617
416618
416619
416620
416621
416622
416623
416624
416625
416626
416627
416628
416629
416630
416631
416632
416634
416635
416637
416638
416642
416643
416644
416645
416646
416647
416650
416651
416652
416653
416656
416657
416658
416660
416661
416662
416664
416665
416666
416667
416668
416669
416670
416671
416672
416673
416674
416675
416676
416677
416678
416679
416680
416681
416682
416683
416684
416685
416686
416687
416688
416689
416690
416691
416692
416693
416694
416695
416696
416697
416698
416699
416700
416701
416703
416704
416705
416706
416707
416708
416709
416710
416711
416712
416713
416714
416715
416716
416717
416718
416719
416720
416721
416722
416723
416724
416725
416726
416727
416728
416729
416730
416732
416733
416734
416735
416736
416737
416738
416740
416741
416742
416743
416744
416746
416747
416748
416749
416750
416751
416752
416753
416754
416756
416757
416758
416759
416760
416761
416762
416763
416764
416765
416766
416767
416768
416769
416770
416771
416772
416774
416775
416776
416777
416778
416779
416780
416781
416782
416783
416784
416785
416786
416787
416788
416789
416790
416791
416792
416793
416794
416795
416796
416798
416799
416800
416801
416802
416805
416806
416807
416808
416809
416810
416811
416812
416813
416814
416815
416816
416817
416818
416819
416820
416822
416823
416824
416825
416826
416827
416828
416829
416830
416831
416832
416833
416834
416835
416836
416837
416838
416839
416840
416841
416842
416843
416844
416845
416846
416847
416848
416849
416850
416851
416852
416853
416854
416855
416856
416857
416858
416859
416860
416861
416862
416863
416865
416866
416867
416868
416869
416870
416871
416872
416873
416874
416875
416876
416877
416878
416879
416880
416881
416882
416885
416886
416887
416888
416889
416890
416891
416892
416893
416894
416895
416896
416897
416898
416899
416900
416901
416902
416903
416904
416905
416906
416907
416909
416910
416911
416912
416913
416914
416915
416916
416917
416918
416919
416920
416921
416922
416923
416924
416925
416926
416927
416928
416929
416930
416931
416932
416933
416934
416935
416936
416937
416938
416939
416940
416943
416944
416945
416946
416947
416948
416949
416950
416951
416952
416953
416954
416956
416957
416959
416960
416961
416962
416963
416964
416965
416966
416967
416968
416969
416970
416971
416972
416973
416974
416976
416977
416979
416980
416981
416982
416984
416986
416987
416988
416989
416990
416991
416993
416994
416995
416997
416998
416999
417000
417001
417002
417003
417004
417005
417007
417008
417009
417010
417011
417012
417013
417014
417015
417016
417017
417018
417020
417021
417022
417023
417024
417025
417026
417027
417028
417029
417030
417031
417032
417033
417034
417035
417036
417037
417038
417039
417040
417041
417042
417043
417044
417045
417046
417047
417048
417049
417050
417051
417052
417053
417054
417055
417056
417057
417058
417059
417060
417062
417063
417065
417066
417067
417068
417069
417070
417071
417072
417073
417074
417075
417077
417078
417079
417080
417081
417082
417083
417084
417085
417086
417087
417088
417089
417091
417093
417094
417096
417097
417098
417099
417102
417103
417104
417106
417107
417108
417109
417110
417111
417112
417113
417114
417115
417116
417117
417118
417119
417121
417122
417123
417124
417125
417126
417127
417128
417129
417130
417131
417132
417133
417134
417135
417136
417137
417138
417139
417140
417141
417142
417143
417144
417145
417146
417147
417148
417149
417151
417152
417153
417155
417156
417157
417158
417159
417160
417161
417162
417163
417167
417168
417169
417170
417171
417172
417173
417174
417175
417176
417177
417178
417179
417180
417182
417183
417185
417186
417187
417188
417189
417191
417192
417193
417194
417195
417196
417197
417198
417199
417200
417201
417202
417203
417204
417205
417206
417208
417209
417213
417214
417215
417216
417217
417218
417219
417220
417221
417222
417223
417224
