417225
417227
417229
417230
417231
417232
417234
417235
417236
417237
417238
417239
417240
417241
417242
417244
417245
417246
417247
417248
417249
417250
417251
417252
417253
417254
417256
417257
417258
417259
417260
417261
417262
417263
417264
417265
417266
417267
417268
417269
417270
417271
417272
417274
417275
417276
417277
417278
417279
417280
417281
417282
417283
417284
417285
417287
417289
417290
417291
417292
417293
417294
417295
417296
417297
417299
417300
417301
417302
417303
417304
417305
417307
417308
417309
417310
417311
417312
417314
417315
417316
417317
417318
417319
417320
417321
417322
417323
417324
417325
417326
417327
417329
417330
417331
417332
417334
417336
417337
417338
417339
417340
417341
417342
417343
417344
417345
417346
417348
417349
417350
417351
417352
417353
417355
417356
417358
417361
417362
417363
417364
417365
417367
417368
417369
417371
417374
417375
417376
417377
417378
417379
417380
417381
417382
417383
417384
417385
417386
417387
417390
417391
417392
417393
417394
417395
417396
417397
417398
417399
417400
417401
417402
417403
417404
417405
417406
417407
417408
417409
417410
417411
417412
417413
417414
417415
417416
417417
417418
417419
417420
417421
417422
417424
417426
417427
417428
417429
417430
417431
417432
417433
417434
417435
417436
417438
417439
417440
417441
417442
417444
417445
417446
417447
417448
417449
417450
417451
417452
417453
417454
417455
417456
417457
417458
417459
417460
417462
417463
417466
417467
417468
417469
417470
417471
417473
417474
417475
417476
417477
417478
417479
417480
417482
417483
417484
417485
417486
417487
417488
417489
417490
417491
417492
417493
417494
417495
417497
417498
417499
417500
417501
417502
417503
417504
417505
417507
417508
417509
417510
417511
417512
417513
417514
417515
417516
417517
417518
417519
417520
417521
417522
417523
417524
417525
417526
417527
417528
417529
417530
417531
417532
417534
417535
417536
417537
417539
417540
417541
417542
417543
417544
417546
417547
417548
417549
417550
417552
417554
417555
417556
417557
417558
417559
417560
417561
417562
417563
417564
417565
417566
417567
417568
417569
417570
417573
417574
417575
417576
417577
417578
417579
417580
417581
417582
417583
417584
417585
417586
417587
417588
417589
417590
417591
417592
417593
417594
417595
417596
417597
417598
417599
417600
417601
417602
417604
417606
417607
417608
417609
417610
417611
417613
417614
417615
417616
417617
417618
417619
417620
417621
417622
417623
417624
417625
417626
417627
417628
417629
417630
417631
417632
417633
417634
417635
417636
417637
417638
417639
417640
417641
417643
417644
417645
417646
417647
417648
417649
417650
417651
417654
417655
417656
417657
417658
417659
417660
417661
417662
417663
417664
417665
417666
417667
417669
417670
417671
417672
417674
417675
417676
417677
417678
417679
417681
417682
417683
417685
417686
417687
417688
417689
417690
417691
417692
417694
417695
417696
417698
417699
417700
417701
417702
417703
417704
417705
417706
417707
417708
417709
417710
417711
417713
417714
417715
417716
417717
417718
417719
417720
417721
417722
417725
417727
417728
417729
417731
417732
417733
417734
417735
417736
417739
417740
417741
417742
417743
417744
417745
417748
417749
417750
417751
417753
417754
417755
417756
417757
417758
417759
417760
417761
417762
417766
417769
417770
417771
417772
417773
417775
417776
417777
417778
417779
417782
417783
417784
417785
417786
417787
417789
417790
417791
417792
417793
417794
417795
417796
417797
417798
417799
417800
417801
417802
417803
417804
417805
417806
417807
417808
417810
417811
417812
417813
417815
417816
417817
417818
417819
417820
417821
417822
417823
417824
417825
417828
417829
417830
417831
417832
417833
417834
417835
417836
417837
417838
417839
417840
417841
417842
417843
417844
417845
417846
417847
417848
417849
417850
417851
417852
417853
417854
417855
417856
417857
417858
417859
417860
417861
417862
417863
417864
417865
417866
417867
417868
417869
417870
417871
417872
417873
417874
417875
417876
417877
417878
417879
417880
417882
417883
417884
417885
417886
417887
417889
417890
417891
417892
417893
417894
417896
417897
417898
417899
417902
417903
417904
417906
417908
417909
417910
417911
417912
417913
417914
417915
417916
417917
417918
417919
417920
417921
417922
417923
417924
417926
417927
417928
417929
417930
417931
417932
417933
417934
417935
417936
417937
417938
417940
417941
417942
417943
417944
417945
417946
417947
417948
417949
417950
417951
417954
417955
417956
417958
417959
417960
417961
417962
417963
417964
417965
417966
417967
417968
417969
417970
417971
417972
417973
417974
417975
417976
417977
417978
417979
417980
417981
417982
417984
417985
417986
417987
417988
417989
417990
417991
417992
417993
417994
417995
417997
417998
417999
418000
418001
418002
418003
418004
418005
418006
418007
418008
418009
418011
418012
418013
418014
418015
418016
418017
418018
418019
418020
418021
418022
418024
418026
418027
418028
418029
418030
418031
418032
418033
418034
418035
418036
418037
418040
418041
418042
418043
418045
418046
418047
418048
418049
418050
418051
418054
418055
418056
418057
418058
418059
418060
418061
418062
418063
418064
418065
418066
418067
418068
418069
418070
418071
418072
418073
418074
418075
418076
418077
418078
418079
418080
418081
418082
418084
418085
418086
418087
418088
418089
418090
418091
418092
418093
418094
418095
418096
418098
418099
418101
418102
418103
418104
418105
418106
418107
418108
418109
418111
418112
418113
418114
418115
418116
418117
418118
418120
418121
418122
418124
418125
418126
418127
418128
418129
418130
418131
418132
418133
418134
418135
418136
418137
418138
418139
418140
418141
418142
418143
418144
418146
418149
418150
418151
418152
418153
418154
418156
418157
418158
418159
418160
418161
418162
418164
418165
418166
418167
418168
418169
418170
418171
418172
418173
418174
418175
418177
418178
418179
418181
418184
418185
418187
418188
418189
418190
418192
418193
418194
418197
418198
418199
418200
418202
418203
418204
418205
418206
418207
418208
418209
418210
418212
418213
418214
418216
418217
418218
418220
418221
418222
418223
418225
418226
418227
418228
418229
418230
418231
418232
418233
418234
418235
418238
418239
418240
418241
418242
418243
418245
418246
418247
418250
418251
418252
418253
418254
418255
418256
418257
418258
418259
418260
418261
418262
418263
418264
418265
418266
418267
418268
418269
418270
418271
418272
418273
418274
418275
418276
418277
418278
418279
418280
418281
418282
418283
418284
418285
418286
418287
418288
418289
418290
418291
418293
418294
418297
418298
418299
418300
418301
418302
418303
418304
418305
418306
418307
418308
418309
418310
418314
418315
418316
418317
418318
418319
418320
418321
418322
418323
418324
418325
418326
418327
418328
418329
418330
418331
418332
418333
418334
418337
418338
418339
418340
418341
418342
418343
418345
418346
418347
418348
418350
418352
418353
418354
418355
418356
418357
418358
418359
418360
418361
418362
418363
418365
418366
418367
418368
418369
418370
418371
418372
418374
418375
418376
418378
418380
418381
418382
418383
418384
418385
418386
418387
418388
418389
418390
418391
418392
418393
418394
418395
418396
418397
418398
418399
418400
418401
418402
418403
418404
418405
418406
418408
418409
418411
418412
418413
418414
418415
418416
418418
418419
418420
418421
418422
418423
418424
418425
418426
418427
418428
418429
418430
418431
418432
418433
418434
418435
418436
418437
418439
418440
418441
418442
418443
418444
418445
418446
418447
418448
418449
418450
418451
418452
418453
418455
418456
418457
418458
418459
418460
418461
418463
418464
418466
418467
418469
418470
418471
418472
418473
418475
418482
418483
418484
418486
418487
418488
418489
418490
418491
418492
418493
418494
418495
418497
418499
418500
418501
418502
418504
418505
418506
418507
418508
418509
418511
418512
418513
418514
418515
418516
418517
418518
418520
418521
418522
418523
418524
418525
418526
418527
418528
418530
418531
418533
418534
418535
418536
418537
418538
418539
418541
418542
418545
418546
418547
418548
418549
418550
418551
418552
418553
418554
418555
418557
418558
418559
418560
418561
418562
418563
418564
418565
418566
418567
418568
418570
418571
418572
418573
418574
418576
418577
418578
418579
418580
418581
418582
418583
418584
418585
418586
418587
418588
418589
418591
418592
418594
418595
418596
418597
418598
418599
418600
418601
418602
418603
418604
418605
418606
418607
418608
418609
418610
418611
418613
418614
418616
418617
418618
418619
418621
418622
418623
418624
418625
418626
418627
418628
418629
418630
418631
418632
418633
418635
418636
418637
418638
418639
418640
418641
418643
418645
418647
418648
418649
418650
418651
418652
418653
418655
418656
418657
418658
418661
418662
418663
418664
418666
418667
418668
418669
418670
418672
418673
418674
418675
418676
418677
418678
418680
418681
418682
418683
418684
418685
418686
418687
418688
418689
418690
418691
418692
418693
418694
418695
418696
418697
418698
418699
418700
418701
418702
418703
418704
418706
418707
418708
418709
418710
418711
418713
418714
418715
418716
418717
418718
418719
418720
418721
418723
418724
418725
418726
418727
418728
418729
418730
418731
418732
418733
418734
418735
418736
418737
418738
418739
418740
418741
418742
418744
418745
418746
418747
418748
418749
418750
418751
418752
418753
418754
418757
418758
418759
418760
418761
418762
418763
418764
418765
418766
418767
418768
418769
418770
418771
418773
418774
418775
418778
418779
418780
418781
418782
418783
418784
418785
418786
418787
418788
418789
418790
418791
418792
418794
418797
418798
418799
418800
418801
418802
418803
418804
418805
418806
418807
418808
418809
418810
418811
418812
418813
418814
418815
418817
418818
418819
418820
418821
418822
418823
418824
418825
418826
418827
418828
418829
418830
418831
418832
418833
418834
418835
418836
418837
418838
418839
418840
418841
418842
418845
418846
418847
418848
418849
418850
418851
418852
418853
418854
418855
418856
418857
418858
418859
418860
418861
418862
418863
418864
418865
418866
418867
418868
418870
418871
418872
418873
418874
418876
418877
418878
418879
418880
418881
418882
418883
418884
418885
418886
418887
418888
418889
418890
418891
418892
418893
418894
418895
418896
418897
418898
418899
418900
418901
418902
418903
418904
418905
418906
418907
418908
418910
418911
418912
418913
418914
418916
418917
418918
418920
418921
418922
418923
418924
418926
418927
418928
418929
418930
418931
418932
418934
418935
418936
418937
418938
418939
418940
418941
418943
418944
418945
418946
418947
418948
418949
418950
418951
418952
418953
418954
418955
418956
418957
418958
418959
418960
418961
418963
418964
418965
418966
418967
418968
418969
418970
418971
418972
418975
418978
418980
418981
418982
418983
418984
418985
418987
418988
418989
418990
418991
418992
418993
418994
418995
418996
418997
418998
418999
419000
419001
419002
419003
419004
419006
419007
419008
419009
419010
419011
419012
419013
419014
419015
419016
419017
419018
419019
419020
419022
419023
419024
419025
419026
419027
419028
419029
419030
419031
419032
419033
419034
419035
419036
419037
419038
419039
419040
419041
419043
419044
419045
419046
419048
419052
419053
419056
419058
419059
419060
419061
419062
419065
419066
419067
419068
419069
419070
419071
419072
419075
419076
419077
419078
419079
419081
419082
419083
419084
419085
419086
419087
419089
419090
419091
419092
419093
419094
419095
419096
419097
419098
419100
419101
419102
419103
419105
419106
419107
419108
419109
419110
419111
419112
419114
419115
419116
419117
419118
419120
419121
419122
419123
419124
419125
419126
419127
419128
419129
419130
419131
419132
419133
419134
419136
419137
419138
419139
419140
419141
419142
419143
419144
419146
419147
419148
419149
419150
419151
419152
419153
419154
419155
419156
419157
419158
419159
419160
419161
419162
419163
419164
419165
419166
419167
419168
419169
419170
419171
419172
419173
419174
419175
419176
419177
419178
419179
419180
419181
419182
419183
419184
419186
419188
419189
419191
419192
419193
419194
419195
419196
419197
419198
419199
419200
419201
419202
419204
419205
419206
419207
419208
419209
419210
419211
419212
419213
419214
419215
419216
419217
419218
419219
419221
419222
419223
419224
419225
419226
419228
419229
419230
419231
419232
419233
419234
419235
419236
419237
419239
419240
419241
419242
419243
419244
419245
419246
419248
419249
419250
419253
419255
419256
419258
419259
419260
419261
419262
419263
419264
419265
419266
419267
419269
419270
419271
419272
419273
419274
419275
419276
419277
419278
419280
419281
419282
419283
419284
419285
419286
419287
419288
419291
419292
419293
419294
419295
419296
419297
419298
419299
419300
419301
419302
419303
419304
419306
419307
419308
419309
419310
419311
419312
419313
419314
419315
419316
419317
419318
419319
419320
419321
419322
419323
419324
419325
419326
419327
419328
419329
419330
419331
419332
419333
419334
419335
419336
419337
419338
419339
419340
419341
419342
419343
419344
419345
419346
419347
419348
419349
419350
419351
419352
419353
419354
419355
419356
419357
419358
419360
419361
419362
419363
419364
419365
419366
419367
419368
419369
419370
419371
419372
419373
419374
419376
419377
419379
419380
419381
419382
419383
419385
419386
419387
419388
419389
419390
419391
419392
419393
419394
419395
419396
419397
419398
419399
419402
419403
419404
419405
419406
419407
419408
419409
419410
419411
419412
419413
419414
419415
419416
419417
419418
419419
419423
419424
419425
419426
419427
419428
419429
419430
419431
419432
419433
419434
419435
419436
419437
419438
419439
419440
419442
419443
419444
419445
419446
419447
419448
419449
419450
419451
419452
419453
419454
419455
419456
419457
419458
419459
419460
419461
419462
419463
419464
419465
419466
419467
419468
419469
419470
419471
419472
419473
419474
419475
419476
419477
419478
419479
419480
419481
419482
419483
419484
419485
419486
419487
419488
419489
419490
419491
419492
419493
419494
419495
419498
419499
419500
419501
419502
419503
419504
419505
419506
419507
419508
419509
419510
419511
419512
419513
419514
419515
419517
419518
419520
419521
419522
419524
419526
419527
419528
419529
419530
419531
419532
419533
419534
419535
419536
419537
419538
419539
419540
419541
419542
419543
419544
419545
419546
419547
419548
419550
419551
419552
419553
419554
419555
419556
419557
419558
419559
419560
419561
419562
419563
419564
419565
419566
419567
419568
419571
419572
419573
419574
419575
419576
419577
419578
419579
419580
419581
419582
419583
419584
419585
419586
419587
419588
419589
419590
419591
419592
419593
419594
419595
419596
419597
419598
419599
419600
419601
419603
419604
419606
419607
419609
419610
419611
419612
419614
419615
419616
419617
419618
419619
419620
419621
419623
419624
419625
419626
419627
419628
419629
419630
419631
419632
419633
419635
419637
419638
419639
419640
419641
419642
419643
419644
419645
419646
419647
419648
419649
419650
419651
419652
419653
419654
419655
419656
419657
419658
419659
419660
419661
419662
419663
419664
419665
419666
419667
419669
419670
419671
419672
419673
419674
419675
419676
419677
419678
419679
419680
419681
419682
419684
419685
419686
419687
419688
419689
419690
419691
419693
419694
419696
419697
419698
419699
419700
419701
419702
419704
419705
419706
419707
419708
419709
419710
419711
419712
419713
419714
419715
419716
419717
419718
419719
419720
419721
419722
419723
419724
419725
419726
419727
419728
419729
419730
419731
419732
419734
419735
419736
419738
419739
419740
419741
419742
419743
419744
419745
419747
419748
419749
419750
419751
419752
419753
419754
419755
419756
419757
419758
419759
419760
419761
419762
419763
419764
419766
419767
419768
419769
419770
419771
419772
419773
419774
419775
419776
419777
419778
419779
419780
419781
419782
419783
419785
419786
419789
419790
419792
419793
419794
419795
419796
419797
419798
419799
419800
419801
419802
419803
419804
419805
419806
419807
419808
419809
419811
419812
419813
419814
419815
419816
419817
419818
419819
419820
419821
419822
419823
419824
419825
419826
419827
419828
419830
419831
419832
419833
419834
419835
419836
419837
419838
419839
419840
419841
419842
419843
419844
419845
419846
419847
419848
419849
419850
419851
419852
419853
419854
419855
419856
419857
419858
419859
419860
419862
419863
419864
419865
419866
419867
419868
419869
419870
419871
419872
419873
419874
419875
419876
419877
419878
419879
419880
419881
419882
419883
419884
419885
419886
419887
419888
419889
419890
419891
419892
419893
419894
419895
419896
419897
419898
419899
419900
419901
419902
419903
419904
419905
419906
419907
419908
419909
419910
419911
419912
419913
419914
419915
419916
419917
419918
419919
419920
419921
419922
419923
419924
419925
419926
419927
419928
419929
419930
419931
419932
419933
419934
419935
419936
419937
419938
419941
419942
419943
419945
419946
419947
419948
419949
419950
419951
419952
419953
419954
419955
419956
419957
419958
419959
419960
419961
419962
419964
419965
419966
419967
419968
419970
419971
419972
419974
419975
419976
419977
419978
419979
419980
419981
419982
419983
419984
419985
419986
419988
419989
419990
419991
419992
419993
419994
419995
419996
419997
419998
419999
420001
420002
420003
420004
420005
420006
420007
420009
420010
420011
420012
420013
420014
420015
420016
420017
420019
420020
420021
420022
420023
420024
420025
420026
420027
420028
420029
420030
420031
420032
420033
420034
420036
420037
420038
420039
420040
420041
420043
420044
420045
420046
420047
420048
420049
420050
420051
420052
420053
420054
420055
420056
420057
420058
420059
420060
420061
420062
420063
420064
420065
420066
420067
420068
420069
420070
420071
420072
420073
420074
420075
420076
420077
420078
420079
420080
420081
420082
420083
420084
420085
420086
420087
420088
420089
420090
420091
420092
420094
420095
420096
420098
420099
420100
420101
420103
420104
420105
420106
420107
420108
420109
420110
420111
420112
420113
420114
420115
420117
420118
420119
420120
420121
420122
420123
420124
420125
420127
420128
420129
420130
420131
420132
420133
420134
420135
420136
420137
420138
420139
420140
420141
420142
420143
420144
420145
420146
420147
420148
420149
420150
420151
420152
420153
420154
420155
420156
420157
420158
420159
420160
420161
420162
420163
420164
420165
420166
420168
420170
420171
420172
420173
420174
420175
420176
420177
420178
420179
420180
420181
420182
420183
420184
420185
420187
420188
420189
420190
420191
420192
420193
420194
420195
420197
420200
420202
420203
420205
420206
420207
420208
420209
420210
420211
420212
420213
420214
420215
420216
420218
420219
420220
420221
420222
420223
420224
420225
420226
420227
420228
420229
420230
420231
420232
420233
420234
420235
420236
420237
420238
420240
420241
420242
420243
420244
420245
420246
420247
420249
420250
420251
420252
420253
420254
420255
420256
420257
420258
420259
420260
420261
420262
420263
420264
420265
420266
420267
420268
420269
420270
420271
420272
420273
420274
420275
420276
420277
420278
420279
420280
420281
420282
420283
420285
420286
420287
420288
420291
420292
420293
420294
420295
420296
420297
420298
420299
420300
420301
420302
420303
420304
420305
420306
420307
420308
420309
420310
420311
420312
420313
420314
420315
420316
420317
420318
420319
420321
420322
420324
420325
420326
420327
420328
420329
420330
420331
420332
420333
420334
420335
420336
420337
420338
420339
420340
420341
420342
420343
420344
420345
420346
420347
420348
420349
420350
420351
420352
420353
420354
420355
420356
420357
420358
420359
420360
420361
420362
420364
420365
420366
420368
420369
420370
420371
420372
420373
420374
420376
420377
420378
420379
420380
420381
420383
420385
420386
420387
420388
420390
420391
420394
420397
420398
420399
420400
420401
420402
420403
420404
420405
420406
420408
420409
420410
420411
420412
420413
420414
420415
420416
420417
420418
420419
420420
420421
420422
420423
420424
420425
420426
420428
420429
420430
420431
420432
420433
420434
420435
420436
420437
420438
420439
420440
420441
420442
420443
420444
420445
420446
420447
420448
420449
420450
420451
420452
420453
420454
420455
420456
420457
420458
420459
420460
420461
420462
420463
420465
420466
420467
420468
420469
420470
420471
420472
420474
420475
420476
420477
420478
420479
420480
420481
420482
420483
420484
420486
420487
420488
420489
420490
420491
420492
420493
420494
420495
420496
420497
420498
420499
420500
420501
420502
420503
420504
420505
420506
420507
420508
420509
420510
420511
420512
420513
420514
420515
420516
420517
420518
420519
420521
420522
420523
420524
420525
420526
420527
420528
420529
420530
420531
420532
420533
420534
420535
420536
420537
420538
420539
420540
420541
420542
420543
420544
420545
420546
420547
420548
420549
420550
420552
420553
420554
420555
420556
420557
420558
420559
420560
420561
420562
420563
420564
420565
420566
420567
420569
420570
420571
420572
420573
420575
420576
420577
420579
420580
420581
420582
420583
420584
420585
420586
420587
420589
420590
420591
420592
420593
420594
420595
420596
420597
420598
420599
420600
420601
420602
420603
420605
420606
420607
420608
420610
420611
420612
420613
420614
420615
420616
420617
420618
420619
420621
420622
420623
420624
420625
420626
420627
420628
420629
420630
420632
420633
420634
420635
420636
420637
420638
420639
420640
420641
420642
420643
420644
420645
420646
420648
420649
420650
420651
420652
420653
420654
420655
420656
420657
420658
420659
420660
420662
420663
420664
420665
420666
420667
420668
420669
420670
420671
420672
420673
420674
420675
420676
420677
420678
420679
420680
420681
420682
420683
420684
420686
420687
420688
420689
420690
420691
420692
420693
420694
420695
420696
420697
420698
420699
420700
420701
420702
420703
420704
420705
420706
420707
420708
420709
420710
420711
420712
420713
420714
420715
420716
420717
420719
420720
420721
420723
420724
420725
420726
420727
420728
420729
420730
420731
420732
420733
420734
420736
420737
420738
420739
420740
420741
420742
420743
420744
420745
420746
420747
420748
420749
420750
420753
420754
420755
420756
420757
420758
420759
420760
420761
420762
420763
420764
420765
420766
420767
420768
420769
420770
420771
420772
420773
420774
420775
420776
420777
420779
420780
420781
420782
420783
420784
420785
420786
420787
420789
420790
420791
420792
420793
420794
420796
420798
420799
420800
420804
420805
420806
420807
420808
420809
420810
420811
420812
420814
420815
420817
420818
420819
420820
420821
420822
420823
420824
420826
420827
420828
420829
420830
420831
420832
420833
420834
420835
420836
420837
420838
420839
420840
420841
420843
420844
420845
420846
420847
420848
420849
420850
420851
420852
420853
420854
420855
420856
420857
420858
420859
420860
420861
420862
420863
420865
420866
420867
420868
420869
420870
420872
420873
420874
420875
420876
420878
420879
420880
420881
420882
420883
420884
420885
420886
420887
420888
420889
420890
420891
420892
420893
420894
420895
420896
420897
420898
420899
420900
420901
420902
420903
420905
420906
420907
420908
420909
420910
420911
420912
420914
420915
420916
420917
420918
420919
420920
420921
420922
420923
420925
420926
420927
420928
420929
420930
420931
420933
420934
420935
420936
420937
420938
420939
420940
420941
420942
420944
420945
420946
420947
420948
420949
420950
420951
420952
420953
420954
420955
420956
420957
420958
420959
420961
420962
420963
420964
420965
420966
420967
420968
420969
420970
420971
420972
420974
420975
420976
420977
420978
420979
420980
420981
420982
420983
420984
420986
420987
420988
420989
420990
420991
420992
420993
420994
420995
420996
420998
421001
421002
421003
421006
421007
421008
421009
421010
421011
421012
421013
421014
421015
421016
421017
421018
421019
421020
421021
421022
421023
421024
421025
421026
421027
421028
421029
421030
421031
421032
421034
421036
421037
421038
421039
421040
421041
421042
421043
421044
421045
421046
421048
421049
421050
421051
421052
421053
421054
421055
421056
421057
421058
421059
421060
421061
421062
421063
421064
421065
421066
421067
421068
421069
421070
421071
421072
421073
421074
421075
421076
421077
421078
421079
421080
421081
421082
421083
421085
421086
421087
421088
421089
421090
421091
421092
421096
421097
421098
421099
421100
421101
421102
421106
421107
421108
421109
421110
421111
421112
421113
421114
421115
421116
421117
421118
421119
421120
421121
421123
421124
421125
421126
421127
421128
421129
421130
421131
421132
421133
421134
421135
421137
421138
421139
421140
421141
421143
421144
421146
421148
421149
421150
421151
421152
421153
421154
421155
421156
421157
421158
421159
421160
421161
421162
421163
421165
421167
421168
421169
421170
421171
421172
421173
421174
421175
421176
421177
421178
421179
421180
421181
421182
421183
421184
421185
421186
421187
421188
421189
421190
421192
421193
421194
421195
421196
421197
421198
421199
421200
421202
421203
421204
421206
421207
421208
421209
421211
421212
421213
421214
421215
421216
421217
421218
421219
421220
421221
421222
421223
421224
421225
421226
421227
421228
421229
421230
421231
421232
421233
421234
421235
421236
421237
421238
421239
421240
421241
421242
421243
421244
421245
421246
421247
421248
421249
421250
421251
421252
421253
421254
421255
421256
421257
421258
421259
421260
421261
421262
421263
421264
421265
421266
421267
421268
421272
421273
421274
421275
421276
421277
421278
421279
421280
421281
421282
421283
421284
421285
421286
421287
421288
421289
421290
421291
421292
421293
421294
421295
421296
421297
421298
421299
421300
421302
421303
421304
421305
421307
421308
421310
421311
421312
421313
421314
421317
421318
421319
421320
421321
421322
421323
421324
421325
421326
421327
421329
421330
421331
421332
421333
421334
421335
421336
421337
421339
421340
421341
421342
421343
421344
421345
421346
421347
421348
421349
421350
421351
421352
421353
421354
421355
421356
421357
421358
421359
421360
421361
421362
421363
421364
421365
421366
421367
421368
421369
421370
421371
421372
421373
421374
421375
421376
421377
421378
421379
421380
421381
421382
421383
421384
421385
421386
421387
421388
421389
421390
421392
421393
421394
421395
421396
421397
421399
421400
421401
421402
421403
421405
421406
421407
421409
421413
421414
421415
421416
421417
421418
421419
421420
421422
421423
421424
421425
421426
421427
421428
421429
421430
421431
421432
421433
421434
421435
421436
421437
421438
421439
421440
421441
421442
421443
421445
421446
421447
421448
421449
421451
421452
421453
421454
421455
421456
421457
421458
421459
421460
421462
421463
421464
421465
421466
421468
421469
421470
421471
421472
421473
421474
421475
421476
421477
421478
421479
421480
421481
421482
421483
421484
421485
421486
421487
421488
421489
421490
421491
421492
421493
421494
421495
421496
421497
421498
421499
421500
421501
421502
421503
421504
421505
421506
421507
421508
421509
421510
421511
421512
421513
421514
421515
421516
421517
421518
421519
421520
421522
421523
421524
421525
421526
421527
421528
421529
421530
421531
421532
421533
421534
421535
421536
421537
421538
421539
421540
421542
421543
421544
421545
421546
421547
421548
421549
421551
421552
421553
421554
421555
421556
421557
421558
421559
421560
421561
421562
421563
421564
421565
421567
421568
421569
421570
421571
421572
421575
421577
421578
421579
421580
421582
421583
421584
421585
421586
421587
421588
421589
421591
421592
421593
421594
421595
421596
421597
421598
421599
421600
421601
421602
421603
421604
421606
421607
421608
421609
421610
421611
421612
421613
421614
421615
421616
421617
421619
421620
421622
421623
421624
421625
421626
421627
421628
421629
421630
421631
421632
421633
421634
421635
421636
421637
421638
421639
421640
421641
421642
421643
421644
421645
421647
421648
421649
421651
421652
421653
421654
421655
421656
421657
421658
421659
421660
421661
421662
421663
421664
421665
421666
421667
421668
421669
421670
421671
421672
421673
421675
421676
421677
421678
421679
421680
421682
421683
421684
421685
421686
421687
421688
421689
421691
421692
421693
421694
421696
421697
421700
421701
421702
421703
421704
421705
421706
421707
421708
421709
421710
421711
421712
421713
421714
421715
421716
421717
421718
421719
421720
421722
421724
421725
421726
421727
421728
421729
421730
421731
421733
421734
421735
421737
421738
421739
421740
421741
421742
421743
421744
421745
421746
421747
421748
421749
421750
421751
421752
421753
421754
421758
421759
421760
421761
421763
421764
421765
421766
421767
421768
421769
421770
421771
421772
421773
421774
421775
421776
421777
421779
421780
421781
421782
421783
421784
421785
421786
421787
421788
421789
421790
421791
421792
421793
421794
421795
421796
421797
421798
421799
421800
421801
421802
421803
421805
421806
421807
421808
421809
421810
421811
421812
421813
421814
421815
421816
421817
421818
421819
421821
421825
421826
421827
421828
421829
421830
421831
421832
421833
421834
421835
421836
421837
421839
421840
421841
421842
421843
421844
421845
421847
421848
421849
421850
421851
421852
421853
421854
421855
421856
421857
421858
421859
421860
421861
421862
421863
421864
421865
421866
421867
421868
421869
421870
421871
421874
421875
421876
421877
421878
421879
421880
421881
421882
421883
421884
421885
421886
421887
421888
421889
421890
421891
421892
421893
421894
421895
421897
421898
421899
421900
421901
421902
421903
421905
421906
421907
421908
421909
421910
421911
421912
421913
421914
421915
421916
421917
421918
421919
421920
421922
421923
421924
421925
421927
421928
421929
421930
421931
421932
421933
421934
421935
421936
421937
421938
421939
421940
421941
421942
421943
421944
421945
421946
421947
421948
421953
421957
421958
421959
421960
421961
421962
421963
421965
421966
421967
421968
421969
421972
421973
421974
421975
421979
421980
421981
421982
421983
421984
421985
421986
421987
421988
421989
421990
421991
421992
421993
421994
421995
421996
421997
421998
421999
422000
422001
422002
422003
422004
422005
422006
422007
422008
422009
422010
422011
422012
422013
422014
422015
422016
422017
422018
422019
422020
422021
422022
422023
422024
422025
422026
422027
422028
422029
422030
422031
422032
422033
422034
422035
422036
422037
422038
422039
422040
422041
422042
422043
422044
422045
422046
422047
422048
422049
422050
422051
422052
422053
422054
422055
422056
422057
422058
422060
422061
422062
422063
422064
422065
422066
422067
422068
422069
422070
422071
422072
422073
422074
422075
422076
422077
422078
422081
422083
422084
422086
422088
422089
422090
422091
422093
422094
422095
422096
422097
422098
422099
422100
422101
422102
422103
422104
422105
422106
422107
422108
422109
422110
422111
422112
422113
422114
422115
422116
422118
422119
422120
422121
422122
422123
422124
422125
422126
422127
422128
422129
422130
422131
422133
422134
422135
422136
422137
422138
422139
422140
422141
422142
422143
422144
422145
422147
422148
422149
422150
422151
422152
422153
422154
422155
422156
422157
422158
422159
422160
422161
422162
422163
422164
422165
422166
422167
422168
422169
422170
422172
422173
422174
422175
422176
422177
422178
422179
422180
422182
422183
422184
422185
422186
422187
422188
422189
422190
422191
422192
422193
422194
422195
422196
422197
422198
422199
422200
422201
422202
422203
422204
422205
422206
422207
422208
422210
422211
422212
422214
422216
422217
422218
422219
422220
422221
422222
422223
422224
422225
422226
422227
422228
422229
422230
422231
422232
422233
422234
422235
422237
422238
422239
422240
422241
422242
422243
422244
422245
422246
422247
422248
422249
422250
422251
422252
422253
422254
422255
422256
422257
422258
422259
422260
422261
422262
422263
422264
422265
422266
422267
422268
422269
422270
422271
422273
422274
422275
422276
422277
422278
422279
422280
422281
422282
422283
422284
422285
422286
422289
422290
422291
422292
422294
422295
422297
422298
422299
422302
422303
422304
422305
422306
422307
422308
422309
422310
422311
422312
422313
422314
422316
422317
422318
422319
422321
422322
422323
422324
422325
422326
422327
422328
422329
422332
422333
422334
422335
422336
422338
422339
422340
422341
422342
422343
422344
422345
422346
422347
422348
422349
422350
422351
422352
422353
422354
422355
422356
422357
422358
422361
422362
422363
422364
422366
422367
422372
422373
422374
422375
422376
422377
422378
422379
422380
422381
422382
422383
422384
422385
422386
422387
422388
422389
422390
422391
422392
422394
422395
422396
422397
422398
422399
422400
422402
422403
422404
422405
422406
422407
422408
422409
422410
422412
422413
422414
422415
422416
422417
422418
422419
422420
422421
422422
422423
422424
422425
422426
422427
422428
422429
422430
422431
422432
422433
422434
422435
422436
422437
422438
422439
422440
422441
422442
422443
422444
422445
422447
422448
422449
422451
422452
422453
422454
422455
422456
422458
422460
422461
422462
422464
422466
422467
422468
422469
422470
422471
422472
422473
422474
422475
422476
422477
422478
422479
422481
422482
422483
422484
422485
422486
422487
422488
422489
422490
422491
422492
422493
422494
422495
422496
422497
422498
422499
422500
422501
422502
422503
422505
422506
422508
422509
422510
422511
422512
422513
422514
422515
422516
422517
422518
422519
422520
422521
422522
422523
422524
422526
422527
422528
422529
422530
422531
422532
422533
422534
422535
422536
422537
422538
422539
422540
422541
422542
422543
422544
422545
422546
422547
422548
422549
422550
422551
422552
422553
422554
422555
422556
422557
422558
422559
422560
422561
422562
422563
422564
422565
422566
422567
422568
422569
422570
422571
422572
422575
422576
422577
422578
422579
422580
422581
422582
422585
422586
422587
422588
422589
422590
422591
422592
422593
422594
422595
422596
422597
422598
422599
422600
422601
422602
422603
422604
422605
422606
422607
422608
422609
422610
422612
422613
422615
422618
422619
422621
422623
422625
422626
422627
422629
422630
422631
422632
422634
422635
422636
422637
422638
422639
422640
422641
422642
422643
422644
422645
422646
422647
422648
422649
422650
422651
422652
422653
422654
422655
422656
422657
422658
422659
422660
422661
422662
422663
422664
422665
422666
422667
422668
422669
422670
422671
422672
422673
422674
422675
422676
422677
422678
422679
422680
422681
422682
422683
422684
422685
422686
422687
422688
422689
422690
422691
422692
422693
422694
422695
422697
422698
422699
422700
422701
422702
422703
422704
422705
422706
422707
422708
422709
422710
422711
422713
422714
422715
422716
422717
422718
422719
422720
422721
422722
422724
422725
422727
422728
422729
422730
422731
422732
422733
422734
422735
422736
422737
422738
422739
422740
422741
422742
422743
422744
422745
422746
422747
422748
422749
422750
422751
422752
422754
422755
422756
422757
422758
422759
422761
422762
422763
422764
422765
422766
422767
422768
422769
422770
422771
422772
422773
422774
422775
422776
422777
422778
422779
422780
422781
