422782
422783
422784
422785
422786
422787
422789
422790
422791
422792
422793
422794
422795
422796
422798
422799
422800
422801
422802
422803
422804
422805
422806
422807
422809
422810
422811
422812
422813
422814
422815
422816
422817
422819
422820
422821
422823
422824
422825
422826
422827
422830
422831
422833
422834
422835
422836
422838
422839
422840
422841
422842
422843
422844
422845
422846
422847
422848
422849
422850
422851
422852
422853
422854
422856
422857
422858
422859
422860
422861
422863
422864
422865
422866
422867
422868
422869
422870
422871
422872
422873
422874
422875
422876
422877
422878
422879
422880
422881
422882
422883
422884
422885
422886
422887
422889
422890
422891
422892
422893
422894
422895
422896
422897
422900
422903
422904
422905
422906
422907
422908
422910
422911
422912
422913
422914
422915
422916
422917
422918
422919
422920
422922
422923
422924
422926
422927
422929
422930
422931
422932
422933
422935
422936
422937
422938
422939
422940
422941
422943
422944
422945
422946
422947
422948
422949
422950
422951
422952
422953
422954
422955
422956
422958
422959
422960
422961
422962
422964
422965
422967
422968
422969
422970
422971
422972
422973
422974
422975
422977
422980
422981
422982
422984
422985
422986
422987
422988
422991
422992
422993
422994
422995
422996
422997
422998
422999
423000
423001
423002
423003
423004
423005
423006
423007
423008
423009
423010
423011
423012
423013
423014
423015
423016
423018
423020
423021
423022
423023
423024
423025
423026
423027
423028
423029
423030
423031
423033
423034
423035
423036
423037
423038
423039
423040
423041
423042
423043
423044
423045
423046
423047
423048
423049
423050
423052
423053
423054
423055
423056
423057
423058
423059
423061
423062
423063
423064
423065
423066
423067
423068
423069
423070
423071
423072
423075
423076
423077
423078
423079
423080
423081
423082
423083
423084
423085
423086
423087
423088
423090
423092
423093
423094
423095
423096
423097
423098
423099
423100
423101
423104
423105
423106
423107
423108
423109
423110
423111
423112
423113
423114
423115
423116
423117
423118
423119
423120
423121
423122
423123
423124
423125
423126
423127
423128
423130
423131
423132
423133
423134
423135
423136
423137
423138
423139
423140
423141
423142
423143
423144
423145
423146
423148
423149
423150
423151
423152
423153
423154
423155
423156
423157
423158
423159
423161
423162
423163
423164
423165
423166
423167
423168
423171
423172
423175
423176
423177
423178
423179
423180
423181
423182
423183
423184
423185
423186
423187
423188
423189
423190
423191
423192
423193
423194
423195
423197
423198
423199
423200
423202
423204
423205
423206
423207
423208
423209
423210
423211
423213
423214
423215
423216
423218
423220
423221
423222
423223
423224
423225
423226
423228
423229
423230
423231
423232
423233
423235
423236
423238
423239
423240
423243
423244
423246
423248
423249
423250
423251
423252
423253
423254
423255
423256
423257
423258
423261
423262
423263
423264
423265
423266
423267
423268
423269
423270
423271
423272
423274
423275
423276
423277
423279
423280
423281
423283
423284
423285
423286
423287
423288
423289
423291
423292
423293
423294
423295
423296
423297
423298
423299
423300
423302
423303
423304
423305
423306
423308
423309
423310
423311
423312
423313
423314
423315
423316
423317
423318
423319
423320
423321
423322
423323
423325
423326
423327
423328
423329
423330
423331
423332
423333
423334
423335
423336
423337
423339
423340
423341
423342
423343
423344
423345
423346
423347
423348
423349
423350
423351
423352
423353
423354
423355
423356
423358
423359
423360
423361
423362
423363
423364
423366
423367
423368
423369
423370
423372
423373
423374
423375
423376
423377
423378
423379
423380
423381
423382
423383
423384
423385
423386
423387
423388
423389
423390
423391
423392
423393
423394
423395
423396
423397
423400
423401
423402
423403
423404
423405
423406
423408
423409
423410
423412
423413
423414
423415
423416
423417
423418
423419
423420
423422
423423
423424
423425
423426
423427
423429
423430
423431
423432
423433
423434
423435
423436
423437
423438
423439
423440
423441
423442
423443
423444
423445
423446
423447
423448
423449
423450
423451
423452
423453
423454
423457
423458
423459
423461
423462
423463
423464
423465
423466
423467
423468
423472
423473
423475
423476
423477
423478
423479
423480
423481
423484
423485
423486
423487
423488
423489
423492
423493
423494
423495
423496
423497
423500
423501
423502
423504
423505
423506
423507
423508
423509
423510
423511
423512
423513
423516
423517
423518
423519
423520
423521
423522
423523
423525
423526
423527
423528
423529
423530
423532
423533
423534
423535
423536
423538
423540
423541
423543
423544
423545
423546
423547
423548
423549
423550
423551
423552
423553
423554
423556
423557
423558
423559
423560
423561
423562
423563
423564
423565
423566
423567
423568
423569
423570
423571
423572
423574
423575
423576
423577
423578
423579
423582
423583
423584
423585
423586
423587
423588
423589
423590
423591
423592
423593
423594
423595
423596
423597
423598
423599
423600
423601
423602
423603
423604
423605
423607
423608
423609
423610
423611
423612
423613
423614
423615
423616
423618
423619
423620
423621
423622
423623
423624
423625
423626
423627
423628
423629
423630
423631
423632
423633
423634
423635
423636
423637
423638
423639
423640
423641
423642
423643
423644
423645
423646
423647
423648
423649
423650
423651
423652
423653
423654
423655
423656
423657
423658
423659
423660
423661
423662
423664
423665
423666
423668
423669
423670
423671
423672
423673
423675
423678
423679
423680
423681
423682
423683
423684
423685
423686
423687
423688
423689
423690
423691
423692
423693
423694
423695
423696
423697
423698
423699
423700
423701
423702
423703
423704
423705
423706
423707
423708
423709
423710
423712
423713
423714
423715
423716
423717
423718
423719
423721
423722
423724
423725
423726
423727
423728
423729
423730
423731
423732
423733
423734
423735
423736
423737
423738
423739
423740
423741
423742
423743
423744
423745
423746
423747
423748
423749
423750
423751
423752
423753
423754
423755
423756
423758
423759
423760
423761
423762
423763
423764
423765
423766
423767
423768
423769
423770
423771
423772
423773
423774
423775
423776
423777
423778
423779
423780
423781
423782
423783
423785
423786
423787
423788
423789
423790
423792
423793
423794
423795
423796
423797
423798
423799
423800
423801
423802
423804
423805
423807
423808
423809
423810
423811
423812
423813
423814
423815
423816
423817
423820
423822
423823
423824
423825
423826
423827
423828
423829
423830
423831
423832
423833
423834
423835
423836
423837
423838
423840
423841
423842
423843
423844
423845
423846
423847
423848
423849
423850
423851
423852
423853
423854
423855
423856
423857
423859
423860
423861
423862
423863
423864
423865
423866
423867
423868
423870
423871
423872
423873
423874
423875
423876
423878
423879
423880
423881
423882
423883
423884
423886
423887
423888
423889
423890
423891
423893
423894
423895
423896
423897
423898
423899
423900
423901
423903
423904
423905
423906
423907
423909
423911
423912
423913
423914
423915
423916
423917
423918
423920
423921
423922
423923
423924
423925
423926
423927
423930
423932
423933
423934
423935
423936
423937
423938
423939
423940
423941
423942
423943
423944
423947
423949
423950
423951
423952
423953
423955
423956
423957
423958
423959
423960
423962
423963
423964
423965
423966
423967
423968
423969
423970
423971
423972
423973
423975
423976
423977
423978
423979
423980
423981
423982
423983
423984
423985
423986
423987
423988
423989
423990
423991
423992
423993
423994
423995
423997
423998
423999
424000
424001
424002
424003
424004
424005
424006
424007
424008
424009
424010
424011
424012
424013
424014
424016
424017
424018
424019
424020
424021
424023
424024
424025
424026
424027
424028
424029
424030
424031
424032
424033
424034
424035
424036
424037
424038
424039
424040
424041
424042
424043
424044
424045
424046
424047
424048
424049
424050
424051
424053
424054
424055
424056
424057
424058
424059
424060
424061
424062
424063
424065
424066
424068
424069
424070
424071
424072
424073
424074
424075
424076
424078
424079
424080
424081
424082
424083
424084
424085
424086
424087
424088
424090
424091
424092
424093
424094
424095
424096
424097
424098
424099
424100
424101
424102
424103
424104
424105
424106
424107
424108
424109
424110
424111
424112
424113
424115
424117
424118
424120
424121
424122
424123
424124
424125
424126
424127
424128
424129
424130
424131
424132
424133
424134
424135
424136
424137
424138
424139
424140
424141
424142
424143
424144
424145
424146
424147
424148
424149
424150
424151
424152
424153
424154
424155
424156
424157
424158
424159
424160
424161
424162
424163
424164
424165
424166
424168
424169
424170
424171
424172
424173
424174
424175
424176
424177
424178
424179
424180
424181
424182
424183
424184
424185
424186
424187
424188
424189
424190
424191
424192
424193
424194
424195
424196
424197
424198
424199
424200
424201
424202
424203
424204
424205
424206
424207
424208
424209
424210
424211
424212
424213
424214
424215
424216
424217
424219
424220
424222
424223
424224
424225
424227
424228
424229
424230
424231
424232
424233
424234
424235
424236
424237
424238
424239
424240
424241
424242
424243
424244
424245
424246
424247
424248
424250
424251
424252
424253
424254
424255
424256
424257
424258
424260
424261
424262
424263
424264
424266
424267
424268
424269
424270
424271
424272
424273
424274
424275
424276
424277
424278
424279
424280
424281
424282
424283
424284
424285
424286
424287
424288
424289
424290
424291
424292
424293
424294
424295
424296
424297
424298
424299
424302
424303
424304
424305
424306
424307
424308
424309
424310
424311
424312
424313
424314
424315
424316
424317
424318
424319
424320
424321
424322
424324
424325
424326
424327
424328
424329
424330
424331
424332
424333
424334
424335
424336
424337
424338
424339
424341
424343
424344
424345
424346
424347
424348
424349
424350
424351
424352
424353
424355
424357
424361
424365
424366
424369
424371
424375
424377
424378
424381
424382
424384
424386
424387
424388
424389
424390
424391
424393
424394
424395
424396
424398
424399
424400
424401
424402
424403
424404
424405
424406
424407
424408
424409
424410
424411
424412
424413
424414
424415
424416
424417
424418
424419
424420
424421
424422
424423
424425
424426
424427
424428
424429
424430
424432
424433
424434
424435
424436
424437
424438
424439
424440
424441
424442
424444
424445
424446
424447
424448
424449
424450
424451
424452
424453
424454
424455
424456
424457
424458
424459
424460
424461
424463
424464
424465
424466
424467
424468
424469
424470
424471
424472
424473
424474
424475
424476
424477
424478
424479
424480
424481
424482
424483
424484
424486
424487
424488
424489
424490
424491
424496
424497
424498
424499
424500
424501
424502
424503
424504
424505
424506
424507
424509
424510
424511
424512
424513
424514
424515
424516
424517
424518
424519
424520
424522
424523
424524
424525
424526
424527
424528
424529
424530
424531
424532
424533
424534
424535
424536
424537
424538
424539
424540
424541
424542
424543
424544
424545
424547
424548
424549
424550
424552
424553
424554
424557
424559
424560
424561
424562
424564
424565
424566
424567
424568
424569
424570
424571
424573
424574
424575
424576
424577
424578
424579
424580
424581
424582
424583
424584
424585
424586
424587
424588
424589
424590
424591
424592
424593
424594
424595
424596
424597
424598
424599
424600
424601
424602
424603
424604
424605
424606
424607
424608
424609
424610
424611
424612
424613
424614
424615
424616
424617
424618
424619
424620
424621
424622
424623
424624
424625
424626
424627
424628
424629
424630
424631
424632
424633
424634
424635
424636
424637
424638
424639
424640
424641
424642
424643
424644
424645
424646
424647
424648
424649
424650
424651
424652
424653
424654
424655
424656
424657
424658
424659
424660
424661
424662
424665
424666
424668
424669
424670
424671
424672
424673
424674
424675
424676
424677
424678
424679
424680
424681
424682
424683
424685
424686
424687
424688
424689
424690
424691
424692
424693
424694
424695
424696
424697
424699
424700
424701
424702
424703
424704
424705
424706
424707
424709
424710
424711
424712
424713
424714
424715
424716
424720
424721
424722
424723
424724
424725
424726
424727
424728
424729
424730
424731
424732
424733
424734
424735
424736
424737
424738
424739
424741
424742
424743
424744
424745
424746
424747
424748
424749
424750
424751
424752
424753
424754
424755
424757
424758
424761
424762
424765
424767
424768
424769
424770
424772
424773
424774
424775
424777
424778
424780
424781
424782
424783
424784
424786
424787
424788
424790
424791
424792
424794
424795
424796
424798
424799
424800
424802
424803
424806
424807
424808
424809
424810
424811
424812
424813
424814
424815
424816
424817
424818
424819
424820
424821
424822
424823
424824
424825
424826
424827
424829
424830
424831
424833
424834
424835
424837
424838
424840
424841
424842
424844
424845
424846
424847
424848
424849
424850
424851
424852
424853
424854
424855
424856
424859
424860
424861
424862
424863
424864
424865
424866
424867
424868
424869
424870
424871
424872
424873
424874
424875
424878
424879
424881
424882
424883
424884
424885
424886
424887
424888
424889
424890
424891
424892
424893
424894
424895
424896
424897
424898
424899
424900
424901
424903
424904
424905
424906
424907
424908
424909
424910
424911
424912
424913
424914
424915
424916
424917
424918
424919
424920
424921
424922
424923
424924
424925
424926
424927
424928
424929
424930
424931
424932
424933
424934
424935
424936
424937
424938
424939
424940
424941
424942
424943
424944
424945
424946
424947
424948
424950
424951
424952
424953
424954
424955
424956
424957
424958
424959
424960
424961
424962
424964
424965
424966
424968
424970
424971
424972
424973
424974
424975
424976
424978
424979
424980
424981
424982
424983
424984
424986
424987
424988
424989
424990
424991
424992
424993
424995
424996
424997
424998
425000
425001
425002
425003
425004
425005
425006
425007
425008
425009
425010
425011
425012
425013
425014
425016
425017
425018
425019
425020
425021
425022
425023
425024
425025
425026
425027
425029
425030
425031
425032
425033
425034
425035
425036
425037
425038
425039
425040
425041
425042
425043
425044
425045
425046
425047
425048
425049
425050
425051
425052
425053
425054
425055
425056
425057
425058
425059
425061
425062
425063
425064
425065
425066
425067
425068
425069
425070
425071
425072
425074
425075
425076
425077
425078
425079
425080
425081
425082
425083
425084
425085
425086
425087
425088
425089
425090
425091
425092
425093
425094
425095
425096
425097
425098
425100
425101
425102
425103
425104
425105
425106
425107
425108
425109
425110
425111
425112
425114
425115
425116
425118
425119
425120
425121
425122
425123
425124
425125
425126
425127
425128
425129
425130
425131
425132
425133
425134
425136
425138
425139
425140
425141
425142
425145
425147
425148
425150
425151
425152
425155
425156
425157
425158
425159
425160
425161
425162
425163
425164
425165
425166
425167
425168
425169
425170
425173
425174
425176
425177
425178
425179
425180
425181
425182
425183
425184
425185
425186
425187
425188
425190
425191
425192
425193
425194
425195
425196
425197
425198
425199
425201
425202
425203
425204
425205
425206
425207
425208
425209
425210
425211
425212
425213
425214
425215
425216
425217
425218
425219
425221
425222
425223
425224
425225
425226
425227
425228
425229
425230
425231
425232
425233
425234
425235
425236
425237
425238
425239
425240
425241
425242
425243
425244
425245
425246
425247
425248
425249
425250
425251
425252
425253
425254
425255
425257
425258
425259
425260
425262
425263
425264
425265
425266
425267
425268
425270
425271
425272
425274
425275
425276
425277
425278
425279
425281
425282
425284
425285
425286
425287
425288
425289
425290
425291
425294
425295
425296
425297
425298
425299
425300
425302
425303
425304
425305
425306
425307
425308
425309
425310
425311
425312
425313
425314
425315
425316
425317
425318
425319
425320
425321
425322
425323
425324
425325
425326
425327
425328
425330
425331
425332
425333
425334
425335
425336
425337
425338
425340
425341
425342
425343
425345
425346
425348
425349
425350
425351
425352
425353
425354
425355
425356
425357
425358
425359
425361
425362
425363
425364
425365
425366
425367
425368
425369
425370
425371
425372
425373
425374
425375
425376
425377
425378
425379
425380
425381
425382
425383
425384
425385
425386
425387
425388
425389
425390
425391
425392
425393
425394
425395
425396
425397
425399
425400
425401
425402
425403
425404
425405
425406
425407
425408
425409
425410
425411
425412
425413
425414
425415
425417
425418
425419
425420
425421
425422
425423
425424
425425
425426
425427
425428
425429
425430
425431
425432
425433
425434
425436
425437
425438
425439
425440
425441
425443
425444
425445
425446
425447
425448
425449
425450
425453
425454
425455
425456
425457
425458
425459
425460
425461
425462
425463
425464
425465
425467
425468
425469
425470
425471
425472
425473
425474
425475
425476
425477
425478
425479
425480
425481
425482
425483
425484
425485
425486
425487
425488
425490
425492
425493
425494
425495
425496
425497
425498
425499
425500
425501
425502
425503
425504
425505
425507
425508
425509
425510
425511
425512
425513
425514
425515
425516
425517
425518
425519
425520
425521
425522
425524
425525
425526
425527
425528
425529
425530
425531
425532
425533
425534
425536
425537
425538
425539
425540
425541
425542
425543
425544
425545
425546
425547
425548
425549
425550
425551
425552
425553
425554
425555
425556
425557
425558
425559
425560
425561
425562
425563
425564
425565
425566
425567
425568
425570
425571
425572
425573
425574
425575
425576
425577
425578
425579
425580
425582
425583
425584
425585
425586
425587
425588
425589
425590
425591
425592
425593
425594
425596
425597
425598
425599
425600
425601
425602
425603
425604
425605
425606
425607
425608
425609
425610
425611
425612
425613
425614
425616
425619
425620
425621
425622
425623
425624
425625
425626
425627
425628
425629
425630
425632
425633
425634
425635
425636
425637
425638
425639
425640
425642
425643
425644
425645
425646
425647
425648
425649
425650
425651
425652
425653
425654
425655
425656
425658
425659
425660
425661
425662
425663
425664
425665
425666
425667
425669
425670
425671
425672
425673
425674
425675
425677
425678
425679
425680
425681
425682
425683
425684
425685
425686
425687
425688
425689
425690
425691
425692
425693
425694
425695
425696
425697
425698
425699
425700
425701
425702
425703
425704
425705
425706
425707
425708
425709
425710
425711
425712
425713
425714
425715
425716
425717
425718
425720
425721
425722
425723
425724
425725
425726
425727
425728
425730
425731
425732
425733
425734
425735
425736
425738
425740
425741
425742
425743
425744
425745
425746
425747
425748
425749
425750
425751
425752
425753
425754
425755
425756
425757
425758
425759
425760
425761
425762
425763
425764
425765
425766
425767
425768
425769
425770
425772
425773
425774
425775
425776
425777
425778
425779
425780
425781
425782
425783
425784
425785
425786
425787
425788
425789
425790
425791
425792
425793
425794
425795
425796
425797
425798
425799
425800
425801
425802
425803
425804
425805
425806
425807
425812
425813
425821
425822
425823
425824
425825
425826
425827
425828
425829
425830
425831
425832
425833
425835
425836
425837
425838
425839
425840
425841
425842
425844
425845
425846
425847
425848
425849
425850
425851
425852
425853
425854
425855
425856
425858
425859
425860
425861
425862
425863
425864
425865
425866
425867
425868
425869
425870
425871
425872
425873
425874
425875
425876
425877
425879
425881
425883
425884
425885
425886
425887
425888
425889
425890
425892
425893
425894
425895
425896
425897
425898
425899
425901
425903
425905
425906
425909
425910
425911
425912
425913
425914
425915
425917
425918
425919
425920
425921
425922
425923
425924
425925
425926
425927
425928
425929
425930
425931
425932
425933
425934
425935
425936
425937
425938
425940
425941
425942
425943
425944
425945
425946
425947
425948
425949
425950
425951
425952
425953
425954
425955
425956
425957
425958
425959
425960
425961
425962
425963
425964
425965
425966
425967
425968
425969
425970
425971
425972
425973
425974
425975
425976
425977
425978
425979
425980
425981
425982
425983
425984
425985
425986
425987
425988
425989
425991
425992
425993
425994
425996
425997
425998
425999
426000
426001
426003
426004
426005
426006
426007
426008
426010
426011
426012
426013
426014
426015
426016
426017
426018
426019
426020
426021
426022
426023
426024
426025
426026
426027
426028
426030
426031
426032
426033
426034
426035
426036
426038
426040
426041
426042
426043
426044
426045
426047
426048
426049
426050
426051
426052
426054
426055
426056
426057
426059
426060
426061
426062
426063
426065
426066
426067
426068
426069
426070
426071
426072
426073
426074
426075
426076
426077
426078
426079
426080
426081
426082
426083
426084
426086
426087
426088
426089
426090
426091
426092
426095
426096
426097
426098
426099
426100
426101
426102
426103
426104
426105
426106
426107
426108
426109
426110
426111
426112
426113
426114
426115
426116
426117
426118
426119
426120
426121
426122
426123
426124
426125
426126
426127
426128
426129
426130
426131
426132
426133
426134
426135
426136
426137
426139
426140
426141
426142
426143
426144
426146
426147
426148
426149
426150
426151
426152
426153
426154
426155
426156
426157
426158
426159
426160
426161
426163
426165
426166
426167
426168
426169
426170
426171
426172
426173
426174
426175
426176
426177
426178
426179
426180
426182
426183
426184
426187
426188
426189
426190
426191
426192
426193
426194
426195
426196
426197
426198
426199
426200
426201
426202
426203
426204
426205
426206
426207
426208
426209
426210
426211
426212
426213
426214
426215
426216
426217
426218
426219
426220
426221
426222
426224
426225
426226
426227
426228
426229
426230
426231
426232
426234
426236
426237
426238
426239
426240
426241
426242
426243
426244
426246
426247
426248
426249
426250
426251
426252
426253
426254
426255
426256
426257
426258
426259
426260
426261
426262
426264
426265
426266
426267
426268
426269
426270
426271
426272
426273
426274
426275
426276
426277
426278
426279
426280
426281
426282
426283
426284
426285
426286
426287
426288
426289
426290
426291
426292
426293
426294
426295
426296
426297
426298
426299
426300
426301
426302
426303
426304
426305
426306
426307
426308
426309
426310
426311
426312
426314
426315
426316
426317
426318
426319
426320
426321
426322
426323
426324
426325
426326
426327
426328
426329
426330
426331
426332
426333
426334
426335
426336
426337
426338
426339
426340
426341
426342
426343
426344
426345
426346
426347
426348
426349
426350
426351
426352
426353
426354
426355
426356
426357
426358
426359
426360
426361
426362
426363
426364
426365
426366
426369
426371
426372
426373
426374
426375
426376
426377
426378
426379
426381
426382
426383
426384
426385
426386
426387
426388
426389
426392
426393
426394
426395
426396
426397
426398
426399
426400
426401
426402
426403
426404
426405
426407
426408
426409
426410
426411
426412
426413
426414
426415
426417
426418
426419
426420
426421
426422
426423
426424
426425
426426
426427
426428
426429
426430
426431
426432
426433
426434
426435
426436
426437
426438
426439
426440
426441
426442
426443
426444
426445
426446
426449
426450
426451
426452
426454
426455
426456
426457
426458
426459
426460
426461
426462
426463
426464
426465
426466
426467
426468
426469
426470
426471
426472
426473
426475
426476
426477
426478
426479
426480
426481
426482
426483
426484
426485
426486
426487
426488
426489
426490
426491
426492
426493
426494
426495
426496
426497
426498
426499
426500
426501
426502
426503
426505
426506
426507
426508
426509
426510
426511
426512
426513
426514
426515
426516
426517
426518
426519
426520
426521
426522
426523
426524
426525
426526
426527
426528
426529
426530
426531
426532
426533
426534
426536
426537
426538
426539
426540
426541
426542
426543
426544
426545
426546
426547
426548
426549
426550
426551
426552
426553
426554
426556
426557
426558
426559
426560
426561
426562
426563
426564
426565
426566
426567
426568
426569
426570
426571
426572
426573
426574
426575
426576
426577
426578
426579
426580
426581
426582
426583
426584
426585
426586
426587
426588
426589
426590
426591
426592
426593
426594
426595
426596
426597
426599
426600
426601
426602
426603
426604
426605
426606
426607
426609
426610
426611
426612
426613
426614
426615
426616
426617
426618
426619
426620
426621
426622
426623
426624
426626
426627
426628
426629
426630
426631
426632
426633
426634
426635
426636
426637
426638
426639
426641
426642
426643
426644
426645
426646
426647
426648
426649
426650
426651
426652
426653
426654
426655
426656
426657
426658
426660
426661
426663
426664
426665
426666
426667
426669
426670
426671
426672
426673
426674
426675
426676
426677
426678
426679
426680
426681
426682
426683
426684
426685
426686
426687
426688
426689
426692
426693
426694
426695
426696
426697
426698
426700
426701
426702
426703
426704
426705
426706
426707
426708
426709
426710
426711
426712
426713
426714
426715
426716
426717
426718
426719
426720
426721
426722
426723
426724
426725
426726
426728
426729
426730
426731
426732
426733
426734
426736
426737
426738
426739
426741
426744
426745
426746
426747
426748
426749
426750
426751
426753
426754
426755
426757
426759
426762
426763
426764
426765
426766
426767
426768
426769
426770
426771
426773
426774
426775
426776
426777
426778
426779
426780
426781
426782
426785
426786
426789
426790
426791
426793
426794
426795
426796
426797
426798
426799
426800
426801
426802
426803
426804
426805
426806
426807
426808
426809
426811
426813
426814
426815
426816
426817
426818
426819
426820
426821
426822
426823
426824
426825
426826
426828
426829
426830
426831
426832
426833
426834
426835
426836
426837
426838
426839
426840
426841
426842
426843
426844
426845
426846
426847
426848
426849
426850
426851
426852
426853
426854
426855
426856
426857
426858
426859
426860
426861
426864
426865
426866
426867
426868
426869
426871
426872
426875
426876
426877
426878
426880
426881
426882
426883
426885
426886
426887
426888
426889
426890
426892
426893
426896
426897
426898
426899
426900
426901
426902
426903
426905
426907
426908
426909
426911
426912
426913
426914
426915
426916
426917
426918
426919
426920
426921
426922
426923
426925
426926
426927
426928
426929
426930
426931
426932
426933
426934
426935
426936
426937
426938
426939
426940
426941
426942
426943
426944
426945
426946
426947
426948
426949
426950
426951
426953
426954
426955
426956
426957
426958
426959
426960
426961
426962
426963
426964
426965
426966
426967
426968
426969
426970
426971
426972
426973
426974
426975
426976
426977
426979
426980
426982
426983
426984
426985
426986
426987
426988
426989
426990
426991
426994
426995
426996
426998
426999
427000
427001
427002
427003
427004
427005
427007
427008
427009
427011
427012
427013
427014
427015
427016
427017
427018
427020
427021
427022
427023
427024
427025
427026
427027
427028
427029
427030
427031
427032
427033
427034
427035
427036
427037
427038
427039
427040
427041
427042
427043
427044
427045
427046
427047
427048
427049
427050
427051
427052
427053
427054
427055
427056
427057
427058
427059
427060
427061
427062
427063
427064
427065
427066
427068
427069
427070
427071
427072
427073
427074
427075
427076
427077
427078
427079
427080
427081
427082
427083
427086
427088
427090
427091
427092
427093
427094
427095
427096
427097
427098
427099
427100
427103
427104
427105
427106
427108
427109
427110
427112
427113
427115
427116
427117
427118
427119
427120
427121
427122
427124
427125
427126
427127
427128
427129
427130
427131
427132
427133
427134
427136
427137
427138
427139
427141
427142
427143
427144
427145
427146
427147
427148
427149
427150
427151
427152
427153
427154
427156
427157
427158
427159
427160
427161
427162
427163
427164
427165
427166
427167
427168
427169
427170
427171
427172
427173
427174
427175
427176
427177
427178
427179
427180
427181
427182
427183
427184
427185
427186
427187
427188
427189
427190
427191
427193
427195
427196
427197
427198
427199
427200
427203
427206
427207
427210
427211
427213
427214
427216
427217
427218
427219
427220
427221
427222
427223
427224
427225
427226
427227
427228
427230
427231
427232
427233
427234
427235
427236
427237
427238
427239
427240
427242
427243
427244
427245
427246
427247
427248
427249
427250
427251
427252
427253
427254
427255
427256
427257
427258
427259
427260
427261
427262
427263
427264
427265
427266
427267
427269
427270
427271
427272
427273
427274
427275
427276
427278
427279
427280
427281
427282
427283
427284
427285
427286
427287
427288
427289
427290
427291
427293
427294
427295
427296
427297
427298
427299
427300
427302
427303
427304
427305
427306
427307
427308
427310
427311
427312
427313
427314
427315
427316
427317
427318
427319
427320
427321
427322
427323
427324
427325
427326
427327
427328
427329
427330
427331
427332
427333
427334
427335
427336
427337
427338
427339
427340
427341
427342
427343
427344
427345
427346
427347
427348
427349
427351
427352
427353
427354
427356
427357
427358
427359
427360
427361
427362
427365
427367
427368
427370
427371
427373
427374
427375
427376
427380
427381
427382
427383
427384
427385
427386
427387
427388
427389
427390
427391
427392
427393
427394
427395
427396
427397
427398
427400
427401
427402
427403
427405
427406
427408
427409
427410
427411
427412
427413
427414
427415
427416
427417
427418
427419
427420
427421
427422
427423
427424
427425
427426
427427
427428
427429
427431
427432
427433
427434
427435
427436
427438
427439
427440
427441
427442
427443
427445
427446
427447
427448
427449
427450
427451
427452
427453
427454
427456
427458
427459
427460
427461
427463
427464
427465
427466
427467
427468
427469
427470
427471
427472
427473
427474
427476
427477
427478
427479
427480
427481
427482
427483
427484
427485
427486
427487
427488
427489
427490
427491
427492
427493
427494
427495
427496
427497
427498
427499
427500
427501
427502
427503
427504
427505
427506
427507
427508
427509
427510
427513
427514
427515
427516
427517
427519
427520
427523
427524
427525
427526
427527
427528
427529
427530
427531
427532
427533
427534
427535
427536
427537
427538
427539
427540
427541
427542
427544
427545
427546
427547
427548
427549
427550
427551
427552
427553
427554
427555
427556
427557
427558
427559
427560
427561
427562
427564
427565
427567
427568
427569
427570
427571
427572
427573
427574
427575
427576
427577
427578
427579
427580
427581
427582
427584
427588
427589
427590
427591
427592
427593
427594
427595
427596
427597
427598
427599
427600
427601
427602
427603
427604
427605
427606
427607
427608
427610
427611
427612
427613
427614
427615
427616
427617
427618
427619
427620
427622
427623
427624
427625
427626
427628
427629
427630
427631
427632
427633
427634
427635
427636
427638
427639
427640
427641
427642
427643
427644
427645
427646
427647
427648
427649
427650
427651
427652
427653
427654
427655
427657
427658
427659
427660
427661
427662
427663
427664
427665
427667
427668
427670
427671
427673
427674
427676
427677
427679
427680
427681
427682
427683
427685
427687
427688
427689
427690
427691
427692
427693
427694
427695
427696
427697
427698
427699
427700
427701
427702
427703
427704
427705
427706
427707
427708
427709
427710
427711
427713
427714
427715
427717
427719
427720
427721
427722
427723
427724
427725
427726
427727
427728
427729
427731
427732
427733
427736
427737
427739
427740
427743
427744
427745
427746
427747
427748
427749
427750
427751
427752
427753
427754
427755
427756
427757
427758
427759
427760
427761
427762
427763
427764
427765
427766
427767
427769
427770
427771
427772
427773
427774
427775
427776
427777
427778
427779
427780
427781
427782
427783
427784
427785
427786
427787
427788
427789
427790
427791
427792
427793
427795
427796
427797
427798
427799
427800
427801
427802
427803
427804
427805
427806
427807
427808
427809
427810
427811
427813
427814
427815
427816
427817
427818
427819
427820
427821
427822
427823
427824
427825
427826
427827
427828
427829
427830
427831
427832
427833
427835
427836
427838
427839
427840
427841
427842
427843
427844
427845
427846
427847
427848
427849
427850
427851
427852
427853
427855
427856
427857
427858
427859
427860
427861
427863
427864
427865
427866
427867
427868
427869
427870
427871
427872
427873
427874
427875
427876
427878
427879
427880
427882
427883
427885
427886
427887
427888
427889
427890
427891
427892
427893
427894
427895
427896
427897
427898
427899
427900
427901
427902
427903
427904
427905
427906
427907
427909
427910
427911
427912
427913
427915
427916
427917
427918
427919
427920
427921
427923
427924
427925
427926
427927
427928
427929
427930
427931
427933
427934
427935
427936
427937
427938
427939
427940
427941
427943
427944
427945
427946
427947
427950
427951
427952
427953
427954
427955
427956
427957
427959
427960
427961
427962
427963
427964
427965
427966
427967
427968
427969
427970
427971
427972
427973
427974
427975
427976
427977
427978
427979
427980
427981
427982
427983
427984
427985
427986
427987
427988
427989
427990
427991
427992
427993
427994
427995
427996
427997
427998
427999
428000
428001
428002
428003
428004
428005
428006
428007
428008
428009
428010
428011
428012
428014
428015
428016
428017
428018
428019
428020
428021
428022
428023
428024
428025
428026
428027
428028
428029
428031
428033
428034
428035
428036
428037
428038
428039
428040
428041
428042
428043
428044
428045
428047
428048
428049
428050
428051
428052
428053
428054
428055
428056
428057
428058
428059
428060
428061
428062
428063
428064
428065
428066
428067
428068
428069
428070
428071
428072
428073
428074
428075
428076
428078
428079
428080
428081
428082
428083
428084
428085
428086
428087
428088
428089
428090
428091
428092
428093
428094
428095
428096
428097
428098
428099
428100
428101
428102
428103
428105
428106
428107
428108
428109
428111
428112
428114
428115
428116
428119
428121
428122
428123
428124
428125
428126
428127
428128
428129
428130
428131
428132
428133
428134
428135
428136
428137
428139
428140
428141
428142
428143
428144
428145
428146
428147
428148
428149
428150
428151
428152
428153
428155
428156
428157
428159
428160
428161
428162
428163
428164
428165
428167
428168
428169
428170
428171
428172
428173
428174
428175
428176
428177
428178
428179
428180
428181
428182
428183
428184
428185
428186
428187
428188
428189
428190
428191
428192
428193
428194
428195
428196
428197
428198
428199
428200
428201
428203
428204
428205
428206
428207
428210
428213
428214
428215
428219
428222
428224
428225
428226
428227
428228
428231
428232
428233
428234
428235
428236
428237
428239
428240
428241
428242
428243
428244
428245
428246
428247
428248
428250
428252
428253
428254
428255
428256
428257
428258
428259
428260
428261
428262
428263
428265
428266
428267
428268
428269
428270
428271
428272
428273
428274
428275
428276
428277
428278
428279
428280
428281
428282
428284
428285
428286
428287
428288
428289
428291
428292
428293
428294
428295
428296
428297
428298
428299
428300
428301
428302
428303
428304
428305
428306
428307
428308
428310
428311
428312
428313
428314
428315
428316
428317
428318
428319
428320
428321
428322
428323
428324
428325
428326
428327
428328
428329
428330
428331
428332
428334
428336
428337
428338
428339
428340
428341
428342
428343
428344
428345
428346
428347
428348
428349
428350
428351
428352
