357187
357188
35719
357190
357191
357192
357193
357194
357195
357196
357198
357199
3572
35720
357200
357201
357202
357203
357204
357205
357206
357207
357208
357209
35721
357210
357211
357212
357214
357217
357218
357219
357220
357221
357222
357223
357224
357226
357227
357228
357231
357232
357233
357234
357235
357236
357237
357239
35724
357240
357241
357243
357244
357245
357246
357247
357248
357249
35725
357250
357251
357252
357253
357254
357255
357256
357258
357259
35726
357260
357262
357263
357264
357266
357267
357268
357269
35727
357270
357271
357272
357273
357274
357275
357276
357277
357278
357279
35728
357280
357281
357282
357283
357284
357285
357286
357287
357288
357289
357290
357291
357293
357294
357295
357296
357297
357298
357299
3573
35730
357300
357302
357303
357304
357305
357306
357307
357308
357309
35731
357310
357311
357312
357313
357314
357315
357316
357317
357318
357319
357320
357321
357322
357323
357324
357325
357326
357327
357328
357329
35733
357330
357331
357332
357333
357334
357335
357336
357337
357338
357339
35734
357340
357341
357342
357343
357344
357345
357346
357347
357348
357349
35735
357350
357351
357352
357353
357354
357355
357356
357357
357358
357359
35736
357360
357361
357362
357363
357364
357365
357366
357367
357368
357369
357370
357371
357375
357376
357377
357378
357379
35738
357380
357382
357385
357386
357388
357389
35739
357390
357391
357392
357393
357394
357396
357397
357398
357399
3574
357400
357401
357403
357404
357405
357406
357407
357408
357409
357410
357411
357412
357413
357414
357415
357416
357417
357418
357419
357420
357421
357422
357423
357424
357425
357426
357427
357428
357429
357430
357431
357432
357433
357434
357435
357436
357437
357438
357439
357441
357442
357443
357445
357446
357447
357448
357449
357451
357452
357453
357454
357456
357457
357458
357459
35746
357460
357461
357462
357463
357464
357465
357467
357468
357469
35747
357470
357471
357472
357473
357474
357475
357476
357477
357478
357479
357480
357482
357483
357484
357485
357486
357487
357488
357489
35749
357490
357491
357492
357494
357495
357496
357497
357498
357499
3575
357500
357501
357502
357503
357504
357505
357506
357507
357508
357509
35751
357510
357511
357512
357513
357514
357515
357516
357517
357518
357519
35752
357520
357521
357522
357523
357524
357525
357526
357527
357528
357529
35753
357530
357531
357532
357533
357534
357535
357536
357537
357538
357539
357540
357541
357542
357543
357544
357545
357546
357547
357548
357549
35755
357550
357551
357552
357553
357554
357555
357556
357557
357558
357559
35756
357560
357561
357563
357564
357565
357566
357567
357568
357569
357571
357572
357573
357574
357575
357576
357578
357579
357580
357581
357582
357583
357584
357585
357586
357587
357588
357589
35759
357590
357591
357592
357593
357594
357595
357596
357597
357598
357599
3576
35760
357600
357601
357602
357603
357604
357605
357606
357607
357609
35761
357610
357611
357612
357613
357614
357615
357616
357617
357618
357619
357620
357621
357622
357623
357624
357625
357626
357627
357628
357629
357630
357631
357632
357633
357634
357635
357636
357637
357638
357639
357640
357641
357642
357643
357644
357645
357646
357647
357648
357649
357650
357651
357652
357653
357654
357655
357656
357658
357659
357660
357661
357662
357663
357664
357665
357666
357667
357668
357669
357670
357671
357672
357673
357674
357675
357676
357677
357678
357680
357681
357682
357683
357684
357686
357688
357689
357690
357691
357692
357693
357694
357695
357696
357697
357698
357699
3577
357700
357701
357702
357703
357704
357705
357706
357707
357708
357709
357711
357712
357714
357715
357716
357717
357718
357719
357720
357721
357722
357723
357724
357725
357726
357727
357728
357729
357730
357731
357732
357733
357734
357735
357736
357737
357738
357739
357740
357741
357742
357743
357744
357745
357746
357747
357748
357749
357750
357751
357752
357754
357755
357756
357757
357758
357759
357760
357761
357762
357763
357764
357765
357766
357767
357768
357769
357770
357771
357772
357773
357774
357775
357776
357777
357778
357779
357780
357781
357782
357783
357784
357785
357786
357787
357788
357789
357790
357791
357792
357793
357794
357795
357796
357797
357798
357799
3578
35780
357800
357801
357802
357803
357804
357805
357806
357807
357808
357811
357812
357813
357814
357816
357817
357818
357819
357820
357821
357822
357823
357824
357825
357826
357827
357828
357829
357830
357831
357832
357833
357834
357835
357836
357837
357838
357839
357840
357841
357842
357843
357844
357845
357846
357847
357848
357849
357850
357851
357852
357853
357854
357856
357857
357858
357859
357860
357861
357862
357863
357864
357865
357866
357867
357868
357869
357870
357871
357872
357873
357874
357875
357876
357877
357878
357879
357880
357881
357882
357883
357884
357885
357886
357887
357888
35789
357890
357892
357893
357894
357895
357896
357897
357898
357899
3579
35790
357900
357901
357902
357903
357904
357905
357906
357907
357908
357909
35791
357910
357912
357913
357914
357915
357916
357917
357918
357919
357920
357921
357923
357924
357925
357926
357927
357928
357929
35793
357930
357931
357932
357933
357934
357936
357937
357938
357939
357940
357941
357942
357943
357944
357945
357946
357947
357948
357949
35795
357950
357951
357952
357953
357954
357955
357957
357958
357959
35796
357960
357961
357962
357965
357966
357967
357968
357969
35797
357970
357971
357972
357974
357975
357977
357978
357979
357980
357981
357983
357985
357986
357987
357988
357989
35799
357990
357991
357993
357994
357995
357996
357997
357998
357999
3580
35800
358000
358001
358002
358003
358004
358005
358006
358007
358008
358009
35801
358010
358011
358012
358013
358014
358015
358016
358017
358018
358019
35802
358020
358021
358022
358023
358024
358025
358026
358027
358028
358029
358030
358031
358032
358033
358035
358036
358037
358038
358039
358040
358041
358042
358043
358044
358045
358046
358048
358049
358050
358051
358053
358054
358055
358056
358057
358058
358059
35806
358060
358061
358062
358063
358064
358065
358066
358067
358068
358069
35807
358070
358072
358073
358074
358075
358076
358077
358078
358079
35808
358080
358081
358082
358083
358084
358085
358087
358089
358090
358091
358092
358093
358094
358095
358096
358097
358098
358099
3581
35810
358100
358101
358102
358103
358104
358105
358106
358107
358108
358109
358111
358112
358113
358114
358115
358116
358117
358118
358119
358120
358121
358122
358123
358124
358125
358126
358127
358128
358129
35813
358131
358132
358133
358134
358135
358136
358137
358138
358139
358140
358141
358142
358144
358145
358146
358147
358149
358150
358151
358152
358153
358154
358155
358156
358157
358158
358159
358160
358161
358162
358163
358164
358165
358166
358168
358169
358170
358171
358172
358173
358174
358175
358176
358177
358178
35818
358180
358181
358183
358184
358185
358186
358187
358189
35819
358190
358191
358192
358193
358195
358197
358198
358199
3582
358200
358201
358202
358203
358204
358205
358206
358207
358208
358209
35821
358210
358211
358213
358214
358218
358219
35822
358220
358221
358222
358223
358224
358225
358226
358228
358229
35823
358230
358231
358232
358233
358234
358235
358236
358237
358238
35824
358240
358242
358243
358244
358245
358246
358247
358249
35825
358250
358251
358253
358254
358255
358256
358257
358258
358259
35826
358260
358262
358263
358264
358265
358266
358267
358268
358269
35827
358270
358271
358272
358273
358274
358275
358276
358277
358278
358279
358280
358281
358282
358283
358284
358285
358286
358287
358288
358289
35829
358290
358291
358292
358293
358294
358295
358296
358297
358298
358299
3583
35830
358300
358301
358302
358303
358304
358305
358306
358307
358308
358309
35831
358310
358311
358312
358313
358314
358315
358316
358318
358319
35832
358320
358321
358322
358323
358324
358325
358326
358327
358328
358329
358330
358331
358332
358333
358335
358336
358338
358339
35834
358340
358341
358342
358343
358344
358345
358346
358347
358348
358349
35835
358350
358352
358353
358354
358356
358357
358358
358359
35836
358360
358361
358362
358363
358364
358365
358366
358367
358368
358369
35837
358370
358371
358372
358373
358374
358375
358376
358377
358378
358379
35838
358380
358381
358382
358383
358384
358385
358386
358387
358389
358390
358391
358392
358393
358394
358395
358396
358397
358399
3584
35840
358400
358401
358402
358403
358404
358405
358407
358408
358409
35841
358410
358411
358412
358413
358414
358417
358418
358419
35842
358420
358421
358422
358423
358424
358425
358426
358427
358428
358429
358430
358431
358432
358433
358434
358435
358436
358437
358438
358439
358440
358441
358442
358443
358444
358445
358446
358447
358448
358449
358450
358451
358452
358453
358454
358455
358459
35846
358460
358461
358462
358463
358465
358466
358467
358468
358469
35847
358470
358471
358472
358473
358474
358475
358476
358477
358478
358479
35848
358480
358481
358482
358483
358484
358485
358486
358487
358488
358489
35849
358490
358491
358492
358493
358494
358495
358496
358497
358498
358499
3585
358500
358501
358502
358503
358504
358505
358506
358507
358508
358509
35851
358510
358511
358512
358513
358514
358515
358516
358517
358519
35852
358520
358521
358522
358523
358524
358525
358526
358527
358528
358529
358530
358531
358532
358533
358534
358535
358536
358537
358538
358539
35854
358540
358541
358542
358543
358545
358546
358547
358548
358549
35855
358550
358551
358552
358553
358554
358555
358556
358557
358558
358559
35856
358560
358561
358562
358563
358564
358565
358566
358567
358568
358569
35857
358571
358572
358573
358574
358575
358576
358577
358578
358579
358580
358581
358582
358583
358584
358585
358586
358587
358588
358589
358590
358591
358593
358595
358597
358598
358599
3586
35860
358600
358601
358602
358603
358604
358605
358606
358607
358608
358609
35861
358610
358611
358612
358613
358614
358615
358616
358617
358618
358619
35862
358620
358621
358622
358623
358624
358626
358627
358628
358629
358630
358631
358632
358633
358634
358635
358636
358637
358638
358639
358640
358641
358642
358643
358644
358645
358646
358647
358648
358649
358650
358651
358652
358653
358654
358655
358656
358657
358658
358659
35866
358660
358661
358662
358663
358664
358665
358666
358667
358668
358669
35867
358670
358671
358672
358673
358674
358675
358676
358678
358679
35868
358680
358681
358682
358683
358684
358685
358686
358687
358688
358689
358690
358691
358692
358693
358694
358695
358696
358697
358698
358699
3587
358700
358701
358702
358703
358704
358705
358708
358709
358710
358711
358712
358713
358714
358715
358716
358717
358718
358719
358720
358721
358722
358723
358724
358725
358726
358727
358728
358729
358730
358731
358732
358733
358734
358735
358736
358737
358738
358739
358740
358741
358742
358743
358745
358746
358747
358748
358749
358750
358751
358752
358753
358754
358756
358757
358758
358759
358760
358761
358762
358763
358764
358765
358766
358767
358768
358769
358770
358771
358772
358773
358774
358775
358776
358777
358778
358779
358780
358781
358782
358783
358784
358785
358786
358787
358788
358789
358790
358791
358792
358793
358794
358795
358796
358797
358798
358799
3588
358801
358802
358803
358804
358805
358806
358807
358808
358809
35881
358811
358812
358813
358815
358816
358817
358818
358819
35882
358820
358821
358822
358823
358824
358825
358826
358827
358828
358829
35883
358830
358831
358832
358833
358834
358835
358836
358837
358838
358839
35884
358840
358841
358842
358843
358844
358845
358846
358847
358848
358849
35885
358850
358851
358852
358853
358854
358855
358856
358858
358859
35886
358860
358861
358862
358863
358864
358865
358866
358867
358868
358869
358870
358871
358873
358875
358876
358877
358878
358879
35888
358880
358881
358882
358883
358885
358886
358887
358888
358889
358890
358891
358892
358893
358894
358896
358897
358898
358899
3589
358901
358902
358904
358905
358906
358907
358908
358909
35891
358910
358911
358912
358913
358914
358915
358916
358917
358918
358919
358920
358921
358922
358923
358924
358925
358926
358927
358928
358929
358931
358932
358933
358934
358935
358936
358937
35894
358940
358942
358943
358944
358945
358946
358947
358949
35895
358950
358951
358952
358953
358954
358955
358956
358958
358959
35896
358960
358962
358963
358964
358965
358966
358967
358968
358969
35897
358970
358971
358972
358973
358974
358975
358976
358977
358978
358979
358980
358981
358982
358983
358984
358985
358986
358987
358988
358989
35899
358990
358991
358992
358993
358994
358995
358996
358997
358998
358999
3590
35900
359000
359001
359002
359003
359004
359005
359006
359007
359008
359009
35901
359010
359011
359012
359013
359014
359015
359016
359017
359018
359019
359021
359022
359023
359024
359025
359026
359027
359028
359029
359030
359031
359032
359033
359034
359035
359036
359037
359038
359039
359040
359043
359044
359045
359046
359047
359049
359050
359051
359052
359053
359054
359055
359056
359057
359058
359059
35906
359060
359061
359062
359063
359064
359065
359066
359067
359068
359069
35907
359070
359071
359072
359074
359075
359076
359077
359078
359079
35908
359080
359081
359082
359083
359084
359085
359086
359087
359088
359089
35909
359090
359091
359092
359093
359094
359095
359096
359097
359098
359099
3591
359100
359101
359103
359104
359105
359106
359107
359109
35911
359110
359111
359112
359113
359115
359116
359117
359119
35912
359120
359121
359122
359125
359126
359127
359128
359129
35913
359130
359131
359132
359133
359134
359135
359136
359137
359138
359139
35914
359140
359141
359143
359144
359145
359146
359147
359148
359149
35915
359150
359151
359152
359153
359154
359155
359156
359157
359158
359159
35916
359160
359161
359162
359163
359164
359165
359166
359167
359168
359169
35917
359170
359171
359172
359173
359174
359175
359176
359177
359178
359179
35918
359180
359181
359182
359183
359184
359185
359186
359187
359188
35919
359190
359191
359192
359193
359194
359195
359196
359197
359198
359199
3592
35920
359200
359201
359202
359204
359205
359206
359207
359208
35921
359211
359212
359213
359214
359215
359217
359218
359219
35922
359220
359221
359222
359223
359224
359225
359226
359227
359228
35923
359230
359232
359233
359234
359236
359237
359238
359239
35924
359240
359241
359242
359243
359244
359245
359246
359247
359248
359249
35925
359251
359252
359253
359254
359255
359256
359257
359258
35926
359260
359261
359262
359263
359264
359265
359266
359267
359268
359269
35927
359270
359271
359272
359273
359274
359275
359276
359277
359278
359279
35928
359280
359281
359282
359283
359284
359285
359286
359287
359288
359289
35929
359290
359291
359292
359293
359294
359297
359298
359299
3593
359300
359301
359302
359303
359304
359305
359306
359307
359308
359309
359311
359312
359313
359314
359315
359316
359318
359320
359321
359322
359324
359325
359326
359327
359328
359329
35933
359330
359331
359332
359333
359334
359335
359336
359338
359339
35934
359341
359342
359344
359345
359346
359347
359348
359349
35935
359350
359351
359352
359353
359354
359355
359356
359357
359358
359359
35936
359360
359361
359362
359363
359364
359365
359366
359367
359368
359369
359370
359371
359372
359373
359374
359375
359376
359377
359378
359379
35938
359380
359381
359382
359383
359384
359385
359386
359387
359388
359389
35939
359390
359391
359392
359393
359394
359395
359396
359397
359398
359399
3594
35940
359400
359401
359403
359404
359405
359406
359407
359408
359409
35941
359410
359411
359412
359413
359415
359416
359417
359418
359419
35942
359420
359421
359422
359423
359425
359426
359427
359428
359429
359430
359432
359433
359434
359435
359437
359438
359439
35944
359440
359441
359442
359443
359444
359445
359446
359447
359448
359449
35945
359450
359451
359452
359453
359454
359455
359456
359457
359458
359459
35946
359460
359461
359462
359463
359464
359466
359468
359469
359470
359471
359472
359473
359474
359475
359476
359477
359478
359479
359480
359481
359482
359483
359484
359486
359487
359489
35949
359490
359491
359492
359493
359494
359495
359496
359497
359498
359499
3595
35950
359500
359501
359502
359503
359504
359505
359506
359507
359508
359509
35951
359510
359511
359513
359514
359515
359516
359517
359518
359519
35952
359520
359521
359522
359523
359524
359525
359526
359527
359528
359529
35953
359530
359531
359532
359533
359535
359536
359537
359538
359539
35954
359540
359541
359542
359543
359544
359545
359546
359547
359548
359549
35955
359550
359551
359553
359554
359555
359556
359557
359558
359559
35956
359560
359561
359562
359563
359564
359565
359566
359567
359568
359569
35957
359570
359571
359572
359573
359574
359576
359577
359578
359579
35958
359582
359583
359584
359585
359586
359587
359588
359589
359591
359592
359593
359594
359595
359596
359597
359598
3596
359600
359601
359604
359605
359606
359607
359608
359609
359610
359611
359612
359614
359615
359616
359617
359618
359619
35962
359620
359621
359622
359623
359624
359625
359626
359627
359628
359629
35963
359630
359631
359632
359633
359634
359635
359636
359637
359638
359639
35964
359640
359641
359642
359643
359644
359645
359646
359647
359649
35965
359650
359651
359652
359653
359654
359655
359656
359657
359658
359659
35966
359660
359661
359662
359663
359664
359665
359666
359667
359668
359669
35967
359670
359671
359672
359673
359674
359675
359676
359677
359678
359679
359680
359681
359682
359683
359684
359686
359688
359690
359691
359692
359694
359695
359696
359697
359698
359699
3597
359700
359701
359702
359703
359704
359705
359706
359707
359708
359709
359710
359712
359713
359714
359715
359716
359717
359718
359720
359721
359722
359723
359724
359725
359726
359727
359728
359729
35973
359730
359731
359732
359733
359734
359735
359736
359737
359738
359739
359740
359743
359744
359745
359746
359747
359748
359749
35975
359750
359751
359752
359753
359755
359756
359757
359758
359759
35976
359760
359761
359762
359763
359764
359765
359766
359767
359768
359769
35977
359770
359771
359772
359773
359775
359776
359777
359778
359779
35978
359780
359781
359782
359783
359784
359785
359786
359787
359788
359789
35979
359790
359791
359792
359793
359794
359795
359797
359798
359799
3598
35980
359801
359802
359803
359804
359805
359806
359807
359808
359809
35981
359810
359811
359812
359813
359814
359815
359816
359818
359819
359820
359821
359822
359823
359824
359825
359826
359827
359828
359829
35983
359830
359831
359832
359833
359834
359835
359836
359837
359838
359839
35984
359840
359841
359842
359843
359844
359845
359846
359847
359848
359849
35985
359850
359851
359852
359853
359854
359855
359856
359857
359858
359859
35986
359860
359861
359862
359863
359864
359865
359866
359867
359868
359869
35987
359870
359871
359872
359873
359874
359875
359876
359877
359878
359879
35988
359880
359881
359882
359883
359884
359885
359886
359887
359888
359891
359893
359894
359895
359896
359897
359898
359899
359900
359901
359902
359903
359904
359905
359906
359907
359908
359909
359910
359911
359912
359913
359914
359915
359916
359918
359919
35992
359920
359921
359923
359924
359925
359926
359927
359928
359929
35993
359930
359931
359932
359933
359934
359935
359936
359937
359938
359939
35994
359940
359941
359942
359943
359944
359945
359946
359947
359948
359949
35995
359951
359953
359954
359956
359957
359959
35996
359960
359961
359962
359963
359965
359966
359967
359968
359969
35997
359971
359972
359973
359975
359976
359977
359980
359982
359983
359984
359985
359987
359988
359989
35999
359990
359991
359992
359993
359994
359995
359996
359997
359999
360000
360001
360002
360003
360004
360005
360006
360007
360008
360009
360010
360012
360013
360014
360015
360016
360017
360018
360019
360020
360021
360022
360023
360024
360025
360026
360028
360029
36003
360030
360031
360032
360033
360034
360035
360036
360037
360038
360039
36004
360040
360041
360043
360044
360045
360046
360047
360048
360049
36005
360051
360052
360053
360054
360055
360056
360057
360058
360059
36006
360060
360061
360062
360063
360064
360065
360066
360067
360068
360069
36007
360070
360071
360072
360073
360074
360075
360077
360079
360080
360081
360082
360083
360084
360085
360086
360087
360088
360089
360090
360091
360092
360093
360094
360095
360096
360097
360098
360099
360100
360101
360102
360103
360104
360105
360106
360107
360108
360109
36011
360110
360111
360113
360114
360115
360116
360117
360118
360119
36012
360120
360121
360122
360123
360124
360125
360126
360127
360128
360129
36013
360132
360133
360134
360135
360136
360137
360138
360139
36014
360140
360141
360142
360143
360144
360145
360146
360147
360149
36015
360150
360151
360152
360153
360154
360155
360156
360157
360158
360159
36016
360160
360161
360162
360163
360164
360165
360166
360167
360168
360169
36017
360170
360171
360172
360173
360174
360175
360176
360177
360178
360179
36018
360180
360181
360182
360183
360184
360185
360186
360187
360188
360189
36019
360190
360191
360192
360193
360194
360195
360197
360198
360199
3602
36020
360200
360201
360202
360203
360205
360206
360207
360208
360209
360210
360211
360212
360214
360215
360216
360217
360218
360219
36022
360220
360221
360222
360223
360225
360226
360227
360228
360229
36023
360230
360231
360232
360233
360234
360236
360237
360238
360239
36024
360240
360241
360242
360243
360244
360245
360246
360247
360248
360249
36025
360250
360251
360254
360255
360256
360257
360258
360259
36026
360260
360261
360262
360263
360264
360265
360266
360267
36027
360270
360272
360273
360274
360275
360276
360277
360278
360279
36028
360280
360281
360282
360283
360284
360285
360286
360287
360288
360289
36029
360290
360291
360292
360293
360294
360295
360296
360297
360298
360299
3603
36030
360300
360301
360302
360303
360304
360305
360306
360307
360308
360309
36031
360310
360311
360312
360313
360314
360315
360316
360317
360318
360319
360320
360321
360322
360323
360324
360325
360327
360328
360329
360330
360331
360332
360333
360334
360335
360336
360337
360338
360339
360340
360341
360343
360345
360348
360349
360350
360352
360354
360355
360356
360358
360359
36036
360360
360361
360363
360364
360365
360366
360367
360368
360369
36037
360370
360373
360374
360375
360376
360377
360378
360379
360380
360381
360382
360383
360385
360387
360388
360389
360390
360391
360392
360395
3604
36040
360400
360401
360402
360404
360405
360406
360407
360408
360409
36041
360411
360412
360413
360415
360416
360417
360418
360420
360421
360422
360423
360424
360425
360426
360428
360429
360430
360431
360432
360433
360434
360435
360437
360438
360439
36044
360440
360441
360442
360443
360444
360446
360447
360448
360449
36045
360450
360451
360452
360453
360454
360455
360456
360457
360458
360459
36046
360460
360461
360462
360463
360464
360465
360466
360467
360468
360469
36047
360470
360471
360472
360473
360474
360475
360476
360477
360478
360479
36048
360480
360481
360482
360483
360484
360485
360486
360487
360488
360489
36049
360490
360491
360492
360493
360494
360495
360496
360497
360498
360499
360500
360501
360502
360503
360504
360505
360506
360507
360508
360509
360510
360511
360512
360513
360514
360515
360516
360517
360518
360519
360520
360521
360522
360524
360525
360526
360527
360528
360529
360530
360531
360532
360533
360534
360535
360536
360537
360538
360539
36054
360540
360541
360542
360543
360544
360545
360546
360547
360548
360549
36055
360550
360551
360553
360554
360555
360556
360557
360558
360559
36056
360560
360561
360562
360563
360564
360565
360566
360567
360568
360569
360570
360571
360572
360573
360574
360575
360576
360578
360579
36058
360580
360581
360582
360583
360586
360587
360588
360589
36059
360590
360591
360592
360593
360595
360596
360597
360598
360599
36060
360600
360601
360602
360603
360604
360605
360606
360607
360608
360609
36061
360610
360611
360612
360613
360614
360615
360617
360618
360619
36062
360620
360621
360622
360625
360626
360627
360628
360629
36063
360630
360631
360632
360633
360634
360635
360636
360637
360638
360639
360640
360641
360642
360643
360644
360645
360646
360647
360648
360649
360650
360651
360652
360653
360654
360655
360657
360658
360659
360661
360662
360663
360664
360665
360667
360668
360669
36067
360670
360671
360672
360673
360674
360675
360676
360677
360678
360679
36068
360680
360681
360682
360683
360684
360686
360687
360688
360689
36069
360690
360691
360692
360693
360694
360695
360696
360697
360698
360699
360700
360701
360702
360703
360704
360706
360707
360708
360709
360710
360711
360712
360713
360714
360715
360716
360717
360718
360719
36072
360720
360721
360722
360723
360724
360725
360726
360727
360728
360729
36073
360730
360731
360732
360733
360734
360735
360736
360737
360738
360739
36074
360740
360741
360742
360743
360744
360745
360746
360747
360748
360749
36075
360750
360751
360752
360754
360755
360756
360757
360758
360759
360760
360761
360762
360763
360764
360766
360767
360768
360769
360770
360771
360772
360773
360775
360776
360777
360778
360779
360780
360781
360782
360783
360784
360785
360786
360787
360788
360789
36079
360790
360791
360792
360793
360794
360795
360796
360797
360798
360799
360800
360801
360802
360803
360804
360805
360806
360807
360808
360809
360810
360811
360812
360813
360814
360815
360816
360817
360818
360819
360821
360822
360823
360824
360825
360826
360827
360828
360829
360830
360831
360832
360833
360834
360835
360836
360837
360838
360839
360840
360841
360842
360843
360844
360846
360847
360849
36085
360850
360851
360852
360854
360855
360856
360857
360859
36086
360860
360862
360863
360864
360867
360868
360869
36087
360870
360872
360874
360875
360878
360879
36088
360880
360881
360882
36089
360890
360892
360893
360894
360895
360896
360897
360898
360899
36090
360900
360901
360902
360903
360904
360905
360906
360907
360908
360909
36091
360910
360911
360912
360913
360914
360915
360917
360919
36092
360920
360921
360922
360924
360925
360926
360927
360928
360929
36093
360931
360932
360933
360934
360936
360937
360938
360939
36094
360940
360941
360942
360943
360944
360945
360946
360947
360948
360949
36095
360950
360951
360953
360954
360955
360956
360957
360958
360959
36096
360960
360961
360962
360963
360964
360965
360966
360967
360968
360969
360970
360971
360972
360973
360974
360975
360976
360977
360978
360979
360980
360981
360982
360983
360984
360985
360986
360987
360988
360989
360990
360991
360992
360993
360994
360995
360996
360997
360998
360999
361000
361001
361002
361003
361004
361005
361006
361008
361009
361010
361011
361012
361013
361014
361015
361016
361017
361018
361019
36102
361020
361021
361022
361023
361024
361025
361026
361027
361028
361029
361030
361032
361033
361034
361035
361036
361037
361038
361039
361040
361041
361042
361043
361044
361045
361046
361047
361048
36105
361050
361051
361052
361053
361055
361056
361057
361058
36106
361060
361061
361062
361064
361065
361066
361067
361068
361069
36107
361070
361071
361072
361073
361074
361075
361076
361077
361078
361079
36108
361080
361081
361083
361084
361087
361088
361089
36109
361092
361093
361094
361096
361097
361098
361099
36110
361100
361101
361102
361103
361104
361105
361106
361107
361108
361109
36111
361110
361111
361112
361113
361114
361115
361116
361117
361119
361120
361121
361122
361125
361126
361127
361128
361129
36113
361130
361131
361132
361133
361134
361135
361136
361137
361138
361139
361141
361142
361143
361144
361145
361146
361148
361149
36115
361150
361151
361152
361153
361154
361157
361158
361159
361160
361161
361162
361163
361164
361165
361166
361167
361168
361169
36117
361170
361171
361172
361173
361174
361175
361176
361177
361178
361179
361180
361181
361182
361183
361184
361185
361186
361187
361188
361189
36119
361190
361191
361192
361193
361194
361195
361196
361198
361199
36120
361200
361201
361202
361203
361204
361205
361206
361207
361208
361209
36121
361210
361211
361212
361213
361214
361215
361216
361217
361218
361219
36122
361220
361221
361222
361223
361224
361226
361227
361228
361229
36123
361231
361233
361234
361235
361236
361237
361239
36124
361240
361241
361242
361243
361244
361245
361246
361247
361248
361249
36125
361250
361251
361253
361255
361256
361257
361258
361259
36126
361260
361261
361262
361263
361264
361265
361266
361267
361268
361269
36127
361270
361273
361274
361275
361276
361277
36128
361280
361282
361283
361284
361285
361286
361287
361288
361289
36129
361290
361291
361292
361293
361295
361296
361297
361298
361299
36130
361300
361301
361302
361303
361304
361305
361306
361308
361309
36131
361310
361311
361312
361313
361314
361315
361316
361317
361318
36132
361320
361321
361322
361323
361324
361325
361327
361329
36133
361330
361331
361332
361333
361334
361335
361336
361337
361338
361339
36134
361340
361341
361342
361343
361344
361345
361346
361347
361348
36135
361350
361351
361352
361353
361355
361356
361357
361358
361359
36136
361360
361361
361362
361363
361364
361365
361366
361367
361368
361369
36137
361370
361371
361372
361373
361374
361375
361376
361377
361378
361379
36138
361380
361381
361382
361384
361385
361386
361387
361388
361389
36139
361390
361391
361392
361393
361394
361395
361396
361397
361398
36140
361400
361401
361402
361403
361404
361405
361406
361407
361408
361409
36141
361410
361411
361412
361413
361414
361415
361416
361417
361418
361419
36142
361420
361421
361422
361424
361425
361426
361427
361428
361429
36143
361430
361431
361432
361434
361435
361436
361437
361438
361439
36144
361440
361441
361442
361443
361444
361445
361447
361449
361450
361451
361452
361453
361454
361455
361456
361457
361458
361459
361460
361461
361462
361464
361465
361466
361467
361468
361469
36147
361470
361471
361472
361473
361474
361475
361476
361477
361479
361480
361481
361483
361484
361485
361486
361487
361488
361489
361490
361491
361492
361493
361494
361495
361496
361497
361498
361499
361500
361501
361502
361503
361504
361505
361506
361507
361508
361509
36151
361510
361511
361513
361514
361516
361517
361518
361519
36152
361520
361521
361522
361523
361524
361527
361528
361529
36153
361530
361531
361532
361533
361534
361535
361536
361537
361538
361539
36154
361540
361541
361542
361543
361544
361546
361548
361549
36155
361550
361551
361552
361553
361554
361555
361556
361557
361558
361559
361560
361561
361562
361564
361565
361566
361567
361568
361569
36157
361570
361571
361573
361574
361575
361576
361577
361578
361579
361580
361581
361582
361583
361584
361585
361586
361587
361588
361589
36159
361590
361591
361592
361593
361594
361595
361596
361597
361598
361599
36160
361600
361601
361602
361603
361604
361605
361606
361608
361609
36161
361610
361611
361613
361614
361615
361616
361617
361618
361619
36162
361620
361621
361623
361624
361625
361626
361627
361629
36163
361630
361631
361632
361634
361635
361636
361637
361638
36164
361640
361641
361642
361643
361644
361645
361646
361647
361648
361649
36165
361650
361651
361652
361653
361654
361655
361656
361657
361658
361659
36166
361660
361661
361662
361663
361664
361665
361666
361667
361668
361669
36167
361670
361671
361672
361673
361674
361675
361676
361677
361678
361679
361680
361681
361682
361683
361685
361686
361687
361688
361689
36169
361690
361691
361692
361693
361694
361695
361696
361697
361698
361699
36170
361700
361701
361702
361703
361704
361705
361706
361707
361708
361709
36171
361710
361711
361712
361714
361715
361716
361717
361718
361719
36172
361720
361721
361722
361723
361724
361725
361726
361727
361728
361729
361730
361732
361733
361734
361735
361736
361738
361739
36174
361740
361742
361743
361744
361745
361746
361747
361748
361749
36175
361750
361751
361752
361753
361754
361755
361756
361757
361758
361759
36176
361761
361762
361763
361764
361765
361766
361767
361768
361769
36177
361770
361771
361772
361773
361774
361775
361776
361777
361778
361779
36178
361780
361781
361782
361783
361784
361785
361786
361787
361788
36179
361790
361791
361792
361794
361795
361796
361798
361799
36180
361800
361801
361802
361803
361804
361806
361807
361808
361809
36181
361810
361811
361812
361813
361814
361815
361816
361817
361818
361819
36182
361820
361821
361822
361824
361825
361826
361827
361828
361829
36183
361830
361832
361833
361834
361836
361837
361839
36184
361840
361841
361842
361844
361845
361846
361847
361848
361849
36185
361850
361851
361852
361853
361854
361855
361856
361857
361858
361859
361860
361861
361862
361863
361865
361866
361867
361868
361869
36187
361870
361871
361872
361873
361874
361875
361876
361877
361878
361879
36188
361880
361881
361882
361883
361884
361885
361886
361887
361889
361890
361891
361892
361893
361894
361895
361896
361897
361899
361902
361904
361905
361907
361908
361909
36191
361910
361911
361912
361913
361914
361915
361916
361917
361918
361919
36192
361920
361921
361922
361923
361924
361925
361926
361927
361929
36193
361930
361931
361932
361933
361934
361935
361936
361937
361938
361939
36194
361940
361941
361942
361943
361944
361945
361947
361948
361949
36195
361950
361951
361953
361954
361956
361957
361958
361959
36196
361960
361961
361963
361964
361965
361966
361967
361968
361969
36197
361970
361971
361972
361974
361975
361976
361977
361978
361979
36198
361980
361982
361983
361984
361986
361987
361988
361989
36199
361991
361992
361993
361994
361995
361996
361997
361998
361999
36200
362000
362001
362002
362003
362004
362005
362006
362007
362008
36201
362011
362012
362013
362014
362015
362016
362017
362018
362019
362020
362021
362022
362025
362026
362027
362028
362029
36203
362030
362031
362032
362033
362036
362038
362039
36204
362040
362041
362042
362043
362044
362045
362046
362048
362049
362050
362051
362052
362053
362054
362055
362056
362057
362058
362059
36206
362060
362061
362062
362063
362064
362065
362067
362068
362069
362070
362071
362072
362073
362074
362075
362076
362077
362078
362079
36208
362080
362081
362082
362083
362084
362085
362086
362087
362088
362089
36209
362091
362092
362093
362094
362095
362096
362097
362098
362099
36210
362100
362101
362102
362103
362104
362105
362106
362107
362108
362109
36211
362110
362111
362112
362113
362114
362117
362118
362119
36212
362120
362121
362122
362123
362124
362125
362126
362128
362129
36213
362132
362133
362134
362135
362136
362137
362138
362139
36214
362140
362141
362142
362143
362144
362145
362146
362147
362148
362149
36215
362150
362151
362152
362153
362154
362155
362156
362157
362158
36216
362160
362161
362162
362163
362164
362165
362166
362167
362168
36217
362170
362171
362172
362174
362175
362176
362177
362178
362179
36218
362180
362181
362183
362184
362185
362186
362187
362188
362189
36219
362190
362191
362192
362193
362194
362195
362196
362197
362198
362199
36220
362200
362201
362202
362203
362204
362205
362206
362207
362209
36221
362210
362211
362212
362213
362214
362215
362216
362217
362219
36222
362220
362221
362222
362223
362224
362225
362226
362227
362228
362229
36223
362230
362231
362233
362235
362236
362237
