367344
367345
367346
367347
367348
367350
367351
367352
367353
367354
367355
367356
367357
367358
367359
36736
367360
367361
367362
367363
367364
367365
367366
367367
367368
367369
36737
367370
367371
367372
367373
367374
367375
367376
367377
367379
36738
367380
367381
367384
367385
367386
367387
367388
367389
36739
367390
367391
367392
367393
367394
367395
367396
367397
367398
367399
367400
367401
367402
367403
367404
367405
367406
367407
367408
367409
36741
367410
367411
367412
367413
367415
367416
367417
367419
367420
367421
367422
367423
367424
367425
367426
367427
367428
367429
367430
367431
367432
367433
367434
367435
367436
367437
367439
36744
367440
367441
367442
367443
367444
367445
367446
367447
367448
367449
36745
367450
367452
367453
367454
367455
367456
367457
367458
367459
36746
367460
367461
367462
367463
367464
367465
367466
367467
367468
367470
367471
367472
367473
367474
367475
367476
367477
367478
367479
36748
367480
367481
367482
367483
367484
367485
367486
367487
367488
367489
36749
367490
367492
367493
367494
367495
367496
367498
367499
36750
367500
367501
367502
367503
367504
367505
367506
367507
367508
367509
36751
367510
367511
367512
367513
367514
367515
367516
367517
367518
367519
36752
367520
367521
367523
367524
367525
367526
367527
367528
367529
36753
367530
367531
367532
367533
367534
367535
367536
367537
367538
367539
36754
367540
367541
367542
367543
367544
367545
367546
367547
367548
367549
367550
367551
367552
367553
367554
367555
367556
367557
367558
367559
36756
367560
367561
367562
367563
367564
367565
367566
367567
367568
367570
367571
367572
367573
367574
367575
367576
367577
367578
367579
36758
367580
367582
367583
367584
367585
367586
367587
367588
367589
36759
367590
367591
367592
367593
367594
367595
367596
367597
367599
36760
367600
367601
367602
367603
367604
367605
367606
367607
367608
367610
367611
367612
367613
367614
367615
367616
367617
367618
367619
36762
367620
367621
367622
367623
367624
367625
367626
367627
367628
367629
367630
367631
367632
367633
367634
367635
367636
367637
367638
367639
36764
367640
367641
367642
367643
367644
367645
367646
367648
367649
36765
367650
367651
367652
367653
367654
367655
367656
367657
367658
367659
36766
367660
367661
367662
367663
367664
367665
367667
367668
367669
36767
367670
367671
367672
367673
367674
367675
367676
367677
367678
367679
36768
367680
367681
367682
367683
367684
367685
367686
367687
367688
367689
36769
367690
367691
367692
367693
367695
367696
367697
367698
367699
36770
367700
367701
367702
367703
367704
367705
367706
367707
367708
367709
36771
367710
367711
367712
367714
367715
367716
367717
367718
367719
36772
367720
367721
367722
367724
367725
367726
367727
367728
36773
367730
367731
367732
367733
367734
367735
367738
367739
36774
367740
367741
367742
367743
367744
367745
367746
367747
367748
367749
36775
367750
367751
367753
367754
367755
367756
367757
367759
367760
367761
367762
367763
367764
367765
367766
367767
367768
367769
367770
367771
367772
367773
367774
367775
367776
367777
367778
367779
36778
367780
367781
367782
367783
367784
367785
367786
367787
367788
367789
36779
367790
367791
367792
367793
367794
367795
367796
367797
367798
367799
367800
367801
367803
367804
367805
367806
367807
367808
367809
36781
367810
367813
367814
367815
367816
367817
367818
367819
36782
367820
367821
367822
367823
367824
367825
367826
367827
367828
367829
36783
367830
367831
367832
367833
367834
367835
367836
367838
367839
36784
367840
367841
367842
367843
367844
367845
367846
367847
367848
367849
36785
367850
367851
367852
367853
367854
367855
367856
367857
367858
367859
36786
367860
367861
367862
367863
367864
367865
367866
367867
367868
367869
36787
367870
367872
367873
367875
367877
367880
367881
367882
367883
367885
367886
367887
367888
367889
36789
367890
367891
367893
367894
367895
367896
367897
3679
36790
367900
367901
367902
367903
367905
367907
367908
36791
367911
367913
367914
367915
367916
367917
367918
36792
367925
367926
367927
367929
367930
367931
367932
367933
367934
367935
367936
367937
367938
367939
36794
367941
367942
367943
367944
367945
367946
367947
367948
367949
36795
367950
367951
367952
367953
367954
367956
367957
367958
36796
367960
367961
367962
367963
367964
367965
367966
367967
367968
367969
36797
367970
367971
367972
367974
367975
367976
367977
367979
367980
367981
367982
367984
367985
367986
367987
367988
367989
36799
367990
367991
367993
367994
367996
367997
367998
367999
36800
368000
368001
368002
368003
368005
368006
368007
368008
368009
36801
368010
368011
368012
368013
368014
368015
368016
368017
368018
368019
36802
368020
368021
368022
368023
368024
368025
368026
368028
368030
368031
368032
368033
368034
368035
368036
368037
368038
368039
36804
368040
368041
368042
368043
368044
368045
368046
368047
368048
368049
368050
368051
368052
368053
368054
368055
368056
368057
368058
368059
368060
368061
368062
368063
368064
368065
368066
368067
368068
368069
36807
368070
368071
368072
368073
368074
368075
368076
368077
368078
36808
368080
368081
368082
368083
368084
368085
368086
368087
368088
368089
36809
368090
368091
368092
368093
368094
368095
368096
368097
368098
368099
3681
36810
368100
368101
368102
368103
368105
368106
368107
368108
368109
36811
368110
368111
368112
368113
368114
368115
368116
368117
368118
368119
36812
368120
368121
368122
368123
368124
368125
368126
368127
368128
368129
368130
368131
368132
368133
368134
368135
368136
368137
368138
368139
36814
368140
368141
368142
368143
368144
368145
368146
368147
368148
368149
36815
368150
368151
368152
368153
368154
368155
368157
368158
368159
36816
368160
368161
368162
368163
368164
368165
368166
368167
368168
368169
36817
368171
368172
368173
368174
368176
368177
368178
368179
36818
368180
368181
368182
368183
368184
368186
368187
368188
368189
36819
368190
368191
368192
368193
368194
368195
368196
368197
368198
368199
3682
36820
368200
368201
368202
368203
368204
368205
368206
368207
368208
368209
36821
368210
368211
368212
368213
368214
368215
368216
368217
368218
368219
36822
368220
368221
368222
368223
368224
368225
368226
368227
368228
368229
36823
368230
368231
368232
368233
368234
368235
368236
368237
368238
368239
36824
368240
368241
368242
368243
368244
368245
368246
368247
368248
368249
36825
368250
368251
368252
368253
368254
368255
368256
368257
368258
368259
36826
368260
368261
368262
368263
368264
368265
368266
368267
368268
368269
36827
368270
368271
368272
368273
368274
368275
368276
368277
368278
368279
368280
368281
368282
368283
368284
368285
368286
368287
368288
368289
36829
368290
368291
368292
368293
368294
368295
368296
368297
368298
368299
3683
36830
368300
368301
368302
368303
368304
368305
368306
368308
36831
368310
368311
368312
368313
368314
368315
368316
368317
368318
368319
36832
368320
368321
368322
368323
368324
368325
368326
368327
368328
368329
36833
368330
368331
368334
368335
368336
368338
368339
36834
368340
368341
368342
368343
368345
368346
368347
368348
368349
36835
368350
368351
368352
368353
368354
368355
368357
368358
368359
36836
368360
368361
368362
368363
368364
368365
368366
368367
368368
368369
36837
368370
368371
368372
368373
368374
368375
368376
368377
368378
368379
36838
368380
368381
368382
368383
368384
368385
368386
368387
368388
368389
36839
368390
368391
368392
368393
368394
368395
368396
368397
368398
368399
3684
36840
368400
368401
368402
368403
368404
368405
368406
368407
368408
368409
36841
368410
368411
368412
368413
368414
368415
368416
368417
368418
368419
36842
368420
368421
368422
368423
368424
368425
368426
368427
368428
368429
36843
368430
368431
368432
368433
368434
368435
368437
368438
368439
36844
368440
368442
368443
368444
368445
368446
368447
368448
368449
368450
368451
368452
368453
368454
368455
368456
368457
368458
368459
36846
368460
368461
368462
368463
368464
368465
368466
368467
368468
368469
36847
368470
368471
368472
368473
368474
368475
368476
368477
368478
368479
36848
368480
368481
368482
368483
368484
368485
368486
368487
368488
368489
36849
368490
368491
368492
368493
368494
368495
368496
368497
368498
368499
3685
36850
368500
368501
368503
368504
368505
368506
368507
368508
368509
368510
368511
368512
368513
368514
368515
368516
368517
368518
368519
36852
368520
368521
368522
368523
368525
368527
368528
368529
36853
368530
368531
368532
368534
368535
368536
36854
368540
368541
368544
368547
368549
36855
368550
368552
368556
368558
36856
368560
368563
368564
368566
368569
36857
368570
368572
368573
368574
368575
368576
368577
368578
368579
36858
368580
368581
368582
368583
368584
368585
368586
368587
368588
368589
36859
368590
368591
368592
368593
368594
368595
368596
368597
368598
3686
36860
368600
368601
368602
368603
368604
368605
368606
368607
368608
368609
36861
368610
368611
368612
368613
368614
368615
368616
368617
368618
368619
36862
368620
368621
368622
368623
368624
368625
368626
368627
368629
36863
368631
368632
368638
36864
368640
368641
368642
368649
36865
368650
368652
368653
368654
368655
368657
368658
36866
368660
368661
368662
368663
368664
368665
368666
368667
368668
368669
36867
368670
368671
368672
368673
368674
368676
368677
368678
368679
36868
368680
368681
368682
368683
368684
368685
368686
368687
368688
368689
36869
368690
368691
368692
368693
368694
368695
368696
368697
368698
368699
3687
36870
368700
368701
368702
368703
368704
368707
368708
368709
36871
368710
368712
368713
368715
368716
368717
368718
368719
36872
368721
368722
368723
368724
368725
368726
368727
368728
36873
368730
368731
368732
368733
368734
368735
368736
368737
368738
368739
36874
368740
368741
368742
368743
368744
368745
368746
368747
368748
368749
36875
368750
368751
368752
368753
368754
368755
368757
368758
368759
36876
368760
368761
368762
368763
368764
368765
368766
368767
368768
368769
36877
368770
368771
368772
368773
368774
368775
368776
368777
368778
36878
368780
368782
368785
368787
368789
36879
368792
368794
368796
368798
368799
3688
36880
368803
368806
368807
368808
368809
36881
368811
368814
368815
368818
36882
368820
368821
368822
368823
368824
368825
368826
368827
368828
368829
36883
368830
368832
368833
368834
368835
368836
368837
368838
368839
36884
368840
368841
368842
368843
368844
368846
36885
368851
368852
368854
368855
368859
36886
368860
368864
368869
36887
368871
368872
368878
36888
368882
368883
368884
368885
368886
368887
368888
36889
368890
368891
368892
368893
368895
368896
368897
368898
368899
3689
368900
368902
368903
368905
368906
368907
36891
368910
368911
368912
368913
368914
368915
368916
368917
368919
36892
368921
368922
368923
368924
368925
368926
368927
368928
368929
36893
368930
368931
368932
368933
368934
368935
368936
368937
368938
368939
36894
368940
368941
368942
368943
368944
368945
368946
368947
368948
36895
368951
368952
368953
368954
368955
368957
368958
368959
36896
368960
368961
368962
368963
368964
368965
368966
368967
368968
368969
36897
368970
368971
368972
368974
368976
368978
368979
36898
368980
368981
368982
368983
368984
368985
368986
368987
368988
368989
36899
368990
368991
368992
368993
368994
368995
368996
368997
368998
368999
3690
36900
369000
369001
369002
369003
369006
369007
369008
36901
369010
369011
369012
369013
369014
369015
369016
369017
369018
369019
36902
369020
369021
369022
369023
369024
369025
369026
369027
369029
36903
369031
369032
369033
369034
369035
369036
369037
369038
369039
36904
369040
369041
369042
369043
369045
369046
369047
369048
369049
36905
369050
369051
369052
369053
369054
369055
369056
369057
369058
369059
36906
369060
369061
369062
369063
369064
369065
369066
369067
369068
369069
36907
369070
369071
369072
369073
369075
369076
369077
369078
369079
36908
369080
369081
369082
369083
369084
369085
369086
369087
369088
369089
36909
369090
369091
369093
369095
369097
369098
369099
3691
36910
369100
369101
369102
369106
369107
369109
36911
369110
369111
369112
369114
369115
369116
369117
369118
369119
36912
369120
369121
369122
369123
369124
369126
369127
369128
369129
369130
369131
369132
369133
369134
369135
369136
369137
369138
369139
36914
369140
369141
369142
369143
369144
369145
369146
369147
369148
369149
36915
369150
369151
369152
369153
369154
369155
369156
369157
369158
369159
36916
369160
369161
369162
369163
369164
369165
369166
369167
369168
369169
36917
369170
369171
369172
369173
369174
369176
369177
369178
369179
36918
369180
369181
369182
369183
369184
369185
369186
369187
369188
369189
36919
369190
369191
369192
369193
369194
369195
369196
369197
369198
369199
3692
36920
369200
369201
369202
369203
369205
369206
369207
369208
369209
36921
369210
369211
369212
369213
369214
369215
369216
369218
369219
36922
369220
369221
369222
369223
369224
369225
369226
369227
369228
369229
36923
369230
369231
369232
369233
369234
369235
369236
369237
369238
369239
369240
369241
369242
369243
369245
369246
369247
369249
369250
369251
369253
369254
369255
369256
369259
36926
369260
369261
369262
369263
369265
369267
369268
369269
36927
369270
369271
369272
369273
369274
369275
369276
369277
369278
369279
36928
369280
369281
369282
369283
369284
369286
369287
36929
369290
369291
369292
369293
369294
369295
369296
369297
369298
369299
3693
36930
369300
369301
369302
369303
369304
369305
369306
369308
369309
36931
369310
369312
369314
369315
369316
369317
369318
369319
369320
369321
369324
369326
369327
369328
369329
36933
369332
369333
369334
369336
369337
369338
369339
36934
369340
369341
369342
369344
369345
369346
369348
369349
369350
369351
369352
369353
369354
369355
369356
369357
369358
36936
369360
369361
369362
369363
369364
369365
369366
369367
369368
369369
369370
369371
369372
369373
369374
369375
369376
369377
369378
369379
36938
369381
369382
369383
369384
369385
369386
369387
369388
369389
36939
369390
369391
369392
369393
369394
369395
369396
369397
369398
369399
3694
36940
369400
369401
369402
369403
369404
369406
369407
369408
369409
36941
369410
369411
369412
369413
369414
369415
369416
369417
369418
369419
36942
369420
369421
369422
369423
369424
369425
369426
369427
369428
369429
36943
369430
369431
369432
369433
369434
369435
369436
369437
369438
369439
36944
369440
369441
369442
369443
369444
369445
369446
369447
369448
369449
36945
369450
369451
369452
369454
369455
369456
369457
369458
369459
36946
369460
369461
369462
369463
369464
369465
369467
369469
36947
369471
369472
369473
369474
369477
369481
369482
369483
369484
369486
369487
369488
369489
36949
369490
369491
369492
369494
369495
369496
369497
369498
369499
3695
36950
369500
369501
369502
369503
369504
369505
369506
369507
369508
369509
36951
369510
369511
369512
369513
369514
369515
369516
369517
369518
369519
36952
369520
369521
369522
369523
369524
369525
369526
369528
369529
369530
369531
369533
369534
369535
369536
369537
369538
369539
36954
369542
369543
369544
369545
369546
369547
36955
369551
369552
369553
369554
369555
369557
369558
369559
369560
369561
369562
369563
369564
369565
369566
369567
369568
369569
36957
369570
369571
369572
369573
369574
369575
369576
369577
36958
369581
369582
369583
369584
369585
369586
369587
369588
36959
369590
369591
369593
369594
369595
369597
369598
3696
36960
369600
369601
369602
369603
369604
369605
369606
369607
369608
369609
36961
369610
369611
369612
369613
369614
369615
369616
369617
369618
369619
36962
369620
369621
369622
369623
369624
369625
369626
369627
369628
369629
36963
369630
369631
369633
369634
369635
369636
369637
369638
369639
36964
369640
369641
369642
369643
369644
369645
369646
369647
369648
369649
36965
369650
369651
369652
369653
369654
369655
369656
369657
369658
369659
369660
369661
369662
369663
369664
369665
369666
369667
369668
369669
36967
369670
369671
369672
369673
369674
369675
369676
369677
369678
369679
36968
369680
369681
369682
369683
369684
369685
369686
369688
369689
36969
369690
369691
369692
369693
369695
369696
369698
369699
3697
36970
369700
369701
369702
369703
369704
369705
369706
369707
369709
36971
369710
369711
369713
369714
369715
369716
369717
369718
369719
36972
369720
369721
369722
369723
369724
369725
369726
369727
369729
36973
369730
369731
369732
369733
369734
369735
369736
369737
369738
369739
36974
369740
369742
369743
369744
369745
369746
369747
369748
369749
36975
369750
369751
369752
369753
369754
369755
369757
369758
369759
369760
369761
369763
369764
369765
369766
369767
369768
369769
369770
369771
369772
369773
369775
369776
369777
369778
369779
36978
369780
369781
369782
369783
369784
369785
369786
369789
36979
369790
369791
369793
369794
369795
369796
369797
369798
369799
3698
36980
369800
369801
369802
369803
369804
369805
369806
369807
369808
369809
36981
369810
369811
369812
369814
369815
369816
369817
369818
369819
36982
369820
369821
369822
369823
369824
369825
369826
369827
369828
369829
36983
369830
369831
369832
369833
369834
369835
369837
369838
369839
36984
369840
369841
369842
369843
369844
369845
369846
369847
369848
369849
36985
369851
369852
369855
369857
369858
369859
36986
369860
369861
369862
369863
369864
369865
369866
369867
369868
369869
36987
369871
369872
369873
369874
369875
369876
369877
369878
36988
369880
369881
369882
369883
369884
369885
369886
369887
369888
369889
36989
369890
369891
369892
369893
369894
369895
369896
369897
369898
369899
3699
36990
369900
369901
369902
369903
369904
369905
369908
369909
369910
369912
369913
369914
369915
369916
369917
369918
369919
36992
369921
369922
369923
369924
369925
369926
369927
369928
369929
36993
369931
369932
369933
369934
369935
369936
369937
369938
369939
36994
369940
369942
369943
369944
369945
369946
369947
369948
369949
36995
369950
369951
369952
369953
369954
369955
369956
369957
369958
369959
36996
369960
369961
369962
369963
369964
369965
369966
369967
369968
369970
369971
369972
369974
369975
369976
369977
369978
369979
36998
369980
369982
369983
369984
369985
369986
369987
369988
369989
36999
369990
369991
369992
369993
369994
369995
369996
369997
369998
369999
3700
37000
370000
370001
370002
370003
370004
370005
370006
370007
370008
370009
37001
370010
370011
370012
370013
370015
370016
370017
370018
370019
37002
370020
370021
370023
370024
370025
370026
370027
370028
370029
37003
370030
370031
370032
370033
370034
370035
370036
370037
370038
370039
37004
370040
370041
370043
370044
370045
370046
370047
370048
370049
37005
370050
370051
370052
370053
370054
370055
370056
370057
370058
370059
37006
370060
370061
370062
370063
370064
370065
370066
370067
370068
370069
37007
370070
370071
370072
370073
370074
370075
370076
370077
370078
370079
37008
370080
370081
370082
370083
370084
370085
370086
370087
370088
370089
37009
370090
370091
370092
370093
370094
370095
370096
370097
370098
370099
3701
37010
370100
370101
370102
370103
370104
370105
370106
370107
370108
370109
37011
370110
370111
370112
370113
370116
370117
370118
370119
370120
370121
370122
370123
370124
370125
370126
370127
370128
370129
37013
370130
370131
370132
370133
370134
370135
370139
37014
370140
370141
370142
370143
370144
370145
370146
370147
370149
37015
370150
370151
370152
370153
370154
370155
370156
370157
370158
370160
370161
370162
370163
370164
370165
370166
370167
370168
370169
37017
370170
370171
370172
370173
370174
370175
370176
370177
370178
370179
37018
370180
370181
370182
370183
370184
370185
370186
370187
370188
370189
37019
370190
370191
370194
370195
370196
370197
370198
370199
37020
370200
370201
370202
370203
370204
370205
370206
370207
370208
370209
37021
370210
370211
370213
370214
370215
370216
370217
370218
370219
37022
370220
370221
370222
370223
370224
370225
370226
370227
370228
370229
37023
370231
370233
370234
370235
370236
370237
370238
37024
370240
370241
370242
370243
370244
370245
370246
370247
370248
370249
37025
370250
370251
370252
370253
370254
370255
370256
370257
370258
370259
37026
370260
370263
370264
370265
370266
370267
370268
370269
37027
370270
370271
370272
370273
370274
370275
370277
370278
370279
37028
370280
370281
370283
370284
370285
370286
370288
370289
370291
370292
370293
370294
370295
370296
370299
37030
370300
370301
370303
370304
370305
370306
370307
370308
370309
37031
370310
370311
370312
370313
370314
370315
370316
370317
370318
370319
37032
370320
370321
370323
370324
370326
370327
370329
370330
370331
370333
370334
370336
370337
370338
370339
37034
370340
370341
370343
370344
370345
370346
370347
370348
370349
37035
370350
370351
370352
370355
370356
370357
370358
370359
37036
370360
370362
370363
370364
370365
370367
370368
370369
37037
370370
370371
370372
370374
370375
370376
370377
370378
370379
37038
370380
370381
370382
370383
370384
370385
370386
370387
370388
370389
37039
370390
370391
370392
370393
370394
370396
370397
370398
370399
37040
370400
370401
370402
370403
370404
370405
370406
370407
370408
370409
37041
370410
370411
370412
370413
370414
370415
370416
370417
370418
370419
37042
370420
370421
370422
370423
370424
370425
370426
370427
370428
370429
37043
370430
370431
370432
370433
370434
370435
370436
370437
370438
370439
37044
370440
370441
370442
370443
370444
370445
370446
370447
370448
370449
370450
370452
370453
370454
370455
370456
370457
370458
370459
370460
370461
370462
370463
370464
370465
370466
370467
370468
37047
370470
370471
370472
370473
370475
370476
370477
370478
370479
37048
370480
370481
370482
370483
370484
370485
370486
370487
370488
370489
37049
370490
370491
370494
370496
370497
370498
370499
37050
370500
370501
370502
370503
370505
370506
370508
370509
37051
370510
370511
370512
370513
370515
370517
370518
370519
37052
370520
370521
370522
370523
370524
370525
370526
370527
370528
370529
37053
370530
370531
370532
370533
370534
370535
370536
370537
370538
370539
37054
370540
370541
370542
370543
370545
370546
370547
370548
37055
370550
370551
370552
370553
370554
370555
370556
370557
370558
370559
37056
370560
370561
370562
370563
370564
370565
370567
370568
370569
370570
370571
370572
370573
370574
370575
370576
370577
370578
370579
370580
370581
370582
370583
370584
370585
370586
370587
370588
370589
37059
370590
370592
370593
370594
370595
370596
370597
370598
37060
370600
370601
370602
370603
370604
370605
370606
370607
370608
370609
37061
370610
370611
370612
370613
370616
370617
370618
370619
37062
370620
370621
370622
370623
370624
370625
370626
370627
370628
370629
37063
370630
370631
370632
370634
370635
370637
370638
370639
37064
370640
370641
370642
370643
370644
370645
370647
370648
370649
37065
370650
370651
370653
370654
370655
370656
370657
370658
370659
37066
370660
370661
370662
370663
370664
370665
370666
370667
370668
370669
37067
370670
370671
370673
370674
370675
370677
370679
37068
370680
370682
370683
370684
370685
370686
370687
370688
370689
370690
370691
370692
370693
370694
370695
370696
370697
370698
370699
370700
370701
370702
370703
370704
370705
370706
370707
370708
370709
370710
370711
370712
370713
370716
370718
370719
370720
370721
370722
370723
370725
370726
370727
370728
370729
370730
370731
370732
370733
370734
370735
370737
370738
370739
370740
370741
370743
370745
370748
370750
370751
370753
370754
370755
370756
370757
370758
370759
370760
370761
370762
370763
370764
370765
370767
370768
370769
370770
370771
370772
370773
370775
370777
370779
370782
370783
370785
370786
370787
370788
370789
37079
370790
370791
370792
370793
370794
370795
370796
370797
370798
370799
37080
370800
370801
370802
370803
370804
370805
370806
370807
370808
370809
37081
370810
370811
370812
370813
370814
370816
370817
370818
370819
37082
370820
370821
370822
370823
370824
370825
370826
370828
370829
37083
370830
370831
370832
370834
370835
370837
370838
370839
37084
370840
370841
370842
370843
370844
370845
370846
370847
370848
370849
37085
370851
370852
370853
370854
370855
370856
370857
370859
37086
370860
370861
370862
370863
370864
370866
370868
370869
37087
370870
370871
370872
370873
370874
370875
370876
370878
370879
37088
370880
370881
370882
370883
370884
370885
370886
370887
370888
370889
37089
370890
370891
370892
370893
370894
370895
370896
370897
370898
370899
37090
370900
370901
370902
370903
370904
370905
370906
370908
370909
37091
370910
370911
370912
370913
370915
370916
370919
37092
370920
370922
370924
370925
370926
370927
370928
370929
37093
370930
370932
370934
370935
370936
370937
370938
370939
37094
370940
370941
370942
370943
370944
370946
370947
370948
370949
370950
370951
370952
370953
370954
370955
370957
370958
370959
37096
370960
370961
370962
370963
370964
370965
370966
370967
370968
370969
37097
370970
370971
370972
370973
370974
370975
370976
370977
370978
37098
370980
370981
370982
370983
370984
370985
370986
370987
370990
370992
370994
370995
370996
370997
370998
370999
37100
371000
371001
371002
371003
371004
371005
371006
371007
371008
371009
371011
371012
371013
371015
371016
371017
371018
371019
371021
371023
371024
371025
371026
371027
371028
371029
37103
371030
371032
371033
371034
371036
371037
371038
371039
371040
371041
371042
371044
371046
371047
371048
371049
371050
371051
371052
371053
371054
371055
371056
371057
371058
371059
371060
371061
371062
371063
371064
371065
371067
371068
371069
37107
371070
371071
371072
371073
371074
371075
371076
371077
371078
371079
37108
371080
371081
371082
371083
371084
371085
371086
371088
371089
37109
371091
371092
371093
371094
371095
371096
371097
371098
371099
37110
371100
371101
371103
371104
371105
371106
371107
371108
371109
371110
371111
371112
371113
371114
371115
371116
371117
371118
371119
37112
371121
371122
371123
371124
371125
371126
371127
371128
371129
37113
371130
371131
371132
371133
371134
371135
371136
371137
371139
37114
371140
371141
371142
371143
371144
371145
371146
371147
371148
371149
371150
371151
371152
371153
371154
371155
371156
371157
371158
371159
37116
371160
371161
371162
371163
371164
371165
371166
371167
371168
371169
37117
371170
371171
371172
371173
371174
371175
371176
371177
371179
371180
371181
371182
371183
371185
371187
371188
371189
37119
371191
371192
371193
371194
371195
371196
371197
371198
371199
37120
371200
371201
371202
371203
371204
371205
371206
371207
371208
371209
37121
371210
371211
371212
371213
371214
371215
371216
371217
371218
371219
37122
371220
371221
371222
371224
371225
371227
371228
37123
371231
371233
371234
371235
371236
371237
371238
37124
371240
371241
371242
371243
371244
371246
371247
371248
371249
371250
371251
371253
371254
371255
371256
371257
371258
371259
37126
371260
371261
371262
371263
371264
371265
371266
371267
371269
37127
371270
371271
371272
371273
371274
371275
371276
371279
37128
371280
371281
371282
371283
371284
371285
371286
371287
371288
371289
37129
371290
371291
371292
371293
371294
371295
371296
371297
371298
371299
37130
371300
371301
371302
371303
371304
371305
371306
371307
371308
371309
37131
371310
371312
371313
371314
371315
371316
371319
37132
371321
371322
371323
371324
371325
371326
371327
371328
371329
37133
371330
371331
371332
371333
371334
371336
371338
371339
37134
371340
371341
371342
371343
371344
371345
371346
371347
371349
37135
371350
371351
371352
371353
371354
371355
371356
371357
371358
371359
37136
371360
371361
371363
371364
371365
371366
371367
371368
371369
37137
371370
371371
371372
371373
371374
371375
371376
371377
371378
371379
37138
371380
371381
371383
371384
371385
371386
371387
371388
371389
371390
371391
371392
371393
371394
371395
371396
371397
371398
371399
37140
371400
371401
371403
371404
371405
371406
371407
371408
371409
37141
371410
371411
371412
371413
371414
371415
371416
371417
371418
371419
37142
371420
371421
371422
371423
371424
371425
371426
371427
371429
37143
371433
371434
371435
371436
371437
371439
37144
371440
371441
371442
371443
371444
371445
371446
371447
371448
371449
37145
371450
371451
371452
371453
371454
371455
371456
371457
371458
371459
37146
371460
371461
371462
371463
371464
371465
371466
371467
371469
37147
371470
371471
371472
371473
371474
371476
371477
371478
371479
37148
371480
371481
371482
371483
371484
371485
371486
371487
371489
371490
371491
371492
371493
371494
371495
371496
371498
371499
37150
371500
371501
371502
371503
371504
371506
371507
371508
371509
37151
371510
371511
371512
371513
371514
371515
371516
371517
371518
37152
371521
371522
371523
371524
371525
371527
371528
371529
371530
371531
371532
371533
371534
371535
371536
371537
37154
371540
371541
371542
371543
371544
371546
371547
371548
371549
37155
371551
371552
371553
371554
371555
371556
371557
371558
37156
371560
371561
371562
371563
371568
371569
37157
371570
371571
371572
371573
371574
371575
371576
371577
371578
37158
371580
371581
371582
371583
371584
371585
371586
371587
371588
371589
371590
371591
371592
371593
371594
371595
371596
371597
371598
371599
3716
37160
371600
371601
371602
371603
371604
371605
371606
371607
371608
371609
371610
371612
371613
371614
371615
371616
371617
371618
371619
371620
371621
371622
371623
371624
371625
371626
371627
371629
37163
371630
371631
371632
371633
371634
371636
371637
371638
371639
37164
371640
371641
371642
371643
371644
371645
371646
371647
371648
371649
37165
371650
371653
371654
371655
371656
371657
371658
371659
37166
371660
371661
371663
371664
371665
371666
371667
371668
371669
371670
371671
371672
371673
371674
371675
371676
371677
371678
371679
37168
371680
371681
371682
371683
371684
371685
371686
371687
371688
371689
37169
371690
371691
371692
371693
371694
371695
371696
371698
371699
3717
371700
371701
371702
371703
371705
371706
371707
371708
371709
37171
371710
371711
371712
371714
371715
371716
371717
371718
371719
37172
371720
371721
371722
371723
371724
371727
371728
371729
37173
371730
371731
371732
371733
371734
371736
371737
371738
371739
37174
371740
371741
371742
371743
371744
371745
371746
371747
371748
371749
37175
371750
371751
371752
371753
371754
371755
371756
371757
371759
37176
371760
371761
371762
371763
371764
371765
371766
371767
371768
371769
37177
371770
371772
371773
371775
371776
371777
371778
371779
37178
371780
371781
371782
371783
371784
371785
371786
371787
371788
371789
37179
371790
371791
371792
371793
371794
371795
371797
371798
371799
37180
371800
371801
371802
371803
371804
371805
371806
371807
371808
371809
37181
371810
371811
371812
371813
371814
371815
371816
371817
371818
371819
37182
371820
371821
371822
371823
371824
371825
371827
371828
371829
37183
371830
371831
371832
371833
371834
371835
371836
371837
371838
371839
37184
371841
371842
371843
371844
371845
371846
371848
371849
37185
371850
371851
371852
371853
371854
371855
371856
371857
371858
371859
371860
371861
371862
371863
371865
371866
371867
371869
37187
371870
371871
371872
371873
371874
371875
371876
371877
371878
371879
371880
371881
371882
371883
371884
371885
371886
371887
371888
37189
371891
371892
371893
371894
371895
371897
371898
371899
37190
371900
371901
371902
371903
371904
371905
371906
371907
371908
371909
37191
371910
371911
371913
371914
371915
371916
371917
371918
371919
371920
371921
371922
371923
371924
371925
371926
371927
371928
371929
37193
371930
371931
371932
371933
371934
371935
371937
37194
371940
371941
371942
371943
371944
371945
371946
371947
371948
371949
37195
371951
371952
371953
371954
371955
371956
371957
371958
371959
37196
371960
371961
371962
371963
371964
371965
371966
371967
371969
37197
371970
371971
371972
371974
371976
371977
371978
371979
37198
371980
371982
371983
371984
371985
371986
371987
371988
371989
37199
371990
371991
371992
371993
371994
371995
371996
371997
371998
371999
37200
372000
372001
372002
372003
372004
372006
372007
372008
372009
37201
372010
372011
372012
372013
372014
372015
372016
372017
372018
372019
37202
372020
372021
372022
372024
372025
372026
372027
372028
372029
37203
372031
372032
372034
372035
372036
372037
372038
372039
37204
372040
372041
372042
372043
372045
372046
372047
372048
372049
37205
372050
372051
372052
372054
372055
372056
372057
372058
37206
372060
372061
372062
372063
372064
372065
372066
372067
372068
37207
372071
372072
372073
372074
372075
372076
372077
372078
372079
37208
372080
372081
372082
372083
372086
372087
372088
372089
37209
372090
372091
372092
372093
372094
372095
372096
372097
37210
372100
372101
372102
372103
372104
372105
372107
372108
372109
37211
372110
372112
372113
372114
372115
372116
372117
372118
372119
372120
372121
372122
372123
372124
372125
372126
372128
372129
37213
372130
372131
372132
372133
372134
372135
372137
372138
372139
37214
372140
372141
372142
372143
372144
372145
372146
372147
372148
372149
37215
372150
372151
372152
372153
372154
372155
372156
372157
372158
372159
37216
372160
372161
372162
372163
372164
372165
372166
372167
372168
372169
372171
372172
372173
372174
372175
372176
372177
372178
372179
37218
372180
372181
372182
372183
372184
372185
372186
372187
372188
372189
37219
372190
372191
372192
372193
372194
372195
372196
372198
372199
37220
372200
372201
372202
372203
372204
372205
372207
372208
372209
37221
372210
372211
372212
372213
372214
372215
372216
372217
372218
372219
37222
372221
372223
372224
372225
372226
372227
372228
372229
37223
372230
372231
372232
372233
372234
372235
372236
372239
37224
372240
372241
372242
372244
372245
372246
372247
372249
37225
372251
372252
372253
372256
372257
372258
372259
372261
372262
372263
372264
372265
372266
372268
372269
37227
372270
372271
372272
372273
372274
372275
372277
372278
37228
372282
372283
372284
372285
372286
372288
37229
372290
372291
372292
372293
372294
372295
372296
372297
372298
372299
37230
372300
372302
372303
372306
372307
372308
372309
37231
372310
372311
372312
372313
372314
372315
372316
372317
372318
37232
372320
372321
372322
372324
372325
372326
372327
372329
37233
372330
372331
372332
372333
372335
372336
372337
372338
372339
37234
372340
372341
372342
372343
372344
372345
372346
372347
372348
37235
372350
372351
372352
372353
372354
372355
372356
372357
372358
372359
372360
372361
372362
372363
372364
372365
372366
372367
372368
372369
37237
372370
372371
372372
372373
372374
372375
372376
372377
37238
372380
372383
372384
372385
372386
372387
372388
372389
37239
372390
372391
372393
372394
372395
372396
372397
372398
372399
372400
372401
372402
372403
372404
372405
372407
372408
372409
37241
372410
372411
372412
372413
372415
372416
372418
372419
372420
372421
372422
372423
372424
372425
372426
372428
372429
372430
372431
372432
372433
372435
372436
372437
