445163
445164
445165
445166
445167
445168
445169
445170
445171
445172
445173
445174
445175
445176
445177
445178
445179
445180
445181
445182
445183
445184
445185
445186
445187
445188
445189
445190
445191
445192
445193
445194
445195
445196
445197
445198
445199
445200
445201
445203
445204
445205
445206
445207
445208
445209
445210
445211
445212
445213
445214
445215
445216
445217
445219
445220
445221
445222
445223
445224
445225
445226
445227
445228
445230
445231
445232
445233
445234
445235
445236
445237
445238
445239
445240
445241
445243
445244
445245
445246
445247
445248
445249
445250
445251
445252
445253
445254
445255
445256
445257
445258
445259
445260
445262
445263
445264
445265
445266
445267
445268
445269
445270
445271
445272
445273
445274
445275
445276
445277
445278
445279
445280
445281
445282
445283
445284
445285
445286
445287
445288
445289
445290
445291
445292
445293
445294
445295
445296
445298
445299
445300
445301
445302
445303
445304
445305
445306
445307
445308
445309
445310
445311
445312
445313
445314
445315
445316
445317
445319
445320
445322
445323
445324
445325
445326
445329
445330
445331
445333
445334
445335
445336
445337
445338
445339
445340
445341
445342
445343
445344
445345
445346
445347
445348
445349
445350
445351
445352
445353
445354
445356
445357
445358
445359
445360
445361
445362
445364
445366
445367
445368
445369
445370
445372
445373
445374
445375
445376
445377
445378
445379
445380
445381
445382
445383
445384
445385
445386
445387
445388
445389
445390
445391
445392
445393
445395
445396
445397
445398
445399
445400
445401
445402
445403
445404
445406
445407
445408
445409
445410
445411
445412
445413
445414
445415
445416
445417
445419
445420
445421
445422
445423
445425
445426
445427
445428
445429
445430
445431
445432
445433
445434
445435
445436
445437
445438
445439
445440
445441
445442
445443
445444
445445
445446
445447
445449
445450
445451
445452
445453
445454
445455
445456
445457
445458
445459
445460
445461
445463
445464
445465
445466
445467
445468
445470
445471
445473
445474
445475
445476
445477
445478
445479
445480
445481
445482
445483
445484
445485
445486
445487
445488
445489
445490
445491
445492
445493
445494
445495
445496
445497
445498
445499
445500
445501
445502
445503
445504
445505
445506
445507
445508
445509
445510
445511
445512
445513
445514
445516
445517
445518
445519
445520
445521
445522
445523
445525
445526
445527
445528
445529
445530
445531
445532
445533
445534
445535
445536
445537
445538
445539
445540
445541
445542
445543
445544
445546
445547
445548
445552
445553
445554
445556
445557
445558
445559
445560
445561
445563
445564
445565
445566
445567
445568
445569
445570
445571
445572
445573
445574
445578
445579
445580
445581
445582
445583
445584
445585
445586
445587
445588
445589
445590
445591
445592
445593
445594
445595
445596
445597
445598
445599
445600
445601
445602
445603
445604
445605
445606
445607
445608
445609
445611
445612
445613
445614
445615
445616
445617
445618
445619
445620
445621
445622
445623
445624
445625
445626
445628
445629
445630
445631
445632
445633
445634
445635
445636
445637
445638
445639
445640
445641
445642
445643
445644
445645
445646
445647
445648
445649
445650
445651
445652
445653
445654
445655
445656
445657
445658
445659
445660
445661
445662
445664
445665
445666
445667
445668
445669
445670
445671
445672
445673
445674
445675
445676
445678
445679
445680
445681
445682
445683
445684
445685
445686
445687
445688
445689
445691
445692
445693
445694
445696
445697
445698
445699
445700
445701
445702
445703
445704
445705
445706
445707
445708
445709
445710
445712
445714
445715
445716
445717
445718
445719
445720
445721
445722
445723
445726
445727
445728
445729
445730
445731
445732
445733
445734
445735
445736
445737
445738
445740
445741
445742
445743
445744
445745
445746
445747
445748
445749
445750
445751
445752
445753
445754
445755
445756
445757
445758
445759
445760
445761
445762
445763
445764
445765
445766
445767
445768
445769
445770
445771
445772
445773
445774
445775
445776
445777
445778
445779
445780
445781
445782
445783
445784
445785
445786
445787
445788
445789
445790
445791
445792
445793
445794
445795
445796
445797
445798
445799
445800
445801
445802
445803
445804
445805
445806
445807
445809
445810
445811
445813
445814
445815
445816
445817
445818
445819
445820
445821
445822
445823
445825
445826
445827
445828
445829
445830
445831
445832
445833
445834
445836
445837
445838
445839
445840
445841
445842
445843
445844
445845
445848
445849
445850
445851
445852
445853
445854
445855
445856
445857
445858
445859
445860
445861
445862
445863
445864
445865
445866
445867
445868
445869
445871
445872
445874
445875
445876
445878
445879
445881
445882
445883
445884
445885
445886
445887
445888
445889
445890
445891
445892
445893
445894
445895
445896
445897
445898
445899
445900
445901
445902
445903
445904
445905
445906
445907
445908
445909
445910
445911
445912
445913
445914
445915
445917
445918
445919
445920
445921
445922
445923
445924
445925
445926
445927
445928
445929
445930
445931
445932
445934
445936
445937
445938
445939
445940
445941
445942
445943
445944
445945
445946
445947
445949
445950
445951
445952
445953
445954
445955
445956
445957
445958
445959
445960
445961
445962
445963
445965
445966
445967
445968
445969
445970
445971
445972
445973
445974
445975
445976
445977
445978
445980
445981
445982
445983
445984
445985
445986
445987
445988
445989
445990
445991
445992
445993
445994
445995
445996
445997
445998
445999
446000
446001
446002
446003
446004
446005
446006
446007
446008
446009
446010
446011
446012
446013
446014
446016
446017
446018
446020
446021
446022
446023
446024
446025
446026
446027
446028
446029
446030
446032
446033
446034
446035
446036
446037
446038
446039
446040
446042
446043
446044
446045
446046
446047
446048
446049
446050
446051
446052
446053
446055
446056
446057
446058
446059
446060
446061
446062
446064
446065
446066
446067
446068
446069
446070
446072
446073
446074
446075
446076
446078
446080
446081
446082
446083
446084
446086
446087
446088
446089
446090
446091
446092
446093
446094
446095
446096
446097
446098
446099
446100
446101
446102
446103
446104
446105
446106
446107
446108
446109
446110
446111
446112
446113
446114
446115
446117
446118
446119
446120
446121
446122
446123
446124
446125
446126
446127
446128
446129
446130
446131
446132
446133
446134
446135
446136
446137
446138
446139
446140
446141
446142
446145
446146
446147
446148
446149
446150
446151
446152
446154
446155
446156
446157
446158
446159
446161
446162
446164
446165
446166
446167
446168
446169
446170
446171
446172
446173
446174
446176
446178
446179
446180
446181
446182
446183
446184
446185
446186
446187
446188
446189
446190
446191
446192
446193
446194
446195
446196
446197
446198
446199
446200
446201
446202
446203
446204
446206
446207
446208
446209
446210
446211
446212
446213
446214
446215
446216
446217
446219
446220
446221
446222
446223
446224
446225
446226
446227
446228
446229
446230
446231
446232
446233
446234
446235
446236
446237
446238
446239
446240
446241
446242
446244
446246
446247
446248
446249
446250
446251
446252
446253
446254
446255
446257
446258
446259
446260
446261
446262
446263
446264
446265
446266
446267
446268
446269
446270
446272
446273
446274
446275
446276
446277
446278
446279
446280
446281
446282
446283
446284
446288
446289
446290
446291
446292
446293
446294
446295
446296
446297
446298
446299
446300
446301
446302
446303
446304
446305
446306
446307
446308
446309
446311
446312
446313
446314
446316
446317
446318
446319
446320
446321
446322
446323
446324
446326
446329
446330
446331
446332
446333
446334
446335
446336
446337
446338
446339
446340
446341
446342
446343
446344
446345
446346
446347
446348
446349
446350
446351
446352
446353
446354
446355
446356
446357
446358
446359
446360
446361
446362
446363
446364
446365
446366
446367
446368
446369
446370
446371
446372
446373
446374
446375
446376
446377
446378
446379
446380
446381
446382
446383
446384
446385
446386
446387
446388
446389
446390
446391
446392
446393
446394
446395
446396
446397
446398
446399
446400
446401
446402
446403
446404
446405
446406
446407
446408
446409
446410
446411
446412
446413
446414
446415
446416
446417
446419
446420
446422
446423
446424
446426
446428
446429
446430
446431
446432
446433
446434
446435
446436
446437
446438
446439
446440
446441
446442
446443
446444
446445
446446
446447
446448
446449
446450
446451
446452
446453
446454
446455
446458
446459
446460
446461
446462
446463
446464
446465
446466
446467
446468
446470
446471
446472
446473
446475
446476
446477
446478
446479
446480
446481
446482
446483
446484
446485
446486
446487
446488
446489
446490
446491
446492
446493
446494
446496
446497
446498
446499
446500
446501
446502
446503
446504
446505
446506
446507
446508
446509
446510
446511
446512
446513
446514
446515
446516
446517
446518
446520
446521
446522
446523
446524
446526
446528
446529
446531
446532
446533
446534
446535
446536
446537
446538
446539
446540
446541
446542
446543
446544
446545
446546
446547
446548
446550
446551
446552
446553
446554
446556
446557
446558
446559
446560
446562
446563
446565
446566
446567
446568
446569
446570
446571
446572
446573
446574
446575
446576
446577
446578
446579
446580
446581
446582
446583
446584
446585
446586
446588
446589
446590
446591
446593
446594
446595
446596
446597
446598
446599
446600
446601
446602
446603
446604
446605
446606
446608
446609
446610
446611
446612
446613
446614
446615
446616
446617
446618
446619
446621
446622
446623
446624
446625
446626
446627
446628
446629
446630
446631
446632
446633
446634
446635
446636
446637
446638
446639
446640
446641
446643
446644
446645
446646
446647
446648
446649
446650
446651
446652
446653
446654
446655
446656
446657
446658
446659
446660
446661
446662
446663
446664
446665
446666
446667
446668
446669
446671
446672
446673
446674
446675
446676
446677
446678
446679
446681
446683
446685
446686
446687
446688
446689
446690
446691
446692
446693
446694
446695
446696
446697
446699
446700
446701
446702
446703
446704
446706
446707
446708
446710
446711
446712
446713
446714
446715
446716
446717
446718
446719
446720
446721
446722
446723
446724
446725
446726
446727
446728
446729
446730
446731
446733
446734
446737
446740
446741
446742
446743
446744
446745
446746
446747
446748
446749
446750
446751
446752
446754
446755
446756
446757
446758
446759
446760
446761
446762
446763
446764
446765
446766
446768
446769
446770
446771
446772
446773
446774
446775
446776
446777
446778
446779
446780
446781
446783
446784
446785
446786
446787
446788
446789
446790
446791
446794
446796
446797
446798
446799
446800
446801
446802
446803
446804
446807
446808
446809
446810
446812
446813
446814
446815
446816
446817
446818
446819
446820
446822
446823
446824
446825
446826
446827
446828
446829
446830
446831
446833
446834
446835
446836
446837
446838
446839
446840
446841
446842
446843
446845
446846
446847
446850
446852
446853
446854
446855
446857
446858
446859
446861
446862
446863
446864
446865
446866
446867
446869
446870
446871
446872
446873
446874
446875
446877
446878
446879
446880
446882
446883
446884
446885
446886
446887
446888
446889
446890
446891
446892
446893
446894
446895
446896
446897
446898
446899
446900
446901
446902
446903
446904
446905
446906
446907
446909
446910
446911
446912
446914
446915
446916
446917
446918
446920
446922
446923
446924
446926
446927
446928
446929
446930
446931
446932
446933
446934
446935
446936
446937
446938
446939
446940
446942
446943
446945
446946
446947
446948
446949
446950
446951
446952
446953
446954
446955
446956
446957
446958
446959
446960
446961
446962
446963
446964
446965
446966
446967
446968
446969
446970
446971
446972
446973
446974
446975
446976
446977
446978
446979
446980
446981
446982
446983
446984
446985
446986
446987
446988
446989
446990
446991
446992
446993
446994
446995
446996
446997
446998
446999
447000
447001
447002
447003
447005
447006
447007
447008
447009
447010
447011
447012
447013
447014
447015
447016
447017
447018
447020
447021
447022
447023
447024
447025
447026
447027
447028
447029
447030
447031
447032
447033
447034
447035
447036
447038
447039
447040
447041
447042
447043
447044
447045
447046
447047
447048
447049
447050
447051
447052
447053
447054
447055
447056
447057
447058
447059
447060
447061
447062
447063
447065
447066
447067
447068
447069
447070
447071
447072
447073
447074
447075
447076
447077
447078
447079
447080
447081
447082
447083
447084
447086
447087
447090
447091
447092
447093
447095
447097
447098
447099
447100
447101
447102
447103
447104
447106
447108
447109
447110
447111
447112
447113
447114
447115
447116
447117
447118
447119
447120
447121
447122
447123
447124
447126
447127
447128
447129
447130
447133
447136
447137
447138
447140
447141
447142
447143
447144
447145
447146
447147
447148
447149
447150
447151
447153
447157
447158
447159
447161
447162
447163
447165
447167
447168
447169
447170
447171
447172
447173
447174
447175
447176
447177
447178
447180
447181
447182
447184
447185
447186
447187
447188
447189
447190
447191
447193
447194
447196
447198
447199
447200
447201
447202
447203
447204
447205
447206
447207
447208
447209
447210
447211
447212
447213
447214
447215
447216
447217
447218
447220
447221
447222
447223
447224
447225
447226
447227
447228
447229
447230
447231
447232
447233
447234
447235
447236
447237
447239
447240
447241
447242
447243
447244
447249
447250
447251
447252
447255
447256
447257
447258
447259
447260
447261
447262
447263
447264
447265
447266
447267
447268
447270
447271
447272
447273
447274
447275
447276
447277
447278
447279
447280
447281
447283
447284
447285
447286
447287
447288
447289
447290
447291
447292
447294
447295
447296
447297
447298
447299
447301
447302
447303
447304
447305
447306
447307
447308
447310
447311
447312
447313
447314
447315
447316
447317
447318
447319
447320
447321
447322
447323
447324
447326
447327
447328
447330
447331
447332
447334
447335
447336
447337
447338
447339
447340
447341
447342
447343
447344
447345
447346
447347
447348
447349
447350
447351
447352
447353
447354
447356
447357
447358
447359
447360
447361
447362
447363
447364
447365
447366
447367
447368
447369
447370
447371
447372
447374
447375
447376
447377
447378
447379
447380
447382
447383
447384
447385
447386
447387
447388
447389
447391
447392
447393
447394
447395
447396
447397
447398
447399
447400
447401
447402
447403
447404
447405
447406
447408
447409
447410
447411
447412
447413
447414
447416
447417
447418
447419
447420
447421
447422
447423
447424
447425
447426
447427
447428
447429
447430
447431
447432
447433
447434
447435
447436
447437
447438
447439
447440
447441
447442
447443
447444
447445
447446
447447
447448
447449
447450
447451
447453
447454
447455
447456
447457
447458
447459
447460
447461
447462
447463
447464
447465
447466
447467
447468
447469
447470
447471
447472
447475
447476
447477
447478
447479
447480
447481
447482
447483
447484
447485
447486
447487
447488
447489
447490
447491
447492
447493
447494
447495
447496
447497
447498
447500
447501
447502
447503
447504
447505
447506
447507
447509
447510
447511
447512
447514
447516
447517
447518
447519
447520
447521
447522
447523
447524
447525
447526
447527
447528
447529
447530
447531
447532
447533
447534
447535
447536
447537
447538
447539
447540
447541
447542
447543
447544
447546
447547
447548
447549
447550
447551
447552
447553
447554
447555
447556
447557
447558
447559
447561
447562
447563
447564
447565
447566
447567
447568
447569
447570
447571
447572
447573
447575
447576
447577
447578
447579
447580
447581
447582
447583
447584
447585
447586
447587
447588
447589
447590
447593
447594
447595
447596
447597
447598
447599
447600
447601
447602
447603
447604
447605
447606
447607
447609
447610
447611
447612
447613
447614
447615
447616
447617
447618
447619
447620
447621
447623
447624
447625
447626
447627
447628
447629
447630
447631
447632
447633
447634
447637
447640
447641
447642
447643
447644
447645
447646
447647
447648
447649
447650
447651
447652
447653
447654
447655
447656
447658
447660
447661
447662
447663
447664
447665
447666
447667
447668
447669
447670
447671
447672
447673
447674
447675
447676
447677
447678
447679
447680
447681
447682
447683
447685
447686
447687
447688
447689
447690
447691
447692
447693
447694
447695
447696
447697
447698
447699
447700
447701
447702
447703
447704
447705
447706
447707
447708
447709
447710
447711
447712
447713
447715
447716
447717
447719
447720
447721
447722
447723
447724
447726
447727
447729
447730
447731
447733
447734
447735
447736
447737
447738
447739
447740
447741
447742
447743
447744
447745
447746
447747
447748
447749
447750
447751
447752
447753
447754
447755
447756
447757
447758
447759
447760
447761
447762
447763
447764
447766
447767
447768
447769
447770
447771
447772
447773
447774
447775
447776
447777
447778
447779
447780
447781
447782
447783
447784
447785
447786
447787
447788
447789
447790
447791
447792
447793
447794
447795
447796
447797
447798
447799
447800
447801
447802
447803
447804
447805
447806
447807
447808
447809
447810
447811
447812
447813
447814
447815
447816
447817
447818
447819
447820
447821
447822
447824
447825
447827
447828
447829
447830
447831
447832
447833
447834
447835
447837
447838
447839
447840
447841
447842
447843
447844
447847
447848
447849
447850
447851
447852
447853
447854
447855
447856
447857
447858
447859
447860
447861
447862
447863
447864
447865
447866
447867
447868
447869
447870
447871
447872
447873
447874
447875
447876
447877
447878
447879
447880
447881
447882
447884
447885
447886
447887
447888
447890
447891
447892
447893
447894
447895
447896
447897
447898
447900
447901
447902
447903
447904
447905
447906
447907
447908
447909
447911
447912
447913
447914
447915
447916
447917
447918
447919
447920
447921
447922
447924
447925
447926
447927
447928
447929
447932
447933
447934
447935
447936
447937
447938
447939
447940
447941
447942
447943
447944
447945
447946
447947
447948
447949
447950
447951
447952
447953
447954
447955
447956
447957
447958
447959
447960
447961
447963
447964
447965
447966
447967
447968
447969
447971
447972
447973
447974
447975
447976
447977
447978
447979
447980
447981
447982
447983
447984
447985
447986
447987
447988
447990
447991
447994
447995
447996
447997
447998
447999
448000
448001
448002
448003
448004
448005
448006
448007
448009
448010
448011
448012
448013
448014
448015
448016
448017
448018
448019
448020
448021
448023
448024
448025
448026
448027
448028
448029
448030
448033
448034
448035
448036
448037
448038
448039
448040
448041
448042
448043
448044
448045
448046
448047
448048
448049
448050
448051
448052
448053
448054
448055
448056
448057
448058
448059
448060
448061
448062
448063
448065
448066
448067
448068
448069
448070
448071
448072
448073
448074
448075
448076
448077
448078
448079
448080
448081
448082
448083
448084
448085
448086
448087
448088
448089
448090
448091
448093
448094
448095
448096
448097
448098
448099
448100
448101
448102
448103
448104
448105
448106
448108
448109
448110
448112
448114
448115
448116
448117
448118
448119
448120
448121
448122
448123
448124
448125
448126
448127
448128
448129
448130
448131
448132
448134
448136
448137
448138
448139
448140
448141
448142
448143
448144
448145
448146
448147
448148
448149
448151
448152
448153
448154
448155
448156
448157
448158
448159
448160
448161
448162
448163
448164
448165
448166
448167
448168
448169
448171
448172
448173
448174
448175
448176
448177
448178
448179
448180
448183
448184
448187
448188
448189
448190
448191
448192
448193
448194
448195
448196
448197
448198
448199
448200
448201
448202
448203
448204
448205
448206
448207
448210
448211
448212
448213
448214
448215
448216
448218
448219
448220
448221
448222
448223
448224
448226
448227
448228
448229
448230
448231
448232
448233
448234
448235
448236
448237
448238
448240
448241
448242
448243
448244
448245
448246
448247
448248
448249
448251
448252
448253
448254
448255
448256
448257
448258
448260
448262
448263
448264
448265
448267
448268
448269
448270
448271
448272
448273
448274
448275
448276
448277
448281
448282
448284
448285
448286
448287
448288
448289
448290
448291
448292
448293
448294
448295
448296
448297
448298
448299
448300
448301
448302
448303
448304
448305
448306
448307
448308
448309
448310
448311
448312
448313
448314
448316
448317
448318
448319
448320
448321
448322
448323
448324
448325
448327
448328
448329
448330
448331
448332
448333
448334
448335
448336
448337
448338
448339
448340
448341
448342
448343
448345
448346
448347
448348
448349
448350
448351
448352
448353
448354
448355
448356
448357
448358
448359
448360
448361
448362
448363
448364
448365
448366
448367
448368
448370
448371
448372
448373
448375
448376
448377
448378
448379
448380
448381
448382
448383
448384
448385
448386
448387
448388
448389
448390
448391
448392
448393
448394
448395
448396
448397
448398
448399
448400
448401
448402
448403
448404
448405
448406
448407
448408
448409
448410
448412
448413
448414
448415
448416
448417
448418
448419
448420
448421
448422
448423
448424
448425
448427
448428
448430
448431
448432
448433
448434
448435
448436
448437
448438
448439
448440
448441
448442
448443
448444
448445
448446
448447
448448
448449
448450
448451
448452
448453
448454
448455
448456
448457
448458
448459
448460
448461
448462
448464
448465
448466
448467
448469
448470
448471
448472
448473
448474
448475
448476
448477
448478
448479
448480
448481
448482
448483
448484
448485
448486
448487
448488
448489
448490
448491
448492
448493
448494
448495
448496
448497
448498
448500
448501
448502
448503
448504
448505
448506
448507
448508
448509
448510
448511
448512
448513
448514
448515
448516
448517
448518
448519
448520
448522
448523
448524
448525
448527
448528
448530
448531
448532
448533
448535
448536
448537
448538
448539
448540
448541
448542
448543
448544
448545
448546
448547
448548
448549
448550
448551
448552
448553
448554
448555
448556
448557
448559
448560
448561
448562
448563
448564
448565
448566
448567
448568
448569
448570
448571
448572
448573
448574
448575
448576
448577
448578
448579
448580
448581
448582
448583
448584
448585
448587
448588
448589
448590
448591
448592
448593
448595
448596
448597
448598
448599
448600
448601
448602
448603
448604
448605
448606
448607
448608
448609
448610
448611
448612
448613
448614
448615
448616
448617
448618
448619
448620
448621
448622
448623
448624
448625
448626
448627
448629
448630
448631
448632
448634
448635
448636
448637
448638
448639
448640
448641
448642
448643
448644
448645
448646
448647
448648
448649
448650
448651
448653
448654
448655
448656
448657
448658
448659
448660
448661
448662
448663
448664
448665
448666
448667
448669
448670
448671
448673
448674
448675
448677
448678
448679
448680
448681
448682
448683
448684
448685
448686
448687
448688
448689
448690
448691
448692
448693
448694
448695
448696
448697
448698
448699
448700
448701
448702
448703
448704
448705
448706
448707
448708
448709
448711
448712
448713
448714
448715
448717
448718
448719
448720
448722
448723
448724
448725
448726
448727
448728
448729
448730
448732
448733
448734
448736
448738
448739
448740
448741
448742
448743
448744
448745
448746
448747
448748
448749
448750
448751
448752
448753
448754
448755
448756
448757
448760
448761
448762
448763
448764
448765
448766
448767
448768
448769
448770
448772
448773
448775
448776
448777
448778
448779
448782
448783
448784
448785
448786
448787
448788
448789
448790
448791
448792
448793
448794
448795
448796
448797
448798
448799
448801
448802
448804
448805
448806
448808
448809
448810
448811
448812
448813
448814
448816
448817
448818
448819
448820
448821
448822
448823
448824
448825
448826
448827
448828
448829
448831
448832
448833
448834
448838
448839
448840
448841
448842
448843
448845
448846
448847
448848
448849
448850
448851
448852
448853
448854
448856
448857
448858
448859
448860
448861
448862
448863
448864
448865
448866
448867
448868
448869
448870
448871
448872
448873
448874
448875
448876
448877
448878
448879
448880
448881
448883
448884
448885
448886
448887
448888
448889
448890
448891
448892
448894
448895
448896
448897
448899
448900
448902
448903
448906
448907
448908
448909
448910
448911
448912
448914
448915
448916
448917
448918
448919
448920
448921
448922
448923
448924
448925
448926
448927
448929
448930
448931
448932
448933
448935
448936
448937
448938
448939
448940
448941
448944
448945
448946
448947
448948
448949
448950
448951
448952
448953
448954
448956
448957
448959
448960
448961
448963
448964
448965
448966
448967
448968
448969
448970
448971
448972
448974
448976
448977
448978
448979
448980
448981
448982
448983
448984
448985
448986
448987
448988
448989
448990
448991
448992
448993
448994
448997
448998
448999
449000
449001
449002
449003
449004
449005
449006
449007
449008
449009
449010
449011
449012
449013
449014
449015
449016
449017
449018
449019
449020
449021
449023
449024
449025
449026
449027
449028
449029
449030
449031
449032
449033
449035
449036
449038
449039
449040
449041
449042
449044
449045
449046
449047
449048
449049
449050
449051
449052
449053
449054
449055
449056
449057
449058
449059
449060
449061
449062
449063
449064
449065
449066
449067
449068
449069
449070
449072
449073
449074
449075
449076
449077
449078
449079
449080
449081
449082
449083
449084
449085
449086
449087
449088
449089
449090
449091
449094
449095
449096
449097
449099
449100
449101
449102
449103
449104
449105
449106
449107
449108
449109
449110
449111
449112
449113
449114
449117
449118
449119
449120
449122
449123
449124
449125
449127
449128
449129
449131
449132
449133
449135
449136
449137
449138
449139
449140
449141
449142
449143
449144
449145
449146
449147
449148
449149
449150
449151
449152
449154
449155
449156
449157
449158
449159
449160
449161
449163
449164
449165
449167
449168
449169
449170
449171
449172
449175
449176
449177
449178
449179
449180
449181
449182
449183
449184
449185
449186
449187
449189
449190
449194
449195
449196
449197
449198
449200
449201
449202
449203
449204
449205
449206
449207
449208
449209
449210
449211
449212
449213
449214
449215
449216
449217
449218
449220
449221
449222
449223
449224
449225
449226
449227
449231
449233
449235
449237
449238
449239
449240
449241
449242
449243
449244
449245
449246
449247
449248
449250
449252
449253
449254
449255
449256
449258
449259
449260
449261
449262
449263
449266
449267
449268
449270
449271
449272
449273
449274
449276
449277
449278
449279
449280
449281
449282
449283
449284
449285
449286
449287
449288
449289
449290
449291
449292
449293
449294
449295
449296
449297
449298
449299
449300
449301
449302
449303
449304
449305
449306
449307
449308
449309
449310
449311
449313
449314
449315
449316
449318
449319
449320
449321
449322
449323
449324
449325
449326
449327
449329
449330
449331
449332
449333
449334
449335
449336
449337
449338
449339
449341
449342
449343
449344
449345
449346
449347
449348
449349
449350
449352
449354
449355
449356
449357
449358
449359
449360
449361
449362
449363
449364
449365
449366
449367
449368
449369
449370
449371
449372
449373
449374
449375
449376
449377
449378
449379
449380
449381
449382
449383
449384
449385
449386
449387
449388
449389
449391
449392
449393
449394
449395
449396
449397
449398
449399
449401
449402
449403
449404
449405
449406
449407
449409
449411
449412
449413
449414
449415
449416
449417
449418
449419
449420
449421
449422
449423
449424
449425
449427
449428
449429
449430
449431
449432
449433
449434
449435
449436
449437
449438
449439
449440
449441
449442
449443
449444
449445
449446
449447
449448
449449
449450
449451
449452
449453
449454
449455
449456
449457
449458
449459
449461
449463
449464
449465
449466
449467
449468
449469
449470
449471
449472
449473
449474
449475
449476
449477
449478
449479
449480
449481
449482
449483
449485
449486
449487
449488
449489
449490
449491
449493
449494
449495
449496
449497
449499
449500
449501
449502
449503
449504
449505
449506
449507
449508
449509
449510
449511
449512
449513
449514
449515
449516
449517
449518
449519
449520
449521
449522
449523
449524
449525
449526
449528
449529
449531
449532
449533
449534
449535
449536
449537
449538
449539
449540
449541
449542
449543
449544
449545
449546
449547
449548
449549
449550
449551
449552
449553
449554
449555
449556
449557
449558
449559
449560
449561
449562
449563
449564
449565
449566
449567
449568
449569
449570
449572
449573
449574
449575
449576
449577
449578
449579
449580
449581
449582
449583
449584
449585
449586
449587
449590
449591
449592
449593
449594
449595
449596
449597
449598
449599
449600
449601
449602
449603
449604
449605
449606
449607
449609
449610
449611
449612
449613
449614
449615
449616
449617
449618
449619
449620
449621
449622
449624
449625
449626
449627
449628
449629
449630
449631
449632
449633
449634
449635
449636
449637
449638
449639
449640
449641
449642
449643
449644
449646
449647
449648
449649
449650
449651
449652
449653
449654
449655
449656
449657
449658
449659
449660
449662
449663
449664
449665
449666
449667
449668
449669
449670
449671
449672
449673
449674
449675
449676
449677
449678
449679
449680
449681
449682
449683
449684
449685
449686
449687
449689
449690
449691
449692
449693
449694
449695
449696
449698
449699
449700
449702
449703
449704
449706
449707
449708
449709
449711
449712
449714
449715
449718
449719
449720
449722
449723
449724
449726
449727
449728
449730
449731
449732
449733
449734
449735
449736
449737
449739
449740
449741
449742
449743
449744
449745
449746
449747
449748
449749
449750
449751
449752
449753
449754
449755
449756
449757
449758
449759
449760
449761
449763
449765
449767
449768
449769
449770
449771
449772
449774
449775
449776
449777
449778
449779
449780
449782
449783
449784
449785
449786
449787
449788
449789
449790
449791
449792
449793
449794
449795
449796
449797
449798
449799
449800
449801
449802
449803
449804
449805
449806
449809
449810
449811
449812
449813
449814
449815
449816
449817
449818
449820
449821
449822
449823
449824
449825
449826
449827
449828
449829
449830
449832
449833
449834
449835
449836
449837
449838
449839
449840
449841
449842
449843
449844
449845
449846
449847
449848
449849
449850
449851
449852
449853
449854
449855
449856
449857
449858
449859
449860
449863
449864
449865
449866
449867
449868
449869
449871
449875
449876
449877
449878
449880
449881
449882
449883
449884
449885
449887
449888
449889
449890
449891
449892
449895
449896
449897
449899
449900
449903
449906
449908
449909
449911
449912
449913
449914
449915
449916
449917
449918
449919
449921
449923
449924
449925
449926
449927
449928
449929
449930
449931
449932
449933
449934
449935
449936
449940
449941
449942
449943
449944
449945
449946
449947
449948
449949
449950
449951
449952
449953
449954
449955
449956
449957
449958
449959
449960
449961
449962
449963
449964
449965
449966
449967
449968
449969
449970
449972
449973
449974
449975
449977
449978
449979
449980
449981
449983
449984
449985
449986
449987
449990
449991
449992
449993
449994
449995
449996
449997
449998
449999
450000
450001
450002
450003
450004
450005
450007
450008
450009
450010
450012
450014
450015
450016
450017
450018
450020
450021
450022
450023
450024
450026
450027
450028
450029
450031
450033
450034
450035
450036
450037
450038
450039
450040
450041
450042
450043
450045
450046
450047
450048
450049
450050
450051
450052
450053
450054
450055
450056
450059
450063
450064
450065
450066
450067
450068
450069
450070
450071
450072
450073
450074
450075
450077
450078
450082
450085
450087
450088
450089
450093
450094
450095
450096
450097
450098
450100
450102
450103
450104
450105
450106
450108
450112
450113
450114
450117
450118
450119
450120
450121
450122
450123
450124
450125
450126
450127
450128
450129
450130
450131
450132
450133
450134
450135
450136
450137
450138
450139
450140
450141
450142
450143
450144
450145
450146
450147
450148
450149
450150
450151
450152
450153
450154
450155
450157
450159
450160
450161
450162
450163
450164
450165
450166
450167
450168
450169
450170
450172
450173
450174
450175
450176
450177
450178
450179
450180
450181
450182
450183
450185
450186
450187
450188
450189
450190
450191
450192
450193
450194
450195
450196
450197
450198
450200
450202
450204
450205
450206
450208
450209
450210
450212
450213
450214
450215
450216
450217
450218
450219
450220
450221
450224
450225
450226
450227
450228
450229
450230
450231
450232
450233
450234
450236
450237
450238
450243
450245
450246
450247
450248
450252
450253
450254
450255
450256
450257
450258
450259
450262
450263
450265
450266
450267
450268
450269
450270
450271
450272
450273
450274
450275
450276
450277
450278
450279
450280
450281
450282
450284
450285
450287
450288
450290
450291
450292
450293
450294
450295
450296
450297
450298
450299
450300
450301
450302
450303
450304
450305
450307
450308
450309
450310
450311
450312
450313
450314
450315
450316
450317
450318
450319
450320
450321
450322
450323
450324
450325
450326
450327
450328
450330
450331
450332
450333
450334
450335
450336
450337
450338
450339
450340
450341
450342
450343
450344
450346
450347
450348
450349
450351
450352
450355
450356
450357
450358
450359
450360
450361
450362
450363
450365
450368
450369
450372
450374
450375
450377
450378
450379
450380
450381
450382
450383
450384
450386
450387
450389
450390
450392
450393
450395
450396
450397
450399
450400
450401
450402
450404
450405
450406
450408
450409
450410
450411
450412
450413
450414
450415
450416
450417
450418
450419
450420
450421
450422
450423
450424
450425
450426
450427
450428
450429
450430
450431
450432
450433
450434
450435
450436
450437
450438
450439
450440
450441
450442
450443
450444
450445
450446
450447
450448
450449
450451
450452
450453
450454
450455
450456
450457
450458
450459
450460
450461
450462
450463
450464
450465
450466
450468
450469
450470
450471
450472
450474
450475
450476
450477
450478
450480
450483
450484
450485
450486
450487
450488
450489
450490
450491
450492
450493
450494
450496
450497
450498
450499
450500
450502
450503
450504
450505
450506
450507
450508
450509
450511
450512
450513
450514
450515
450516
450517
450518
450519
450520
450521
450522
450523
450524
450525
450526
450527
450528
450529
450530
450531
450533
450534
450535
450536
450537
450540
450544
450545
450546
450547
450548
450549
450550
450551
450552
450553
450554
450555
450557
450558
450559
450560
450561
450562
450563
450564
450566
450568
450570
450571
450572
450573
450574
450575
450577
450578
450579
450580
450582
450583
450584
450585
450586
450587
450588
450590
450591
450592
450593
450594
450595
450596
450597
450598
450600
450601
450602
450603
450604
450605
450606
450607
450608
450610
450612
450613
450614
450615
450616
450617
450618
450619
450620
450621
450622
450623
450624
450626
450628
450629
450630
450633
450634
450635
450636
450637
450638
450642
450643
450644
450646
450647
450648
450650
450651
450653
450654
450655
450656
450657
450658
450659
450660
450661
450662
450663
450664
450665
450666
450667
450668
450669
450670
450671
450672
450673
450674
450675
450677
450678
450679
450680
450681
450682
450684
450685
450687
450688
450689
450690
450692
450693
450694
450695
450696
450697
450698
450699
450700
450701
450702
450703
450704
450705
450706
450707
450708
450709
450710
450711
450712
450713
450714
450715
450716
450717
450718
450719
450720
450721
450722
450723
450724
450725
450726
450727
450728
450730
450731
450732
450733
