377587
377588
377589
37759
377590
377591
377592
377593
377594
377595
377597
377598
377599
37760
377600
377602
377603
377604
377605
377606
377607
377608
377609
377611
377612
377613
377614
377615
377616
377617
377618
377619
377620
377621
377625
377626
377627
377628
377629
377630
377631
377632
377633
377634
377635
377636
377637
377638
377639
37764
377640
377641
377643
377644
377645
377646
377647
377648
37765
377651
377652
377653
377654
377655
377656
377657
377659
37766
377660
377661
377662
377663
377664
377665
377667
377668
377669
37767
377670
377671
377672
377673
377674
377675
377677
377678
377679
37768
377680
377681
377682
377683
377684
377685
377686
377688
377689
37769
377690
377691
377692
377693
377694
377695
377696
377697
377698
377699
3777
37770
377700
377701
377702
377703
377704
377705
377706
377707
377708
377709
37771
377710
377711
377712
377713
377714
377715
377716
377717
377718
377719
377720
377721
377722
377723
377724
377725
377726
377727
377728
377729
37773
377730
377731
377732
377733
377734
377735
377736
377737
377738
377739
37774
377740
377741
377742
377743
377744
377745
377746
377747
377748
377749
37775
377750
377751
377752
377753
377754
377755
377756
377757
377758
37776
377760
377761
377762
377763
377764
377765
377766
377767
377768
377769
37777
377770
377771
377772
377773
377775
377776
377777
377778
377779
377780
377781
377782
377783
377784
377785
377786
377787
377788
377789
37779
377790
377791
377792
377793
377794
377795
377796
377797
377798
377799
37780
377800
377801
377802
377803
377804
377805
377806
377807
377808
377809
37781
377811
377813
377815
377817
377818
377819
377820
377821
377822
377823
377824
377825
377826
377827
377828
377829
377830
377831
377834
377835
377836
377837
377838
377839
377840
377841
377842
377843
377844
377845
377846
377847
377848
377849
37785
377851
377852
377853
377855
377856
377857
377858
377859
37786
377860
377861
377862
377863
377864
377865
377866
377867
377868
377869
37787
377870
377871
377872
377873
377875
377876
377878
377879
37788
377880
377881
377882
377883
377884
377885
377886
377887
377888
377889
37789
377891
377892
377893
377894
377895
377896
377897
377898
377899
377900
377901
377902
377903
377904
377905
377907
377908
377909
37791
377910
377911
377912
377913
377914
377915
377917
377918
377919
37792
377920
377921
377922
377923
377924
377925
377926
377927
377928
377929
37793
377930
377931
377932
377933
377934
377935
377936
377937
377938
377939
377940
377941
377942
377943
377945
377946
377947
377949
37795
377951
377952
377953
377954
377955
377956
377957
377958
377959
37796
377960
377961
377962
377963
377964
377965
377966
377967
377968
377969
37797
377970
377971
377973
377974
377975
377976
377977
377979
37798
377980
377981
377982
377983
377985
377987
377988
377989
37799
377990
377991
377992
377993
377996
377998
377999
378
3780
37800
378001
378002
378004
378005
378007
378008
378009
37801
378010
378012
378013
378014
378015
378016
378017
378018
378020
378021
378022
378023
378024
378026
378027
378028
378029
37803
378030
378031
378033
378034
378035
378036
378037
378038
378039
37804
378040
378041
378042
378043
378044
378045
378046
378047
378048
378049
378051
378052
378053
378054
378055
378056
378057
378058
378059
37806
378060
378061
378062
378063
378064
378065
378066
378067
37807
378073
378075
378076
378077
378078
378079
378080
378081
378082
378083
378084
378085
378086
378087
378088
378089
37809
378091
378092
378093
378095
378096
378098
378099
37810
378102
378103
378104
378105
378106
378107
378108
378109
37811
378110
378111
378112
378114
378115
378116
378117
378119
37812
378120
378122
378123
378125
378127
378128
378129
37813
378130
378132
378133
378134
378135
378136
378137
378138
378139
378140
378141
378142
378143
378145
378146
378147
378149
37815
378150
378152
378153
378154
378156
378157
378158
37816
378160
378161
378162
378163
378164
378165
378166
378167
378168
37817
378170
378172
378174
378175
378176
378177
378178
378179
37818
378180
378181
378182
378183
378184
378185
378186
378188
378189
37819
378190
378191
378192
378193
378194
378195
378196
378197
378198
378199
3782
37820
378200
378201
378202
378203
378204
378205
378206
378207
378208
378209
37821
378210
378211
378212
378213
378214
378215
378216
378217
378218
378219
37822
378220
378221
378222
378223
378224
378225
378226
378227
378228
378229
37823
378230
378231
378235
378236
378237
378238
378239
37824
378240
378241
378242
378243
378244
378245
378246
378247
378250
378251
378252
378254
378255
378256
378257
378258
378259
37826
378260
378261
378262
378263
378264
378265
378266
378267
378269
37827
378270
378271
378272
378273
378274
378275
378277
378278
378279
37828
378280
378281
378282
378283
378285
378286
378287
378290
378291
378292
378293
378294
378296
378297
378298
378299
3783
378300
378301
378302
378303
378305
378306
378307
378310
378311
378312
378314
378315
378316
378317
378318
378319
37832
378320
378321
378323
378324
378325
378326
37833
378330
378331
378332
378333
378334
378335
378336
378337
378338
378339
37834
378340
378341
378348
378349
37835
378350
378352
378353
378354
378356
378357
378358
378359
37836
378360
378361
378362
378363
378365
378368
37837
378371
378373
378375
378376
378377
378378
378379
37838
378380
378381
378382
378383
378384
378385
378386
378387
378388
378389
37839
378390
378391
378392
378394
378395
378396
378397
378399
3784
37840
378400
378401
378403
378404
378405
378406
378407
378408
378409
37841
378410
378411
378412
378413
378414
378415
378416
378417
378418
378419
37842
378420
378421
378422
378423
378424
378425
378426
378429
37843
378430
378431
378435
378436
378438
378439
37844
378440
378441
378442
378443
378444
378445
378446
378447
37845
378450
378451
378454
378455
378456
378458
37846
378461
378462
378466
378467
378468
378469
37847
378470
378471
378472
378473
378474
378475
378476
378477
378479
37848
378480
378481
378482
378483
378485
378487
378488
378489
37849
378490
378491
378493
378494
378495
378497
378498
3785
37850
378500
378501
378502
378503
378504
378505
378506
378507
378508
378509
37851
378510
378511
378512
378514
378515
378516
378517
378518
378519
37852
378520
378521
378522
378524
378525
378526
378527
378528
378529
37853
378530
378531
378532
378533
378535
378536
378537
378538
378540
378541
378542
378543
378544
378545
378546
378547
37855
378551
378552
378555
378558
378559
378560
378561
378563
378564
378566
378567
378569
37857
378570
378571
378572
378573
378574
378575
378577
37858
378581
378582
378583
378584
378585
378586
378587
378589
37859
378590
378591
378593
378594
378595
378597
378598
3786
37860
378600
378601
378604
378605
378606
378607
378608
378609
37861
378611
378612
378613
378614
378615
378616
378617
378618
378619
37862
378620
378621
378624
378625
378627
378629
37863
378630
378631
378632
378633
378634
378636
378637
378638
378639
378640
378641
378642
378643
378644
378646
378647
378648
378649
37865
378650
378651
378652
378653
378654
378655
378656
378658
378659
37866
378660
378662
378663
378664
378665
378666
378667
378668
378669
37867
378670
378671
378672
378673
378674
378675
378676
378677
378678
378679
37868
378680
378682
378683
378684
378685
378686
378688
37869
378691
378692
378693
378695
378696
378697
378698
3787
37870
378700
378701
378703
378704
378706
378707
378708
378709
37871
378710
378711
378713
378715
378716
378717
378719
378720
378721
378723
378725
378726
378727
378728
378729
37873
378730
378731
378733
378735
378737
378739
37874
378740
378745
378747
37875
378750
378754
378756
378758
37876
378760
378763
378764
378765
378766
378767
378768
378769
37877
378770
378771
378772
378773
378774
378775
378776
378777
378778
37878
378780
378781
378782
378783
378785
378786
378787
378788
378789
37879
378790
378791
378792
378793
378794
378795
378796
378797
378799
37880
378800
378801
378802
378803
378804
378805
378806
378808
378809
37881
378810
378812
378813
378814
378815
378816
378817
378818
378819
37882
378820
378821
378822
378823
378824
378825
378827
378828
378829
37883
378830
378831
378832
378833
378834
378835
378836
378837
378838
378839
37884
378843
378844
378845
378846
378847
378849
37885
378850
378851
378852
378853
378854
378855
378856
378857
378858
378859
37886
378860
378861
378862
378863
378864
378865
378866
378867
378868
378869
378870
378871
378872
378873
378874
378875
378876
378877
378878
378879
37888
378880
378881
378882
378883
378884
378885
378886
378887
378888
378889
37889
378890
378891
378892
378893
378894
378895
378896
378897
378898
378899
37890
378900
378901
378902
378903
378904
378905
378906
378908
378909
37891
378910
378912
378913
378915
378916
378917
378918
378919
37892
378921
378922
378923
378924
378926
378928
37893
378930
378931
378932
378939
37894
378940
378944
378945
378946
378947
378948
378949
37895
378950
378951
378952
378953
378954
378955
378956
378957
378958
378959
37896
378960
378961
378962
378964
378965
378967
378969
37897
378970
378971
378972
378973
378975
378976
378977
378978
378979
37898
378980
378982
378983
378984
378985
378986
378989
37899
378990
378991
378992
378993
378994
378995
378996
378997
378998
378999
379
37900
379000
379001
379002
379003
379005
379006
379007
379008
379009
37901
379011
379012
379013
379014
379015
379016
379017
379018
379019
37902
379020
379021
379022
379023
379024
379025
379026
379027
379028
379029
37903
379030
379031
379032
379033
379034
379035
379036
379037
37904
379040
379041
379042
379043
379044
379045
379046
379047
379048
379049
37905
379050
379051
379052
379053
379054
379055
379056
379057
379058
379059
379060
379061
379062
379063
379064
379065
379066
379067
379068
379069
37907
379070
379071
379072
379073
379074
379075
379076
379077
379078
379079
379080
379081
379082
379083
379084
379085
379086
379087
379088
379089
37909
379090
379091
379092
379093
379094
379096
379097
379098
379099
37910
379100
379101
379102
379103
379104
379105
379106
379107
379108
379109
37911
379110
379111
379114
379115
379116
379117
379118
379119
379120
379123
379125
379126
379128
379129
37913
379130
379133
379134
379136
379137
379138
379139
379140
379141
379142
379143
379144
379145
379146
379147
379148
379149
37915
379150
379151
379152
379153
379154
379155
379156
379157
379159
37916
379160
379161
379162
379163
379164
379165
379166
379167
379168
379169
37917
379170
379171
379172
379173
379175
379176
379178
37918
379180
379181
379182
379183
379184
379185
379186
379187
379188
379189
37919
379190
379191
379192
379193
379194
379195
379196
379197
379198
379199
37920
379200
379201
379202
379203
379204
379205
379206
379207
379208
379209
37921
379210
379211
379213
379214
379215
379216
379217
379218
379219
37922
379220
379221
379222
379223
379224
379225
379226
379227
379228
379229
37923
379230
379231
379232
379233
379234
379235
379236
379238
379239
37924
379240
379241
379242
379243
379244
379245
379246
379247
379248
379249
37925
379250
379251
379252
379253
379254
379255
379256
379257
379258
379259
37926
379260
379262
379263
379264
379265
379266
379268
379269
37927
379270
379271
379272
379273
379275
379276
379277
379278
379279
37928
379280
379281
379282
379283
379284
379285
379286
379287
379288
379289
37929
379290
379291
379292
379294
379295
379296
379297
379298
379299
37930
379300
379301
379302
379303
379304
379305
379306
379307
379308
379309
37931
379310
379311
379312
379313
379314
379316
379317
379318
379319
37932
379320
379321
379322
379323
379324
379325
379327
379329
37933
379330
379331
379332
379333
379334
379335
379336
379337
379338
379339
379340
379341
379342
379343
379344
379345
379346
379347
379348
379349
37935
379350
379351
379352
379353
379354
379355
379356
379357
379358
379359
37936
379360
379361
379362
379363
379364
379365
379367
379368
379369
37937
379370
379371
379372
379373
379375
379377
379379
379380
379381
379382
379384
379385
379386
379387
379388
379389
37939
379390
379393
379394
379395
379396
379398
379399
37940
379400
379401
379403
379404
379405
379406
379407
379408
379409
37941
379410
379411
379413
379414
379415
379416
379417
379418
379419
37942
379421
379422
379423
379425
379426
37943
379431
379437
379438
379439
37944
379441
379443
379444
379445
379446
379447
379448
379449
37945
379450
379451
379452
379453
379454
379455
379456
379457
379458
379459
37946
379460
379461
379463
379464
379465
379466
379467
379468
379469
37947
379470
379471
379473
379474
379476
379477
37948
379480
379481
379482
379484
379485
379486
379489
37949
379490
379491
379493
379494
379496
379499
37950
379500
379501
379502
379504
379505
379506
379507
379508
37951
379513
379514
379516
379517
379519
37952
379522
379523
379524
379526
379527
379529
37953
379530
379531
379532
379533
379534
379535
379536
379537
37954
379540
379542
379544
379545
379546
379548
379549
37955
379551
379552
379553
379554
379555
379556
379557
379558
379559
37956
379561
379562
379563
379565
379567
379569
37957
379570
379571
379572
379573
379574
379575
379576
379577
37958
379581
379582
379583
379585
379586
379588
37959
379590
379593
379595
379597
379599
37960
379601
379603
379604
379605
379606
379607
379608
379609
37961
379610
379611
379612
379614
379615
379616
379617
379618
379619
379620
379621
379622
379623
379624
379625
379626
379627
379628
379629
37963
379630
379632
379633
379635
379636
379637
379638
379639
37964
379640
379641
379642
379644
379645
379647
379648
379649
379651
379652
379653
379654
379655
379656
379657
379658
379659
379660
379661
379662
379664
379665
379666
379667
379668
379669
379671
379672
379673
379674
379675
379677
379678
379679
379681
379682
379683
379684
379685
379686
379687
379688
379689
37969
379690
379691
379692
379693
379694
379695
379696
379697
379698
37970
379700
379702
379703
379704
379705
379706
379707
379708
37971
379710
379711
379712
379713
379714
379715
379716
379717
379718
379719
379720
379721
379722
379723
379724
379725
379726
379727
379728
379729
37973
379730
379731
379732
379733
379734
379735
379736
379737
379738
379739
379740
379741
379742
379743
379744
379745
379747
379748
379749
37975
379750
379751
379752
379753
379754
379755
379756
379757
379759
37976
379760
379761
379762
379764
379765
379766
379767
379769
37977
379770
379772
379773
379774
379776
379777
379778
379779
37978
379780
379781
379782
379783
379784
379785
379786
379787
379789
379790
379791
379792
379793
379794
379795
379796
379797
379798
37980
379800
379801
379802
379803
379805
379806
379807
379808
379809
379810
379811
379812
379813
379816
379817
379818
379819
37982
379820
379821
379822
379823
379824
379825
379826
379827
379828
379829
37983
379830
379831
379832
379833
379834
379835
379836
37984
379848
379849
37985
379851
379852
379853
379854
379855
379856
379858
379859
37986
379860
379861
379862
379863
379864
379865
379866
379868
379869
37987
379870
379871
379872
379873
379874
379876
379877
379878
379879
37988
379880
379882
379883
379884
379885
379886
379887
379889
379890
379891
379892
379894
379895
379899
37990
379900
379903
379904
379905
379906
379907
379909
37991
379911
379912
379913
379914
379915
379916
379917
379918
379919
37992
379921
379922
379923
379924
379925
379926
379927
379928
379929
37993
379930
379931
379932
379933
379934
379935
379936
379937
379938
379939
37994
379940
379941
379943
379944
379945
379946
379947
379949
37995
379950
379952
379953
379954
379955
379956
379958
379959
37996
379960
379961
379963
379964
379965
379966
379967
379968
37997
379970
379971
379972
379973
379974
379975
379976
379977
379978
379979
37998
379980
379981
379982
379983
379984
379985
379986
379987
379988
37999
379990
379991
379992
379993
379994
379995
379996
379998
379999
38
380
38000
380000
380001
380002
380003
380004
380005
380007
380008
380009
38001
380010
380012
380013
380014
380015
380017
380018
38002
380020
380021
380022
380023
380024
380025
380026
380027
380028
380029
38003
380030
380031
380032
380033
380034
380036
380037
380038
380039
38004
380040
380041
380043
380044
380045
380046
380047
380048
380049
38005
380050
380051
380052
380053
380054
380055
380056
380057
380058
380059
38006
380060
380061
380062
380063
380064
380065
380066
380067
380068
380069
38007
380070
380071
380072
380074
380075
380077
380078
380079
38008
380080
380081
380082
380083
380086
380087
380088
38009
380090
380093
380094
380095
380096
380097
380098
380099
38010
380100
380101
380102
380104
380105
380106
380107
380109
38011
380110
380111
380112
380113
380114
380115
380116
380117
380118
380119
38012
380120
380121
380122
380123
380124
380125
380126
380127
380128
380129
38013
380130
380131
380132
380134
380135
380137
380139
38014
380140
380141
380142
380143
380144
380145
380146
380147
380148
380149
38015
380150
380151
380152
380153
380154
380155
380156
380157
380158
380159
38016
380161
380162
380163
380164
380165
380166
380167
380168
380169
38017
380171
380172
380173
380174
380175
380176
380177
380178
380179
38018
380181
380182
380184
380185
380186
380188
380189
38019
380190
380191
380192
380193
380194
380195
380196
380197
380198
380199
38020
380200
380201
380202
380203
380204
380205
380206
380208
380209
38021
380210
380211
380212
380213
380214
380215
380216
38022
380220
380221
380222
380224
380225
380226
380227
380229
38023
380230
380231
380232
380233
380234
380235
380237
380238
380239
380240
380241
380242
380243
380244
380245
380246
380247
380248
380249
38025
380250
380251
380252
380253
380254
380255
380256
380257
380258
380259
38026
380260
380261
380262
380263
380265
380266
380267
380268
380269
38027
380270
380271
380272
380273
380274
380275
380276
380277
380278
380279
380280
380281
380282
380283
380284
380285
380286
380287
380288
380289
38029
380290
380291
380292
380293
380294
380295
380296
380297
380298
380299
38030
380300
380301
380303
380304
380307
380308
380309
38031
380310
380311
380312
380313
380314
380315
380316
380317
380318
380319
380320
380321
380323
380324
380325
380326
380328
38033
380330
380331
380332
380333
380334
380335
380336
380337
38034
380340
380341
380342
380343
380344
380346
380347
38035
380350
380352
380353
380354
380356
380357
380358
380359
38036
380360
380361
380362
380363
380364
380365
380366
380367
380368
380369
38037
380370
380372
380373
380374
380375
380376
380377
380378
380379
38038
380380
380381
380382
380383
380385
380387
380389
380390
380391
380392
380393
380395
380396
380397
380398
380399
38040
380400
380402
380404
380405
380406
380407
380408
380409
380410
380411
380412
380413
380414
380415
380417
38042
380421
380423
380424
380425
380426
380428
380429
38043
380430
380431
380432
380433
380434
380435
380436
380437
380438
380439
38044
380440
380441
380442
380443
380444
380445
380446
380447
380448
380449
38045
380450
380452
380453
380454
380455
380456
380457
380458
380459
38046
380460
380461
380462
380463
380464
380465
380466
380467
380469
38047
380470
380471
380473
380474
380475
380476
380477
380478
380479
38048
380480
380482
380483
380484
380485
380486
380487
380488
380489
38049
380490
380491
380492
380493
380494
380496
380498
38050
380500
380502
380503
380504
380505
380506
380507
380508
380509
38051
380510
380511
380512
380513
380514
380515
380516
380517
380518
380519
38052
380521
380522
380523
380524
380526
380527
380528
380529
38053
380530
380531
380532
380534
380535
380536
380537
380538
380539
38054
380540
380541
380542
380543
380544
380545
380546
380547
380548
380549
38055
380550
380551
380552
380553
380554
380555
380556
380557
380559
38056
380560
380561
380562
380563
380564
380565
380566
380567
380568
380569
38057
380570
380571
380572
380573
380574
380575
380576
380577
380578
380579
38058
380580
380581
380582
380583
380584
380585
380586
380587
380588
380589
38059
380590
380591
380592
380593
380594
380595
380596
380597
380598
380599
38060
380600
380601
380602
380603
380604
380605
380606
380607
380608
380609
38061
380610
380611
380612
380613
380614
380615
380616
380617
380619
380620
380621
380622
380623
380624
380625
380626
38063
380633
380635
380636
380637
380638
380639
380640
380641
380642
380644
380645
380648
38065
380651
380652
380653
380654
380655
380656
380657
380658
380659
38066
380660
380661
380662
380663
380664
380665
380667
380668
380669
38067
380670
380671
380672
380673
380674
380677
380678
380679
38068
380680
380681
380682
380683
380684
380685
380686
380687
380688
380689
38069
380690
380691
380692
380693
380694
380695
380696
380697
380698
380699
38070
380700
380701
380702
380703
380704
380705
380706
380707
380708
380709
38071
380710
380711
380712
380713
380714
380715
380716
380717
380718
380719
38072
380720
380721
380722
380723
380724
380725
380726
380727
380728
380729
38073
380730
380731
380732
380733
380734
380735
380736
380737
380738
380739
38074
380740
380743
380744
380745
380746
380747
380748
380749
38075
380750
380751
380753
380754
380756
380757
380758
380759
380760
380761
380762
380763
380764
380765
380766
380767
380768
380769
38077
380770
380771
380773
380775
380776
380777
380778
380779
38078
380780
380782
380784
380785
380787
380790
380791
380792
380793
380794
38080
380800
380801
380803
380804
380805
380806
380807
380808
38081
380810
380811
380812
380813
380814
380815
380816
380817
380818
380819
38082
380820
380821
380823
380824
380825
380826
380827
380828
380829
380830
380831
380835
380836
380837
380838
380839
38084
380840
380841
380842
380843
380844
380846
380847
380848
380849
38085
380850
380851
380853
380854
380855
380856
380857
380858
380859
38086
380860
380861
380862
380863
380864
380865
380866
380867
380868
380869
38087
380870
380871
380872
380873
380874
380876
380877
380879
38088
380880
380881
380883
380884
380886
380887
380888
380889
38089
380890
380891
380892
380893
380894
380895
380898
380899
38090
380900
380901
380902
380903
380904
380905
380906
380907
380908
380909
38091
380910
380911
380912
380913
380914
380915
380916
380917
380918
380919
380920
380921
380922
380923
380924
380925
380926
380927
380928
380929
38093
380930
380931
380932
380933
380934
380935
380936
380937
380938
380939
38094
380941
380942
380943
380944
380945
380946
380948
38095
380951
380952
380953
380957
380959
38096
380960
380961
380962
380963
380964
380965
380966
380967
380969
38097
380970
380971
380972
380974
380975
380976
380977
380978
380979
38098
380980
380981
380982
380983
380985
380986
380987
380988
380989
38099
380990
380991
380992
380993
380994
380995
380996
380997
380999
381
38100
381000
381001
381002
381003
381004
381006
381007
381008
381009
38101
381010
381011
381014
381015
381017
381018
381019
38102
381020
381021
381022
381023
381024
381025
381026
381027
381028
381029
38103
381030
381031
381032
381033
381034
381035
381036
381037
381038
381039
38104
381040
381041
381042
381043
381044
381045
381046
381047
381048
381049
38105
381050
381052
381053
381054
381055
381056
381057
381058
381059
381060
381061
381062
381063
381064
381065
381066
381067
381068
381069
38107
381070
381071
381072
381073
381074
381075
381076
381077
381078
381079
38108
381080
381081
381082
381083
381084
381085
381086
381087
381088
381089
38109
381090
381091
381092
381093
381094
381095
381096
381097
381098
381099
381100
381101
381102
381103
381104
381105
381106
381107
381108
381109
38111
381110
381111
381112
381113
381114
381115
381117
381118
381119
38112
381120
381121
381122
381124
381125
381126
381127
381128
381129
381130
381131
381132
381133
381134
381135
381136
381137
381139
38114
381140
381141
381142
381143
381144
381145
381146
381147
381148
381149
381150
381151
381153
381154
381155
381156
381158
381159
38116
381160
381161
381162
381163
381164
381165
381166
381167
381168
381169
38117
381170
381171
381173
381174
381176
381177
381178
381179
381180
381181
381182
381183
381184
381187
381188
381189
38119
381190
381191
381192
381193
381194
381195
381196
381197
381198
381199
381200
381201
381202
381203
381204
381205
381206
381207
381208
381209
38121
381210
381211
381212
381213
381214
381215
381217
381218
381219
38122
381220
381223
381224
381225
381226
381227
381228
38123
381231
381233
381235
381236
381237
381238
381239
38124
381240
381241
381242
381243
381244
381245
381246
381249
38125
381250
381251
381252
381253
381254
381255
381256
381257
381258
381259
38126
381260
381261
381262
381263
381264
381265
381266
381267
381268
381269
381270
381271
381272
381273
381274
381275
381276
381277
381278
381279
38128
381280
381281
381282
381283
381284
381285
381286
381287
381288
381289
38129
381290
381291
381292
381293
381294
381295
381296
381298
381299
38130
381300
381304
381306
381307
381308
381309
38131
381310
381312
381313
381317
381318
381319
38132
381320
381321
381323
381324
381325
381326
381328
381329
38133
381330
381331
381332
381333
381334
381335
381336
381337
381338
381339
38134
381340
381341
381342
381343
381344
381345
381346
381347
381348
381349
38135
381350
381351
381352
381353
381354
381355
381356
381357
381358
381359
38136
381360
381361
381362
381363
381364
381365
381366
381367
381368
381369
381370
381372
381373
381374
381375
381377
38138
381380
381381
381382
381383
381384
381385
381386
381387
381388
381389
381390
381391
381392
381393
381394
381395
381396
381397
381398
381399
38140
381400
381401
381402
381403
381404
381405
381406
381407
381408
381409
38141
381410
381411
381412
381413
381414
381415
381416
381417
381418
381419
38142
381420
381422
381423
381424
381425
381426
381427
381428
381429
38143
381430
381431
381432
381433
381434
381435
381436
381437
381438
381439
38144
381440
381441
381442
381443
381444
381445
381446
381447
381448
381449
38145
381451
381452
381454
381455
381456
381457
381459
38146
381461
381463
381464
381465
381466
381467
381468
381469
38147
381470
381471
381472
381473
381474
381475
381476
381477
381478
381479
38148
381480
381481
381482
381484
381485
381486
381487
381488
381489
381490
381491
381492
381493
381494
381495
381496
381497
381498
381499
38150
381500
381501
381503
381504
381505
381507
381508
381509
38151
381510
381511
381512
381513
381515
381516
381517
381518
381519
38152
381520
381521
381522
381523
381524
381525
381526
381527
381529
38153
381530
381532
381533
381534
381535
381536
381537
381538
381539
38154
381540
381541
381542
381544
381545
381546
381547
381548
381549
38155
381550
381551
381552
381553
381554
381555
381556
381557
381558
381559
38156
381560
381561
381562
381563
381564
381565
381566
381567
381568
381569
38157
381570
381571
381572
381575
381576
381577
381578
381579
38158
381580
381581
381583
381584
381585
381586
381588
381589
38159
381590
381591
381592
381593
381594
381595
381596
381597
381598
381599
38160
381600
381601
381603
381604
381606
381607
381608
381609
381611
381612
381613
381614
381615
381616
381617
381618
381619
38162
381620
381622
381623
381624
381625
381626
381627
381628
381629
38163
381630
381631
381632
381633
381634
381635
381636
381637
381638
381639
38164
381640
381641
381642
381643
381644
381645
381647
381648
381649
38165
381650
381651
381652
381654
381655
381656
381657
381658
38166
381660
381661
381662
381665
381666
381667
381668
381669
38167
381670
381671
381672
381673
381674
381675
381676
381677
381678
381679
38168
381680
381681
381682
381683
381684
381685
381687
381688
381689
381690
381691
381692
381693
381694
381695
381696
381697
381698
381699
38170
381700
381701
381702
381703
381704
381705
381707
381708
381709
38171
381710
381711
381712
381713
381714
381715
381716
381717
381718
381719
38172
381720
381721
381722
381723
381724
381725
381726
381727
381728
381729
38173
381730
381731
381732
381733
381734
381737
381738
381739
38174
381740
381741
381742
381743
381744
381745
381746
381747
381748
381749
381750
381751
381752
381754
381755
381756
381757
381758
381759
38176
381760
381761
381763
381764
381765
381766
381767
381768
381769
38177
381770
381771
381772
381773
381774
381775
381776
381777
381778
381779
38178
381780
381781
381782
381783
381784
381785
381786
381787
381788
38179
381790
381791
381792
381793
381794
381795
381796
381797
381798
381799
38180
381800
381801
381802
381803
381804
381805
381806
381807
381809
381810
381811
381812
381813
381814
381815
381816
381817
381818
381819
38182
381820
381821
381822
381823
381824
381825
381826
381827
381828
38183
381830
381831
381832
381833
381834
381835
381836
381837
381838
381840
381842
381843
381844
381845
381846
381847
381848
381849
38185
381850
381851
381852
381853
381854
381855
381856
381857
381858
38186
381860
381861
381862
381863
381864
381865
381866
381867
381868
381869
38187
381870
381871
381872
381873
381874
381875
381876
381877
381878
381879
381880
381881
381882
381883
381884
381885
381887
381888
381889
38189
381890
381891
381892
381893
381894
381895
381897
381898
381899
38190
381901
381902
381903
381904
381905
381906
381907
381908
381909
38191
381911
381912
381913
381914
381915
381917
381918
381920
381922
381923
381924
381925
381926
381928
381929
38193
381930
381931
381932
381933
381934
381935
381937
381938
38194
381940
381941
381942
381943
381944
381945
381946
381947
381948
381949
38195
381950
381951
381952
381953
381954
381955
381956
381957
381958
381959
381961
381962
381963
381964
381965
381966
381967
381968
381969
381970
381971
381972
381973
381974
381975
381976
381977
381978
381979
38198
381980
381981
381982
381983
381984
381985
381986
381987
381988
381989
38199
381991
381992
381993
381994
381995
381996
381997
381998
381999
38200
382000
382001
382002
382003
382004
382006
382007
382008
382009
38201
382010
382012
382014
382015
382017
382018
382019
38202
382020
382021
382022
382023
382024
382026
382027
382028
382029
38203
382030
382031
382032
382033
382034
382035
382036
382038
382039
382040
382041
382042
382043
382044
382045
382046
382047
382048
382049
38205
382050
382051
382052
382053
382054
382055
382056
382057
382059
38206
382060
382061
382062
382063
382064
382066
382067
382068
382069
38207
382070
382071
382072
382073
382075
382076
382077
382078
382079
38208
382080
382081
382082
382083
382084
382085
382087
382088
382089
38209
382090
382091
382092
382093
382094
382096
382097
382098
382099
38210
382100
382102
382103
382105
382106
382107
382108
382109
38211
382110
382111
382113
382114
382115
382116
382117
382118
38212
382120
382121
382122
382123
382124
382125
382126
382127
382128
382129
382130
382131
382132
382133
382134
382135
382136
382137
382138
382139
38214
382141
382142
382143
382144
382145
382146
382147
382149
38215
382151
382152
382153
382154
382155
382157
382158
382159
38216
382160
382161
382162
382163
382164
382165
382168
382169
38217
382170
382171
382172
382173
382174
382175
382176
382177
382178
382179
38218
382180
382182
382183
382184
382185
382187
382188
382189
38219
382190
382191
382192
382193
382194
382196
382197
382198
382199
38220
382200
382201
382202
382203
382204
382205
382206
382207
382208
382209
38221
382212
382213
382214
382215
382216
382217
382218
382219
38222
382220
382221
382222
382223
382224
382226
382227
382228
382229
38223
382230
382231
382232
382234
382235
382236
382237
382239
38224
382240
382241
382242
382243
382244
382245
382246
382247
382248
382249
38225
382251
382252
382253
382254
382255
382256
382257
382258
382259
38226
382260
382261
382263
382264
382265
382266
382267
382268
382269
38227
382270
382271
382272
382273
382274
382275
382276
382277
382278
382279
38228
382280
382282
382283
382284
382285
382286
382287
382288
382289
38229
382290
382291
382292
382293
382294
382295
382296
382297
382298
382299
38230
382302
382303
382304
382305
382306
382307
382308
382309
38231
382311
382312
382313
382314
382315
382316
382318
382319
382320
382321
382322
382323
382325
382326
382327
382328
382329
38233
382330
382331
382332
382333
382334
382335
382336
382337
382338
382339
38234
382340
382341
382342
382343
382344
382345
382347
382348
382349
382350
382351
382353
382354
382355
382356
382358
382359
382360
382361
382364
382366
382367
382368
382369
38237
382370
382371
382374
382375
382377
382378
382379
38238
382380
382381
382382
382383
382384
382385
382386
382387
382389
38239
382390
382391
382392
382393
382395
382396
382397
382398
382399
38240
382400
382401
382403
382404
382405
382406
382407
382408
382409
38241
382410
382411
382413
382414
382415
382416
382417
382418
382419
382420
382421
382422
382423
382424
382425
382426
382427
382428
38243
382431
382432
382434
382435
382436
382437
382438
382439
38244
382440
382441
382442
382443
382444
382445
382446
382447
382448
382449
382450
382451
382452
382453
382454
382455
382456
382457
382458
382459
38246
382460
382461
382463
382464
382465
382466
382467
382468
382470
382472
382473
382474
382475
382476
382477
382478
382479
38248
382480
382481
382482
382483
382484
382485
382486
382487
382488
382489
382490
382491
382492
382493
382495
382496
382497
382498
382499
382500
382501
382502
382503
382504
382505
382506
382507
382508
382509
38251
382510
382511
382513
382514
382515
382516
382517
382518
382519
38252
382520
382521
382522
382523
382526
382528
382529
38253
382530
382531
382532
382533
382534
382535
382536
382537
382538
382539
38254
382540
382541
382542
382543
382544
382545
382546
382547
382548
382549
38255
382550
382551
382552
382553
382556
382557
382558
382559
38256
382560
382561
382563
382564
382567
382568
382569
38257
382570
382572
382574
382577
38258
382580
382581
382582
382583
382584
382585
382586
382587
382588
382589
38259
382590
382591
382592
382593
382594
382595
382597
382598
382599
38260
382600
382601
382602
382603
382604
382606
382607
382608
382609
38261
382610
382611
382612
382613
382614
382615
382616
382617
382618
382619
38262
382621
382622
382623
382624
382625
382626
382627
382628
382629
38263
382630
382631
382632
382633
382634
382635
382637
382638
382639
38264
382640
382641
382643
382644
382646
382647
382649
38265
382650
382651
382652
382653
382656
382657
382658
382659
38266
382660
382661
382662
382663
382665
382667
382668
382669
38267
382670
382671
382672
382673
382674
382675
382676
382677
382678
382679
38268
382682
382683
382684
382686
382688
382689
38269
382690
382691
382692
382693
382694
382695
382696
382697
382698
382699
382700
382701
382702
382703
382704
382705
382706
382708
382709
38271
382710
382711
382712
382713
382714
382715
382716
382717
382718
382719
38272
382720
382721
382722
382723
382724
382725
382727
382728
382729
38273
382730
382731
382732
382733
382735
382736
382737
382738
382739
38274
382740
382742
382743
382744
382747
382748
382749
38275
382750
382751
382752
382754
382755
382756
382757
382758
382759
382760
382761
382762
382763
382764
382765
382766
382767
382768
382769
38277
382770
382771
382772
382773
382774
382775
382776
382777
382778
382779
382780
382781
382782
382783
382784
382785
382787
382788
382789
38279
382790
382791
382792
382793
382794
382796
382797
382798
382799
38280
382800
382801
382802
382803
382804
382805
382806
382807
382808
382809
38281
382811
382812
382813
382814
382815
382816
382817
382818
382819
38282
382820
382821
382822
382823
382824
382825
382826
382827
