38795
387951
387952
387953
387954
387955
387956
387957
387958
387959
387960
387961
387962
387963
387964
387965
387966
387967
387968
387969
387970
387971
387972
387973
387974
387975
387976
387977
387978
387979
387980
387981
387982
387983
387984
387985
387986
387987
387988
387989
387990
387991
387992
387993
387994
387995
387998
387999
388
38800
388000
388001
388002
388003
388004
388005
388006
388007
388008
388009
388010
388011
388012
388014
388015
388016
388017
388018
388019
38802
388020
388021
388022
388023
388024
388025
388026
388027
388028
388029
38803
388030
388031
388032
388033
388034
388035
388036
388037
388038
388039
38804
388040
388041
388043
388044
388045
388046
388047
388048
388049
38805
388050
388051
388052
388054
388055
388056
388057
388058
388059
388060
388061
388062
388063
388064
388065
388067
388069
38807
388070
388071
388072
388073
388074
388075
388077
388078
388079
38808
388081
388082
388083
388084
388085
388086
388087
388088
388089
38809
388090
388092
388093
388094
388095
388096
388097
388098
38810
388100
388101
388102
388103
388104
388105
388106
388107
388108
388109
38811
388110
388111
388112
388113
388114
388115
388116
388117
388118
388119
38812
388120
388121
388122
388125
388127
388128
388129
38813
388130
388132
388133
388134
388135
388136
388137
388138
388139
38814
388140
388141
388142
388143
388144
388145
388146
388147
388148
388149
38815
388150
388151
388152
388153
388154
388155
388156
388157
388158
388159
38816
388160
388161
388162
388163
388164
388165
388166
388167
388168
388169
38817
388171
388172
388173
388174
388175
388176
388177
388178
388179
38818
388181
388182
388183
388184
388185
388186
388187
388188
388189
38819
388190
388191
388192
388193
388194
388195
388196
388197
388199
38820
388200
388201
388202
388203
388204
388205
388206
388207
388208
388209
38821
388210
388211
388212
388213
388214
388215
388217
388219
38822
388220
388221
388222
388223
388224
388225
388226
388228
388229
38823
388230
388231
388232
388233
388234
388235
388236
388237
388238
388239
38824
388240
388241
388242
388243
388244
388245
388246
388248
388249
38825
388250
388251
388252
388253
388255
388256
388257
388259
38826
388261
388262
388263
388264
388265
388266
388267
388269
38827
388270
388271
388272
388273
388274
388275
388276
388277
388278
388279
38828
388280
388281
388282
388283
388284
388285
388286
388287
388288
388289
38829
388290
388291
388292
388293
388294
388295
388296
388297
388298
388299
38830
388300
388301
388302
388304
388305
388306
388308
388309
38831
388310
388312
388313
388314
388315
388316
388317
388318
388319
38832
388320
388321
388322
388323
388324
388325
388326
388327
388328
388329
38833
388330
388331
388332
388333
388334
388335
388337
388338
388339
38834
388340
388341
388342
388343
388344
388345
388346
388348
388349
38835
388350
388351
388352
388353
388354
388355
388356
388357
388359
38836
388361
388362
388363
388364
388365
388366
388367
388368
38837
388370
388371
388372
388373
388374
388375
388377
388378
388379
388380
388383
388384
388385
388387
388388
388389
38839
388390
388391
388392
388393
388394
388395
388396
388397
388398
388399
38840
388400
388401
388402
388403
388404
388405
388406
388407
388408
388409
38841
388410
388411
388412
388413
388414
388415
388416
388417
388418
388419
38842
388420
388421
388422
388423
388424
388425
388426
388427
388428
388429
38843
388430
388431
388432
388433
388434
388436
388438
38844
388440
388441
388442
388443
388444
388445
388446
388448
388449
38845
388450
388451
388452
388453
388454
388456
388457
388458
388459
38846
388460
388461
388462
388463
388464
388465
388466
388467
388468
388469
388470
388471
388472
388473
388474
388475
388476
388477
388478
388479
38848
388480
388481
388483
388484
388485
388486
388487
388489
38849
388490
388491
388493
388494
388495
388496
388497
388498
388499
38850
388500
388502
388503
388504
388505
388506
388507
388508
388509
38851
388510
388511
388512
388514
388515
388516
388517
388518
388519
388520
388523
388524
388526
388529
38853
388530
388531
388532
388533
388535
388536
388538
38854
388540
388541
388542
388543
388544
388545
388546
388547
388548
388549
38855
388551
388552
388553
388555
388556
388557
388558
388559
388560
388561
388564
388565
388566
388569
38857
388570
388571
388572
388573
388574
388575
388576
388577
388578
388579
388580
388581
388583
388584
388585
388586
388588
388589
388590
388591
388592
388593
388594
388595
388596
388597
388598
388599
388600
388601
388602
388603
388604
388605
388606
388608
388609
388611
388612
388613
388614
388615
388616
388618
388619
38862
388620
388622
388623
388624
388625
388626
388627
388628
388629
38863
388630
388631
388632
388633
388634
388635
388636
388637
388638
388639
38864
388640
388641
388642
388643
388644
388645
388646
388647
388648
388649
388650
388651
388652
388653
388654
388655
388656
388657
388658
388659
38866
388660
388661
388662
388663
388664
388665
388666
388667
388668
38867
388670
388671
388672
388674
388676
388677
388678
38868
388680
388681
388682
388683
388684
388685
388686
388687
388688
388689
38869
388690
388691
388692
388693
388694
388695
388696
388697
388698
388699
388700
388701
388702
388703
388704
388705
388706
388707
388708
388709
388710
388712
388713
388714
388715
388716
388717
388718
388719
38872
388720
388721
388722
388723
388724
388725
388726
388727
388728
388729
388730
388731
388732
388733
388734
388735
388736
388737
388738
388739
38874
388740
388741
388742
388743
388744
388745
388748
388749
38875
388750
388751
388752
388753
388754
388755
388756
388757
388758
388759
38876
388760
388761
388762
388763
388764
388766
388768
388769
38877
388770
388771
388772
388774
388775
388777
388779
38878
388780
388782
388784
388785
388786
388788
38879
388790
388791
388792
388793
388794
388795
388796
388798
388799
38880
388800
388801
388802
388803
388804
388805
388806
388807
388809
38881
388810
388811
388812
388813
388814
388815
388816
388817
388818
388819
38882
388820
388821
388822
388823
388824
388825
388826
388827
388828
388829
38883
388830
388831
388832
388833
388834
388835
388836
388837
388838
388839
38884
388840
388841
388842
388843
388844
388845
388846
388847
388848
388849
388850
388851
388852
388853
388854
388855
388856
388857
388858
388859
388860
388861
388862
388863
388864
388865
388866
388867
388868
388869
38887
388870
388871
388872
388873
388874
388876
388877
388878
388879
38888
388880
388881
388882
388883
388884
388885
388886
388888
388889
38889
388890
388891
388892
388893
388895
388896
388897
388898
388899
38890
388901
388902
388903
388904
388905
388906
388907
388908
388909
38891
388910
388911
388912
388914
388915
388916
388917
388918
388919
38892
388920
388921
388922
388923
388924
388925
388926
388927
388928
388929
388930
388931
388933
388934
388935
388936
388937
388938
388939
38894
388940
388941
388942
388943
388944
388945
388946
388947
388948
388949
388950
388951
388952
388953
388954
388955
388956
388957
388958
388959
38896
388960
388961
388962
388963
388964
388965
388966
388967
388968
388969
38897
388970
388971
388972
388973
388974
388976
388978
388979
38898
388980
388981
388982
388983
388984
388985
388986
388987
388988
388989
388990
388991
388992
388993
388994
388995
388996
388997
388998
388999
389
38900
389000
389001
389002
389006
389007
389008
389009
38901
389010
389011
389012
389013
389014
389015
389016
389017
389018
389019
38902
389020
389021
389022
389023
389024
389025
389026
389027
389028
389029
389031
389032
389033
389034
389035
389036
389037
389038
389039
38904
389040
389041
389042
389043
389044
389045
389046
389047
389048
389050
389051
389052
389053
389055
389056
389057
389058
389059
389060
389061
389062
389063
389064
389065
389066
389067
389068
389069
38907
389070
389071
389072
389073
389074
389075
389076
389077
389078
38908
389080
389081
389082
389083
389084
389086
389087
389088
389089
38909
389090
389092
389093
389094
389097
389099
389100
389101
389102
389103
389104
389105
389106
389107
389109
38911
389110
389112
389113
389114
389115
389116
389117
389118
389119
389120
389122
389123
389124
389125
389126
389127
38913
389130
389131
389132
389133
389134
389136
389137
389138
389139
38914
389140
389142
389146
389147
389149
389150
389151
389152
389153
389154
389155
389156
389158
389159
38916
389160
389162
389163
389164
389165
389166
389167
389168
389169
38917
389170
389171
389172
389173
389174
389175
389176
389177
389178
389179
38918
389180
389181
389182
389183
389184
389185
389186
389187
389188
389189
38919
389193
389194
389195
389196
389197
389198
389199
38920
389200
389201
389202
389203
389204
389205
389208
389209
38921
389210
389211
389212
389213
389214
389215
389216
389217
389218
389219
38922
389220
389221
389223
389224
389225
389226
389227
389229
38923
389230
389231
389232
389233
389234
389235
389236
389237
389238
38924
389240
389241
389242
389244
389245
389246
389248
389249
38925
389251
389252
389253
389254
389255
389256
389257
389258
389260
389261
389262
389263
389264
389265
389266
389267
389268
389269
389270
389271
389272
389273
389274
389275
389276
389277
389278
389279
389280
389281
389282
389284
389285
389286
389287
389288
389289
389291
389292
389293
389294
389295
389296
389297
389298
389301
389302
389303
389306
389307
389308
389309
38931
389311
389312
389313
389316
389317
389318
389319
38932
389321
389323
389324
389325
389326
389327
389328
389329
389330
389331
389332
389333
389334
389335
389336
389337
389338
389339
38934
389340
389341
389342
389343
389344
389345
389346
389347
389348
389349
38935
389351
389353
389354
389355
389356
389357
389358
389359
389360
389361
389362
389363
389364
389365
389366
389367
389368
389369
38937
389370
389371
389372
389373
389374
389375
389378
389379
38938
389380
389381
389382
389383
389384
389385
389386
389387
389388
389389
38939
389390
389393
389394
389395
389397
389398
389399
38940
389400
389401
389402
389403
389404
389405
389406
389407
389408
389409
38941
389410
389411
389412
389413
389414
389416
389417
389418
389419
38942
389421
389422
389423
389424
389425
389426
389427
389428
389430
389431
389432
389433
389434
389435
389437
389438
389439
38944
389440
389441
389442
389443
389444
389445
389446
389447
389448
389449
38945
389450
389451
389452
389453
389455
389456
389457
389458
389459
38946
389460
389461
389462
389463
389464
389465
389466
389467
389468
389470
389471
389472
389473
389474
389475
389476
389477
389478
389479
38948
389481
389483
389484
389485
389486
389487
389488
389489
389490
389491
389492
389493
389494
389495
389497
389498
389499
38950
389500
389501
389502
389503
389504
389505
389506
389507
389508
389509
38951
389510
389511
389512
389513
389514
389515
389516
389517
389518
389519
38952
389520
389521
389522
389523
389524
389525
389526
389527
389528
389529
389531
389532
389533
389534
389535
389536
389537
389538
389539
38954
389540
389541
389542
389543
389544
389545
389546
389547
389548
389549
38955
389550
389551
389552
389553
389554
389555
389556
389557
389558
38956
389560
389561
389562
389565
389567
389568
389569
38957
389570
389571
389572
389573
389574
389575
389576
389577
389578
389579
38958
389580
389582
389583
389584
389585
389586
389587
389588
389589
38959
389590
389591
389592
389595
389596
389597
389598
389599
38960
389600
389601
389602
389603
389604
389605
389606
389607
389608
389609
38961
389610
389611
389612
389613
389614
389615
389616
389617
389618
389619
38962
389620
389621
389622
389623
389624
389625
389626
389627
389628
389629
38963
389630
389631
389632
389633
389634
389635
389636
389637
389638
389639
38964
389640
389641
389642
389643
389644
389645
389646
389647
389648
389649
38965
389650
389651
389653
389654
389655
389656
389657
389658
389659
38966
389660
389661
389662
389663
389664
389665
389666
389668
389669
38967
389670
389671
389672
389673
389674
389675
389676
389677
389678
389680
389682
389683
389684
389685
389686
389687
389688
389689
38969
389690
389691
389692
389694
389695
389696
389699
38970
389700
389701
389702
389703
389704
389705
389706
389707
389708
389709
38971
389710
389711
389712
389713
389714
389715
389716
389717
389718
389719
38972
389720
389721
389722
389723
389724
389725
389726
389727
389728
389729
38973
389730
389731
389732
389733
389734
389735
389736
389737
389738
389739
38974
389740
389741
389743
389744
389745
389747
389748
389749
389750
389751
389752
389753
389754
389755
389756
389757
389758
389759
389760
389761
389762
389763
389764
389765
389766
389768
389769
38977
389770
389771
389772
389774
389775
389776
389777
389778
389779
38978
389780
389781
389782
389783
389784
389785
389786
389787
389788
389789
389790
389791
389792
389793
389794
389795
389796
389797
389798
389799
38980
389800
389801
389802
389803
389804
389806
389807
389808
389809
38981
389810
389811
389812
389813
389815
389816
389817
389818
389819
38982
389820
389821
389822
389823
389824
389825
389826
389827
389828
389829
38983
389830
389831
389832
389833
389834
389835
389836
389837
389839
38984
389840
389841
389842
389843
389844
389845
389846
389847
389848
389849
38985
389851
389852
389853
389854
389855
389856
389857
389858
389859
38986
389860
389861
389862
389863
389864
389865
389866
389867
389868
38987
389870
389871
389872
389873
389874
389875
389876
389877
389878
389879
38988
389880
389881
389882
389883
389884
389885
389886
389887
389889
38989
389890
389891
389892
389893
389894
389895
389896
389897
389898
389899
3899
389901
389902
389903
389904
389905
389907
389908
389909
38991
389910
389911
389912
389913
389914
389915
389916
389917
389918
389919
38992
389920
389921
389922
389923
389924
389925
389926
389927
389928
389929
38993
389930
389931
389932
389933
389934
389936
389937
389938
389939
389940
389941
389942
389943
389944
389945
389946
389947
389948
389949
38995
389950
389951
389952
389953
389954
389955
389956
389957
389959
38996
389960
389961
389962
389963
389964
389965
389968
389969
389970
389971
389972
389973
389974
389976
389977
389979
38998
389980
389981
389982
389983
389984
389985
389986
389987
389988
389989
38999
389990
389991
389992
389993
389994
389995
389996
389997
389998
389999
390
390002
390003
390004
390005
390006
390007
390008
390009
39001
390010
390011
390012
390013
390014
390015
390016
390017
390018
390019
39002
390020
390021
390022
390023
390024
390025
390026
390027
390028
390029
39003
390030
390031
390032
390033
390034
390035
390036
390037
390038
390039
39004
390040
390041
390042
390043
390044
390045
390046
390047
390048
390049
39005
390050
390051
390052
390053
390054
390055
390056
390057
390058
390059
39006
390060
390061
390063
390064
390065
390066
390067
390068
390069
390070
390071
390072
390073
390074
390075
390076
390077
390078
390079
39008
390080
390081
390082
390083
390084
390085
390086
390087
390088
390089
39009
390090
390091
390092
390094
390096
390097
390098
390099
3901
390100
390101
390102
390104
390105
390106
390107
390108
390109
39011
390110
390111
390112
390113
390114
390115
390116
390117
390118
390119
390120
390121
390122
390123
390124
390125
390126
390127
390128
390129
39013
390130
390131
390132
390133
390134
390135
390139
390140
390141
390142
390144
390145
390146
390147
390148
390149
39015
390150
390151
390152
390153
390154
390155
390156
390158
390159
39016
390160
390161
390163
390164
390165
390167
390168
39017
390170
390171
390172
390173
390176
390177
390178
390179
39018
390180
390181
390182
390183
390184
390185
390186
390187
390188
390189
39019
390190
390191
390192
390193
390194
390196
390197
390198
390199
3902
39020
390200
390201
390202
390203
390204
390205
390206
390207
390208
390209
39021
390210
390211
390212
390213
390214
390215
390216
390217
390218
39022
390220
390221
390222
390223
390225
390226
390227
390228
390229
39023
390230
390231
390232
390233
390234
390235
390236
390237
390238
390239
39024
390240
390241
390242
390243
390244
390245
390246
390247
390248
390249
39025
390250
390251
390252
390253
390254
390255
390256
390257
390258
390259
39026
390260
390261
390262
390263
390264
390265
390266
390267
390268
390269
39027
390270
390271
390272
390274
390275
390276
390277
390278
390279
39028
390280
390281
390283
390284
390286
390287
390288
39029
390290
390291
390292
390293
390294
390295
390296
390297
390298
390299
39030
390300
390301
390302
390303
390304
390305
390306
390307
390308
390309
390310
390311
390312
390313
390314
390315
390316
390317
390318
390319
390320
390321
390322
390323
390324
390326
390328
390329
39033
390330
390331
390332
390333
390334
390335
390336
390337
390338
390339
390340
390341
390342
390343
390344
390345
390349
39035
390350
390351
390352
390354
390355
390356
390357
390358
390359
39036
390360
390361
390362
390363
390364
390365
390366
390367
390368
390369
39037
390370
390371
390372
390373
390374
390376
390377
390378
390379
39038
390380
390381
390382
390383
390384
390385
390386
390387
390388
390389
39039
390390
390391
390392
390393
390394
390395
390396
390397
390398
390399
390400
390401
390402
390403
390405
390406
390407
390408
390409
39041
390410
390411
390413
390414
390415
390416
390417
390418
390419
39042
390420
390423
390424
390425
390426
390427
390428
390429
39043
390430
390431
390432
390433
390434
390435
390436
390437
390438
39044
390440
390441
390442
390443
390444
390445
390446
390447
390449
39045
390450
390451
390452
390453
390454
390455
390456
390457
390458
390459
390460
390461
390463
390464
390465
390466
390467
390468
390469
39047
390470
390471
390473
390474
390475
390476
390477
390478
390479
39048
390480
390481
390482
390483
390484
390485
390486
390487
390488
390489
39049
390490
390491
390492
390494
390495
390496
390497
390498
390499
39050
390500
390501
390502
390504
390505
390506
390507
390508
390509
39051
390510
390511
390512
390513
390514
390515
390516
390518
39052
390520
390521
390523
390524
390525
390526
390527
390528
390529
39053
390530
390531
390532
390533
390535
390536
390537
390538
390539
39054
390540
390541
390542
390543
390544
390545
390546
390547
390548
390549
39055
390550
390551
390552
390553
390554
390555
390556
390557
390558
390559
39056
390560
390561
390562
390563
390564
390565
390566
390567
390568
390569
39057
390570
390571
390572
390574
390575
390576
390577
390578
390579
390580
390581
390582
390583
390584
390585
390586
390587
390588
390589
390590
390591
390592
390593
390594
390595
390596
390597
390598
390599
39060
390602
390603
390604
390605
390606
390607
390608
390609
39061
390610
390611
390612
390613
390614
390616
390617
390618
39062
390620
390621
390622
390623
390624
390625
390626
390627
390628
390629
39063
390630
390631
390632
390633
390634
390635
390637
390638
390639
39064
390641
390642
390644
390646
390647
390648
390649
39065
390650
390651
390653
390654
390655
390656
390657
390658
390659
390660
390661
390663
390664
390665
390666
390667
390668
390669
39067
390671
390672
390673
390674
390675
390676
390677
390678
390679
39068
390680
390681
390682
390683
390684
390686
390687
390688
390689
39069
390690
390691
390692
390693
390694
390695
390696
390697
390698
390699
390700
390701
390702
390704
390705
390706
390707
390708
390709
390710
390711
390712
390713
390714
390715
390716
390717
390719
39072
390720
390721
390722
390723
390724
390725
390726
390727
390728
390729
390730
390731
390732
390733
390734
390735
390736
390737
390738
39074
390742
390743
390744
390745
390746
390747
390748
390749
39075
390750
390751
390752
390753
390754
390755
390756
390757
390758
390759
39076
390761
390762
390763
390764
390765
390766
390767
390768
390769
390770
390771
390772
390773
390774
390775
390776
390777
390778
390779
390780
390781
390782
390783
390784
390785
390786
390787
390788
390789
390790
390791
390792
390793
390794
390795
390796
390797
390798
390799
390801
390802
390803
390804
390805
390806
390807
390808
390809
39081
390810
390811
390812
390813
390814
390815
390816
390817
390818
390819
39082
390820
390821
390823
390824
390825
390826
390827
390828
390829
39083
390830
390831
390832
390833
390834
390837
390838
390839
39084
390840
390841
390842
390845
390846
390847
390848
39085
390850
390851
390852
390854
390855
390856
390857
390858
390859
390860
390862
390863
390864
390865
390866
390867
390868
390869
39087
390870
390871
390873
390874
390876
390878
390879
39088
390880
390881
390882
390883
390884
390885
390886
390887
390888
390889
39089
390890
390891
390892
390893
390894
390895
390896
390897
390898
390899
390900
390901
390902
390903
390904
390905
390906
390907
390908
390909
39091
390910
390912
390914
390916
390918
390919
39092
390920
390921
390922
390923
390924
390925
390926
390927
390928
390929
39093
390930
390931
390933
390934
390935
390936
390937
390938
390939
39094
390940
390941
390943
390944
390945
390946
390947
390948
390949
39095
390950
390951
390952
390953
390954
390955
390956
390957
390958
390959
390960
390961
390962
390964
390966
390967
390968
390969
39097
390971
390972
390973
390974
390975
390976
390977
390979
39098
390980
390981
390982
390983
390984
390985
390986
390987
390988
390989
390990
390991
390993
390994
390995
390996
390997
390998
390999
391
39100
391000
391002
391003
391004
391005
391006
391007
391008
391009
39101
391010
391011
391012
391013
391014
391015
391017
391018
391019
39102
391020
391021
391022
391023
391024
391025
391026
391027
391028
391029
39103
391030
391031
391032
391033
391034
391035
391036
391037
391039
39104
391041
391042
391043
391044
391045
391046
391047
391048
391049
39105
391050
391051
391052
391053
391054
391056
391057
391058
391059
39106
391060
391061
391062
391063
391065
391066
391067
391068
391069
39107
391070
391071
391072
391073
391074
391075
391076
391077
391078
391079
391080
391081
391082
391083
391084
391086
391087
391088
391089
39109
391090
391091
391092
391093
391094
391095
391096
391097
391098
391099
39110
391100
391101
391102
391103
391104
391105
391106
391107
391108
391109
39111
391110
391111
391112
391113
391115
391116
391117
391118
391119
39112
391120
391121
391122
391123
391124
391125
391126
391127
391128
391129
39113
391130
391131
391132
391133
391134
391135
391136
391137
391138
391139
39114
391141
391142
391143
391144
391145
391146
39115
391151
391152
391153
391154
391155
391156
391157
391158
391159
391160
391161
391162
391163
391164
391165
391166
391167
391168
391169
39117
391170
391171
391172
391173
391174
391175
391176
391177
391178
391179
39118
391181
391182
391183
391184
391185
391186
391188
391189
39119
391190
391191
391192
391193
391195
391196
391197
391198
391199
391200
391201
391202
391203
391204
391205
391206
391207
391208
391209
391210
391212
391213
391214
391215
391217
391218
391219
39122
391220
391221
391222
391223
391224
391225
391226
391227
391228
391229
39123
391230
391231
391232
391233
391234
391235
391236
391237
391238
391239
391240
391241
391242
391243
391244
391245
391246
391247
391248
391249
39125
391250
391251
391252
391253
391258
391259
39126
391260
391261
391262
391263
391264
391265
391267
391268
391269
39127
391270
391271
391273
391274
391276
391277
391278
39128
391280
391281
391282
391283
391284
391285
391286
391287
391288
391289
39129
391290
391291
391292
391293
391294
391295
391296
391297
391298
391299
39130
391300
391301
391302
391303
391304
391305
391306
391307
391308
391309
39131
391310
391311
391312
391313
391314
391315
391316
391317
391318
391319
391320
391321
391322
391323
391324
391325
391326
391327
391328
391329
391330
391331
391333
391334
391335
391336
391337
391338
391339
391340
391341
391342
391343
391344
391345
391346
391347
391348
391349
39135
391350
391351
391352
391353
391354
391355
391356
391357
391358
391359
391360
391361
391362
391363
391364
391365
391366
391367
391368
391369
39137
391370
391371
391372
391373
391374
391375
391376
391377
391378
391379
39138
391380
391381
391382
391384
391385
391386
391387
391388
391389
39139
391390
391391
391392
391393
391394
391395
391396
391397
391398
391399
39140
391401
391402
391403
391404
391405
391406
391407
391408
391409
39141
391410
391411
391412
391414
391415
391416
391418
391419
39142
391420
391421
391422
391423
391424
391426
391427
391428
391429
391430
391431
391432
391433
391434
391436
391438
391439
39144
391440
391441
391442
391443
391444
391445
391446
391447
391448
391449
39145
391450
391451
391452
391453
391454
391455
391456
391457
391458
391459
391460
391462
391463
391465
391466
391467
391468
391469
391470
391472
391473
391474
391475
391477
391478
391479
39148
391481
391482
391483
391484
391485
391486
391487
391488
391489
391490
391491
391492
391493
391494
391495
391496
391497
391498
391499
39150
391500
391501
391502
391503
391504
391506
391509
391510
391511
391512
391513
391515
391516
391517
391518
391519
39152
391520
391521
391522
391523
391524
391527
391529
39153
391530
391531
391532
391533
391534
391536
391537
391538
391539
39154
391540
391542
391543
391544
391545
391546
391547
391548
391549
39155
391550
391551
391552
391553
391554
391555
391556
391557
391558
391559
39156
391560
391561
391562
391563
391564
391565
391566
391569
39157
391570
391571
391572
391573
391574
391575
391576
391577
391578
391579
39158
391580
391581
391582
391583
391584
391585
391587
391588
391589
39159
391590
391591
391592
391593
391594
391595
391596
391597
391598
391599
391602
391603
391604
391605
391606
391608
391609
391610
391611
391612
391614
391615
391616
391617
391618
391619
39162
391620
391621
391622
391623
391624
391625
391626
391627
391628
391629
39163
391630
391632
391633
391634
391635
391636
391637
391638
391639
39164
391640
391641
391642
391643
391644
391646
391647
391648
391649
391650
391651
391652
391653
391654
391655
391656
391657
391658
391659
39166
391660
391661
391662
391663
391664
391668
39167
391670
391671
391672
391673
391674
391676
391677
391678
39168
391681
391683
391686
391687
391688
391689
39169
391690
391691
391692
391693
391694
391695
391696
391697
391698
39170
391700
391701
391702
391703
391704
391705
391706
391707
391708
391709
391710
391711
391713
391714
391715
391716
391717
391718
391719
39172
391720
391721
391722
391723
391724
391725
391726
391727
391728
391729
391730
391731
391732
391733
391734
391735
391736
391737
391738
391740
391741
391742
391743
391744
391746
391747
391748
391749
39175
391750
391751
391752
391753
391754
391755
391756
391757
391758
391759
39176
391760
391762
391763
391764
391765
391767
391768
391769
39177
391770
391771
391772
391773
391774
391775
391776
391777
391778
391779
39178
391780
391781
391782
391783
391784
391785
391786
391787
391788
391789
39179
391790
391791
391792
391793
391794
391796
391797
391798
39180
391800
391801
391802
391803
391804
391805
391807
391808
391809
39181
391810
391811
391812
391813
391814
391815
391816
391817
391818
391819
39182
391820
391821
391822
391823
391825
391826
391827
391828
391829
39183
391830
391831
391832
391833
391834
391835
391836
391837
391838
391839
391840
391841
391842
391843
391844
391845
391846
391847
391848
391849
39185
391850
391851
391852
391853
391854
391855
391856
391857
391858
391859
391861
391862
391863
391864
391865
391866
391868
391870
391872
391873
391874
391875
391876
391877
391878
391879
39188
391880
391881
391882
391883
391884
391885
391886
391887
391888
391889
39189
391890
391891
391892
391893
391894
391895
391896
391897
391898
391899
39190
391900
391901
391902
391903
391904
391905
391907
391908
391910
391911
391913
391914
391915
391916
391918
391919
39192
391922
391923
391924
391925
391926
391927
391928
391929
39193
391930
391931
391932
391933
391934
391935
391936
391937
391938
391939
39194
391940
391941
391942
391944
391945
391946
391947
391948
391949
39195
391950
391953
391954
391955
391956
391957
391958
391959
39196
391960
391961
391962
391963
391965
391966
391967
391969
39197
391970
391972
391973
391974
391975
391977
391978
391979
39198
391980
391981
391982
391983
391984
391985
391986
391987
391988
391989
391990
391991
391992
391993
391994
391995
391996
391998
391999
392
3920
39200
392000
392001
392002
392003
392004
392005
392006
392007
392008
392009
392010
392011
392012
392013
392014
392015
392016
392017
392018
392019
39202
392020
392021
392022
392023
392024
392025
392026
392027
392028
392029
39203
392030
392031
392032
392033
392034
392035
392036
392037
392038
392039
39204
392040
392041
392042
392043
392044
392045
392046
392047
392048
392049
39205
392050
392051
392053
392054
392055
392056
392057
392058
392059
39206
392060
392061
392062
392063
392064
392065
392066
392067
392068
392069
39207
392071
392072
392073
392074
392075
392076
392077
392078
392079
39208
392080
392081
392082
392083
392084
392085
392086
392087
392089
39209
392090
392091
392092
392093
392094
392095
392096
392097
392098
3921
39210
392100
392101
392102
392104
392105
392106
392107
392108
392109
39211
392110
392111
392112
392113
392114
392115
392116
392117
392118
392119
39212
392120
392123
392124
392125
392126
392127
392128
392129
39213
392131
392132
392133
392134
392135
392137
392138
392139
39214
392140
392141
392142
392143
392144
392145
392146
392147
392148
392149
39215
392150
392151
392152
392153
392154
392155
392156
392157
392158
392159
39216
392160
392161
392162
392163
392164
392165
392166
392167
392169
39217
392170
392171
392172
392173
392174
392175
392176
392177
392178
392179
39218
392180
392181
392182
392183
392184
392185
392186
392187
392188
392189
39219
392192
392193
392194
392195
392196
392197
392198
392199
3922
39220
392200
392201
392202
392203
392204
392205
392207
392208
392209
392210
392211
392212
392214
392215
392216
392217
392218
392219
39222
392220
392222
392224
392225
392227
392228
39223
392230
392231
392233
392235
392236
392237
392238
392239
39224
392240
392241
392242
392243
392244
392245
392246
392247
392248
392249
39225
392251
392252
392253
392254
392255
392256
392257
392258
392259
392260
392261
392262
392263
392264
392265
392266
392267
392268
392269
39227
392270
392271
392272
392273
392274
392275
392276
392277
392278
39228
392280
392282
392283
392284
392285
392286
392287
392288
392289
39229
392290
392291
392294
392295
392296
392297
392299
3923
39230
392300
392301
392302
392303
392304
392305
392306
392307
392308
39231
392310
392311
392312
392313
392314
392315
392316
392317
392318
392319
39232
392320
392321
392322
392323
392324
392325
392326
392327
392328
39233
392330
392331
392332
392333
392334
392336
392338
392339
39234
392340
392341
392342
392343
392344
392345
392346
392347
392348
392349
39235
392350
392351
392353
392354
392355
392356
392357
392358
392359
392360
392361
392362
392364
392365
392366
392367
392369
392370
392371
392372
392373
392374
392375
392376
392377
392378
392379
392380
392381
392382
392383
392384
392385
392386
392387
392388
392389
39239
392390
392391
392392
392393
392394
392395
392396
392398
392399
3924
39240
392400
392401
392402
392403
392404
392405
392406
392407
392408
392409
39241
392410
392411
392413
392414
392415
392416
392417
392418
392419
39242
392420
392421
392422
392424
392425
392426
392427
392428
392429
39243
392430
392431
392432
392434
392435
392436
392437
392438
392439
392440
392441
392442
392443
392444
392445
392446
392447
392448
392449
39245
392450
392451
392452
392453
392454
392455
392456
392457
392458
392459
39246
392460
392461
392462
392463
392464
392465
392466
392467
392468
392469
392470
392471
392472
392473
392474
392476
392477
392479
392480
392481
392482
392483
392484
392485
392486
392487
392488
392489
392490
392491
392493
392494
392497
392498
392499
39250
392502
392503
392504
392505
392506
392507
392508
392509
39251
392510
392511
392512
392513
392514
392517
392518
392519
39252
392520
392521
392522
392523
392524
392525
392526
392527
392529
39253
392530
392531
392532
392533
392535
392536
392538
39254
392540
392541
392542
392544
392545
392546
392547
392548
392549
39255
392551
392552
392553
392554
392555
392556
392557
392558
392559
39256
392560
392561
392562
392563
392564
392565
392566
392567
392568
392569
39257
392570
392571
392572
392573
392574
392575
392576
392577
392578
392579
392580
392581
392583
392584
392585
392586
392587
392588
392589
39259
392590
392591
392592
392593
392594
392595
392596
392597
392598
392599
39260
392600
392601
392602
392603
392604
392605
392606
392607
392608
392609
39261
392610
392611
392612
392613
392614
392616
392617
392618
39262
392620
392621
392622
392624
392625
392626
392627
392628
392629
39263
392630
392631
392632
392634
392635
392636
392637
392638
392639
39264
392640
392641
392643
392644
392646
392647
392648
392649
39265
392650
392651
392652
392653
392654
392655
392656
392657
392658
392659
39266
392660
392661
392662
392663
392664
392665
392666
392667
392668
39267
392670
392671
392672
392673
392674
392675
392676
392677
392678
392679
39268
392680
392681
392682
392683
392684
392685
392687
392688
39269
392690
392692
392693
392694
392696
392697
392698
392699
392700
392701
392702
392703
392704
392705
392706
392707
392708
392709
39271
392710
392711
392712
392713
392714
392715
392716
392717
392718
392719
392720
392721
392722
392723
392724
392726
392727
392728
39273
392730
392731
392732
392733
392734
392735
392736
392737
392738
392739
39274
392740
392741
392742
392743
392744
392745
392746
392747
392748
392749
392750
392751
392752
392753
392755
392756
392757
392758
392759
39276
392760
392761
392762
392763
392764
392765
392766
392767
392768
392769
39277
392770
392771
392772
392773
392774
392775
392777
392778
392779
39278
392780
392781
392782
392783
392784
392785
392786
392787
392788
392789
39279
392790
392791
392793
392794
392795
392796
392797
392798
392799
392800
392801
392802
392803
392804
392805
392806
392807
392808
392809
39281
392810
392811
392812
392813
392814
392815
392816
392817
392818
392819
39282
392820
392821
392822
392823
392824
392825
392829
39283
392830
392831
392832
392833
392834
392835
392836
392837
392838
392839
39284
392841
392842
392843
392844
392845
392846
392847
392848
392849
39285
392850
392852
392853
392854
392855
392856
392857
392858
392859
39286
392860
392861
392863
392864
392865
392866
392867
392868
39287
392870
392871
392872
392873
392874
392875
392876
392877
392878
392879
39288
392880
392882
392883
392884
392885
392886
392887
392888
392889
392891
392892
392893
392894
392895
392896
392897
392898
3929
392900
392901
392903
392905
392906
392907
392908
392909
39291
392910
392913
392914
392915
392916
392917
392918
392920
392921
392922
392923
392924
392926
392927
392928
392929
39293
392931
392932
392933
392934
392935
392936
392937
392938
392939
392940
392941
392942
392943
392944
392945
392946
392947
392948
392949
39295
392950
392951
392953
392954
392955
392956
392957
392958
392959
392960
392961
392962
392963
392964
392965
392966
392967
392968
392969
39297
392970
392971
392972
392973
392974
392975
392976
392977
392978
392979
39298
392980
392981
392982
392983
392984
392985
392986
392987
392988
392989
392990
392991
392992
392993
392994
392996
392997
392998
393
3930
393000
393001
393003
393005
393006
393007
393008
393009
