39301
393010
393011
393012
393013
393014
393015
393016
393017
393018
393019
39302
393021
393022
393023
393024
393025
393026
393027
393028
393029
39303
393031
393035
393037
39304
393040
393041
393042
393044
393045
393048
393049
39305
393050
393051
393052
393053
393054
393055
393056
393057
393058
393059
39306
393060
393061
393062
393063
393065
393066
393067
393068
393069
39307
393070
393071
393072
393073
393074
393075
393076
393077
393078
393079
39308
393080
393081
393082
393083
393084
393085
393086
393087
393088
393089
39309
393090
393091
393092
393093
393094
393096
393098
393099
3931
39310
393100
393101
393102
393103
393104
393105
393106
393107
393108
393109
39311
393110
393112
393113
393114
393115
393116
393117
393118
393119
39312
393120
393121
393122
393124
393125
393127
393128
393129
39313
393130
393131
393132
393133
393134
393136
393137
393138
393139
39314
393140
393141
393142
393143
393144
393145
393146
393147
393148
393149
39315
393150
393153
393154
393155
393156
393157
393158
393161
393162
393163
393164
393165
393166
393168
393169
39317
393170
393171
393172
393173
393174
393175
393176
393177
393178
393179
39318
393180
393181
393182
393183
393184
393185
393186
393187
393189
39319
393190
393191
393192
393193
393194
393195
393196
393197
393198
393199
39320
393200
393202
393203
393204
393205
393206
393207
393208
393209
393210
393211
393212
393213
393215
393216
393218
393219
39322
393221
393223
393224
393225
393226
393227
393228
393229
39323
393230
393231
393232
393233
393234
393235
393236
393237
393238
393239
39324
393240
393241
393242
393243
393244
393245
393247
393248
393249
393250
393251
393252
393253
393255
393256
393257
393258
393259
393260
393261
393262
393264
393265
393266
393268
393269
39327
393270
393271
393273
393274
393275
393276
393277
393278
393279
39328
393280
393281
393282
393283
393284
393285
393286
393287
393288
393289
39329
393290
393291
393292
393294
393295
393297
393298
393299
3933
393300
393301
393302
393303
393304
393305
393306
393307
393308
393309
39331
393310
393312
393313
393314
393315
393317
393318
393319
393320
393321
393322
393323
393324
393325
393327
393329
39333
393330
393331
393332
393333
393334
393336
393337
393338
393339
39334
393340
393342
393344
393345
393346
393347
393348
393349
39335
393350
393351
393352
393353
393355
393356
393357
393358
393359
39336
393360
393361
393362
393363
393364
393365
393366
393367
393368
393369
39337
393370
393371
393372
393373
393374
393376
393378
393379
393380
393381
393382
393383
393384
393385
393386
393387
393388
393389
393390
393391
393392
393393
393394
393395
393396
393397
393398
393399
3934
39340
393400
393401
393402
393404
393406
393407
393408
39341
393410
393411
393412
393413
393414
393416
393417
393418
393419
39342
393420
393421
393422
393423
393424
393425
393426
393427
393428
393429
39343
393430
393431
393432
393433
393434
393435
393436
393437
393438
39344
393440
393441
393442
393443
393444
393445
393446
393447
393448
393449
39345
393450
393451
393452
393453
393455
393456
393457
393458
393459
39346
393460
393461
393462
393463
393464
393465
393466
393468
393469
39347
393470
393471
393472
393473
393474
393475
393476
393477
393478
39348
393481
393482
393483
393484
393485
393487
393488
393489
39349
393490
393491
393492
393493
393494
393495
393496
393497
393498
393499
3935
39350
393500
393501
393502
393503
393504
393505
393506
393507
393508
393509
39351
393510
393511
393512
393513
393514
393515
393516
393517
393518
393519
39352
393520
393521
393522
393523
393524
393526
393527
393528
393529
39353
393530
393531
393532
393533
393535
393536
393537
393538
393539
39354
393540
393541
393542
393543
393544
393545
393546
393547
393548
393549
393551
393552
393554
393555
393556
393557
393558
393559
39356
393560
393561
393562
393564
393565
393566
393567
393568
393569
393570
393571
393572
393573
393574
393575
393576
393577
393578
393579
39358
393580
393581
393582
393583
393584
393585
393586
393587
393588
393589
39359
393590
393591
393592
393593
393594
393595
393596
393597
393598
3936
39360
393600
393601
393603
393604
393605
393606
393607
393608
393609
39361
393610
393611
393612
393613
393614
393616
393617
393619
393620
393621
393622
393623
393624
393625
393626
393627
393628
393629
393630
393631
393632
393634
393636
393637
393638
393639
393640
393641
393642
393643
393644
393645
393646
393647
393648
393649
393650
393651
393652
393653
393654
393655
393656
393657
393658
393659
39366
393661
393662
393663
393664
393665
393666
393667
393668
39367
393670
393671
393672
393673
393674
393675
393676
393677
393678
393679
39368
393680
393681
393682
393683
393684
393685
393686
393687
393688
393689
39369
393690
393691
393692
393693
393694
393695
393696
393697
393698
393699
3937
39370
393700
393701
393702
393703
393705
393706
393707
393708
393709
39371
393710
393711
393712
393713
393714
393715
393716
393717
393718
393719
39372
393720
393721
393722
393723
393724
393725
393726
393727
393728
393729
39373
393730
393731
393732
393733
393734
393735
393736
393737
393738
393739
39374
393740
393741
393742
393743
393745
393747
393748
393749
39375
393750
393751
393752
393753
393754
393755
393756
393757
39376
393760
393761
393763
393764
393765
393767
393768
39377
393771
393772
393773
393774
393775
393776
393777
393778
393779
39378
393780
393781
393782
393783
393785
393786
393787
393788
393789
39379
393790
393791
393792
393794
393795
393796
393797
393798
393799
3938
393801
393802
393803
393804
393806
393807
393808
393809
393810
393811
393812
393813
393814
393815
393816
393817
393818
393819
39382
393820
393821
393822
393823
393824
393825
393826
393827
393828
393829
39383
393830
393831
393832
393833
393834
393835
393836
393837
393838
393839
39384
393840
393841
393842
393843
393844
393845
393847
393848
393849
39385
393850
393851
393852
393853
393854
393855
393856
393857
393858
393859
39386
393860
393861
393862
393863
393864
393865
393866
393867
393868
393869
39387
393870
393871
393872
393873
393874
393875
393876
393877
393878
393879
39388
393880
393881
393882
393883
393884
393885
393886
393887
393888
393889
393890
393891
393892
393893
393894
393895
393897
393898
393899
3939
39390
393900
393901
393902
393903
393904
393905
393907
393909
39391
393911
393912
393913
393914
393915
393916
393917
393918
393919
39392
393920
393921
393922
393923
393924
393925
393926
393927
393929
39393
393930
393931
393932
393933
393934
393935
393936
393937
393939
393941
393942
393943
393944
393945
393946
393947
393948
393949
39395
393950
393951
393953
393954
393955
393956
393957
393958
393959
39396
393960
393961
393962
393963
393964
393965
393966
393967
393968
393969
39397
393970
393971
393972
393973
393974
393975
393976
393977
393978
393979
39398
393980
393981
393982
393983
393984
393985
393986
393987
393988
393989
39399
393990
393991
393992
393993
393994
393995
393996
393997
393998
3940
39400
394000
394003
394004
394005
394007
394008
394009
39401
394010
394011
394012
394013
394014
394015
394016
394017
394018
394019
39402
394020
394021
394022
394023
394024
394025
394026
394027
394028
394029
39403
394030
394031
394032
394033
394034
394035
394037
394038
394039
39404
394040
394041
394042
394043
394044
394045
394046
394047
394048
39405
394050
394051
394052
394053
394054
394055
394058
394059
39406
394060
394061
394062
394063
394064
394065
394066
394067
394068
394069
39407
394070
394071
394073
394074
394075
394076
394077
394078
394079
39408
394080
394081
394082
394083
394084
394085
394086
394089
39409
394090
394091
394092
394093
394094
394095
394096
394097
394098
394099
3941
39410
394102
394103
394104
394105
394106
394107
394108
394109
39411
394110
394111
394112
394113
394115
394116
394117
394118
394119
39412
394120
394121
394122
394123
394124
394125
394126
394128
394129
39413
394130
394131
394132
394133
394134
394135
394136
394137
394138
394139
39414
394140
394141
394142
394143
394144
394145
394146
394147
394148
394149
39415
394150
394151
394152
394153
394154
394155
394156
394157
394158
394159
394160
394161
394162
394163
394165
394166
394167
394168
394169
39417
394170
394171
394172
394173
394174
394175
394176
394177
394178
394179
39418
394180
394181
394183
394184
394185
394186
394187
394188
394189
39419
394190
394192
394193
394194
394195
394196
394197
394198
394199
3942
39420
394202
394203
394205
394206
394207
394208
394209
39421
394211
394212
394213
394214
394215
394216
394217
394218
394219
39422
394220
394221
394222
394223
394224
394225
394226
394227
394228
394230
394231
394232
394233
394234
394235
394236
394237
394238
394239
39424
394241
394242
394244
394245
394246
394247
394248
394249
39425
394250
394251
394252
394253
394254
394255
394256
394257
394259
39426
394260
394261
394262
394263
394264
394265
394267
394268
394269
394272
394273
394274
394275
394276
394277
394278
394279
39428
394280
394282
394283
394285
394287
394288
394289
394290
394291
394292
394293
394294
394296
394298
394299
3943
394300
394301
394302
394303
394304
394305
394306
394307
394308
394309
39431
394310
394311
394313
394314
394315
394316
394317
394318
39432
394320
394321
394322
394323
394324
394325
394326
394327
394328
394329
39433
394330
394331
394332
394333
394334
394335
394336
394337
394339
39434
394340
394341
394342
394343
394344
394345
394346
394347
394348
394349
39435
394350
394351
394352
394353
394354
394355
394356
394357
394358
394359
39436
394360
394361
394362
394363
394364
394365
394366
394367
394368
394369
39437
394371
394372
394373
394374
394375
394376
394378
394379
394380
394381
394382
394383
394384
394385
394386
394387
394388
394389
39439
394390
394391
394392
394393
394394
394395
394396
394397
394399
3944
394401
394402
394403
394404
394405
394406
394407
394409
39441
394410
394411
394412
394413
394414
394415
394416
394417
39442
394420
394421
394422
394423
394424
394425
394426
394428
39443
394430
394431
394432
394434
394435
394437
394439
39444
394440
394441
394442
394443
394444
394445
394446
394447
394448
394449
39445
394451
394452
394453
394454
394455
394456
394457
394459
39446
394460
394461
394462
394463
394464
394465
394466
394467
394468
394469
394470
394471
394472
394473
394474
394475
394476
394477
394478
394479
39448
394480
394481
394482
394483
394484
394485
394486
394487
394488
394489
39449
394490
394491
394492
394493
394494
394495
394496
394497
394498
394499
39450
394500
394501
394502
394503
394505
394506
394507
394508
394509
39451
394510
394511
394512
394513
394514
394515
394516
394517
394518
394519
39452
394520
394521
394522
394523
394524
394525
394526
394527
394528
394529
39453
394530
394531
394532
394533
394536
394537
394538
394539
394540
394541
394542
394543
394544
394545
394546
394547
394548
394549
39455
394550
394551
394552
394553
394554
394555
394556
394557
394558
394559
39456
394560
394561
394562
394563
394564
394565
394566
394567
394568
394569
39457
394570
394571
394572
394573
394574
394575
394576
394577
394578
394579
39458
394580
394582
394584
394585
394586
394587
394588
394589
39459
394590
394591
394592
394593
394594
394595
394596
394597
394598
394599
394600
394601
394602
394603
394604
394605
394606
394607
394608
394609
394610
394612
394613
394614
394615
394616
394617
394619
39462
394620
394621
394622
394624
394625
394626
394627
394628
394629
39463
394630
394631
394632
394633
394635
394637
394638
394639
39464
394640
394641
394642
394643
394644
394645
394646
394647
394648
394649
39465
394650
394651
394652
394653
394654
394655
394656
394657
394658
394659
39466
394660
394661
394663
394664
394665
394667
394668
39467
394670
394671
394672
394673
394674
394675
394676
394677
394678
394679
39468
394680
394681
394682
394684
394685
394687
394688
394689
39469
394690
394691
394692
394693
394694
394695
394696
394697
394698
394699
39470
394700
394701
394702
394703
394704
394706
394707
394708
394709
39471
394710
394711
394712
394713
394714
394715
394716
394717
394718
394719
39472
394720
394721
394722
394723
394724
394725
394726
394727
394728
394729
39473
394730
394731
394732
394734
394735
394736
394738
394739
39474
394740
394741
394742
394743
394744
394745
394746
394747
394748
394749
394750
394751
394752
394753
394754
394755
394756
394757
394758
394759
39476
394760
394761
394762
394763
394764
394765
394766
394767
394768
394769
39477
394770
394771
394772
394773
394774
394775
394776
394777
394778
394779
39478
394780
394782
394785
394787
394789
39479
394790
394791
394792
394794
394796
394797
394798
39480
394800
394802
394803
394804
394805
394806
394807
394808
39481
394810
394811
394812
394813
394814
394816
394817
394818
394819
39482
394820
394821
394822
394823
394824
394826
394827
394829
39483
394830
394831
394832
394833
394834
394835
394836
394837
394838
394839
39484
394840
394841
394842
394843
394844
394845
394846
394847
394848
394849
39485
394851
394852
394853
394854
394855
394856
394859
39486
394860
394861
394862
394863
394864
394865
394869
394871
394872
394875
394877
394878
394879
39488
394880
394881
394882
394883
394884
394886
394887
394888
394889
39489
394891
394892
394893
394895
394896
394897
394898
394899
39490
394900
394901
394902
394903
394904
394905
394907
394908
394909
39491
394910
394911
394912
394913
394916
394917
394918
394920
394921
394922
394923
394924
394925
394927
394928
394929
39493
394930
394931
394933
394934
394936
394937
394938
394939
39494
394940
394941
394942
394943
394944
394945
394946
394947
394948
394949
39495
394950
394951
394952
394953
394954
394955
394956
394957
394958
394959
39496
394960
394961
394962
394963
394964
394965
394966
394967
394968
39497
394970
394971
394972
394973
394974
394975
394976
394977
394978
39498
394980
394981
394984
394985
394986
394987
394988
39499
394990
394991
394993
394994
394995
394996
394997
394998
394999
395
395000
395001
395002
395003
395004
395005
395006
395007
395008
395009
39501
395010
395011
395012
395013
395014
395016
395017
395018
395019
39502
395020
395021
395022
395023
395024
395025
395026
395027
395028
395029
39503
395030
395031
395032
395033
395034
395035
395036
395038
395039
39504
395040
395041
395042
395043
395044
395045
395047
395048
39505
395050
395051
395052
395053
395054
395055
395056
395057
395058
395059
39506
395060
395061
395062
395063
395064
395065
395066
395067
395068
395069
39507
395072
395075
395076
395078
395079
39508
395080
395081
395082
395083
395084
395085
395087
39509
395094
395095
395097
395098
395099
39510
395100
395101
395103
395105
395107
395108
395109
39511
395111
395112
395113
395114
395115
395117
395119
39512
395120
395121
395122
395123
395124
395125
395126
395128
39513
395130
395132
395134
395135
395136
395137
395138
39514
395140
395141
395142
395143
395145
395147
395149
395150
395151
395152
395153
395154
395155
395157
395159
39516
395160
395161
395163
395164
395165
395166
395168
39517
395170
395171
395173
395174
395175
395176
395177
395178
395179
39518
395180
395181
395182
395184
395185
395186
395187
395188
395189
39519
395190
395191
395192
395194
395195
395196
395197
395198
395199
39520
395200
395201
395202
395203
395206
395211
395212
395213
395214
395215
395216
395217
395218
395219
39522
395220
395221
395222
395223
395224
395225
395226
395227
395228
395229
39523
395230
395231
395232
395233
395234
395235
395236
395237
395238
395239
39524
395240
395241
395242
395243
395244
395245
395246
395247
395248
395249
39525
395250
395251
395252
395253
395255
395256
395257
395258
395259
39526
395260
395261
395262
395263
395264
395268
395269
39527
395270
395271
395272
395273
395274
395275
395276
395278
395279
39528
395280
395281
395282
395285
395286
395287
395288
395289
39529
395290
395292
395293
395294
395295
395296
395297
395298
395299
395300
395302
395303
395304
395305
395306
395307
395308
39531
395310
395311
395313
395314
395315
395316
395317
395318
395319
395320
395321
395322
395323
395324
395325
395327
395328
39533
395330
395331
395332
395333
395334
395335
395336
395337
395338
395339
395341
395342
395343
395344
395345
395346
395347
395348
395349
39535
395350
395351
395352
395353
395354
395355
395356
395357
395358
395359
39536
395360
395361
395362
395363
395364
395365
395366
395367
395369
39537
395370
395371
395374
395376
395378
395379
39538
395380
395381
395382
395383
395384
395385
395386
395387
395388
395389
39539
395390
395391
395392
395393
395394
395395
395397
395398
39540
395402
395403
395404
395405
395406
395407
395408
395409
39541
395410
395411
395412
395413
395417
395420
395422
395423
395424
395425
395426
395427
395429
39543
395430
395431
395432
395434
395435
395436
395437
395438
395439
39544
395440
395441
395442
395443
395444
395445
395446
395447
395448
395449
39545
395450
395451
395452
395453
395454
395455
395456
395457
395458
395459
395460
395461
395462
395463
395464
395465
395467
395468
395469
39547
395471
395473
395474
395475
395476
395478
395479
395480
395481
395482
395483
395484
395485
395487
395488
395489
39549
395490
395491
395492
395493
395494
395495
395496
395497
395498
395499
39550
395500
395501
395502
395503
395504
395505
395506
395507
395509
39551
395511
395512
395513
395514
395515
395516
395517
395518
395519
39552
395520
395521
395522
395523
395524
395525
395526
395527
395528
395529
395530
395531
395532
395534
395535
395536
395537
395538
395539
39554
395540
395541
395542
395543
395547
395548
395549
39555
395550
395551
395552
395553
395554
395555
395556
395557
395558
395559
39556
395560
395561
395562
395564
395565
395566
395567
395568
395569
39557
395570
395571
395572
395573
395574
395575
395576
395577
395578
395579
39558
395580
395582
395583
395584
395585
395586
395587
395588
395589
39559
395590
395591
395592
395593
395594
395595
395597
395598
395599
39560
395600
395601
395602
395605
395606
395608
395609
39561
395610
395611
395612
395613
395614
395615
395616
395617
395618
395619
39562
395620
395621
395622
395623
395624
395625
395626
395627
395628
395629
39563
395631
395632
395635
395638
395639
39564
395640
395641
395642
395643
395644
395645
395647
395648
395649
395650
395651
395652
395653
395654
395655
395656
395657
395658
395659
395660
395661
395662
395663
395665
395666
395667
395668
39567
395670
395671
395672
395673
395674
395675
395676
395677
395678
395679
39568
395680
395681
395682
395684
395685
395687
395688
395689
39569
395690
395691
395692
395693
395694
395695
395696
395697
395698
395699
39570
395700
395701
395702
395703
395704
395705
395706
395707
395708
395709
39571
395710
395711
395712
395713
395714
395715
395717
395718
395719
39572
395720
395721
395722
395723
395724
395725
395726
395727
395728
395729
39573
395730
395731
395732
395733
395734
395735
395737
395738
39574
395740
395741
395742
395743
395744
395745
395746
395747
395748
395749
39575
395750
395751
395752
395753
395754
395755
395756
395757
395758
395759
39576
395760
395761
395762
395763
395764
395765
395768
395769
39577
395770
395773
395774
395775
395776
395777
395778
395779
39578
395780
395781
395782
395783
395784
395785
395786
395787
395789
39579
395790
395791
395792
395793
395794
395795
395796
395797
395798
395799
39580
395800
395802
395803
395804
395805
395806
395807
395808
395809
39581
395810
395811
395812
395813
395814
395815
395816
395817
395818
395819
39582
395820
395821
395822
395823
395824
395825
395826
395827
395828
395829
39583
395830
395831
395832
395833
395834
395835
395836
395837
395839
39584
395840
395841
395842
395843
395844
395845
395846
395847
395848
395849
39585
395850
395851
395852
395853
395855
395856
395857
395858
395859
39586
395860
395861
395862
395863
395864
395865
395866
395867
395868
395869
39587
395870
395872
395875
395876
395877
395878
395879
39588
395880
395881
395882
395883
395884
395885
395886
395887
395888
395889
39589
395890
395891
395892
395893
395894
395895
395896
395897
395898
395899
3959
39590
395901
395902
395903
395904
395905
395906
395907
395908
39591
395910
395911
395912
395913
395914
395915
395916
395917
395918
395919
39592
395920
395921
395922
395923
395924
395925
395926
395927
395928
395929
39593
395930
395931
395932
395933
395934
395935
395937
395938
395939
39594
395940
395941
395942
395943
395944
395945
395946
395947
395948
395949
39595
395950
395951
395952
395953
395955
395956
395957
395958
395959
39596
395960
395961
395962
395963
395964
395965
395967
395968
395969
39597
395970
395971
395972
395974
395975
395976
395977
395978
395979
39598
395980
395981
395982
395985
395986
395987
395988
395989
39599
395990
395991
395992
395993
395994
395995
395997
395998
395999
396
3960
39600
396000
396001
396002
396003
396004
396005
396006
396007
396008
396009
39601
396010
396011
396012
396013
396014
396015
396016
396017
396018
396019
39602
396020
396021
396022
396023
396024
396025
396026
396027
396028
396029
39603
396030
396031
396032
396033
396034
396035
396036
396037
396038
396039
39604
396040
396041
396042
396043
396045
396048
396049
39605
396050
396051
396052
396053
396054
396055
396056
396057
396058
396059
39606
396060
396061
396062
396063
396064
396065
396066
396068
396069
39607
396070
396071
396072
396073
396074
396075
396076
396077
396078
396079
39608
396080
396081
396082
396083
396084
396085
396086
396087
396088
396089
39609
396090
396091
396092
396093
396094
396095
396096
396097
396098
396099
3961
39610
396100
396101
396102
396103
396104
396105
396106
396107
396108
396109
39611
396110
396111
396112
396113
396114
396115
396116
396117
396118
396119
39612
396120
396121
396122
396123
396124
396125
396126
396127
396128
396129
39613
396130
396131
396132
396133
396134
396135
396136
396137
396138
396139
39614
396140
396141
396142
396144
396146
396147
396148
396149
39615
396150
396151
396152
396153
396154
396155
396156
396157
396158
396159
39616
396160
396161
396162
396163
396164
396165
396166
396167
396168
396169
39617
396171
396172
396173
396174
396175
396176
396177
396178
396179
39618
396180
396181
396182
396185
396186
396187
396188
396189
39619
396190
396191
396193
396194
396195
396196
396197
396198
396199
3962
39620
396200
396202
396204
396205
396206
396207
396208
396209
39621
396210
396211
396212
396213
396214
396215
396216
396217
396218
396219
39622
396220
396221
396222
396223
396226
396227
396228
39623
396230
396231
396232
396233
396235
396236
396237
396238
39624
396241
396242
396243
396244
396245
396246
396247
396248
396249
39625
396250
396251
396252
396253
396254
396255
396256
396257
396258
396259
39626
396260
396261
396262
396263
396264
396265
396266
396267
396268
396269
39627
396270
396271
396272
396273
396274
396275
396276
396277
396278
396279
39628
396280
396281
396282
396283
396284
396285
396287
396288
396289
39629
396290
396291
396292
396293
396294
396295
396296
396297
396298
396299
39630
396300
396301
396302
396303
396304
396305
396306
396307
396309
39631
396310
396311
396312
396313
396314
396316
396318
396319
39632
396320
396321
396322
396324
396325
396326
396327
396329
39633
396330
396331
396332
396333
396335
396336
396337
396338
396339
39634
396340
396341
396342
396343
396344
396345
396346
396347
396348
396349
396350
396351
396352
396353
396354
396355
396357
396358
39636
396360
396361
396362
396363
396364
396365
396366
396367
396368
396369
39637
396370
396371
396372
396373
396374
396376
396377
396378
39638
396381
396383
396384
396386
396387
396388
396389
39639
396390
396391
396392
396393
396394
396395
396396
396397
396398
396399
39640
396400
396402
396403
396404
396405
396406
396407
396408
396409
39641
396410
396411
396412
396413
396414
396415
396416
396417
396419
39642
396420
396421
396422
396423
396424
396425
396427
396428
396429
39643
396432
396433
396434
396435
396436
396437
396438
396439
39644
396440
396441
396442
396443
396444
396445
396446
396447
396448
396449
39645
396450
396451
396452
396453
396454
396455
396457
396458
396459
39646
396461
396462
396463
396464
396465
396466
396467
396468
396469
39647
396470
396471
396472
396473
396474
396476
396477
396478
396479
39648
396480
396482
396483
396484
396485
396486
396487
396488
396489
39649
396491
396492
396493
396494
396495
396496
396497
396498
396499
39650
396500
396501
396502
396503
396504
396505
396506
396507
396508
396509
39651
396510
396511
396512
396513
396514
396515
396517
396518
396519
39652
396520
396521
396522
396523
396524
396525
396526
396527
396528
39653
396531
396532
396533
396534
396535
396536
396537
396538
396539
39654
396540
396541
396542
396543
396544
396545
396546
396547
396548
396549
39655
396550
396551
396553
396554
396555
396556
396557
396559
39656
396560
396561
396562
396563
396564
396565
396566
396567
396568
396569
39657
396570
396571
396572
396573
396574
396575
396576
396577
396579
39658
396580
396581
396582
396583
396584
396585
396586
396587
396588
396589
39659
396590
396591
396592
396593
396594
396595
396596
396597
396598
396599
3966
39660
396600
396601
396602
396603
396604
396606
396607
396608
396609
39661
396610
396611
396612
396613
396614
396615
396616
396619
39662
396621
396622
396623
396624
396625
396626
396627
396628
39663
396630
396631
396632
396633
396634
396635
396636
396638
396639
39664
396641
396642
396643
396644
396645
396646
396647
396648
396649
39665
396651
396652
396653
396654
396655
396656
396657
396658
396659
39666
396660
396661
396662
396663
396664
396665
396666
396667
396668
396669
39667
396671
396672
396673
396674
396675
396676
396677
396678
396679
396680
396681
396682
396684
396685
396686
396687
396688
396689
39669
396690
396691
396692
396693
396694
396695
396696
396697
396698
396699
3967
39670
396700
396701
396702
396703
396704
396705
396706
396707
39671
396710
396711
396712
396713
396714
396715
396717
396718
396719
39672
396722
396723
396724
396725
396726
396727
396728
396729
39673
396730
396731
396732
396733
396734
396736
396737
396738
396739
39674
396740
396742
396743
396744
396745
396746
396747
396748
39675
396750
396751
396752
396753
396754
396755
396756
396757
396758
396759
39676
396760
396761
396762
396763
396764
396765
396766
396767
396768
396769
39677
396770
396771
396772
396773
396774
396775
396776
396777
396778
396779
39678
396780
396782
396783
396784
396785
396786
396788
396789
39679
396790
396791
396792
396793
396794
396795
396796
396797
396798
3968
396801
396802
396803
396804
396805
396806
396807
396809
39681
396810
396811
396812
396813
396814
396815
396816
396817
396818
396819
39682
396820
396821
396822
396823
396824
396825
396826
396827
396828
396829
39683
396830
396832
396833
396834
396835
396836
396837
396838
39684
396840
396841
396842
396843
396844
396845
396846
396847
396848
396849
39685
396850
396851
396852
396853
396854
396855
396856
396857
396858
396859
39686
396860
396861
396862
396863
396864
396865
396866
396867
396868
396869
396870
396871
396872
396873
396874
396875
396876
396877
396878
396879
39688
396880
396881
396882
396883
396884
396885
396886
396887
396888
396889
39689
396890
396891
396892
396893
396894
396895
396896
396897
396898
396899
3969
39690
396900
396903
396904
396909
39691
396911
396912
396913
396914
396915
396916
396917
396919
396920
396921
396922
396923
396924
396925
396926
396927
396928
396929
39693
396930
396931
396932
396933
396934
396935
396936
396937
396938
396939
396940
396942
396943
396944
396945
396946
396947
396948
396949
39695
396950
396951
396952
396953
396954
396955
396956
396957
396958
396959
396960
396961
396962
396963
396964
396965
396966
396968
396969
39697
396970
396971
396972
396973
396974
396975
396976
396977
396978
396979
39698
396980
396981
396982
396983
396984
396986
396987
396988
396989
39699
396990
396991
396992
396993
396994
396995
396996
396997
396999
397
3970
39700
397000
397001
397002
397003
397004
397005
397006
397007
397008
397009
397010
397011
397012
397013
397014
397015
397016
397017
397018
397019
39702
397020
397021
397022
397023
397025
397026
397028
39703
397030
397031
397032
397035
397036
397037
397038
397039
39704
397040
397041
397042
397043
397044
397045
397046
397047
397049
39705
397050
397051
397052
397055
397057
397059
39706
397060
397061
397062
397063
397064
397065
397067
397068
397069
39707
397070
397071
397072
397073
397074
397075
397076
397077
397078
397079
39708
397080
397081
397082
397083
397084
397085
397086
397087
397088
397089
39709
397090
397091
397092
397093
397094
397095
397097
397098
397099
39710
397100
397101
397102
397103
397104
397105
397106
397107
397108
397109
39711
397110
397111
397112
397113
397114
397116
397117
397118
397119
397121
397122
397123
397124
397126
397127
397128
397129
39713
397130
397131
397132
397133
397134
397135
397136
397137
397138
397139
39714
397140
397141
397142
397144
397145
397146
397147
397148
397149
39715
397150
397151
397152
397153
397154
397155
397156
397157
397158
397159
39716
397160
397161
397162
397163
397164
397165
397166
397167
397168
397169
39717
397170
397171
397172
397173
397174
397175
397176
397177
397178
397179
39718
397180
397181
397182
397183
397184
397185
397186
397187
397188
397189
39719
397190
397191
397192
397193
397194
397195
397196
397197
397198
397199
39720
397200
397201
397202
397204
397206
397208
397209
39721
397210
397211
397213
397215
397216
397217
397218
397219
39722
397220
397221
397222
397223
397224
397225
397226
397227
397228
397229
39723
397230
397231
397232
397233
397234
397235
397236
397237
397238
397239
39724
397240
397242
397243
397244
397245
397246
397247
397248
397249
39725
397250
397251
397253
397254
397255
397256
397257
397258
397259
39726
397260
397261
397262
397263
397264
397265
397266
397267
397268
397269
39727
397270
397271
397272
397273
397274
397275
397276
397277
397278
397279
39728
397280
397281
397282
397283
397285
397286
397287
397288
397289
39729
397290
397291
397292
397293
397294
397295
397296
397297
397298
397299
39730
397300
397301
397302
397303
397304
397305
397306
397307
397308
397309
39731
397310
397311
397312
397313
397314
397315
397316
397317
397318
397319
39732
397320
397321
397322
397323
397324
397325
397326
397327
397328
397329
39733
397330
397331
397332
397333
397334
397335
397336
397337
397338
397339
39734
397340
397341
397343
397344
397346
397347
397348
397349
39735
397351
397352
397353
397354
397355
397356
397358
397359
39736
397360
397361
397362
397363
397364
397365
397366
397367
397368
397369
39737
397371
397372
397373
397374
397375
397376
397377
397378
397379
39738
397380
397381
397383
397384
397385
397386
397387
397388
397389
39739
397390
397391
397392
397393
397394
397395
397396
397397
397398
397399
397400
397401
397402
397403
397404
397405
397406
397407
397408
397409
39741
397410
397411
397412
397414
397415
397416
397417
397418
397419
39742
397420
397421
397422
397423
397424
397425
397426
397427
397428
397429
39743
397431
397432
397433
397434
397435
397436
397437
397439
39744
397440
397441
397442
397444
397445
397446
397447
397448
397449
39745
397450
397451
397452
397453
397454
397455
397456
397457
397458
397459
39746
397460
397461
397462
397465
397466
397467
397468
397469
397470
397472
397473
397474
397475
397476
397477
397478
397479
397480
397481
397482
397483
397484
397485
397486
397487
397488
397489
39749
397490
397492
397493
397494
397495
397496
397497
397499
39750
397500
397501
397502
397503
397505
397506
397507
397508
397509
39751
397510
397511
397512
397513
397514
397515
397516
397517
397518
397519
39752
397520
397521
397522
397523
397524
397525
397526
397528
397529
397530
397531
397532
397534
397535
397536
397537
397538
397539
39754
397540
397541
397542
397543
397544
397545
397546
397548
397549
39755
397551
397552
397553
397555
397556
397557
397558
397559
39756
397560
397561
397562
397563
397564
397565
397566
397567
397568
397569
397570
397571
397572
397573
397574
397575
397576
397577
397578
397579
39758
397581
397582
397583
397584
397585
397587
397588
397590
397591
397593
397594
397595
397596
397597
397598
3976
39760
397600
397601
397603
397604
397605
397606
397607
397608
397609
39761
397611
397612
397614
397615
397616
397617
397619
39762
397620
397621
397622
397623
397624
397625
397626
397627
397628
397629
39763
397630
397631
397632
397633
397634
397635
397636
397637
397638
397639
39764
397640
397641
397642
397643
397644
397645
397646
397647
397648
397649
39765
397650
397651
397652
397653
397654
397655
397656
397657
397658
397659
39766
397660
397661
397663
397664
397666
397667
397668
397669
39767
397671
397672
397673
397674
397676
397677
397679
39768
397680
397681
397682
397683
397684
397685
397686
397688
397689
39769
397690
397691
397692
397693
397694
397695
397696
397698
3977
39770
397701
397702
397704
397705
397706
397707
397708
397709
39771
397710
397711
397712
397713
397714
397715
397716
397717
397718
397719
39772
397720
397721
397722
397723
397724
397725
397726
397727
397728
39773
397730
397731
397732
397733
397734
397735
397736
397737
397738
397739
39774
397740
397741
397742
397743
397744
397745
397747
397748
397749
39775
397750
397751
397752
397753
397755
397757
397758
397759
39776
397760
397761
397762
397763
397764
397765
397766
397767
397768
397769
39777
397770
397771
397772
397773
397774
397776
397777
397778
397779
39778
397780
397781
397784
397785
397787
397788
39779
397790
397791
397792
397793
397795
397796
397797
397798
397799
3978
39780
397800
397801
397802
397803
397804
397805
397806
397807
397808
397809
39781
397810
397812
397813
397814
397815
397816
397817
397818
397819
397820
397821
397822
397823
397824
397825
397826
397827
397828
397829
39783
397830
397831
397832
397834
397835
397836
397837
397838
397839
39784
397840
397841
397842
397845
397846
397847
397849
39785
397850
397851
397852
397853
397855
397856
397857
397858
397859
39786
397860
397861
397862
397863
397864
397865
397866
397867
397868
397869
39787
397870
397871
397873
397874
397875
397876
397878
397879
39788
397880
397881
397882
397883
397884
397885
397886
397887
397888
397889
397890
397891
397892
397893
397894
397895
397896
397897
397898
397899
3979
397900
397901
397902
397903
397904
397906
397908
397909
397910
397911
397912
397913
397914
397915
397916
397917
397918
397919
397920
397921
397922
397923
397924
397925
397926
397927
397928
397929
39793
397930
397931
397932
397933
397934
397935
397936
397937
397938
397939
39794
397940
397941
397942
397943
397944
397945
397946
397947
397948
397949
39795
397950
397951
397952
397953
397954
397955
397956
397958
397959
39796
397960
397962
397964
397965
397966
397967
397968
397969
39797
397970
397971
397972
397973
397974
397975
397976
397977
397978
397979
39798
397980
397981
397982
397983
397984
397985
397986
397987
397988
397989
39799
397990
397991
397992
397993
397994
397996
397997
397998
398
3980
39800
398001
398002
398003
398004
398006
398007
398008
39801
398010
398011
398012
398013
398014
398015
398016
398017
398018
398019
39802
398020
398021
398022
398023
398024
398025
398026
398027
398029
39803
398030
398031
398032
398033
398034
398035
398037
39804
398042
398043
398044
398045
398046
