408253
408254
408255
408256
408257
408258
40826
408260
408261
408262
408263
408264
408265
408266
408267
408268
408269
40827
408270
408271
408272
408273
408274
408275
408276
408277
408278
408279
40828
408280
408281
408282
408285
408286
408287
408288
408289
40829
408290
408291
408292
408294
408295
408296
408297
408298
408299
40830
408301
408302
408303
408304
408306
408307
408308
408309
408311
408312
408313
408314
408315
408316
408317
408318
408319
40832
408320
408321
408322
408323
408325
408326
408327
408329
40833
408330
408331
408332
408333
408334
408335
408336
408337
408339
40834
408340
408341
408342
408345
408346
408347
408351
408352
408353
408354
408355
408356
408357
408358
408359
40836
408360
408361
408362
408363
408364
408365
408366
408367
408368
408369
40837
408370
408371
408372
408373
408374
408375
408376
408377
408378
408379
40838
408380
408381
408382
408383
408384
408385
408386
408387
408388
408389
40839
408390
408391
408393
408394
408395
408396
408397
408398
408399
408400
408401
408402
408403
408404
408405
408406
408407
408408
408409
40841
408410
408411
408412
408413
408414
408415
408416
408417
408418
408419
40842
408420
408421
408422
408423
408424
408425
408426
408427
408428
408429
40843
408430
408431
408432
408434
408435
408436
408437
408438
408439
40844
408440
408444
408445
408446
408447
408448
408449
408450
408451
408452
408453
408454
408455
408456
408457
408458
408459
40846
408461
408462
408463
408464
408465
408466
408467
408468
408469
40847
408470
408471
408472
408473
408474
408475
408476
408477
408478
408479
40848
408481
408483
408484
408485
408486
408487
408488
408489
40849
408490
408491
408492
408493
408494
408495
408496
408497
408498
40850
408500
408501
408502
408503
408505
408506
408507
408508
408509
40851
408510
408511
408512
408513
408514
408515
408516
408517
408518
408519
40852
408520
408521
408522
408523
408524
408525
408526
408527
408528
408529
408530
408531
408532
408533
408534
408535
408536
408537
408538
408539
40854
408540
408541
408542
408543
408544
408545
408546
408547
408548
408549
40855
408550
408551
408552
408553
408554
408555
408556
408557
408558
408559
40856
408560
408561
408562
408563
408564
408565
408566
408567
408568
408569
40857
408570
408571
408572
408573
408574
408576
408577
408578
408579
40858
408581
408582
408583
408584
408585
408586
408587
408588
408589
40859
408590
408591
408592
408593
408594
408595
408596
408597
408598
408599
40860
408600
408601
408602
408603
408604
408605
408606
408607
408608
408609
40861
408610
408612
408613
408614
408615
408616
408617
408618
408619
40862
408620
408621
408622
408623
408624
408625
408626
408627
408628
408629
40863
408630
408631
408632
408633
408634
408635
408636
408637
408638
408639
40864
408640
408642
408644
408645
408646
408647
408648
408649
40865
408650
408651
408652
408653
408654
408655
408656
408657
408658
408659
40866
408660
408661
408662
408663
408664
408665
408666
408667
408668
408669
408670
408671
408672
408673
408675
408676
408677
408678
408679
408680
408683
408684
408685
408686
408687
408688
408689
408690
408691
408692
408693
408694
408695
408696
408697
408698
408699
408700
408701
408702
408703
408704
408705
408706
408707
408708
408709
40871
408710
408711
408712
408713
408714
408717
408719
40872
408720
408721
408722
408723
408724
408727
408728
408729
40873
408730
408731
408732
408733
408734
408735
408736
408738
408739
40874
408740
408741
408742
408743
408744
408745
408746
408747
408748
408749
40875
408750
408751
408752
408753
408754
408755
408756
408757
408758
40876
408760
408761
408762
408763
408764
408765
408766
408767
408768
408769
40877
408770
408771
408773
408774
408775
408776
408777
408778
408779
40878
408780
408781
408782
408783
408784
408785
408786
408788
408789
40879
408790
408791
408792
408793
408794
408795
408797
408798
408799
40880
408800
408802
408803
408804
408805
408806
408807
408808
408809
40881
408810
408811
408814
408817
408819
40882
408820
408821
408822
408823
408824
408825
408826
408827
408828
408829
40883
408830
408831
408832
408833
408835
408836
408837
408838
408839
408840
408841
408842
408843
408844
408845
408846
408847
408848
408849
40885
408850
408851
408852
408853
408854
408855
408856
408857
408858
408859
40886
408860
408861
408862
408863
408864
408866
408867
408868
408869
40887
408870
408871
408872
408874
408875
408876
408877
408878
408879
40888
408880
408881
408882
408883
408884
408885
408886
408887
408888
408889
40889
408890
408891
408892
408893
408894
408895
408896
408897
408898
408899
40890
408900
408902
408903
408904
408905
408906
408907
408908
408909
40891
408910
408911
408912
408913
408914
408915
408916
408917
408918
408919
40892
408920
408921
408922
408923
408924
408925
408926
408927
408928
408929
408930
408931
408932
408933
408934
408935
408936
408937
408938
408939
40894
408940
408943
408945
408946
408947
408948
408949
40895
408950
408951
408952
408953
408955
408956
408957
408958
408959
40896
408960
408961
408962
408963
408964
408965
408966
408967
408968
408969
408970
408971
408972
408973
408974
408975
408976
408977
408978
408979
40898
408980
408981
408982
408983
408984
408985
408986
408987
408988
408989
408990
408991
408992
408993
408994
408995
408996
408997
408998
408999
409
40900
409000
409001
409003
409006
409007
409008
409009
409010
409011
409012
409014
409015
409016
409017
409018
409019
409020
409021
409022
409023
409024
409025
409027
409028
409029
409030
409032
409033
409034
409035
409036
409037
409038
409039
409040
409041
409042
409043
409045
409046
409048
409049
409051
409053
409055
409056
409057
409058
409059
40906
409060
409062
409063
409064
409066
409067
409068
409069
40907
409070
409074
409076
409078
40908
409080
409081
409083
409084
409086
409087
409088
409089
40909
409090
409091
409092
409093
409094
409095
409097
409098
409099
40910
409100
409101
409102
409103
409104
409105
409106
409107
409108
409109
40911
409110
409111
409112
409113
409114
409115
409116
409117
409118
409119
40912
409120
409122
409123
409124
409125
409127
409128
409129
40913
409130
409131
409132
409133
409134
409136
409137
409139
40914
409140
409141
409142
409143
409144
409145
409146
409147
409148
409149
409150
409151
409152
409154
409155
409156
409157
409159
40916
409160
409161
409162
409163
409164
409165
409166
409167
409168
409169
409170
409171
409172
409173
409174
409176
409177
409178
409179
40918
409182
409183
409185
409189
40919
409190
409192
409193
409194
409195
409196
409197
409198
409199
40920
409200
409201
409202
409203
409204
409205
409206
409207
409208
409209
40921
409210
409211
409212
409213
409214
409215
409216
409217
409218
409219
40922
409220
409221
409222
409223
409224
409225
409226
409227
409228
409229
40923
409230
409231
409232
409233
409234
409235
409236
409238
409239
40924
409240
409241
409242
409243
409244
409245
409246
409247
409248
409249
40925
409250
409251
409252
409253
409254
409255
409256
409257
409258
409259
40926
409260
409262
409263
409264
409265
409266
409267
409268
409269
40927
409270
409271
409272
409273
409274
409275
409276
409277
409278
409279
40928
409281
409283
409284
409285
409286
409287
409288
409289
40929
409290
409292
409293
409294
409295
409296
409297
409298
409299
40930
409300
409301
409302
409303
409304
409305
409306
409307
409308
409309
40931
409310
409311
409312
409313
409314
409315
409317
409318
409319
40932
409320
409321
409322
409323
409324
409325
409326
409327
409328
40933
409330
409331
409332
409333
409334
409337
409338
409339
40934
409340
409341
409342
409344
409345
409346
409347
409348
409349
40935
409350
409351
409352
409353
409354
409355
409356
409357
409358
409359
409361
409362
409363
409365
409366
409368
409369
40937
409370
409371
409372
409373
409374
409375
409376
409377
409379
40938
409380
409381
409382
409384
409385
409386
409387
409388
409389
40939
409390
409391
409392
409393
409394
409395
409396
409397
409398
409399
40940
409400
409401
409402
409403
409404
409405
409406
409407
409408
409409
40941
409410
409411
409412
409413
409414
409415
409416
409417
409418
409419
40942
409420
409421
409422
409423
409424
409425
409426
409427
409428
409429
40943
409430
409431
409432
409433
409434
409435
409436
409437
409438
409439
40944
409440
409441
409443
409444
409445
409446
409447
409448
40945
409451
409452
409453
409454
409456
409457
409458
409459
40946
409460
409463
409464
409465
409466
409467
409468
409469
40947
409470
409471
409472
409473
409474
409475
409476
409478
409479
40948
409481
409482
409483
409486
409487
409488
409489
40949
409490
409491
409492
409493
409494
409495
409496
409497
409498
409499
40950
409500
409501
409502
409503
409504
409506
409507
409508
409509
40951
409510
409511
409512
409513
409514
409515
409516
409517
409518
409519
40952
409520
409521
409522
409523
409524
409525
409526
409527
409528
409529
40953
409530
409531
409532
409533
409534
409535
409537
409538
409539
40954
409540
409541
409542
409543
409544
409545
409546
409547
409548
409549
40955
409550
409551
409552
409553
409554
409555
409556
409558
409559
40956
409560
409561
409562
409563
409564
409565
409566
409567
40957
409570
409571
409572
409573
409574
409575
409576
409577
40958
409580
409582
409583
409584
409585
409586
409587
409589
40959
409590
409591
409593
409594
409595
409596
409597
409598
409599
40960
409600
409601
409603
409604
409605
409606
409607
409608
409609
40961
409610
409611
409612
409613
409614
409615
409616
409617
409618
409619
40962
409620
409621
409622
409623
409624
409625
409626
409627
409628
409629
40963
409630
409631
409632
409633
409634
409635
409636
409637
409638
409639
409640
409641
409642
409643
409644
409645
409646
409647
409648
409649
409650
409652
409653
409654
409655
409656
409657
409658
409659
40966
409660
409661
409662
409663
409664
409665
409666
409667
409668
409669
40967
409670
409672
409673
409674
409676
409677
409679
40968
409680
409681
409682
409683
409684
409685
409686
409687
409688
409689
40969
409690
409692
409693
409694
409695
409697
409698
409699
40970
409700
409702
409703
409705
409706
409707
409708
409709
40971
409711
409712
409713
409715
409717
409718
409719
40972
409721
409722
409723
409724
409725
409726
40973
409730
409731
409732
409733
409734
409735
409736
409737
409738
409739
40974
409740
409741
409742
409743
409744
409745
409746
409747
409748
409749
40975
409750
409751
409752
409753
409754
409755
409756
409757
409758
409759
40976
409762
409763
409764
409765
409766
409767
409768
409769
40977
409770
409771
409772
409774
409775
409776
409777
409778
409779
40978
409780
409782
409783
409784
409786
409787
409788
409789
40979
409790
409791
409792
409793
409794
409795
409796
409797
409798
40980
409800
409801
409802
409803
409804
409805
409806
409807
409808
409809
40981
409810
409811
409812
409814
409815
409816
409817
409818
409819
40982
409820
409821
409822
409823
409826
409827
409828
409829
40983
409830
409831
409832
409836
409837
409838
409839
409840
409841
409842
409843
409844
409845
409846
409847
409848
409849
40985
409850
409851
409852
409853
409854
409855
409856
409858
409859
40986
409860
409861
409862
409863
409864
409865
409867
409868
409869
40987
409870
409871
409872
409873
409876
409877
409879
409880
409881
409882
409884
409885
409886
409889
40989
409890
409891
409892
409893
409894
409895
409896
409897
409898
409899
40990
409900
409901
409902
409903
409904
409905
409906
409907
409908
409909
40991
409910
409911
409912
409913
409914
409916
409917
409918
409919
40992
409920
409923
409924
409925
409926
409927
409928
409929
40993
409930
409931
409932
409933
409935
409936
409937
409938
409939
40994
409940
409941
409942
409943
409944
409946
409947
409948
409949
40995
409950
409951
409952
409953
409954
409956
409957
409958
40996
409960
409961
409962
409963
409964
409965
409966
409967
409968
409969
40997
409970
409972
409974
409975
409976
409977
409978
409979
40998
409980
409981
409983
409984
409985
409986
409987
409989
409990
409991
409992
409993
409994
409995
409996
409997
409999
410
410000
410001
410002
410003
410004
410005
410007
410008
41001
410011
410012
410013
410014
410015
410016
410017
410018
410019
41002
410020
410021
410022
410023
410024
410025
410026
410027
410028
410029
41003
410030
410031
410032
410033
410034
410035
410036
410037
410038
410039
41004
410041
410042
410043
410044
410045
410046
410047
410048
410049
41005
410050
410051
410052
410053
410054
410056
410057
410058
410059
41006
410060
410061
410062
410063
410064
410065
410066
410067
410068
410069
41007
410070
410071
410072
410073
410074
410075
410076
410077
410078
410079
41008
410080
410081
410082
410083
410084
410086
410087
410088
410089
41009
410090
410091
410093
410094
410095
410096
410099
41010
410102
410103
410105
410106
410109
41011
410110
410111
410113
410114
410115
410117
410118
410119
41012
410120
410121
410122
410123
410124
410125
410126
410127
410128
410129
41013
410130
410131
410132
410133
410134
410136
410137
410138
410139
41014
410140
410141
410142
410143
410144
410145
410147
410148
410149
41015
410150
410151
410152
410153
410154
410155
410156
410157
410158
410159
41016
410160
410161
410162
410163
410164
410165
410167
410168
410169
41017
410170
410171
410172
410173
410174
410175
410176
410177
410178
410179
41018
410182
410183
410184
410185
410186
410187
410189
41019
410191
410192
410194
410196
410197
410198
410199
41020
410200
410201
410202
410203
410204
410205
410206
410207
410208
410209
41021
410210
410211
410212
410214
410215
410216
410218
410219
41022
410220
410221
410222
410223
410224
410225
410226
410227
410228
410229
41023
410230
410231
410232
410233
410234
410235
410236
410237
410238
410239
41024
410241
410242
410243
410244
410245
410246
410248
410249
41025
410250
410251
410253
410254
410255
410256
410257
410258
410259
410260
410262
410263
410264
410265
410266
410267
410268
410269
41027
410270
410271
410272
410273
410274
410275
410276
410277
410278
410279
41028
410280
410281
410282
410283
410284
410285
410286
410288
410289
41029
410290
410291
410292
410293
410294
410295
410296
410297
410298
410299
41030
410300
410301
410302
410303
410304
410305
410306
410307
410308
410310
410311
410312
410313
410314
410315
410316
410317
410319
41032
410320
410321
410322
410323
410324
410326
410328
410329
41033
410330
410331
410332
410333
410334
410335
410336
410337
410338
410339
41034
410340
410341
410342
410343
410344
410345
410346
410347
410348
41035
410350
410352
410353
410354
410355
410356
410357
410358
410359
41036
410360
410361
410362
410363
410364
410365
410366
410367
410368
410369
410371
410372
410373
410374
410375
410376
410377
410378
410379
41038
410380
410381
410382
410384
410385
410386
410387
410388
410389
41039
410390
410391
410392
410393
410394
410395
410396
410397
410398
410399
4104
410401
410402
410404
410405
410406
410409
41041
410411
410412
410413
410414
410415
410416
410417
410419
41042
410420
410421
410422
410423
410424
410425
410427
410428
410429
41043
410430
410431
410432
410433
410434
410435
410436
410437
410438
410439
41044
410440
410441
410442
410444
410445
410446
410447
410448
410449
41045
410450
410451
410452
410453
410454
410455
410456
410457
410458
410459
41046
410460
410461
410462
410463
410464
410465
410467
410468
410469
41047
410470
410471
410472
410473
410474
410475
410476
410477
410478
410479
410480
410481
410482
410483
410484
410485
410486
410487
410488
410489
410490
410491
410492
410493
410494
410495
410496
410497
410498
410499
4105
41050
410500
410501
410502
410503
410504
410505
410506
410507
410508
410509
41051
410510
410511
410513
410514
410515
410516
410517
410518
410519
41052
410520
410522
410523
410524
410525
410526
410527
410528
410529
41053
410530
410531
410532
410533
410534
410535
410536
410537
410539
41054
410540
410541
410542
410543
410544
410545
410546
410547
410548
410549
41055
410550
410551
410552
410553
410554
410555
410556
410557
410558
410559
410560
410561
410562
410563
410564
410565
410566
410567
410568
410569
41057
410570
410571
410572
410573
410574
410575
410576
410577
410578
410579
41058
410580
410581
410582
410583
410584
410585
410586
410587
410588
410589
41059
410590
410591
410592
410593
410594
410595
410596
410597
410598
410599
4106
41060
410600
410601
410602
410603
410604
410605
410606
410607
410608
410609
41061
410610
410611
410613
410614
410617
410618
410619
41062
410620
410621
410622
410623
410625
410627
410628
410629
41063
410630
410631
410632
410633
410634
410635
410636
410637
410638
410639
41064
410640
410641
410642
410643
410644
410645
410646
410647
410648
410649
41065
410650
410651
410652
410653
410654
410655
410656
410657
410658
410659
41066
410660
410661
410662
410663
410664
410665
410666
410667
410668
410669
410670
410671
410672
410673
410674
410675
410676
410677
410678
410679
410680
410681
410682
410683
410684
410685
410686
410687
410688
410689
41069
410690
410691
410692
410693
410694
410695
410696
410697
410698
410699
4107
41070
410700
410701
410702
410703
410704
410705
410706
410708
410709
41071
410711
410712
410713
410714
410715
410716
410717
410718
410719
41072
410720
410721
410722
410723
410724
410726
410727
410728
410729
41073
410730
410731
410732
410733
410734
410735
410736
410737
410738
410739
410740
410741
410742
410743
410744
410745
410746
410747
410748
410749
41075
410750
410751
410752
410753
410754
410755
410756
410757
410758
410759
41076
410760
410761
410762
410763
410764
410765
410766
410767
410768
410769
41077
410770
410771
410772
410773
410775
410776
410777
410778
410779
41078
410780
410781
410783
410785
410786
410787
410788
410789
41079
410790
410791
410793
410794
410795
410796
410797
410798
4108
41080
410800
410801
410802
410803
410804
410806
410808
410809
41081
410810
410811
410812
410813
410814
410815
410816
410817
410819
41082
410820
410821
410822
410823
410824
410825
410826
410827
410828
410829
410830
410831
410832
410833
410834
410835
410836
410837
410838
410839
41084
410840
410841
410842
410843
410844
410845
410846
410847
410848
410849
410850
410851
410852
410853
410854
410855
410856
410857
410858
410859
410860
410861
410862
410863
410864
410865
410866
410867
410868
410869
410870
410871
410872
410873
410874
410875
410876
410877
410878
410879
41088
410880
410881
410882
410883
410884
410885
410886
410887
410889
41089
410892
410893
410894
410896
410897
410898
410899
41090
410900
410901
410902
410903
410904
410905
410907
410908
410909
41091
410910
410911
410912
410913
410915
410916
410917
410919
41092
410920
410921
410922
410923
410924
410926
410927
410928
410929
41093
410930
410931
410932
410933
410934
410935
410936
410937
410938
410939
41094
410940
410941
410942
410943
410944
410945
410946
410947
410948
410949
41095
410950
410951
410952
410953
410954
410956
410957
410958
410959
41096
410960
410961
410962
410963
410964
410965
410967
410968
410969
41097
410970
410971
410972
410973
410974
410975
410976
410977
410978
410979
41098
410980
410981
410982
410984
410986
410987
410988
410989
41099
410990
410991
410992
410993
410994
410995
410996
410997
410998
410999
411
4110
41100
411000
411001
411002
411003
411004
411005
411006
411007
411008
411009
41101
411010
411011
411012
411013
411014
411015
411016
411017
411018
411019
41102
411020
411021
411022
411023
411024
411025
411026
411027
411028
411029
41103
411030
411031
411032
411033
411035
411036
411037
411038
411039
41104
411040
411041
411042
411043
411044
411046
411047
411048
411049
41105
411050
411051
411052
411053
411054
411055
411056
411057
411058
411059
411060
411061
411062
411063
411064
411065
411066
411067
411068
411069
41107
411070
411071
411072
411073
411074
411075
411076
411077
411078
411079
411080
411081
411082
411083
411084
411085
411086
411087
411088
411089
41109
411090
411091
411092
411093
411094
411095
411096
411098
411099
4111
41110
411100
411101
411103
411104
411105
411106
411107
411108
411109
41111
411110
411112
411113
411114
411115
411116
411117
411118
411119
41112
411120
411121
411122
411123
411124
411125
411126
411127
411128
411129
41113
411130
411131
411132
411133
411134
411135
411136
411137
411138
411139
41114
411140
411141
411142
411143
411144
411146
411147
411148
411149
41115
411150
411151
411152
411153
411156
411157
411158
411159
41116
411160
411161
411162
411163
411164
411165
411166
411167
411168
411169
411170
411171
411172
411173
411174
411175
411177
411179
41118
411180
411181
411182
411183
411184
411185
411186
411187
411188
411189
411190
411191
411192
411193
411194
411195
411196
411197
411198
411199
4112
41120
411200
411201
411203
411204
411208
411209
41121
411212
411213
411214
411215
411216
411217
411218
411219
411221
411222
411223
411224
411225
411226
411227
411228
411229
41123
411230
411231
411232
411233
411234
411235
411236
411237
411238
411239
41124
411240
411241
411242
411243
411244
411245
411246
411247
411248
411249
41125
411250
411251
411252
411253
411254
411255
411256
411257
411258
411259
41126
411260
411261
411262
411263
411264
411265
411266
411267
411268
411269
41127
411270
411271
411272
411274
411275
411276
411277
411278
411279
41128
411280
411281
411282
411283
411284
411285
411286
411287
411288
41129
411295
411297
411299
4113
41130
411300
411301
411302
411303
411304
411305
411306
411308
411309
41131
411310
411311
411312
411313
411314
411316
411317
411318
41132
411320
411321
411322
411323
411324
411325
411326
411327
411328
411329
411330
411331
411332
411333
411334
411335
411336
411337
411339
411340
411341
411342
411343
411344
411345
411346
411347
411348
411349
41135
411350
411351
411352
411353
411354
411356
411357
411358
411359
411361
411362
411363
411364
411365
411366
411367
411368
411369
411370
411371
411372
411373
411374
411375
411376
411377
411378
411379
411380
411381
411382
411383
411384
411386
411387
411388
411389
411390
411391
411392
411393
411395
411396
411397
411398
411399
4114
41140
411400
411401
411402
411403
411404
411405
411406
411408
411409
41141
411411
411412
411413
411414
411415
411416
411417
411418
411419
41142
411420
411421
411422
411423
411425
411426
411427
411428
411429
411430
411431
411432
411433
411434
411435
411436
411437
411438
411439
41144
411441
411442
411443
411444
411445
411446
411447
411448
411449
411450
411451
411452
411455
411456
411457
411458
411459
411460
411463
411464
411465
411466
411467
411468
411469
411470
411471
411472
411473
411474
411475
411476
411477
411478
411479
411480
411481
411482
411483
411484
411485
411486
411488
411489
41149
411490
411491
411492
411493
411495
411496
411497
411498
411499
41150
411500
411501
411502
411503
411504
411505
411506
411507
411508
411509
411510
411512
411513
411514
411515
411516
411517
411518
411519
41152
411520
411521
411522
411523
411524
411525
411527
411528
411529
41153
411530
411531
411533
411534
411535
411536
411537
411538
41154
411540
411541
411542
411543
411544
411545
411546
411547
411548
411549
41155
411550
411551
411552
411553
411554
411555
411556
411557
411558
411559
41156
411560
411561
411562
411563
411564
411565
411566
411567
411568
411569
41157
411570
411571
411572
411574
411575
411576
411577
411578
411579
41158
411580
411581
411582
411583
411584
411585
411586
411587
411588
411589
411590
411591
411592
411593
411594
411595
411596
411597
411598
411599
41160
411601
411602
411604
411606
411607
411608
411609
41161
411610
411611
411612
411613
411614
411615
411616
411617
411618
411619
411620
411621
411622
411623
411624
411625
411626
411627
411628
411629
41163
411630
411631
411632
411634
411635
411636
411637
411638
411639
41164
411640
411642
411643
411644
411645
411646
411647
411648
411649
41165
411650
411651
411652
411653
411654
411655
411656
411658
411659
41166
411660
411661
411662
411663
411665
411666
411667
411668
411669
41167
411670
411671
411672
411673
411674
411675
411677
411678
411679
41168
411680
411681
411682
411683
411684
411685
411686
411687
411688
411689
41169
411691
411692
411693
411694
411695
411696
411697
411698
411699
41170
411700
411702
411703
411704
411706
411707
411708
411709
41171
411711
411712
411713
411714
411715
411716
411717
411718
411719
41172
411720
411721
411722
411723
411724
411725
411726
411727
411728
411729
41173
411730
411731
411732
411733
411734
411735
411736
411738
411739
41174
411740
411741
411742
411743
411745
411746
411747
411748
411749
41175
411750
411751
411752
411753
411755
411756
411757
411758
411760
411761
411763
411764
411765
411766
411767
411768
411769
41177
411770
411771
411772
411773
411774
411775
411776
411778
411779
41178
411780
411783
411784
411785
411786
411788
41179
411791
411792
411793
411794
411799
41180
411800
411801
411802
411803
411804
411805
411806
411807
411808
411809
41181
411810
411811
411812
411813
411814
411815
411816
411817
411818
411819
41182
411820
411821
411822
411823
411824
411825
411826
411828
411829
41183
411830
411831
411832
411833
411834
411835
411836
411837
411838
411839
41184
411840
411841
411842
411846
411847
411848
411849
41185
411850
411851
411852
411853
411854
411855
411856
411857
411858
41186
411860
411861
411862
411864
411865
411866
411867
411869
41187
411870
411871
411872
411873
411874
411875
411876
411877
411878
41188
411881
411882
411883
411884
411885
411886
411887
411888
411889
41189
411890
411891
411892
411893
411894
411895
411896
411897
411898
411899
411900
411902
411905
411906
411907
411908
411909
41191
411911
411912
411913
411916
411917
411918
411919
41192
411920
411921
411922
411923
411924
411925
411926
411927
411928
411929
41193
411930
411931
411935
411936
411938
411939
41194
411940
411941
411943
411944
411945
411946
411947
411948
411949
41195
411951
411952
411953
411954
411955
411956
411957
411958
411959
41196
411960
411961
411962
411963
411964
411966
411967
411968
411969
41197
411970
411971
411972
411973
411974
411975
411976
411977
411978
411979
41198
411980
411981
411982
411983
411984
411986
411987
411988
411989
41199
411990
411991
411992
411993
411994
411995
411996
411997
411999
41200
412000
412001
412002
412003
412004
412005
412006
412007
412008
412009
41201
412010
412011
412012
412013
412014
412015
412016
412017
412018
41202
412020
412021
412023
412024
412025
412026
412027
412028
412029
41203
412030
412031
412032
412033
412034
412035
412036
412037
412039
41204
412040
412041
412042
412044
412045
412046
412047
412048
412049
41205
412051
412052
412053
412054
412055
412056
412057
412058
412059
41206
412060
412061
412062
412063
412064
412065
412066
412068
41207
412073
412075
412076
412077
412078
412079
41208
412080
412081
412082
412083
412084
412086
412087
412088
412089
41209
412090
412091
412092
412093
412094
412095
412096
412097
412098
412099
41210
412100
412101
412102
412104
412105
412106
412107
412108
412109
41211
412110
412111
412112
412113
412114
412115
412116
412117
412118
412119
41212
412120
412121
412122
412123
412124
412125
412126
412127
412128
41213
412130
412131
412132
412133
412134
412135
412136
412137
41214
412140
412141
412142
412143
412145
412146
412147
412148
41215
412150
412152
412153
412154
412155
412156
412157
412158
412159
41216
412160
412161
412162
412163
412164
412165
412166
412167
412168
412169
41217
412170
412171
412172
412173
412174
412175
412176
412177
412179
41218
412180
412181
412182
412184
412186
412187
412188
412189
41219
412190
412191
412192
412193
412194
412195
412196
412197
412198
412199
41220
412200
412201
412202
412203
412204
412205
412206
412207
412208
412209
41221
412210
412211
412213
412214
412215
412217
412218
412219
41222
412220
412222
412223
412224
412225
412226
412227
412228
412229
41223
412236
412240
412241
412242
412245
412246
412247
412248
412249
41225
412250
412251
412253
412254
412255
412256
412257
412258
412259
41226
412260
412261
412262
412263
412264
412265
412266
412267
412268
412269
41227
412272
412273
412274
412275
412276
412277
412279
41228
412280
412281
412282
412283
412284
412286
412287
412288
412289
412290
412291
412292
412294
412295
412296
412297
412298
412299
41230
412300
412301
412302
412303
412304
412305
412306
412309
41231
412310
412311
412312
412314
412315
412316
412317
412318
41232
412320
412321
412322
412323
412324
412325
412327
412328
412329
41233
412330
412331
412332
412333
412335
412336
412337
412338
412339
41234
412342
412343
412344
412345
412346
412347
412348
412349
41235
412350
412351
412352
412353
412354
412355
412356
412357
412359
41236
412360
412361
412362
412363
412364
412365
412366
412367
412368
412369
41237
412370
412371
412372
412373
412374
412378
41238
412380
412381
412382
412383
412384
412385
412386
412387
412388
41239
412390
412391
412392
412393
412394
412395
412396
412397
412398
412399
41240
412400
412401
412402
412404
412405
412406
412407
412408
412409
41241
412410
412411
412412
412413
412414
412415
412416
412417
412418
412419
41242
412420
412422
412423
412424
412425
412426
412427
412428
412429
41243
412430
412431
412432
412434
412435
412436
412437
412438
412439
41244
412440
412441
412442
412443
412444
412445
412446
412447
412448
412449
41245
412450
412451
412452
412453
412454
412455
412456
412457
412458
412459
412460
412461
412462
412463
412464
412465
412466
412467
412468
412469
412470
412471
412472
412473
412474
412475
412477
412478
412479
41248
412480
412482
412483
412484
412485
412486
412487
412488
412489
41249
412490
412491
412492
412493
412494
412495
412496
412497
412498
412499
41250
412500
412501
412503
412504
412505
412506
412507
412508
412509
41251
412510
412511
412512
412513
412514
412515
412517
412518
412519
41252
412520
412521
412522
412524
412525
412527
412528
412529
41253
412530
412532
412533
412534
412535
412536
412537
412539
41254
412540
412541
412542
412543
412544
412545
412546
412547
41255
412550
412551
412552
412553
412554
412555
412556
412557
412558
412559
412560
412561
412562
412564
412565
412566
412567
412569
412570
412571
412572
412573
412574
412575
412576
412577
412578
412579
41258
412580
412581
412582
412583
412584
412585
412586
412588
41259
412590
412591
412592
412593
412594
412595
412597
412598
412599
41260
412600
412601
412602
412604
412605
412606
412607
412608
412609
41261
412610
412611
412612
412613
412614
412615
412616
412617
412618
412619
41262
412621
412622
412623
412624
412625
412626
412627
412628
412629
41263
412630
412631
412632
412633
412634
412635
412636
412637
412638
412639
41264
412640
412641
412642
412643
412644
412645
412646
412647
412648
412649
412650
412651
412652
412653
412655
412656
412657
412658
412659
41266
412660
412661
412662
412663
412664
412665
412668
412669
412670
412671
412672
412673
412674
412675
412676
412677
412678
412679
41268
412680
412681
412682
412683
412684
412685
412686
412687
412688
412689
41269
412690
412691
412692
412693
412694
412695
412696
412698
412699
412700
412702
412703
412704
412705
412706
412707
412708
412709
41271
412710
412711
412712
412713
412715
412716
412717
412719
41272
412720
412721
412722
412723
412724
412725
412726
412727
412729
41273
412730
412731
412732
412733
412734
412736
412737
412738
412739
41274
412740
412741
412743
412744
412745
412746
412747
412748
412749
41275
412750
412751
412752
412753
412754
412755
412756
412757
412758
412759
41276
412760
412761
412762
412763
412764
412766
412767
412768
412769
41277
412770
412771
412772
412773
412774
412775
412776
412777
412778
412779
41278
412780
412781
412782
412783
412784
412785
412786
412787
412788
412789
41279
412790
412791
412792
412794
412795
412797
412798
412799
41280
412800
412801
412802
412803
412804
412805
412806
412807
412808
412809
41281
412810
412811
412812
412813
412814
412815
412816
412817
412818
412819
41282
412820
412821
412822
412823
412824
412825
412826
412827
412828
412829
41283
412830
412831
412833
412834
412835
412836
412837
412838
412839
41284
412840
412841
412842
412843
412844
412845
412846
412847
412848
412849
412850
412851
412852
412853
412854
412855
412856
412857
412858
412859
412860
412862
412864
412865
412866
412868
412869
412870
412872
412873
412874
412875
412876
412877
412879
41288
412882
412883
412884
412885
412886
412887
412888
412889
41289
412890
412891
412892
412893
412894
412895
412896
412897
412898
412899
41290
412900
412901
412902
412903
412904
412905
412906
412907
412908
41291
412910
412911
412912
412913
412914
412915
412916
412917
412918
412919
41292
412920
412921
412922
412923
412924
412925
412926
412929
41293
412931
412933
412937
412939
41294
412941
412942
412943
412944
412945
412946
412947
412948
412949
41295
412950
412951
412952
412953
412954
412955
412956
412957
412958
412959
41296
412960
412961
412962
412963
412964
412965
412966
412967
412968
412969
41297
412971
412972
412973
412974
412975
412976
412977
412978
412979
41298
412980
412981
412982
412984
412985
412986
412987
412988
412989
412990
412991
412992
412993
412994
412995
412996
412997
412998
412999
41300
413000
413001
413002
413003
413004
413005
413008
41301
413011
413012
413013
413014
413015
413016
413017
413018
413019
41302
413020
413021
413022
413023
413024
413025
413026
413027
413028
413029
41303
413030
413031
413032
413033
413034
413035
413036
413037
413038
413040
413041
413042
413043
413044
413047
413048
413049
41305
413052
413053
413055
413056
413057
413058
413059
41306
413060
413061
413062
413063
413064
413065
413066
413067
413068
413069
41307
413070
413071
413073
413074
413075
413076
413078
41308
413080
413081
413082
413083
413084
413085
413086
413087
413088
413089
41309
413090
413092
413093
413095
413096
413097
413098
413099
41310
413100
413101
413102
413103
413104
413105
413106
413107
413108
413109
41311
413110
413111
413112
413113
413114
413115
413116
413117
413118
413119
41312
413120
413121
413122
413123
413124
413125
413126
413127
413129
41313
413130
413131
413132
413133
413134
413135
413136
413137
413138
413139
41314
413140
413141
413142
413143
413144
413145
413147
413148
413149
41315
413150
413151
413152
413153
413154
413155
413156
413157
41316
413160
413161
413163
413164
413165
413166
413167
413168
413169
41317
413170
413171
413172
413173
413174
413175
413176
413177
413178
413179
413180
413181
413183
413184
413185
413186
413188
413189
41319
413190
413191
413192
413193
413194
413195
413197
413198
413199
4132
41320
413200
413201
413202
413203
413204
413205
413206
413207
413208
41321
413211
413212
413213
413214
413215
413216
413217
413218
413219
413220
413221
413222
413223
413224
413228
413229
413230
413232
413233
413234
413235
413236
413237
413238
413239
41324
413240
413241
413242
413243
413244
413245
413246
413247
413248
413249
41325
413250
413251
413252
413253
413254
413255
413256
413257
413258
413259
41326
413260
413261
413262
413263
413264
413265
413266
413267
413268
413269
41327
413270
413271
413272
413273
413275
413276
413277
413278
413279
41328
413280
413281
413282
413283
413284
413286
413287
413288
41329
413291
413292
413293
413294
413295
413296
413297
413298
413299
4133
41330
413300
413301
413302
413303
413304
413305
413306
413307
413308
413309
