507358
507359
507360
507361
507362
507363
507366
507367
507368
507369
507370
507371
507372
507374
507375
507376
507377
507378
507379
507380
507381
507382
507383
507384
507385
507386
507387
507389
507390
507391
507392
507393
507394
507395
507396
507397
507398
507399
507400
507401
507402
507403
507404
507405
507406
507407
507408
507409
507410
507411
507412
507413
507414
507415
507416
507417
507418
507419
507420
507421
507422
507423
507425
507428
507431
507432
507433
507434
507435
507436
507437
507438
507439
507440
507441
507442
507443
507444
507445
507446
507447
507448
507449
507451
507452
507453
507454
507455
507456
507457
507459
507460
507461
507462
507463
507464
507466
507467
507468
507469
507470
507471
507472
507473
507474
507476
507477
507478
507479
507482
507484
507485
507486
507487
507489
507490
507491
507492
507493
507494
507495
507496
507497
507498
507500
507501
507502
507503
507504
507505
507506
507507
507508
507509
507511
507512
507513
507514
507515
507516
507517
507518
507519
507520
507521
507522
507523
507524
507525
507526
507527
507528
507529
507530
507531
507532
507533
507534
507536
507537
507538
507539
507540
507542
507543
507544
507545
507546
507547
507548
507549
507550
507551
507552
507553
507554
507555
507556
507557
507558
507559
507560
507562
507563
507564
507565
507566
507567
507568
507569
507570
507571
507572
507574
507575
507576
507577
507578
507579
507580
507582
507584
507587
507589
507592
507593
507594
507595
507596
507597
507598
507599
507600
507601
507602
507603
507604
507605
507606
507607
507608
507609
507610
507611
507612
507613
507614
507615
507616
507617
507618
507619
507621
507622
507623
507624
507626
507627
507628
507629
507632
507633
507635
507637
507638
507639
507640
507641
507642
507644
507645
507646
507647
507648
507651
507653
507654
507655
507656
507657
507658
507659
507660
507662
507663
507664
507665
507666
507667
507668
507669
507671
507673
507674
507676
507677
507678
507679
507680
507681
507682
507683
507684
507686
507687
507688
507689
507692
507693
507694
507695
507696
507697
507698
507699
507700
507701
507702
507704
507705
507706
507708
507709
507710
507711
507712
507713
507715
507716
507717
507718
507719
507720
507722
507723
507724
507725
507726
507728
507729
507730
507731
507732
507733
507734
507735
507737
507738
507739
507741
507742
507743
507745
507747
507748
507749
507750
507751
507752
507753
507754
507755
507756
507757
507758
507759
507760
507761
507762
507764
507765
507766
507767
507768
507769
507770
507771
507772
507773
507774
507775
507776
507777
507778
507779
507780
507781
507782
507783
507784
507785
507787
507788
507789
507790
507791
507792
507793
507794
507795
507796
507797
507798
507799
507800
507801
507802
507803
507804
507805
507806
507807
507808
507809
507810
507811
507812
507813
507814
507815
507816
507817
507818
507819
507821
507824
507826
507828
507829
507830
507831
507832
507833
507834
507835
507836
507837
507838
507839
507840
507841
507842
507843
507844
507845
507846
507848
507849
507850
507851
507852
507853
507854
507855
507856
507857
507858
507859
507860
507861
507862
507863
507864
507865
507866
507867
507868
507869
507870
507872
507873
507874
507875
507876
507877
507878
507879
507880
507881
507882
507883
507884
507885
507886
507887
507888
507889
507890
507891
507892
507893
507894
507895
507897
507898
507899
507900
507901
507902
507903
507905
507907
507908
507909
507910
507911
507912
507913
507914
507915
507916
507917
507918
507920
507921
507922
507923
507924
507925
507926
507927
507928
507929
507930
507931
507932
507933
507934
507935
507936
507937
507938
507939
507940
507941
507942
507943
507944
507945
507946
507947
507948
507949
507950
507951
507952
507953
507954
507955
507958
507960
507961
507962
507963
507964
507965
507966
507967
507968
507969
507970
507971
507972
507973
507974
507975
507976
507977
507979
507980
507981
507982
507983
507984
507985
507986
507987
507988
507989
507990
507991
507992
507993
507994
507995
507996
507997
507998
507999
508000
508001
508002
508003
508004
508005
508006
508007
508008
508011
508012
508013
508014
508015
508016
508017
508018
508019
508020
508021
508022
508023
508024
508025
508026
508027
508029
508030
508031
508032
508033
508034
508035
508036
508037
508038
508039
508040
508041
508042
508043
508044
508045
508046
508047
508048
508049
508050
508051
508052
508053
508054
508055
508057
508058
508059
508060
508061
508062
508063
508064
508065
508066
508067
508068
508069
508070
508071
508072
508073
508074
508075
508076
508077
508078
508079
508080
508081
508082
508083
508084
508085
508086
508087
508088
508089
508090
508091
508093
508094
508095
508096
508097
508098
508099
508100
508101
508102
508103
508104
508105
508106
508107
508108
508109
508110
508111
508112
508113
508114
508115
508116
508117
508118
508119
508120
508121
508122
508123
508124
508125
508126
508127
508129
508130
508131
508132
508134
508135
508136
508137
508138
508139
508140
508141
508142
508143
508144
508145
508146
508147
508149
508150
508151
508152
508153
508154
508155
508156
508157
508159
508160
508161
508162
508163
508164
508165
508166
508167
508168
508169
508170
508171
508172
508173
508174
508175
508176
508177
508179
508180
508181
508182
508183
508184
508185
508186
508187
508188
508189
508190
508191
508192
508194
508195
508196
508197
508198
508199
508200
508201
508202
508203
508204
508205
508206
508207
508208
508209
508210
508211
508212
508213
508214
508215
508216
508217
508218
508219
508220
508221
508222
508223
508225
508226
508227
508231
508232
508233
508234
508236
508237
508238
508239
508242
508243
508244
508245
508246
508247
508248
508250
508251
508252
508253
508254
508255
508257
508258
508259
508260
508261
508262
508263
508264
508265
508266
508267
508268
508269
508272
508274
508275
508276
508277
508278
508279
508280
508281
508285
508286
508287
508288
508289
508292
508293
508294
508295
508297
508298
508300
508301
508302
508303
508304
508305
508306
508307
508308
508309
508311
508312
508313
508314
508315
508316
508317
508318
508319
508320
508321
508322
508323
508325
508326
508328
508330
508331
508332
508333
508335
508336
508337
508338
508339
508340
508341
508343
508344
508345
508346
508347
508348
508349
508350
508351
508352
508353
508354
508355
508356
508357
508358
508359
508360
508361
508362
508363
508364
508365
508367
508368
508369
508370
508371
508372
508373
508374
508375
508376
508377
508378
508379
508380
508381
508382
508383
508384
508385
508386
508387
508388
508389
508390
508392
508393
508394
508395
508396
508397
508398
508400
508401
508402
508403
508404
508405
508406
508407
508408
508409
508412
508413
508414
508415
508416
508417
508418
508419
508420
508421
508422
508425
508426
508427
508428
508429
508430
508431
508432
508433
508434
508435
508436
508437
508438
508439
508440
508442
508444
508446
508447
508449
508450
508451
508452
508453
508455
508456
508457
508458
508459
508462
508463
508464
508466
508467
508469
508471
508472
508473
508474
508476
508477
508478
508479
508480
508481
508482
508483
508485
508486
508487
508488
508489
508490
508492
508493
508494
508495
508496
508497
508498
508499
508500
508501
508502
508503
508504
508505
508506
508507
508508
508509
508511
508512
508513
508514
508515
508516
508518
508519
508521
508522
508523
508524
508525
508526
508528
508530
508533
508537
508539
508540
508542
508543
508544
508545
508546
508547
508550
508551
508552
508553
508556
508557
508561
508562
508563
508564
508565
508566
508568
508569
508570
508572
508573
508574
508575
508576
508577
508578
508579
508581
508584
508585
508586
508587
508588
508590
508591
508592
508593
508594
508595
508596
508597
508599
508600
508601
508602
508603
508605
508606
508607
508608
508609
508610
508611
508612
508613
508614
508615
508616
508617
508618
508619
508620
508621
508622
508623
508624
508625
508626
508627
508629
508630
508631
508632
508633
508634
508635
508636
508637
508638
508639
508640
508641
508642
508643
508644
508645
508647
508648
508649
508650
508651
508652
508654
508655
508658
508659
508660
508661
508662
508663
508664
508665
508666
508667
508668
508669
508670
508672
508673
508674
508675
508676
508677
508678
508679
508680
508681
508682
508683
508684
508685
508686
508687
508688
508689
508690
508691
508692
508693
508694
508695
508696
508697
508700
508701
508702
508703
508705
508706
508708
508709
508710
508711
508713
508714
508715
508716
508717
508718
508720
508721
508722
508723
508724
508725
508726
508727
508728
508729
508730
508731
508732
508733
508735
508736
508737
508738
508739
508741
508742
508743
508744
508745
508746
508747
508748
508749
508750
508751
508752
508753
508754
508755
508756
508757
508758
508759
508760
508761
508762
508763
508764
508767
508768
508769
508770
508771
508772
508773
508774
508775
508776
508777
508780
508781
508784
508785
508786
508787
508788
508789
508790
508791
508792
508793
508794
508795
508796
508798
508799
508800
508801
508802
508804
508805
508806
508807
508812
508813
508814
508815
508816
508817
508818
508819
508820
508821
508822
508823
508824
508825
508826
508827
508828
508829
508830
508831
508832
508833
508834
508835
508838
508839
508840
508843
508845
508846
508847
508848
508849
508850
508851
508852
508853
508854
508855
508857
508858
508859
508860
508861
508862
508863
508864
508865
508866
508868
508869
508871
508873
508874
508875
508876
508877
508879
508880
508881
508882
508883
508884
508885
508887
508888
508889
508890
508891
508892
508893
508894
508895
508897
508898
508899
508900
508901
508902
508903
508904
508905
508906
508907
508909
508910
508911
508912
508913
508914
508915
508917
508918
508919
508921
508923
508928
508933
508935
508936
508937
508940
508942
508943
508947
508949
508951
508952
508954
508955
508956
508957
508958
508960
508961
508962
508963
508965
508967
508969
508970
508971
508972
508973
508975
508976
508977
508978
508979
508980
508982
508983
508984
508985
508986
508989
508990
508991
508992
508993
508995
508996
508997
508998
508999
509000
509001
509002
509003
509004
509005
509006
509008
509009
509010
509011
509012
509013
509014
509015
509016
509017
509018
509019
509020
509021
509022
509023
509024
509025
509026
509027
509028
509029
509030
509031
509032
509033
509034
509035
509036
509037
509038
509040
509041
509042
509043
509044
509045
509046
509047
509048
509049
509051
509052
509053
509054
509055
509057
509058
509059
509060
509061
509062
509063
509064
509065
509066
509067
509072
509073
509074
509075
509076
509077
509078
509079
509080
509081
509082
509083
509085
509087
509088
509089
509090
509091
509092
509094
509095
509096
509097
509098
509099
509100
509101
509102
509103
509104
509105
509106
509107
509108
509109
509114
509115
509116
509117
509118
509119
509120
509121
509122
509123
509125
509126
509127
509128
509129
509130
509131
509132
509133
509134
509135
509136
509137
509138
509139
509140
509141
509142
509144
509145
509146
509147
509148
509149
509151
509152
509153
509154
509155
509156
509157
509158
509161
509162
509163
509164
509165
509166
509168
509172
509173
509174
509175
509176
509177
509178
509179
509180
509181
509188
509189
509190
509191
509192
509193
509194
509195
509196
509197
509199
509200
509201
509202
509203
509206
509207
509209
509210
509211
509212
509213
509214
509216
509217
509219
509220
509221
509222
509223
509224
509225
509226
509227
509228
509229
509230
509231
509232
509234
509237
509238
509239
509240
509243
509244
509245
509246
509248
509249
509250
509251
509252
509254
509255
509256
509257
509258
509259
509260
509261
509262
509263
509264
509265
509266
509267
509268
509269
509270
509272
509273
509274
509276
509277
509278
509279
509280
509281
509282
509283
509284
509285
509286
509287
509288
509289
509290
509291
509293
509294
509295
509296
509297
509298
509299
509300
509301
509302
509308
509309
509310
509311
509312
509313
509314
509315
509316
509317
509318
509319
509320
509321
509322
509323
509324
509325
509326
509327
509328
509329
509330
509331
509332
509333
509335
509336
509337
509338
509339
509340
509341
509342
509343
509344
509345
509347
509349
509351
509352
509353
509354
509355
509356
509358
509360
509361
509362
509363
509364
509365
509366
509367
509368
509369
509370
509371
509372
509373
509374
509375
509376
509377
509378
509379
509380
509381
509382
509384
509385
509386
509387
509388
509389
509390
509391
509392
509393
509395
509396
509397
509398
509399
509401
509402
509403
509404
509405
509407
509409
509410
509411
509413
509414
509415
509416
509417
509419
509420
509421
509422
509423
509424
509425
509426
509427
509428
509429
509430
509431
509432
509433
509435
509436
509437
509438
509439
509441
509442
509443
509444
509445
509446
509447
509448
509449
509451
509452
509453
509454
509455
509456
509457
509458
509459
509460
509461
509462
509463
509464
509465
509466
509467
509468
509469
509470
509471
509472
509473
509474
509478
509479
509480
509481
509482
509483
509484
509486
509487
509488
509489
509490
509491
509492
509493
509495
509496
509497
509498
509499
509500
509502
509503
509504
509505
509506
509507
509508
509509
509510
509511
509512
509513
509515
509516
509517
509518
509519
509520
509521
509522
509523
509524
509525
509526
509528
509529
509531
509532
509533
509534
509536
509537
509538
509539
509541
509543
509547
509548
509549
509554
509557
509558
509559
509560
509561
509562
509563
509564
509565
509570
509575
509576
509579
509583
509585
509586
509587
509588
509590
509591
509593
509594
509595
509597
509598
509599
509600
509601
509602
509603
509604
509605
509606
509607
509608
509609
509611
509612
509613
509615
509616
509617
509618
509620
509621
509623
509624
509625
509626
509627
509628
509629
509632
509633
509634
509635
509636
509637
509638
509639
509640
509641
509642
509643
509644
509645
509646
509647
509648
509649
509650
509651
509652
509654
509656
509657
509658
509659
509660
509661
509662
509663
509665
509667
509668
509669
509670
509671
509672
509673
509674
509675
509676
509678
509679
509681
509682
509683
509684
509687
509688
509689
509690
509692
509693
509694
509695
509696
509697
509698
509700
509701
509702
509703
509704
509705
509706
509707
509708
509709
509710
509711
509712
509713
509714
509715
509716
509717
509718
509719
509723
509724
509725
509727
509728
509729
509730
509731
509732
509733
509734
509736
509738
509739
509740
509741
509742
509743
509744
509745
509746
509747
509748
509749
509750
509751
509752
509753
509755
509756
509757
509758
509759
509760
509761
509762
509763
509765
509766
509767
509768
509769
509770
509771
509772
509773
509775
509776
509777
509778
509779
509780
509781
509783
509784
509785
509786
509787
509788
509789
509790
509791
509792
509793
509794
509795
509796
509797
509798
509799
509800
509801
509802
509804
509805
509806
509807
509808
509809
509810
509811
509812
509813
509814
509815
509816
509817
509818
509819
509820
509821
509822
509823
509824
509825
509826
509827
509828
509829
509830
509831
509832
509833
509834
509835
509836
509837
509838
509839
509840
509841
509842
509843
509845
509846
509847
509848
509849
509850
509851
509852
509853
509854
509855
509856
509857
509859
509860
509861
509862
509863
509865
509867
509868
509869
509870
509871
509873
509874
509875
509876
509877
509878
509879
509880
509881
509882
509885
509888
509892
509893
509896
509897
509898
509899
509900
509901
509902
509903
509904
509905
509906
509907
509908
509909
509910
509913
509914
509915
509916
509918
509920
509921
509922
509923
509924
509925
509927
509928
509929
509930
509931
509932
509933
509934
509936
509937
509939
509940
509941
509942
509943
509944
509946
509947
509948
509949
509950
509952
509953
509955
509957
509959
509961
509965
509966
509967
509968
509969
509970
509971
509972
509974
509975
509976
509978
509979
509980
509982
509983
509984
509985
509986
509987
509988
509990
509991
509992
509993
509995
509997
509999
510000
510001
510002
510003
510005
510007
510009
510010
510012
510014
510015
510016
510017
510018
510019
510020
510021
510022
510024
510025
510026
510028
510029
510030
510031
510032
510033
510034
510036
510037
510040
510041
510042
510043
510044
510046
510047
510048
510055
510058
510059
510060
510061
510062
510064
510065
510066
510067
510068
510069
510070
510071
510072
510073
510076
510077
510079
510082
510084
510085
510086
510088
510089
510092
510093
510094
510095
510096
510098
510100
510102
510103
510104
510105
510106
510107
510108
510109
510110
510111
510112
510113
510115
510116
510117
510118
510119
510120
510121
510122
510123
510124
510125
510126
510128
510129
510130
510131
510132
510133
510134
510135
510136
510137
510138
510139
510140
510141
510144
510145
510146
510147
510148
510150
510151
510152
510153
510154
510155
510156
510157
510158
510159
510160
510161
510162
510163
510164
510165
510166
510167
510168
510169
510171
510172
510173
510174
510175
510176
510177
510178
510179
510180
510181
510182
510183
510184
510185
510186
510187
510188
510189
510190
510191
510192
510193
510195
510196
510197
510198
510199
510200
510201
510202
510203
510204
510205
510206
510207
510208
510209
510210
510211
510212
510213
510214
510215
510216
510217
510218
510219
510220
510222
510223
510224
510225
510226
510227
510228
510229
510230
510231
510232
510233
510234
510235
510236
510237
510238
510239
510240
510241
510242
510243
510244
510245
510246
510247
510248
510249
510250
510251
510252
510253
510254
510255
510256
510257
510258
510259
510260
510261
510262
510263
510264
510265
510266
510267
510268
510269
510270
510271
510272
510273
510274
510275
510276
510277
510278
510279
510280
510281
510282
510283
510284
510285
510287
510288
510289
510290
510291
510292
510293
510294
510295
510296
510298
510299
510300
510301
510302
510303
510304
510305
510306
510308
510309
510310
510311
510312
510313
510314
510315
510316
510317
510318
510319
510320
510321
510322
510323
510324
510326
510327
510328
510329
510330
510331
510332
510333
510334
510335
510336
510337
510338
510339
510341
510342
510343
510344
510345
510346
510347
510348
510349
510350
510351
510352
510353
510355
510356
510357
510358
510359
510362
510363
510364
510365
510366
510367
510368
510369
510370
510371
510372
510374
510375
510376
510377
510378
510379
510380
510381
510382
510383
510384
510385
510386
510387
510388
510389
510391
510392
510393
510394
510395
510396
510397
510398
510400
510401
510402
510403
510405
510406
510407
510408
510409
510410
510411
510412
510414
510415
510416
510417
510419
510420
510421
510422
510423
510424
510426
510427
510428
510429
510431
510432
510433
510434
510435
510436
510437
510438
510440
510441
510442
510443
510444
510445
510446
510449
510450
510451
510452
510453
510454
510455
510456
510457
510458
510459
510460
510461
510464
510465
510466
510467
510468
510469
510470
510471
510472
510473
510474
510475
510476
510477
510479
510480
510481
510482
510484
510485
510486
510487
510488
510489
510490
510491
510492
510493
510494
510495
510496
510497
510498
510499
510500
510501
510502
510503
510504
510505
510506
510507
510509
510510
510511
510512
510513
510515
510516
510517
510518
510519
510520
510521
510522
510523
510524
510525
510526
510527
510528
510529
510531
510532
510533
510534
510535
510536
510537
510538
510539
510541
510542
510544
510545
510546
510548
510549
510550
510551
510552
510553
510554
510555
510557
510558
510559
510560
510561
510562
510563
510565
510566
510567
510568
510569
510570
510571
510572
510573
510575
510576
510577
510578
510579
510580
510581
510582
510583
510584
510585
510586
510587
510588
510589
510590
510592
510593
510595
510596
510597
510598
510599
510600
510601
510602
510603
510604
510605
510606
510607
510608
510610
510611
510612
510613
510615
510616
510617
510618
510619
510620
510621
510622
510623
510624
510626
510627
510628
510629
510630
510631
510632
510633
510634
510635
510636
510637
510638
510639
510641
510642
510643
510644
510645
510646
510647
510648
510649
510650
510651
510652
510653
510654
510655
510656
510657
510658
510659
510660
510662
510663
510664
510665
510667
510668
510669
510670
510671
510672
510673
510674
510675
510676
510677
510678
510680
510681
510682
510685
510686
510687
510688
510689
510690
510691
510692
510693
510694
510695
510696
510697
510698
510699
510700
510701
510702
510703
510704
510705
510706
510708
510709
510710
510711
510712
510713
510714
510715
510716
510717
510718
510719
510720
510721
510722
510723
510724
510725
510726
510727
510728
510729
510730
510731
510732
510733
510734
510735
510736
510737
510738
510739
510740
510741
510742
510743
510744
510745
510746
510747
510750
510751
510752
510753
510754
510755
510756
510757
510758
510759
510761
510762
510763
510764
510765
510768
510770
510772
510773
510774
510775
510776
510777
510778
510779
510781
510782
510783
510784
510785
510786
510787
510788
510789
510790
510791
510792
510793
510794
510795
510796
510797
510798
510799
510800
510801
510802
510803
510804
510805
510806
510807
510808
510809
510810
510811
510812
510813
510814
510815
510816
510817
510818
510819
510820
510821
510822
510823
510824
510825
510826
510827
510828
510829
510831
510832
510833
510835
510836
510837
510838
510839
510840
510841
510842
510843
510844
510845
510846
510848
510849
510850
510851
510853
510854
510855
510856
510857
510858
510859
510860
510863
510864
510865
510866
510867
510868
510869
510870
510871
510872
510873
510874
510875
510876
510877
510881
510883
510884
510885
510886
510887
510888
510890
510894
510896
510897
510898
510899
510900
510901
510902
510903
510904
510905
510907
510908
510909
510910
510911
510912
510913
510915
510916
510918
510919
510920
510924
510926
510927
510928
510929
510930
510931
510932
510933
510934
510935
510936
510937
510938
510939
510941
510942
510943
510944
510945
510946
510947
510948
510949
510950
510951
510952
510953
510954
510955
510956
510957
510958
510959
510960
510961
510962
510963
510964
510965
510966
510967
510968
510969
510971
510972
510973
510974
510975
510976
510977
510978
510979
510980
510981
510982
510983
510984
510985
510986
510987
510988
510989
510990
510991
510992
510995
510996
510997
510998
510999
511000
511001
511002
511003
511004
511005
511006
511007
511008
511010
511012
511013
511014
511015
511016
511017
511019
511020
511022
511023
511024
511025
511026
511027
511028
511029
511030
511031
511032
511033
511034
511035
511036
511037
511038
511039
511040
511041
511042
511043
511044
511045
511046
511047
511048
511049
511050
511051
511052
511053
511054
511055
511056
511057
511059
511060
511061
511062
511063
511064
511065
511066
511068
511071
511073
511074
511076
511077
511078
511079
511080
511081
511082
511084
511085
511087
511088
511089
511090
511091
511092
511093
511096
511097
511098
511099
511100
511101
511102
511103
511104
511105
511106
511107
511108
511110
511111
511112
511113
511114
511115
511116
511117
511120
511122
511123
511124
511125
511126
511127
511128
511129
511130
511131
511132
511136
511137
511138
511139
511140
511141
511142
511144
511145
511146
511147
511148
511149
511150
511151
511152
511153
511154
511155
511156
511157
511158
511159
511160
511161
511162
511163
511164
511165
511166
511167
511168
511169
511170
511171
511172
511173
511174
511175
511176
511177
511178
511179
511180
511181
511182
511183
511184
511185
511186
511187
511188
511189
511190
511191
511193
511194
511195
511196
511197
511198
511199
511200
511201
511202
511203
511204
511205
511206
511207
511208
511209
511210
511211
511212
511213
511214
511215
511216
511217
511218
511219
511220
511221
511222
511223
511224
511225
511226
511227
511228
511229
511232
511233
511234
511235
511237
511238
511240
511241
511242
511243
511244
511245
511246
511247
511248
511249
511250
511251
511252
511253
511254
511255
511256
511257
511258
511259
511260
511261
511262
511263
511264
511265
511266
511267
511268
511269
511270
511271
511273
511274
511275
511276
511277
511278
511280
511282
511283
511284
511285
511286
511289
511290
511291
511292
511293
511294
511295
511296
511297
511298
511299
511300
511301
511302
511303
511304
511305
511306
511307
511308
511309
511310
511311
511312
511313
511314
511315
511317
511319
511320
511321
511322
511323
511324
511325
511326
511327
511328
511329
511330
511331
511332
511333
511335
511336
511337
511339
511340
511342
511343
511344
511345
511346
511347
511349
511350
511351
511352
511353
511354
511355
511356
511357
511358
511360
511361
511362
511363
511364
511365
511366
511367
511368
511369
511371
511372
511373
511374
511375
511376
511377
511378
511379
511380
511382
511383
511384
511385
511386
511387
511388
511389
511390
511391
511393
511394
511395
511396
511397
511398
511399
511400
511401
511403
511404
511405
511406
511409
511410
511411
511412
511413
511414
511415
511416
511417
511418
511419
511420
511421
511423
511424
511425
511426
511428
511429
511430
511431
511432
511433
511434
511436
511438
511442
511443
511444
511445
511446
511447
511448
511449
511450
511452
511453
511454
511455
511456
511457
511458
511459
511460
511461
511462
511463
511464
511465
511466
511467
511468
511469
511470
511471
511472
511473
511474
511475
511476
511477
511478
511479
511480
511481
511482
511483
511484
511485
511486
511487
511488
511489
511490
511491
511492
511493
511494
511495
511496
511497
511498
511499
511500
511501
511502
511503
511504
511505
511506
511507
511508
511509
511510
511511
511512
511513
511514
511515
511516
511517
511518
511519
511520
511521
511523
511524
511525
511526
511527
511528
511529
511530
511531
511532
511533
511534
511535
511536
511537
511538
511539
511540
511541
511542
511544
511546
511547
511548
511549
511550
511551
511552
511553
511554
511556
511557
511558
511559
511560
511562
511563
511564
511565
511566
511567
511569
511570
511571
511573
511574
511575
511576
511577
511578
511579
511580
511581
511583
511584
511585
511586
511587
511588
511589
511590
511591
511592
511593
511594
511595
511596
511597
511598
511599
511600
511601
511602
511603
511605
511607
511608
511609
511610
511611
511612
511613
511614
511615
511616
511617
511618
511619
511620
511621
511623
511624
511625
511626
511627
511628
511630
511631
511632
511633
511634
511635
511636
511637
511638
511640
511641
511642
511646
511647
511648
511649
511651
511652
511654
511655
511656
511657
511662
511663
511664
511665
511666
511667
511668
511669
511670
511671
511672
511673
511674
511675
511676
511677
511678
511679
511680
511681
511682
511683
511684
511685
511686
511687
511688
511689
511690
511691
511692
511694
511695
511697
511698
511699
511700
511701
511702
511703
511704
511705
511706
511708
511709
511710
511711
511712
511714
511715
511716
511717
511718
511719
511720
511721
511722
511723
511724
511725
511726
511727
511728
511729
511731
511732
511734
511735
511736
511737
511738
511740
511741
511744
511745
511746
511747
511748
511749
511750
511751
511752
511753
511754
511755
511756
511757
511758
511759
511760
511761
511762
511765
511769
511770
511771
511772
511773
511774
511776
511777
511778
511779
511780
511781
511784
511785
511786
511788
511789
511790
511791
511793
511794
511795
511796
511798
511799
511801
511802
511803
511804
511805
511806
511807
511808
511809
511810
511811
511812
511813
511814
511815
511816
511817
511818
511819
511820
511821
511822
511823
511824
511825
511826
511827
511828
511829
511830
511831
511832
511833
511834
511835
511837
511838
511839
511840
511841
511842
511843
511844
511845
511846
511847
511848
511849
511850
511851
511852
511853
511854
511855
511856
511857
511858
511859
511860
511861
511862
511863
511864
511865
511867
511868
511869
511870
511871
511873
511874
511875
511876
511877
511878
511879
511880
511881
511882
511883
511884
511885
511886
511887
511888
511889
511890
511892
511893
511894
511895
511896
511898
511899
511900
511901
511902
511903
511904
511905
511906
511907
511909
511910
511911
511912
511913
511914
511916
511918
511919
511920
511923
511925
511926
511927
511928
511929
511931
511932
511933
511934
511937
511938
511939
511940
511941
511943
511944
511945
511946
511947
511949
511950
511951
511952
511953
511955
511956
511957
511960
511961
511962
511963
511964
511965
511966
511967
511968
511969
511970
511971
511972
511973
511974
511975
511976
511977
511980
511981
511982
511983
511984
511985
511986
511987
511988
511989
511990
511991
511992
511993
511994
511995
511996
511997
511998
511999
512000
512001
512002
512003
512005
512006
512007
512008
512009
512010
512011
512012
512013
512014
512015
512016
512017
512018
512019
512020
512022
512024
512025
512027
512028
512029
512030
512032
512033
512034
512035
512036
512037
512038
512039
512040
512041
512042
512043
512044
512045
512046
512048
512049
512050
512051
512052
512053
512054
512056
512057
512058
512059
512060
512061
512062
512063
512064
512065
512066
512067
512068
512069
512070
512071
512072
512073
512074
512075
512076
512077
512078
512079
512080
512081
512082
512083
512084
512085
512086
512087
512088
512089
512090
512091
512092
512093
512094
512096
512097
512098
512099
512100
512102
512103
512104
512105
512107
512108
512109
512110
512112
512113
512114
512115
512116
512117
512118
512119
512120
512122
512123
512124
512125
512126
512127
512128
512129
512130
512131
512132
512133
512134
512135
512136
512137
512138
512139
512140
512141
512142
512143
512144
512145
512146
512147
512148
512149
512150
512151
512152
512153
512154
512156
512157
512158
512159
512160
512161
512162
512163
512164
512166
512167
512169
512170
512171
512172
512173
512174
512175
512176
512177
512178
512179
512180
512182
512183
512184
512185
512186
512188
512189
512190
512191
512192
512193
512194
512195
512196
512197
512198
512199
512200
512201
512202
512204
512205
512208
512209
512210
512212
512213
512214
512215
512216
512217
512218
512219
512220
512222
512223
512224
512226
512227
512228
512229
512230
512231
512232
512234
512235
512236
512237
512238
512239
512240
512241
512242
512243
512244
512245
512246
512247
512248
512250
512252
512253
512254
512255
512256
512257
512258
512259
512260
512261
512263
512264
512265
512266
512267
512268
512269
512270
512271
512272
512273
512274
512275
512276
512277
512278
512279
512280
512281
512282
512283
512284
512285
512286
512287
512288
512289
512290
512291
512292
512293
512294
512295
512296
512297
512298
512299
512300
512301
512303
512304
512305
512306
512307
512314
512317
512318
512319
512321
512322
512323
512324
512325
512326
512328
512329
512330
512331
512332
512333
512334
512335
512336
512337
512338
512340
512341
512342
512343
512344
512345
512346
512347
512348
512349
512350
512351
512352
512353
512354
512355
512356
512357
512358
512359
512360
512361
512362
512363
512364
512365
512366
512368
512369
512370
512371
512372
512373
512374
512375
512376
512377
512378
512379
512380
512381
512382
512383
512384
512385
512386
512387
512388
512389
512390
512391
512392
512393
512394
512395
512397
512398
512399
512400
512401
512402
512403
512404
512405
512406
512407
512408
512409
512410
512411
512412
512413
512414
512415
512416
512417
512418
512419
512420
512421
512422
512423
512425
512426
512427
512428
512429
512431
512432
512435
512436
512438
512440
512441
512442
512443
512444
512445
512446
512447
512448
512449
512450
512451
512452
512458
512459
512460
512461
512462
512463
512464
512465
512466
512467
512468
512469
512470
512471
512472
512473
512474
512475
512476
512477
512478
512479
512481
512482
512483
512484
512485
512486
512487
512488
512489
512490
512491
512492
512493
512494
512495
512496
512497
512498
512499
512500
512501
512502
512503
512504
512505
512506
512507
512508
512509
512510
512511
512512
512513
512514
512516
512518
512520
512521
512522
512523
512524
512525
512526
512527
512528
512529
512530
512531
512532
512533
512534
512535
512536
512537
512539
512540
512541
512542
512543
512544
512545
512546
512548
512550
512551
512552
512553
512554
512555
512556
512558
512559
512560
512561
512562
512563
512564
512565
512566
512567
512568
512569
512570
512571
512572
512573
512576
512577
512579
512580
512582
512583
512584
512585
512586
512587
512588
512591
512592
512593
512594
512596
512597
512598
512599
512601
512603
512605
512607
512608
512610
512611
512613
512614
512615
512616
512617
512618
512619
512620
512621
512622
512623
512624
512625
512626
512627
512628
512629
512630
512631
512632
512633
512634
512635
512636
512637
512638
512640
512641
512643
512644
512645
512646
512647
512648
512649
512650
512651
512653
512654
512657
512658
512659
512660
512662
512663
512664
512665
512667
512668
512669
512671
512672
512673
512674
512675
512676
512677
512678
512679
512680
512681
512682
512683
512684
512685
512686
512687
512688
512689
512690
512691
512692
512694
512695
512696
512697
512698
512699
512701
512702
512703
512704
512706
512707
512709
512710
512711
512713
512714
512715
512716
512717
512718
512719
512720
512721
512722
512723
512724
512725
512726
512728
512729
512730
512731
512732
512733
512734
512735
512736
512737
512738
512739
512740
512742
512743
512744
512745
512746
512747
512748
512749
512750
512751
512752
512753
512754
512755
512756
512757
512758
512759
512761
512762
512763
512765
512766
512768
512769
512770
512772
512773
512774
512775
512776
512777
512778
512779
512780
512781
512782
512783
512784
512785
512786
512787
512788
512789
512790
512791
512792
512794
512795
512796
512798
512799
512800
512801
512802
512803
512804
512805
512807
512808
512809
512810
512812
512813
512814
512816
512817
512818
512820
512821
512822
512823
512824
512825
512827
512828
512830
512831
512832
512833
512834
512835
512836
512837
512839
512840
512842
512843
512844
512845
512846
512847
512848
512849
512850
512851
512852
512853
512855
512856
512857
512858
512859
512860
512861
512862
512863
512864
512865
512866
512867
512868
512869
512870
512871
512872
512873
512874
512875
512876
512878
512879
512881
512882
512883
512884
512885
512886
512887
512888
512889
512890
512891
512892
512893
512894
512895
512896
512897
512898
512899
512901
512902
512903
512904
512905
512906
512908
512909
512911
512912
512913
512914
512915
512916
512917
512918
512919
512921
512922
512923
512924
512925
512926
512927
512928
512929
512936
512938
512939
512940
512942
512944
512945
512946
512948
512949
512950
512951
512952
512953
512954
512955
512957
512958
512959
512960
512961
512962
512963
512964
512965
512967
512968
512969
512970
512971
512972
512973
512974
512975
512976
512977
512978
512979
512980
512981
512982
512983
512984
512985
512986
512987
512988
512989
512990
512991
512992
512993
512994
512995
512996
512997
512998
512999
513000
513001
513002
513003
513004
513005
513006
513007
513008
513010
513011
513012
513013
513014
513015
513016
513017
513019
513020
513021
513022
513023
513024
513025
513026
513027
513028
513029
513030
513031
513032
513033
513034
513035
513036
513037
513038
513039
513040
513041
513042
513043
513044
513045
513046
513047
513048
513050
513051
513052
513053
513054
513055
513056
513057
513058
513059
513062
513063
513064
513065
513066
513067
513068
513069
513070
513071
513073
513074
513075
513077
513078
513079
513080
513081
513082
513083
513084
513086
513087
513088
513089
513090
513091
513092
513093
513094
513095
513096
513097
513098
513099
513100
513101
513103
513104
513105
513106
513107
513108
513109
513110
513111
513112
513113
513114
513115
513116
