513117
513118
513119
513120
513121
513122
513123
513124
513125
513126
513127
513128
513129
513130
513131
513132
513134
513135
513136
513137
513138
513139
513140
513141
513142
513143
513146
513147
513148
513150
513151
513152
513153
513154
513157
513159
513160
513161
513162
513163
513164
513165
513166
513167
513168
513169
513170
513171
513172
513173
513174
513175
513176
513177
513178
513179
513180
513181
513182
513183
513184
513185
513186
513187
513189
513190
513191
513193
513194
513195
513197
513199
513200
513201
513202
513203
513204
513205
513206
513207
513208
513210
513211
513212
513213
513214
513216
513217
513218
513219
513221
513222
513223
513224
513225
513226
513227
513228
513230
513231
513232
513233
513235
513236
513237
513238
513240
513241
513242
513243
513244
513245
513246
513247
513248
513249
513250
513251
513252
513253
513254
513255
513256
513257
513258
513259
513260
513261
513262
513263
513264
513265
513266
513267
513268
513269
513271
513272
513273
513274
513275
513276
513277
513278
513279
513280
513281
513282
513283
513284
513285
513286
513287
513289
513290
513292
513294
513295
513296
513297
513298
513299
513300
513301
513302
513303
513304
513305
513306
513308
513309
513310
513311
513312
513313
513314
513315
513316
513317
513318
513319
513320
513321
513322
513323
513324
513325
513326
513327
513329
513330
513331
513332
513333
513334
513335
513337
513338
513339
513340
513341
513342
513343
513344
513345
513346
513347
513348
513349
513350
513351
513353
513354
513355
513356
513357
513358
513359
513360
513362
513363
513364
513365
513366
513367
513368
513370
513371
513372
513373
513374
513375
513376
513377
513378
513379
513380
513381
513382
513384
513386
513387
513389
513390
513392
513393
513394
513395
513396
513397
513399
513401
513402
513403
513404
513405
513406
513407
513408
513409
513412
513413
513414
513417
513418
513419
513420
513421
513423
513424
513425
513426
513427
513428
513429
513431
513432
513433
513434
513435
513436
513437
513438
513439
513441
513442
513443
513444
513445
513446
513447
513448
513449
513450
513451
513452
513453
513454
513455
513456
513457
513458
513459
513460
513461
513462
513464
513465
513466
513467
513468
513469
513472
513473
513474
513475
513477
513478
513479
513480
513481
513482
513484
513485
513486
513487
513488
513489
513491
513492
513493
513494
513495
513496
513498
513499
513500
513501
513502
513503
513504
513505
513507
513508
513510
513511
513512
513513
513514
513515
513516
513518
513519
513520
513521
513522
513523
513524
513525
513526
513527
513528
513529
513530
513532
513533
513534
513536
513537
513539
513540
513541
513542
513543
513544
513545
513546
513547
513548
513549
513550
513551
513552
513553
513554
513555
513557
513558
513559
513560
513561
513562
513563
513564
513565
513566
513567
513568
513569
513571
513572
513573
513574
513576
513577
513579
513580
513581
513582
513583
513584
513586
513587
513589
513590
513591
513592
513593
513594
513595
513596
513597
513598
513599
513600
513602
513603
513604
513605
513606
513607
513608
513610
513611
513612
513613
513615
513616
513617
513619
513621
513622
513623
513624
513625
513626
513627
513628
513629
513631
513632
513633
513634
513635
513636
513637
513638
513639
513640
513642
513643
513644
513645
513646
513648
513649
513650
513651
513652
513654
513655
513657
513658
513659
513660
513661
513662
513663
513664
513665
513667
513668
513670
513671
513673
513675
513676
513677
513679
513680
513682
513684
513685
513686
513687
513690
513691
513692
513694
513695
513696
513697
513698
513699
513700
513701
513702
513703
513704
513705
513706
513707
513708
513709
513710
513711
513712
513713
513714
513715
513716
513717
513718
513719
513720
513721
513722
513723
513724
513725
513726
513727
513728
513729
513730
513731
513732
513733
513734
513735
513736
513737
513738
513739
513740
513741
513742
513743
513744
513746
513748
513749
513750
513751
513752
513753
513754
513756
513757
513758
513760
513762
513763
513764
513766
513767
513768
513769
513770
513771
513772
513774
513775
513776
513777
513778
513779
513780
513781
513782
513783
513784
513785
513786
513787
513788
513789
513790
513791
513793
513794
513795
513796
513797
513798
513800
513801
513802
513803
513805
513806
513807
513808
513809
513810
513811
513812
513813
513814
513815
513816
513817
513818
513819
513820
513821
513822
513824
513825
513826
513827
513828
513829
513830
513831
513832
513833
513834
513835
513836
513837
513838
513839
513841
513842
513844
513845
513846
513847
513849
513850
513851
513852
513854
513855
513856
513857
513858
513859
513860
513861
513862
513863
513864
513865
513866
513867
513868
513869
513870
513871
513872
513873
513874
513875
513876
513877
513878
513879
513881
513882
513883
513884
513890
513891
513892
513893
513894
513895
513896
513897
513898
513899
513900
513901
513902
513903
513904
513905
513906
513907
513908
513909
513910
513911
513912
513913
513914
513915
513916
513917
513918
513919
513920
513921
513922
513925
513926
513927
513928
513929
513930
513933
513934
513935
513936
513937
513938
513939
513941
513942
513943
513944
513945
513946
513947
513948
513949
513950
513951
513952
513953
513954
513955
513957
513958
513961
513962
513963
513964
513965
513967
513968
513970
513971
513972
513973
513975
513976
513977
513979
513980
513981
513982
513983
513984
513985
513986
513987
513989
513990
513991
513992
513993
513994
513995
513996
513997
513998
513999
514000
514001
514002
514003
514004
514005
514006
514007
514008
514009
514010
514011
514012
514013
514014
514015
514016
514017
514018
514019
514020
514021
514022
514023
514024
514025
514026
514029
514031
514032
514034
514035
514036
514037
514038
514039
514040
514041
514042
514043
514044
514045
514046
514047
514048
514049
514050
514051
514054
514055
514056
514058
514059
514060
514062
514064
514065
514066
514067
514068
514069
514070
514071
514072
514073
514075
514076
514077
514078
514079
514080
514081
514083
514084
514085
514086
514087
514088
514089
514093
514094
514095
514096
514097
514098
514099
514100
514101
514102
514103
514104
514105
514106
514107
514108
514109
514110
514111
514112
514113
514114
514115
514117
514118
514119
514120
514121
514122
514123
514124
514125
514126
514128
514129
514130
514131
514132
514133
514134
514135
514136
514137
514138
514139
514140
514141
514142
514144
514145
514146
514147
514148
514149
514150
514152
514153
514154
514155
514156
514157
514158
514159
514160
514161
514163
514164
514165
514166
514167
514168
514169
514170
514171
514172
514173
514174
514175
514180
514185
514186
514190
514194
514195
514196
514198
514199
514200
514201
514203
514205
514206
514207
514209
514210
514211
514213
514214
514215
514217
514218
514219
514221
514222
514223
514225
514227
514228
514229
514230
514231
514232
514233
514234
514235
514236
514237
514238
514239
514241
514242
514245
514247
514248
514250
514251
514253
514254
514256
514257
514258
514259
514260
514261
514262
514263
514264
514265
514266
514267
514269
514270
514271
514272
514273
514275
514276
514277
514280
514281
514283
514284
514286
514287
514288
514289
514290
514291
514294
514295
514296
514299
514300
514301
514302
514303
514304
514306
514307
514308
514309
514310
514311
514312
514313
514314
514315
514316
514317
514318
514319
514320
514321
514322
514323
514326
514328
514330
514331
514332
514333
514335
514336
514337
514338
514339
514340
514341
514342
514343
514344
514345
514346
514347
514349
514350
514351
514353
514354
514355
514356
514357
514358
514359
514360
514361
514362
514363
514364
514365
514366
514367
514368
514369
514370
514371
514372
514373
514375
514377
514378
514380
514381
514382
514383
514384
514385
514386
514387
514388
514389
514390
514391
514392
514393
514395
514396
514397
514398
514399
514400
514401
514402
514403
514404
514405
514407
514408
514410
514411
514413
514414
514415
514416
514417
514418
514419
514420
514421
514422
514423
514424
514425
514427
514428
514431
514432
514433
514434
514435
514436
514437
514438
514439
514440
514441
514443
514445
514446
514447
514448
514450
514451
514452
514453
514454
514456
514457
514458
514460
514462
514463
514464
514465
514466
514467
514468
514469
514470
514471
514472
514473
514474
514475
514476
514477
514478
514479
514480
514481
514482
514483
514484
514485
514487
514488
514489
514491
514492
514493
514495
514496
514497
514498
514499
514500
514501
514502
514503
514504
514505
514507
514508
514509
514510
514511
514512
514513
514514
514515
514516
514517
514518
514519
514520
514522
514523
514524
514525
514526
514527
514528
514529
514530
514531
514532
514533
514534
514535
514536
514537
514538
514539
514540
514541
514542
514543
514544
514545
514546
514547
514549
514550
514551
514552
514553
514554
514555
514556
514558
514560
514562
514563
514564
514565
514566
514569
514570
514572
514573
514574
514575
514576
514577
514578
514579
514580
514582
514584
514585
514586
514587
514588
514589
514590
514591
514592
514593
514594
514595
514596
514597
514598
514600
514605
514606
514607
514608
514609
514610
514611
514612
514613
514614
514615
514616
514617
514618
514619
514620
514621
514622
514623
514624
514625
514626
514627
514628
514629
514630
514631
514632
514633
514634
514635
514636
514637
514638
514639
514640
514641
514642
514643
514644
514645
514646
514647
514648
514649
514650
514651
514652
514653
514654
514655
514656
514657
514658
514659
514660
514661
514662
514663
514664
514665
514667
514668
514669
514671
514672
514673
514674
514675
514677
514678
514679
514680
514681
514682
514683
514684
514685
514686
514687
514688
514689
514690
514691
514692
514693
514694
514695
514696
514697
514698
514699
514700
514701
514702
514703
514704
514705
514706
514707
514708
514710
514711
514712
514713
514714
514715
514716
514717
514718
514719
514721
514722
514724
514725
514726
514727
514728
514729
514730
514731
514733
514734
514735
514736
514737
514738
514739
514740
514741
514742
514743
514744
514745
514747
514748
514749
514751
514752
514753
514754
514755
514756
514757
514758
514759
514760
514762
514763
514764
514765
514766
514767
514768
514769
514771
514772
514773
514775
514776
514777
514778
514779
514780
514782
514783
514784
514785
514787
514788
514789
514790
514791
514793
514794
514796
514798
514799
514800
514801
514802
514803
514804
514805
514806
514807
514808
514809
514810
514811
514812
514813
514814
514817
514818
514821
514822
514823
514824
514825
514826
514827
514828
514829
514830
514831
514832
514833
514834
514836
514839
514840
514843
514845
514846
514847
514848
514849
514850
514851
514852
514853
514854
514855
514856
514857
514859
514860
514861
514862
514863
514865
514866
514867
514868
514869
514870
514871
514872
514873
514874
514875
514876
514877
514878
514879
514880
514881
514882
514883
514884
514885
514886
514887
514888
514889
514890
514891
514892
514893
514894
514895
514898
514899
514900
514901
514902
514903
514904
514905
514906
514907
514908
514909
514910
514911
514912
514913
514914
514915
514916
514917
514918
514919
514920
514921
514922
514925
514926
514927
514928
514929
514931
514932
514933
514934
514935
514936
514937
514938
514939
514940
514941
514943
514944
514945
514946
514947
514948
514949
514950
514952
514953
514955
514956
514958
514959
514960
514961
514962
514963
514964
514965
514966
514967
514968
514969
514970
514971
514973
514974
514975
514976
514977
514979
514980
514981
514983
514984
514985
514986
514987
514988
514990
514991
514993
514994
514995
514996
514997
514998
514999
515000
515001
515002
515003
515004
515005
515006
515009
515010
515011
515012
515013
515015
515016
515018
515021
515022
515023
515024
515025
515026
515027
515028
515029
515030
515031
515032
515033
515034
515035
515036
515037
515038
515039
515040
515041
515042
515043
515044
515045
515046
515047
515048
515049
515050
515051
515052
515053
515054
515056
515057
515058
515059
515061
515063
515064
515066
515069
515070
515071
515074
515075
515077
515083
515084
515086
515087
515088
515089
515090
515091
515092
515093
515094
515095
515096
515098
515099
515100
515101
515102
515104
515106
515108
515109
515110
515111
515112
515113
515114
515115
515116
515117
515118
515120
515121
515122
515123
515124
515125
515126
515127
515128
515129
515130
515131
515132
515133
515134
515135
515136
515137
515138
515139
515140
515141
515142
515145
515153
515157
515158
515159
515160
515162
515163
515164
515168
515169
515170
515171
515172
515173
515174
515175
515176
515177
515178
515179
515180
515181
515182
515183
515184
515185
515186
515187
515188
515189
515190
515191
515192
515193
515194
515195
515196
515197
515198
515199
515201
515202
515205
515206
515207
515208
515209
515210
515211
515212
515213
515214
515215
515216
515217
515218
515219
515220
515221
515222
515223
515224
515225
515226
515229
515235
515237
515238
515239
515240
515242
515243
515244
515245
515246
515247
515248
515249
515250
515251
515252
515253
515254
515255
515256
515258
515260
515262
515263
515264
515265
515266
515267
515269
515270
515271
515272
515273
515275
515276
515277
515278
515279
515280
515281
515282
515283
515284
515285
515286
515287
515288
515290
515291
515292
515293
515294
515295
515296
515297
515298
515299
515300
515301
515302
515303
515304
515305
515306
515307
515308
515309
515311
515312
515313
515314
515315
515316
515317
515318
515319
515320
515321
515322
515323
515324
515325
515326
515327
515328
515329
515330
515331
515332
515333
515334
515335
515336
515337
515338
515339
515341
515342
515344
515345
515346
515347
515348
515349
515350
515352
515353
515355
515357
515360
515361
515362
515365
515366
515368
515369
515370
515371
515372
515373
515374
515375
515376
515377
515379
515380
515381
515382
515383
515384
515387
515389
515391
515392
515393
515395
515396
515397
515398
515399
515400
515401
515402
515404
515405
515406
515407
515408
515409
515410
515411
515413
515414
515415
515416
515420
515425
515427
515428
515431
515432
515433
515435
515436
515437
515438
515439
515440
515441
515442
515443
515444
515445
515447
515448
515449
515450
515451
515452
515453
515454
515456
515457
515458
515459
515460
515461
515462
515463
515465
515466
515467
515468
515469
515471
515472
515474
515475
515476
515477
515478
515479
515481
515482
515485
515486
515487
515488
515490
515491
515492
515494
515495
515496
515497
515499
515500
515503
515505
515508
515509
515510
515511
515513
515516
515518
515519
515520
515521
515522
515525
515526
515527
515528
515529
515530
515531
515532
515533
515535
515537
515538
515539
515540
515542
515543
515544
515545
515547
515548
515549
515550
515552
515553
515554
515555
515556
515557
515558
515559
515560
515561
515562
515563
515566
515567
515568
515569
515570
515571
515572
515573
515574
515575
515576
515577
515578
515579
515580
515581
515584
515585
515588
515589
515590
515591
515592
515593
515594
515595
515596
515597
515598
515599
515600
515601
515602
515603
515604
515605
515606
515607
515608
515609
515610
515611
515612
515613
515614
515616
515617
515618
515619
515620
515621
515622
515623
515624
515625
515626
515627
515629
515630
515631
515632
515633
515634
515635
515636
515637
515638
515639
515640
515641
515642
515643
515644
515645
515647
515648
515649
515650
515651
515652
515653
515654
515655
515656
515657
515658
515659
515660
515661
515662
515663
515664
515665
515666
515667
515668
515669
515670
515671
515672
515673
515674
515675
515676
515677
515678
515679
515680
515681
515682
515683
515684
515685
515687
515688
515689
515690
515691
515692
515694
515695
515696
515697
515698
515699
515701
515702
515703
515705
515706
515707
515708
515709
515710
515711
515712
515713
515714
515715
515716
515717
515718
515720
515721
515723
515724
515725
515726
515727
515728
515729
515731
515732
515733
515734
515736
515737
515738
515739
515740
515741
515742
515743
515744
515746
515747
515749
515750
515751
515752
515753
515754
515755
515756
515757
515758
515759
515760
515761
515762
515763
515764
515765
515767
515768
515770
515771
515772
515773
515774
515775
515776
515777
515778
515779
515780
515781
515782
515784
515785
515786
515787
515788
515789
515790
515792
515793
515794
515795
515796
515797
515799
515800
515801
515802
515803
515804
515805
515806
515807
515809
515810
515811
515812
515813
515814
515815
515816
515817
515818
515819
515820
515821
515822
515823
515824
515825
515826
515827
515828
515829
515830
515831
515832
515833
515834
515835
515836
515837
515838
515839
515840
515841
515842
515843
515844
515845
515846
515847
515848
515849
515850
515851
515852
515853
515854
515855
515856
515857
515858
515859
515860
515861
515862
515863
515864
515865
515866
515867
515868
515869
515870
515871
515872
515873
515874
515875
515876
515877
515878
515879
515880
515881
515882
515883
515884
515885
515886
515887
515888
515889
515890
515891
515892
515893
515894
515895
515896
515897
515898
515899
515901
515905
515906
515908
515909
515910
515911
515912
515913
515914
515915
515916
515917
515918
515919
515920
515921
515922
515923
515924
515926
515927
515928
515929
515930
515931
515932
515933
515934
515935
515936
515937
515938
515939
515940
515943
515944
515945
515946
515947
515948
515949
515950
515951
515952
515953
515954
515955
515956
515957
515958
515959
515960
515961
515962
515963
515964
515965
515966
515967
515968
515970
515971
515972
515973
515975
515976
515977
515978
515979
515980
515981
515982
515985
515986
515987
515988
515989
515990
515991
515992
515993
515994
515995
515996
515997
515998
515999
516001
516002
516003
516004
516005
516006
516008
516010
516011
516012
516013
516014
516015
516016
516017
516018
516019
516020
516021
516022
516023
516024
516025
516026
516027
516028
516029
516030
516031
516032
516033
516035
516036
516038
516039
516041
516042
516045
516046
516047
516048
516049
516050
516051
516052
516054
516055
516057
516058
516059
516060
516061
516062
516063
516064
516065
516066
516069
516071
516072
516074
516075
516076
516077
516078
516079
516080
516081
516082
516083
516086
516088
516089
516090
516091
516092
516094
516095
516096
516097
516098
516099
516101
516102
516103
516104
516105
516106
516107
516108
516109
516110
516111
516112
516113
516114
516115
516116
516117
516118
516119
516120
516121
516122
516123
516124
516125
516126
516127
516128
516129
516130
516131
516132
516133
516134
516135
516136
516137
516138
516139
516140
516141
516142
516143
516144
516145
516146
516147
516148
516149
516150
516151
516152
516153
516154
516155
516156
516158
516159
516161
516162
516163
516164
516165
516166
516167
516168
516169
516170
516171
516172
516173
516174
516175
516176
516177
516178
516179
516180
516181
516182
516183
516184
516185
516186
516187
516188
516189
516190
516191
516192
516193
516194
516195
516196
516197
516198
516199
516200
516201
516202
516203
516204
516205
516206
516207
516208
516209
516210
516212
516213
516214
516215
516217
516219
516220
516221
516222
516223
516224
516225
516226
516227
516228
516229
516230
516231
516232
516234
516235
516236
516237
516238
516239
516240
516241
516242
516244
516245
516246
516247
516249
516250
516251
516252
516253
516254
516256
516257
516258
516259
516260
516261
516262
516263
516264
516265
516266
516267
516268
516269
516270
516272
516273
516274
516275
516276
516277
516278
516279
516280
516282
516283
516284
516285
516286
516287
516288
516290
516292
516295
516296
516297
516299
516300
516302
516303
516304
516305
516306
516307
516308
516309
516310
516311
516312
516313
516314
516315
516316
516317
516318
516319
516320
516321
516322
516324
516325
516326
516327
516328
516329
516330
516331
516332
516333
516334
516336
516337
516338
516339
516340
516341
516342
516343
516344
516345
516346
516347
516348
516349
516350
516351
516352
516353
516354
516355
516356
516357
516358
516359
516360
516361
516362
516363
516364
516365
516366
516367
516369
516370
516371
516372
516373
516374
516375
516377
516378
516381
516382
516385
516387
516388
516389
516391
516393
516394
516395
516396
516397
516398
516399
516400
516401
516402
516403
516404
516406
516407
516408
516409
516410
516411
516412
516414
516415
516416
516417
516418
516419
516420
516421
516422
516423
516424
516425
516426
516427
516428
516429
516430
516431
516432
516433
516434
516435
516436
516437
516438
516439
516440
516441
516442
516443
516444
516445
516446
516447
516448
516449
516450
516451
516452
516453
516454
516455
516456
516457
516458
516459
516460
516461
516462
516463
516464
516466
516467
516468
516469
516470
516471
516472
516473
516474
516475
516476
516477
516478
516479
516480
516481
516482
516483
516484
516485
516486
516487
516488
516489
516490
516491
516492
516493
516494
516495
516496
516497
516498
516499
516500
516501
516502
516503
516504
516505
516508
516509
516510
516511
516512
516513
516514
516515
516516
516517
516518
516519
516520
516521
516522
516523
516525
516526
516528
516531
516532
516533
516534
516535
516536
516537
516538
516539
516540
516541
516543
516544
516545
516546
516547
516548
516550
516551
516552
516554
516555
516556
516557
516558
516559
516560
516561
516563
516564
516565
516566
516567
516568
516569
516570
516571
516572
516573
516575
516576
516577
516578
516579
516580
516583
516585
516587
516588
516589
516590
516591
516592
516593
516594
516595
516597
516598
516599
516601
516602
516603
516604
516605
516607
516608
516609
516610
516611
516612
516613
516614
516615
516616
516617
516618
516619
516620
516621
516622
516623
516624
516625
516626
516627
516628
516629
516630
516631
516632
516633
516634
516635
516636
516637
516638
516639
516640
516641
516642
516643
516644
516645
516646
516647
516648
516649
516650
516651
516652
516653
516654
516655
516656
516657
516658
516659
516660
516661
516662
516663
516664
516665
516668
516669
516670
516671
516673
516674
516675
516676
516678
516679
516680
516681
516682
516684
516686
516687
516688
516689
516691
516692
516693
516694
516695
516696
516697
516698
516699
516700
516701
516702
516703
516704
516705
516706
516707
516708
516709
516710
516711
516712
516713
516714
516715
516716
516717
516718
516719
516720
516721
516722
516723
516724
516726
516727
516728
516729
516730
516733
516734
516737
516738
516739
516742
516743
516744
516745
516746
516747
516748
516749
516750
516751
516752
516753
516754
516756
516757
516759
516760
516761
516762
516763
516764
516766
516767
516768
516769
516771
516772
516773
516774
516775
516776
516777
516778
516779
516780
516782
516783
516784
516785
516788
516789
516790
516791
516792
516793
516794
516795
516797
516798
516799
516800
516801
516802
516803
516804
516805
516806
516807
516808
516809
516810
516811
516812
516813
516815
516816
516817
516818
516822
516823
516824
516825
516826
516827
516828
516829
516830
516832
516833
516834
516835
516836
516837
516838
516839
516840
516841
516842
516843
516844
516845
516846
516847
516848
516850
516851
516852
516853
516854
516855
516856
516857
516858
516859
516860
516861
516862
516863
516864
516865
516866
516867
516868
516869
516870
516871
516872
516873
516875
516876
516877
516878
516879
516880
516882
516883
516884
516885
516886
516887
516888
516889
516890
516891
516892
516893
516894
516895
516896
516897
516898
516899
516900
516901
516902
516903
516904
516905
516906
516907
516908
516909
516910
516911
516912
516913
516914
516916
516917
516918
516919
516920
516922
516923
516924
516925
516926
516928
516931
516932
516937
516938
516939
516941
516942
516943
516944
516946
516947
516948
516949
516950
516951
516952
516953
516954
516956
516957
516958
516959
516960
516961
516962
516963
516964
516967
516968
516969
516970
516971
516972
516974
516976
516977
516979
516980
516981
516982
516983
516984
516985
516986
516987
516988
516989
516990
516991
516992
516993
516994
516995
516996
516997
516998
516999
517000
517001
517002
517003
517004
517005
517006
517007
517010
517011
517012
517013
517014
517015
517016
517017
517018
517019
517020
517021
517022
517023
517024
517025
517026
517027
517028
517029
517030
517031
517032
517033
517034
517035
517036
517038
517039
517040
517041
517042
517043
517045
517046
517047
517048
517049
517050
517051
517052
517053
517054
517055
517056
517057
517058
517059
517060
517061
517062
517063
517064
517065
517066
517067
517068
517069
517070
517071
517072
517073
517074
517075
517076
517078
517079
517080
517081
517082
517083
517084
517085
517086
517087
517088
517089
517091
517092
517093
517095
517096
517097
517098
517099
517100
517101
517102
517103
517104
517105
517106
517108
517109
517110
517111
517112
517113
517114
517116
517117
517118
517121
517122
517123
517124
517125
517126
517127
517128
517129
517130
517132
517133
517135
517137
517138
517140
517141
517142
517143
517144
517145
517146
517148
517150
517151
517152
517153
517154
517155
517156
517157
517158
517159
517160
517161
517162
517163
517164
517165
517166
517167
517168
517169
517170
517171
517172
517173
517174
517175
517176
517177
517178
517179
517180
517181
517182
517183
517184
517185
517186
517187
517191
517192
517193
517194
517195
517196
517197
517198
517199
517200
517201
517202
517203
517204
517205
517206
517207
517208
517209
517210
517211
517212
517213
517214
517215
517216
517217
517219
517221
517222
517223
517224
517225
517226
517227
517228
517229
517230
517231
517232
517233
517234
517235
517236
517237
517240
517241
517242
517243
517244
517245
517246
517248
517249
517250
517251
517252
517253
517254
517256
517257
517259
517260
517262
517263
517266
517267
517268
517269
517270
517271
517272
517273
517275
517276
517277
517278
517279
517280
517281
517282
517283
517284
517285
517286
517287
517288
517289
517291
517292
517293
517294
517295
517296
517297
517298
517299
517300
517301
517302
517303
517304
517305
517306
517307
517308
517309
517310
517311
517312
517313
517314
517315
517316
517317
517318
517319
517320
517322
517323
517324
517325
517326
517327
517328
517329
517330
517331
517332
517333
517334
517335
517336
517337
517338
517339
517340
517341
517342
517343
517344
517345
517346
517347
517350
517351
517352
517353
517354
517355
517357
517358
517359
517360
517361
517362
517363
517364
517365
517366
517367
517368
517369
517370
517371
517372
517373
517374
517375
517377
517379
517380
517381
517382
517383
517385
517386
517387
517388
517389
517390
517391
517392
517393
517394
517395
517396
517397
517398
517399
517401
517402
517403
517404
517406
517407
517408
517409
517410
517411
517412
517413
517414
517415
517416
517417
517418
517419
517420
517421
517422
517423
517424
517425
517426
517427
517428
517429
517430
517431
517432
517433
517434
517435
517436
517437
517438
517439
517440
517441
517442
517443
517444
517445
517446
517447
517448
517449
517450
517451
517453
517454
517455
517456
517457
517458
517459
517460
517461
517462
517463
517465
517466
517467
517468
517469
517470
517473
517474
517475
517476
517477
517478
517479
517480
517481
517482
517483
517485
517486
517489
517493
517494
517495
517496
517498
517499
517500
517501
517502
517503
517504
517505
517506
517507
517508
517510
517511
517512
517513
517514
517516
517517
517519
517521
517522
517523
517525
517527
517528
517531
517532
517533
517534
517535
517536
517537
517538
517539
517541
517542
517543
517544
517545
517546
517547
517548
517549
517550
517551
517552
517553
517558
517559
517560
517561
517562
517563
517564
517565
517566
517567
517568
517569
517570
517571
517572
517573
517574
517575
517576
517578
517580
517582
517583
517584
517585
517586
517587
517589
517590
517591
517592
517593
517594
517595
517596
517597
517598
517599
517600
517601
517602
517603
517604
517605
517606
517607
517608
517609
517610
517611
517612
517614
517615
517616
517617
517618
517619
517620
517621
517623
517624
517625
517626
517627
517628
517630
517631
517632
517633
517634
517635
517636
517637
517638
517639
517640
517642
517643
517644
517645
517646
517647
517648
517649
517650
517651
517652
517653
517654
517655
517656
517657
517658
517659
517660
517661
517662
517663
517665
517666
517667
517668
517672
517674
517675
517676
517677
517678
517679
517680
517681
517682
517684
517685
517686
517687
517688
517689
517690
517691
517692
517693
517694
517695
517696
517697
517698
517699
517700
517701
517702
517703
517704
517705
517706
517707
517708
517709
517710
517711
517712
517713
517714
517715
517716
517717
517718
517719
517722
517723
517724
517726
517727
517728
517730
517731
517732
517733
517734
517735
517736
517737
517738
517739
517740
517741
517742
517743
517744
517745
517747
517748
517749
517750
517751
517752
517753
517754
517756
517757
517759
517760
517761
517762
517763
517764
517765
517766
517767
517768
517769
517770
517771
517772
517773
517774
517775
517776
517777
517778
517779
517780
517781
517782
517783
517784
517785
517786
517787
517788
517789
517790
517791
517792
517793
517794
517795
517796
517797
517798
517799
517800
517801
517802
517803
517806
517807
517809
517810
517811
517812
517814
517815
517817
517822
517823
517825
517826
517827
517828
517829
517830
517831
517832
517833
517834
517836
517838
517839
517840
517841
517844
517845
517846
517847
517848
517849
517850
517851
517852
517853
517854
517855
517856
517857
517858
517859
517860
517861
517862
517863
517864
517865
517866
517867
517868
517869
517870
517871
517872
517873
517874
517875
517876
517877
517878
517879
517880
517881
517882
517883
517884
517885
517887
517888
517889
517890
517891
517892
517893
517894
517895
517896
517897
517898
517899
517901
517902
517903
517904
517905
517907
517908
517909
517910
517911
517912
517913
517915
517917
517918
517919
517920
517921
517923
517925
517926
517927
517929
517930
517931
517932
517933
517934
517935
517936
517937
517938
517939
517940
517941
517942
517943
517944
517946
517947
517948
517950
517951
517952
517953
517954
517955
517956
517957
517958
517959
517960
517961
517962
517963
517964
517965
517966
517967
517968
517969
517970
517971
517972
517973
517974
517975
517976
517977
517978
517979
517980
517981
517982
517984
517986
517987
517988
517989
517990
517991
517992
517993
517995
517996
517998
517999
518000
518001
518002
518003
518005
518006
518008
518009
518010
518011
518012
518013
518014
518015
518016
518017
518018
518019
518020
518021
518022
518026
518027
518028
518029
518031
518032
518033
518034
518037
518038
518039
518040
518041
518042
518043
518044
518045
518046
518047
518048
518049
518051
518052
518053
518054
518055
518057
518058
518059
518060
518061
518063
518064
518067
518068
518069
518070
518071
518073
518075
518076
518077
518078
518079
518080
518082
518084
518085
518087
518089
518090
518091
518092
518093
518094
518095
518097
518098
518099
518100
518101
518102
518103
518104
518105
518106
518107
518108
518109
518111
518112
518113
518114
518115
518116
518117
518118
518120
518121
518122
518123
518124
518125
518126
518129
518130
518132
518133
518135
518136
518137
518138
518142
518143
518144
518145
518146
518147
518148
518149
518150
518151
518152
518153
518154
518155
518156
518158
518159
518160
518162
518163
518164
518166
518168
518171
518172
518174
518175
518176
518177
518178
518180
518181
518182
518183
518184
518186
518187
518188
518189
518190
518191
518192
518193
518194
518195
518196
518197
518198
518199
518200
518201
518202
518203
518204
518205
518206
518208
518209
518211
518213
518214
518215
518217
518219
518220
518221
518222
518224
518227
518228
518229
518230
518233
518234
518235
518236
518237
518239
518240
518241
518242
518243
518244
518245
518247
518248
518249
518250
518251
518252
518253
518254
518255
518256
518257
518258
518259
518260
518261
518262
518263
518264
518265
518266
518267
518268
518269
518270
518271
518273
518274
518276
518277
518278
518279
518281
518282
518283
518284
518285
518286
518287
518288
518289
518290
518291
518292
518293
518294
518295
518296
518297
518298
518299
518300
518301
518302
518304
518306
518307
518308
518309
518310
518311
518313
518314
518315
518316
518319
518320
518321
518322
518323
518324
518326
518327
518328
518329
518330
518332
518335
518336
518337
518339
518342
518344
518345
518349
518350
518351
518352
518353
518354
518355
518356
518357
518358
518359
518360
518361
518362
518363
518364
518365
518366
518367
518368
518369
518370
518371
518372
518373
518374
518375
518376
518377
518378
518379
518380
518381
518382
518383
518384
518385
518386
518387
518388
518390
518391
518392
518393
518394
518395
518396
518397
518398
518399
518400
518401
518402
518403
518404
518406
518407
518408
518409
518410
518411
518412
518413
518414
518415
518416
518417
518418
518419
518420
518422
518423
518424
518425
518426
518427
518428
518429
518430
518432
518433
518434
518435
518436
518437
518438
518439
518440
518441
518442
518443
518444
518445
518446
518447
518448
518449
518450
518451
518452
518453
518454
518455
518457
518458
518459
518460
518461
518462
518464
518465
518466
518468
518469
518470
518471
518472
518473
518474
518475
518476
518477
518478
518479
518480
518481
518482
518483
518484
518485
518486
518487
518488
518489
518490
518491
518492
518493
518494
518495
518496
518497
518498
518499
518500
518502
518503
518504
518505
518506
518507
518508
518510
518512
518513
518514
518515
518516
518517
518518
518519
518520
518521
518522
518523
518524
518525
518526
518527
518529
518530
518531
518532
518533
518534
518535
518536
518537
518538
518539
518540
518541
518542
518543
518544
518546
518547
518548
518549
518550
518551
518552
518553
518555
518556
518557
518558
518559
518560
518561
518562
518563
518564
518565
518566
518570
518572
518575
518576
518577
518578
518579
518580
518581
518582
518583
518584
518585
518586
518587
518588
518589
518590
518591
518592
518593
518594
518596
518597
518598
518599
518600
518601
518602
518603
518604
518605
518608
518609
518610
518612
518613
518614
518615
518616
518617
518618
518619
518621
518622
518623
518624
518625
518626
518627
518628
518629
518630
518631
518632
518633
518634
518635
518636
518637
518638
518639
518640
518641
518642
518643
518644
518645
518647
518648
518649
518650
518651
518652
518653
518655
518656
518657
518658
518659
518660
518661
518662
518663
518664
518665
518666
518667
518668
518669
518671
518672
518673
518674
518675
518676
518677
518678
518679
518680
518681
518682
518683
518684
518685
518686
518689
518690
518691
518692
518693
518694
518695
518696
518697
518699
518700
518701
518702
518703
518704
518705
518706
518707
518708
518709
518710
518711
518712
518713
518714
518716
518717
518718
518719
518720
518722
518724
518726
518727
518729
518730
518731
518732
518734
518736
518737
518738
518739
518740
518741
518743
518744
518745
518746
518747
518749
518751
518752
518753
518754
518755
518756
518757
518758
518760
518761
518762
518763
518764
518765
518766
518768
518769
518770
518771
518772
518773
518774
518775
518776
518777
518778
518779
518780
518781
518784
518785
518786
518787
518788
518790
518791
518792
518793
518794
518795
518796
518797
518798
518799
518800
518801
518802
518803
518804
518805
518806
518807
518809
518812
518813
518814
518815
518817
518818
518819
518820
518821
518822
518823
518824
518825
518826
518827
518828
518829
518830
518831
518832
518833
518834
518835
518836
518837
518838
518840
518841
518842
518843
518844
518845
518846
518847
518848
518849
518850
518851
518852
518853
518854
518855
518856
518857
518858
518859
518860
518861
518862
518864
518865
518866
518867
518868
518870
518871
518872
518873
518874
518875
518877
518878
518879
