443735
443736
443738
443739
44374
443740
443741
443742
443744
443745
443746
443747
443749
44375
443750
443751
443752
443753
443754
443755
443757
443759
44376
443760
443761
443762
443763
443764
443765
443766
443767
443768
44377
443770
443771
443772
443774
443775
443777
443778
443779
443780
443781
443782
443784
443785
443786
443787
443788
443789
44379
443790
443791
443794
443795
443796
443797
443798
443799
44380
443800
443801
443803
443804
443805
443806
443807
443808
443809
44381
443810
443811
443812
443813
443814
443818
44382
443820
443821
443822
443823
443825
443826
443827
443828
443829
44383
443830
443831
443832
443833
443834
443835
443836
443837
443838
443839
44384
443840
443841
443842
443843
443844
443845
443846
443847
443848
443849
44385
443850
443851
443852
443853
443854
443855
443856
443857
443858
44386
443860
443861
443862
443863
443864
443865
443866
443867
443868
443869
44387
443870
443871
443872
443873
443874
443876
443877
443878
443879
44388
443880
443881
443882
443883
443885
443886
44389
443892
443894
443895
443896
443898
4439
443901
443902
443903
443904
44391
443914
443917
443919
44392
443922
443925
443926
443928
443929
44393
443930
443932
443934
443935
443936
443937
443938
443939
44394
443941
443944
443946
443947
443948
443949
44395
443950
443951
443952
443954
443955
443956
443957
443958
443959
44396
443960
443961
443963
443964
443966
443967
443968
443969
44397
443970
443971
443974
443976
443977
443978
443979
44398
443980
443981
443982
443984
443985
443986
443987
443988
443989
44399
443990
443991
443992
443993
443994
443995
443996
443997
443998
443999
4440
444000
444001
444002
444003
444004
444005
444006
444007
444008
444009
44401
444010
444011
444012
444013
444015
444017
444018
444019
444020
444022
444023
444024
444025
444026
444027
444028
444029
44403
444030
444033
444034
444035
444038
44404
444041
444042
444043
444045
444048
44405
444050
444051
444052
444053
444054
444055
444056
444057
444058
444059
44406
444060
444061
444062
444065
444066
444068
444069
44407
444070
444071
444072
444075
444076
444077
444078
444079
44408
444080
444081
444082
444084
444085
444086
444087
444089
44409
444090
444091
444093
444094
444095
444096
444097
444098
444099
4441
44410
444100
444101
444102
444104
444106
444107
444108
444109
44411
444110
444111
444112
444113
444114
444115
444118
44412
444120
444121
444122
444123
444124
444125
444126
444129
44413
444130
444132
444134
444135
444136
444137
444138
44414
444140
444141
444142
444143
444144
444146
444147
444148
444149
44415
444150
444151
444152
444153
444154
444155
444156
444157
444158
444159
44416
444160
444161
444162
444163
444164
444165
444166
444167
444168
444169
44417
444171
444172
444173
444174
444175
444176
444177
444178
444179
44418
444180
444181
444182
444183
444184
444185
444186
444187
444188
444189
44419
444190
444191
444192
444193
444194
444195
444196
444197
444198
444199
4442
44420
444200
444201
444202
444203
444204
444205
444206
444207
444208
444209
44421
444210
444211
444212
444213
444214
444215
444216
444217
444218
444219
44422
444220
444222
444223
444224
444226
444227
444228
444229
44423
444230
444231
444232
444233
444235
444236
444237
444238
444239
44424
444240
444242
444243
444244
444245
444246
444247
444248
444249
44425
444250
444251
444252
444253
444254
444255
444256
444258
444259
44426
444261
444262
444263
444264
444266
444267
444268
444269
44427
444270
444271
444272
444273
444274
444275
444276
444277
444278
444279
44428
444281
444282
444284
444285
444286
444287
444288
44429
444290
444291
444292
444293
444294
444295
444296
444297
444298
444299
4443
44430
444300
444301
444302
444303
444304
444305
444307
444308
444309
444310
444311
444312
444313
444314
444315
444316
444318
44432
444320
444321
444323
444324
444325
444326
444327
444328
444329
444330
444331
444332
444333
444334
444335
444336
444337
444338
44434
444340
444341
444342
444343
444344
444345
444346
444347
444348
444349
44435
444350
444351
444352
444353
444354
444355
444356
444357
444358
444359
44436
444360
444361
444362
444363
444364
444365
444366
444367
444368
444369
444370
444371
444372
444373
444374
444376
444378
444379
44438
444380
444381
444382
444383
444384
444385
444386
444387
444388
444389
44439
444390
444391
444392
444393
444394
444395
444396
444397
444398
444399
44440
444400
444402
444403
444404
444405
444406
444407
444408
444409
44441
444410
444411
444412
444413
444415
444416
444417
444419
44442
444421
444422
444423
444424
444425
444426
444427
444428
444429
44443
444431
444432
444434
444435
444439
44444
444440
444441
444442
444443
444444
444445
444446
444447
444448
444449
44445
444450
444451
444452
444453
444454
444455
444456
444457
444458
444459
44446
444460
444461
444462
444463
444465
444466
444467
444468
444469
444470
444471
444472
444473
444474
444475
444476
444477
44448
444480
444481
444482
444483
444484
444486
444487
444488
444489
44449
444490
444491
444492
444493
444494
444495
444496
444497
444498
444499
44450
444500
444501
444502
444503
444504
444505
444506
444507
444508
444510
444511
444512
444513
444514
444516
444517
444519
44452
444520
444521
444522
444523
444524
444525
444526
444527
444529
44453
444530
444531
444532
444533
444534
444535
444536
444537
444538
444539
44454
444540
444541
444542
444543
444544
444545
444546
444547
444548
444549
44455
444550
444551
444552
444553
444555
444556
444557
444558
444561
444562
444564
444566
444567
444568
44457
444574
444575
444576
444577
444578
444579
44458
444580
444581
444582
444583
444584
444586
444587
444588
444589
44459
444590
444591
444592
444593
444594
444595
444596
444597
444598
44460
444600
444601
444602
444604
444605
444606
444608
444609
44461
444610
444611
444612
444613
444614
444615
444616
444617
44462
444620
444621
444623
444624
444625
444626
444627
444628
444629
44463
444630
444631
444632
444633
444634
444637
444638
444639
44464
444640
444641
444642
444643
444644
444645
444646
444647
444648
444649
44465
444650
444652
444653
444654
444655
444656
444658
444659
44466
444660
444661
444662
444663
444666
444667
444668
444669
44467
444670
444671
444672
444673
444674
444675
444676
444677
444679
44468
444680
444681
444682
444683
444684
444685
444686
444687
444688
444689
44469
444690
444692
444693
444695
444696
444697
444698
444699
44470
444700
444701
444702
444703
444704
444705
444706
444707
444708
444709
44471
444710
444712
444713
444714
444715
444716
444717
444718
444719
44472
444721
444722
444723
444724
444725
444726
444727
444728
444729
44473
444730
444731
444732
444733
444734
444736
444737
444738
444739
444740
444741
444742
444743
444744
444745
444746
444748
444749
44475
444750
444751
444752
444753
444754
444755
444756
444757
444758
444759
444760
444761
444762
444763
444764
444765
444766
444767
444768
444769
444770
444771
444772
444773
444774
444775
444776
444777
444778
444779
44478
444781
444782
444784
444785
444786
444787
444788
444789
44479
444790
444791
444792
444793
444794
444795
444796
444797
444798
444799
44480
444800
444801
444802
444803
444804
444806
444807
444808
444809
44481
444810
444811
444812
444813
444814
444815
444816
444818
444819
44482
444820
444821
444822
444823
444824
444825
444826
444828
444829
444831
444832
444833
444835
444836
444837
444838
444839
44484
444841
444844
444845
444846
444847
444848
444849
44485
444850
444851
444852
444853
444854
444855
444856
444857
444858
444859
44486
444860
444861
444862
444863
444864
444865
444866
444867
444868
444869
44487
444870
444871
444872
444873
444874
444875
444876
444877
444878
444879
44488
444880
444881
444882
444883
444884
444885
444886
444887
444888
444889
44489
444890
444891
444892
444893
444894
444895
444896
444897
444898
444899
44490
444900
444901
444902
444903
444904
444905
444907
444908
444909
44491
444910
444911
444912
444913
444914
444915
444916
444917
444918
444919
44492
444920
444921
444922
444923
444924
444925
444926
444927
444928
444929
44493
444930
444931
444932
444933
444934
444935
444936
444937
444938
444939
44494
444940
444941
444942
444943
444944
444945
444946
444947
444948
44495
444950
444951
444952
444953
444954
444955
444956
444957
444958
444959
44496
444960
444961
444962
444963
444964
444965
444966
444967
444968
444969
44497
444970
444971
444972
444973
444974
444976
444977
444978
444979
44498
444980
444981
444982
444983
444984
444985
444986
444988
44499
444990
444991
444992
444993
444995
444996
444997
444999
445
44500
445000
445001
445002
445003
445004
445005
445006
445007
445008
445009
44501
445010
445011
445012
445013
445014
445017
445018
445019
44502
445020
445021
445022
445023
445024
445025
445026
445027
445028
44503
445030
445031
445032
445033
445034
445035
445036
445037
445038
445039
44504
445040
445041
445042
445043
445044
445045
445046
445047
445048
445049
44505
445050
445051
445052
445053
445054
445055
445056
445057
445058
445059
44506
445060
445061
445062
445063
445064
445065
445066
445067
445068
44507
445070
445071
445073
445074
445075
445077
445078
445079
44508
445080
445081
445082
445083
445084
445085
445086
445087
445088
445089
44509
445090
445091
445094
445095
445096
445098
4451
44510
445100
445101
445102
445103
445104
445105
445107
445108
445109
44511
445110
445111
445112
445113
445114
445115
445118
445119
44512
445120
445121
445122
445123
445124
445125
445126
445129
44513
445130
445131
445133
445135
445136
445137
445138
445139
44514
445140
445141
445142
445143
445144
445147
445149
44515
445151
445152
445153
445154
445155
445156
445157
445158
445159
44516
445161
445162
445163
445164
445165
445166
445167
445168
445169
44517
445170
445171
445172
445173
445174
445175
445176
445177
445178
445179
44518
445180
445181
445182
445183
445184
445185
445186
445187
445188
445189
44519
445190
445191
445192
445193
445194
445195
445196
445197
445198
445199
4452
44520
445200
445201
445203
445204
445205
445206
445207
445208
445209
44521
445210
445211
445212
445213
445214
445215
445216
445217
445219
44522
445220
445221
445222
445223
445224
445225
445226
445227
445228
445230
445231
445232
445233
445234
445235
445236
445237
445238
445239
44524
445240
445241
445243
445244
445245
445246
445247
445248
445249
44525
445250
445251
445252
445253
445254
445255
445256
445257
445258
445259
44526
445260
445262
445263
445264
445265
445266
445267
445268
445269
44527
445270
445271
445272
445273
445274
445275
445276
445277
445278
445279
44528
445280
445281
445282
445283
445284
445285
445286
445287
445288
445289
44529
445290
445291
445292
445293
445294
445295
445296
445298
445299
4453
44530
445300
445301
445302
445303
445304
445305
445306
445307
445308
445309
44531
445310
445311
445312
445313
445314
445315
445316
445317
445319
44532
445320
445322
445323
445324
445325
445326
445329
44533
445330
445331
445333
445334
445335
445336
445337
445338
445339
44534
445340
445341
445342
445343
445344
445345
445346
445347
445348
445349
44535
445350
445351
445352
445353
445354
445356
445357
445358
445359
44536
445360
445361
445362
445364
445366
445367
445368
445369
44537
445370
445372
445373
445374
445375
445376
445377
445378
445379
44538
445380
445381
445382
445383
445384
445385
445386
445387
445388
445389
44539
445390
445391
445392
445393
445395
445396
445397
445398
445399
4454
44540
445400
445401
445402
445403
445404
445406
445407
445408
445409
44541
445410
445411
445412
445413
445414
445415
445416
445417
445419
44542
445420
445421
445422
445423
445425
445426
445427
445428
445429
44543
445430
445431
445432
445433
445434
445435
445436
445437
445438
445439
44544
445440
445441
445442
445443
445444
445445
445446
445447
445449
44545
445450
445451
445452
445453
445454
445455
445456
445457
445458
445459
44546
445460
445461
445463
445464
445465
445466
445467
445468
44547
445470
445471
445473
445474
445475
445476
445477
445478
445479
44548
445480
445481
445482
445483
445484
445485
445486
445487
445488
445489
44549
445490
445491
445492
445493
445494
445495
445496
445497
445498
445499
4455
44550
445500
445501
445502
445503
445504
445505
445506
445507
445508
445509
44551
445510
445511
445512
445513
445514
445516
445517
445518
445519
44552
445520
445521
445522
445523
445525
445526
445527
445528
445529
445530
445531
445532
445533
445534
445535
445536
445537
445538
445539
44554
445540
445541
445542
445543
445544
445546
445547
445548
44555
445552
445553
445554
445556
445557
445558
445559
445560
445561
445563
445564
445565
445566
445567
445568
445569
445570
445571
445572
445573
445574
445578
445579
44558
445580
445581
445582
445583
445584
445585
445586
445587
445588
445589
44559
445590
445591
445592
445593
445594
445595
445596
445597
445598
445599
44560
445600
445601
445602
445603
445604
445605
445606
445607
445608
445609
44561
445611
445612
445613
445614
445615
445616
445617
445618
445619
44562
445620
445621
445622
445623
445624
445625
445626
445628
445629
44563
445630
445631
445632
445633
445634
445635
445636
445637
445638
445639
44564
445640
445641
445642
445643
445644
445645
445646
445647
445648
445649
44565
445650
445651
445652
445653
445654
445655
445656
445657
445658
445659
44566
445660
445661
445662
445664
445665
445666
445667
445668
445669
44567
445670
445671
445672
445673
445674
445675
445676
445678
445679
44568
445680
445681
445682
445683
445684
445685
445686
445687
445688
445689
44569
445691
445692
445693
445694
445696
445697
445698
445699
4457
44570
445700
445701
445702
445703
445704
445705
445706
445707
445708
445709
44571
445710
445712
445714
445715
445716
445717
445718
445719
44572
445720
445721
445722
445723
445726
445727
445728
445729
44573
445730
445731
445732
445733
445734
445735
445736
445737
445738
44574
445740
445741
445742
445743
445744
445745
445746
445747
445748
445749
44575
445750
445751
445752
445753
445754
445755
445756
445757
445758
445759
44576
445760
445761
445762
445763
445764
445765
445766
445767
445768
445769
44577
445770
445771
445772
445773
445774
445775
445776
445777
445778
445779
44578
445780
445781
445782
445783
445784
445785
445786
445787
445788
445789
44579
445790
445791
445792
445793
445794
445795
445796
445797
445798
445799
4458
44580
445800
445801
445802
445803
445804
445805
445806
445807
445809
44581
445810
445811
445813
445814
445815
445816
445817
445818
445819
44582
445820
445821
445822
445823
445825
445826
445827
445828
445829
44583
445830
445831
445832
445833
445834
445836
445837
445838
445839
44584
445840
445841
445842
445843
445844
445845
445848
445849
44585
445850
445851
445852
445853
445854
445855
445856
445857
445858
445859
44586
445860
445861
445862
445863
445864
445865
445866
445867
445868
445869
44587
445871
445872
445874
445875
445876
445878
445879
44588
445881
445882
445883
445884
445885
445886
445887
445888
445889
44589
445890
445891
445892
445893
445894
445895
445896
445897
445898
445899
4459
44590
445900
445901
445902
445903
445904
445905
445906
445907
445908
445909
44591
445910
445911
445912
445913
445914
445915
445917
445918
445919
44592
445920
445921
445922
445923
445924
445925
445926
445927
445928
445929
44593
445930
445931
445932
445934
445936
445937
445938
445939
44594
445940
445941
445942
445943
445944
445945
445946
445947
445949
44595
445950
445951
445952
445953
445954
445955
445956
445957
445958
445959
44596
445960
445961
445962
445963
445965
445966
445967
445968
445969
445970
445971
445972
445973
445974
445975
445976
445977
445978
445980
445981
445982
445983
445984
445985
445986
445987
445988
445989
445990
445991
445992
445993
445994
445995
445996
445997
445998
445999
446
4460
446000
446001
446002
446003
446004
446005
446006
446007
446008
446009
446010
446011
446012
446013
446014
446016
446017
446018
446020
446021
446022
446023
446024
446025
446026
446027
446028
446029
44603
446030
446032
446033
446034
446035
446036
446037
446038
446039
44604
446040
446042
446043
446044
446045
446046
446047
446048
446049
44605
446050
446051
446052
446053
446055
446056
446057
446058
446059
44606
446060
446061
446062
446064
446065
446066
446067
446068
446069
44607
446070
446072
446073
446074
446075
446076
446078
44608
446080
446081
446082
446083
446084
446086
446087
446088
446089
44609
446090
446091
446092
446093
446094
446095
446096
446097
446098
446099
4461
446100
446101
446102
446103
446104
446105
446106
446107
446108
446109
44611
446110
446111
446112
446113
446114
446115
446117
446118
446119
446120
446121
446122
446123
446124
446125
446126
446127
446128
446129
44613
446130
446131
446132
446133
446134
446135
446136
446137
446138
446139
446140
446141
446142
446145
446146
446147
446148
446149
446150
446151
446152
446154
446155
446156
446157
446158
446159
44616
446161
446162
446164
446165
446166
446167
446168
446169
44617
446170
446171
446172
446173
446174
446176
446178
446179
44618
446180
446181
446182
446183
446184
446185
446186
446187
446188
446189
44619
446190
446191
446192
446193
446194
446195
446196
446197
446198
446199
4462
44620
446200
446201
446202
446203
446204
446206
446207
446208
446209
44621
446210
446211
446212
446213
446214
446215
446216
446217
446219
446220
446221
446222
446223
446224
446225
446226
446227
446228
446229
44623
446230
446231
446232
446233
446234
446235
446236
446237
446238
446239
44624
446240
446241
446242
446244
446246
446247
446248
446249
44625
446250
446251
446252
446253
446254
446255
446257
446258
446259
44626
446260
446261
446262
446263
446264
446265
446266
446267
446268
446269
44627
446270
446272
446273
446274
446275
446276
446277
446278
446279
44628
446280
446281
446282
446283
446284
446288
446289
44629
446290
446291
446292
446293
446294
446295
446296
446297
446298
446299
4463
44630
446300
446301
446302
446303
446304
446305
446306
446307
446308
446309
44631
446311
446312
446313
446314
446316
446317
446318
446319
44632
446320
446321
446322
446323
446324
446326
446329
44633
446330
446331
446332
446333
446334
446335
446336
446337
446338
446339
44634
446340
446341
446342
446343
446344
446345
446346
446347
446348
446349
44635
446350
446351
446352
446353
446354
446355
446356
446357
446358
446359
446360
446361
446362
446363
446364
446365
446366
446367
446368
446369
44637
446370
446371
446372
446373
446374
446375
446376
446377
446378
446379
44638
446380
446381
446382
446383
446384
446385
446386
446387
446388
446389
44639
446390
446391
446392
446393
446394
446395
446396
446397
446398
446399
4464
44640
446400
446401
446402
446403
446404
446405
446406
446407
446408
446409
446410
446411
446412
446413
446414
446415
446416
446417
446419
44642
446420
446422
446423
446424
446426
446428
446429
446430
446431
446432
446433
446434
446435
446436
446437
446438
446439
44644
446440
446441
446442
446443
446444
446445
446446
446447
446448
446449
44645
446450
446451
446452
446453
446454
446455
446458
446459
44646
446460
446461
446462
446463
446464
446465
446466
446467
446468
44647
446470
446471
446472
446473
446475
446476
446477
446478
446479
44648
446480
446481
446482
446483
446484
446485
446486
446487
446488
446489
44649
446490
446491
446492
446493
446494
446496
446497
446498
446499
4465
44650
446500
446501
446502
446503
446504
446505
446506
446507
446508
446509
44651
446510
446511
446512
446513
446514
446515
446516
446517
446518
446520
446521
446522
446523
446524
446526
446528
446529
446531
446532
446533
446534
446535
446536
446537
446538
446539
446540
446541
446542
446543
446544
446545
446546
446547
446548
44655
446550
446551
446552
446553
446554
446556
446557
446558
446559
44656
446560
446562
446563
446565
446566
446567
446568
446569
44657
446570
446571
446572
446573
446574
446575
446576
446577
446578
446579
44658
446580
446581
446582
446583
446584
446585
446586
446588
446589
44659
446590
446591
446593
446594
446595
446596
446597
446598
446599
4466
44660
446600
446601
446602
446603
446604
446605
446606
446608
446609
44661
446610
446611
446612
446613
446614
446615
446616
446617
446618
446619
44662
446621
446622
446623
446624
446625
446626
446627
446628
446629
44663
446630
446631
446632
446633
446634
446635
446636
446637
446638
446639
44664
446640
446641
446643
446644
446645
446646
446647
446648
446649
44665
446650
446651
446652
446653
446654
446655
446656
446657
446658
446659
44666
446660
446661
446662
446663
446664
446665
446666
446667
446668
446669
44667
446671
446672
446673
446674
446675
446676
446677
446678
446679
44668
446681
446683
446685
446686
446687
446688
446689
44669
446690
446691
446692
446693
446694
446695
446696
446697
446699
4467
44670
446700
446701
446702
446703
446704
446706
446707
446708
44671
446710
446711
446712
446713
446714
446715
446716
446717
446718
446719
44672
446720
446721
446722
446723
446724
446725
446726
446727
446728
446729
44673
446730
446731
446733
446734
446737
44674
446740
446741
446742
446743
446744
446745
446746
446747
446748
446749
44675
446750
446751
446752
446754
446755
446756
446757
446758
446759
44676
446760
446761
446762
446763
446764
446765
446766
446768
446769
44677
446770
446771
446772
446773
446774
446775
446776
446777
446778
446779
44678
446780
446781
446783
446784
446785
446786
446787
446788
446789
446790
446791
446794
446796
446797
446798
446799
44680
446800
446801
446802
446803
446804
446807
446808
446809
446810
446812
446813
446814
446815
446816
446817
446818
446819
44682
446820
446822
446823
446824
446825
446826
446827
446828
446829
44683
446830
446831
446833
446834
446835
446836
446837
446838
446839
44684
446840
446841
446842
446843
446845
446846
446847
44685
446850
446852
446853
446854
446855
446857
446858
446859
44686
446861
446862
446863
446864
446865
446866
446867
446869
44687
446870
446871
446872
446873
446874
446875
446877
446878
446879
44688
446880
446882
446883
446884
446885
446886
446887
446888
446889
446890
446891
446892
446893
446894
446895
446896
446897
446898
446899
44690
446900
446901
446902
446903
446904
446905
446906
446907
446909
44691
446910
446911
446912
446914
446915
446916
446917
446918
44692
446920
446922
446923
446924
446926
446927
446928
446929
44693
446930
446931
446932
446933
446934
446935
446936
446937
446938
446939
44694
446940
446942
446943
446945
446946
446947
446948
446949
44695
446950
446951
446952
446953
446954
446955
446956
446957
446958
446959
44696
446960
446961
446962
446963
446964
446965
446966
446967
446968
446969
44697
446970
446971
446972
446973
446974
446975
446976
446977
446978
446979
44698
446980
446981
446982
446983
446984
446985
446986
446987
446988
446989
44699
446990
446991
446992
446993
446994
446995
446996
446997
446998
446999
4470
44700
447000
447001
447002
447003
447005
447006
447007
447008
447009
447010
447011
447012
447013
447014
447015
447016
447017
447018
447020
447021
447022
447023
447024
447025
447026
447027
447028
447029
447030
447031
447032
447033
447034
447035
447036
447038
447039
44704
447040
447041
447042
447043
447044
447045
447046
447047
447048
447049
44705
447050
447051
447052
447053
447054
447055
447056
447057
447058
447059
44706
447060
447061
447062
447063
447065
447066
447067
447068
447069
44707
447070
447071
447072
447073
447074
447075
447076
447077
447078
447079
44708
447080
447081
447082
447083
447084
447086
447087
447090
447091
447092
447093
447095
447097
447098
447099
447100
447101
447102
447103
447104
447106
447108
447109
44711
447110
447111
447112
447113
447114
447115
447116
447117
447118
447119
44712
447120
447121
447122
447123
447124
447126
447127
447128
447129
44713
447130
447133
447136
447137
447138
44714
447140
447141
447142
447143
447144
447145
447146
447147
447148
447149
447150
447151
447153
447157
447158
447159
44716
447161
447162
447163
447165
447167
447168
447169
447170
447171
447172
447173
447174
447175
447176
447177
447178
44718
447180
447181
447182
447184
447185
447186
447187
447188
447189
44719
447190
447191
447193
447194
447196
447198
447199
44720
447200
447201
447202
447203
447204
447205
447206
447207
447208
447209
44721
447210
447211
447212
447213
447214
447215
447216
447217
447218
447220
447221
447222
447223
447224
447225
447226
447227
447228
447229
447230
447231
447232
447233
447234
447235
447236
447237
447239
447240
447241
447242
447243
447244
447249
44725
447250
447251
447252
447255
447256
447257
447258
447259
44726
447260
447261
447262
447263
447264
447265
447266
447267
447268
44727
447270
447271
447272
447273
447274
447275
447276
447277
447278
447279
44728
447280
447281
447283
447284
447285
447286
447287
447288
447289
44729
447290
447291
447292
447294
447295
447296
447297
447298
447299
44730
447301
447302
447303
447304
447305
447306
447307
447308
44731
447310
447311
447312
447313
447314
447315
447316
447317
447318
447319
44732
447320
447321
447322
447323
447324
447326
447327
447328
447330
447331
447332
447334
447335
447336
447337
447338
447339
44734
447340
447341
447342
447343
447344
447345
447346
447347
447348
447349
44735
447350
447351
447352
447353
447354
447356
447357
447358
447359
44736
447360
447361
447362
447363
447364
447365
447366
447367
447368
447369
44737
447370
447371
447372
447374
447375
447376
447377
447378
447379
44738
447380
447382
447383
447384
447385
447386
447387
447388
447389
44739
447391
447392
447393
447394
447395
447396
447397
447398
447399
4474
44740
447400
447401
447402
447403
447404
447405
447406
447408
447409
44741
447410
447411
447412
447413
447414
447416
447417
447418
447419
44742
447420
447421
447422
447423
447424
447425
447426
447427
447428
447429
44743
447430
447431
447432
447433
447434
447435
447436
447437
447438
447439
44744
447440
447441
447442
447443
447444
447445
447446
447447
447448
447449
44745
447450
447451
447453
447454
447455
447456
447457
447458
447459
44746
447460
447461
447462
447463
447464
447465
447466
447467
447468
447469
44747
447470
447471
447472
447475
447476
447477
447478
447479
44748
447480
447481
447482
447483
447484
447485
447486
447487
447488
447489
44749
447490
447491
447492
447493
447494
447495
447496
447497
447498
4475
44750
447500
447501
447502
447503
447504
447505
447506
447507
447509
44751
447510
447511
447512
447514
447516
447517
447518
447519
44752
447520
447521
447522
447523
447524
447525
447526
447527
447528
447529
447530
447531
447532
447533
447534
447535
447536
447537
447538
447539
44754
447540
447541
447542
447543
447544
447546
447547
447548
447549
44755
447550
447551
447552
447553
447554
447555
447556
447557
447558
447559
44756
447561
447562
447563
447564
447565
447566
447567
447568
447569
44757
447570
447571
447572
447573
447575
447576
447577
447578
447579
447580
447581
447582
447583
447584
447585
447586
447587
447588
447589
44759
447590
447593
447594
447595
447596
447597
447598
447599
4476
44760
447600
447601
447602
447603
447604
447605
447606
447607
447609
44761
447610
447611
447612
447613
447614
447615
447616
447617
447618
447619
44762
447620
447621
447623
447624
447625
447626
447627
447628
447629
447630
447631
447632
447633
447634
447637
447640
447641
447642
447643
447644
447645
447646
447647
447648
447649
447650
447651
447652
447653
447654
447655
447656
447658
44766
447660
447661
447662
447663
447664
447665
447666
447667
447668
447669
44767
447670
447671
447672
447673
447674
447675
447676
447677
447678
447679
44768
447680
447681
447682
447683
447685
447686
447687
447688
447689
44769
447690
447691
447692
447693
447694
447695
447696
447697
447698
447699
4477
44770
447700
447701
447702
447703
447704
447705
447706
447707
447708
447709
447710
447711
447712
447713
447715
447716
447717
447719
44772
447720
447721
447722
447723
447724
447726
447727
447729
44773
447730
447731
447733
447734
447735
447736
447737
447738
447739
44774
447740
447741
447742
447743
447744
447745
447746
447747
447748
447749
44775
447750
447751
447752
447753
447754
447755
447756
447757
447758
447759
44776
447760
447761
447762
447763
447764
447766
447767
447768
447769
44777
447770
447771
447772
447773
447774
447775
447776
447777
447778
447779
44778
447780
447781
447782
447783
447784
447785
447786
447787
447788
447789
44779
447790
447791
447792
447793
447794
447795
447796
447797
447798
447799
4478
447800
447801
447802
447803
447804
447805
447806
447807
447808
447809
44781
447810
447811
447812
447813
447814
447815
447816
447817
447818
447819
44782
447820
447821
447822
447824
447825
447827
447828
447829
44783
447830
447831
447832
447833
447834
447835
447837
447838
447839
44784
447840
447841
447842
447843
447844
447847
447848
447849
44785
447850
447851
447852
447853
447854
447855
447856
447857
447858
447859
447860
447861
447862
447863
447864
447865
447866
447867
447868
447869
44787
447870
447871
447872
447873
447874
447875
447876
447877
447878
447879
44788
447880
447881
447882
447884
447885
447886
447887
447888
44789
447890
447891
447892
447893
447894
447895
447896
447897
447898
447900
447901
447902
447903
447904
447905
447906
447907
447908
447909
44791
447911
447912
447913
447914
447915
447916
447917
447918
447919
44792
447920
447921
447922
447924
447925
447926
447927
447928
447929
44793
447932
447933
447934
447935
447936
447937
447938
447939
447940
447941
447942
447943
447944
447945
447946
447947
447948
447949
447950
447951
447952
447953
447954
447955
447956
447957
447958
447959
44796
447960
447961
447963
447964
447965
447966
447967
447968
447969
447971
447972
447973
447974
447975
447976
447977
447978
447979
447980
447981
447982
447983
447984
447985
447986
447987
447988
447990
447991
447994
447995
447996
447997
447998
447999
4480
44800
448000
448001
448002
448003
448004
448005
448006
448007
448009
44801
448010
448011
448012
448013
448014
448015
448016
448017
448018
448019
448020
448021
448023
448024
448025
448026
448027
448028
448029
44803
448030
448033
448034
448035
448036
448037
448038
448039
44804
448040
448041
448042
448043
448044
448045
448046
448047
448048
448049
44805
448050
448051
448052
448053
448054
448055
448056
448057
448058
448059
44806
448060
448061
448062
448063
448065
448066
448067
448068
448069
44807
448070
448071
448072
448073
448074
448075
448076
448077
448078
448079
44808
448080
448081
448082
448083
448084
448085
448086
448087
448088
448089
44809
448090
448091
448093
448094
448095
448096
448097
448098
448099
4481
44810
448100
448101
448102
448103
448104
448105
448106
448108
448109
44811
448110
448112
448114
448115
448116
448117
448118
448119
448120
448121
448122
448123
448124
448125
448126
448127
448128
448129
44813
448130
448131
448132
448134
448136
448137
448138
448139
44814
448140
448141
448142
448143
448144
448145
448146
448147
448148
448149
448151
448152
448153
448154
448155
448156
448157
448158
448159
44816
448160
448161
448162
448163
448164
448165
448166
448167
448168
448169
44817
448171
448172
448173
448174
448175
448176
448177
448178
448179
448180
448183
448184
448187
448188
448189
44819
448190
448191
448192
448193
448194
448195
448196
448197
448198
448199
4482
44820
448200
448201
448202
448203
448204
448205
448206
448207
44821
448210
448211
448212
448213
448214
448215
448216
448218
448219
44822
448220
448221
448222
448223
448224
448226
448227
448228
448229
44823
448230
448231
448232
448233
448234
448235
448236
448237
448238
448240
448241
448242
448243
448244
448245
448246
448247
448248
448249
44825
448251
448252
448253
448254
448255
448256
448257
448258
44826
448260
448262
448263
448264
448265
448267
448268
448269
44827
448270
448271
448272
448273
448274
448275
448276
448277
44828
448281
448282
448284
448285
448286
448287
448288
448289
44829
448290
448291
448292
448293
448294
448295
448296
448297
448298
448299
4483
44830
448300
448301
448302
448303
448304
448305
448306
448307
448308
448309
448310
448311
448312
448313
448314
448316
448317
448318
448319
448320
448321
448322
448323
448324
448325
448327
448328
448329
44833
448330
448331
448332
448333
448334
448335
448336
448337
448338
448339
448340
448341
448342
448343
448345
448346
448347
448348
448349
44835
448350
448351
448352
448353
448354
448355
448356
448357
448358
448359
44836
448360
448361
448362
448363
448364
448365
448366
448367
448368
44837
448370
448371
448372
448373
448375
448376
448377
448378
448379
448380
448381
448382
448383
448384
448385
448386
448387
448388
448389
44839
448390
448391
448392
448393
448394
448395
448396
448397
448398
448399
4484
44840
448400
448401
448402
448403
448404
448405
448406
448407
448408
448409
44841
448410
448412
448413
448414
448415
448416
448417
448418
448419
448420
448421
448422
448423
448424
448425
448427
448428
44843
448430
448431
448432
448433
448434
448435
448436
448437
448438
448439
44844
448440
448441
448442
448443
448444
448445
448446
448447
448448
448449
44845
448450
448451
448452
448453
448454
448455
448456
448457
448458
448459
44846
448460
448461
448462
448464
448465
448466
448467
448469
448470
448471
448472
448473
448474
448475
448476
448477
448478
448479
44848
448480
448481
448482
448483
448484
448485
448486
448487
448488
448489
44849
448490
448491
448492
448493
448494
448495
448496
448497
448498
4485
44850
448500
448501
448502
448503
448504
448505
448506
448507
448508
448509
448510
448511
448512
448513
448514
448515
448516
448517
448518
448519
44852
448520
448522
448523
448524
448525
448527
448528
44853
448530
448531
448532
448533
448535
448536
448537
448538
448539
44854
448540
448541
448542
448543
448544
448545
448546
448547
448548
448549
448550
448551
448552
448553
448554
448555
448556
448557
448559
44856
448560
448561
448562
448563
448564
448565
448566
448567
448568
448569
44857
448570
448571
448572
448573
448574
448575
448576
448577
448578
448579
44858
448580
448581
448582
448583
448584
448585
448587
448588
448589
44859
448590
448591
448592
448593
448595
448596
448597
448598
448599
4486
44860
448600
448601
448602
448603
448604
448605
448606
448607
448608
448609
44861
448610
448611
448612
448613
448614
448615
448616
448617
448618
448619
44862
448620
448621
448622
448623
448624
448625
448626
448627
448629
44863
448630
448631
448632
448634
448635
448636
448637
448638
448639
44864
448640
448641
448642
448643
448644
448645
448646
448647
448648
448649
44865
448650
448651
448653
448654
448655
448656
448657
448658
448659
44866
448660
448661
448662
448663
448664
448665
448666
448667
448669
44867
448670
448671
448673
448674
448675
448677
448678
448679
44868
448680
448681
448682
448683
448684
448685
448686
448687
448688
448689
44869
448690
448691
448692
448693
448694
448695
448696
448697
448698
448699
44870
448700
448701
448702
448703
448704
448705
448706
448707
448708
448709
44871
448711
448712
448713
448714
448715
448717
448718
448719
44872
448720
448722
448723
448724
448725
448726
448727
448728
448729
44873
448730
448732
448733
448734
448736
448738
448739
44874
448740
448741
448742
448743
448744
448745
448746
448747
448748
448749
44875
448750
448751
448752
448753
448754
448755
448756
448757
44876
448760
448761
448762
448763
448764
448765
448766
448767
448768
448769
44877
448770
448772
448773
448775
448776
448777
448778
