453914
453915
453916
453917
453918
453919
45392
453920
453921
453922
453923
453924
453925
453926
453927
453929
45393
453931
453932
453933
453934
453935
453936
453937
453938
45394
453940
453941
453944
453945
453946
453947
453948
453949
45395
453950
453951
453953
453954
453955
453956
453957
453958
453959
45396
453960
453962
453964
453965
453966
453967
453968
453969
45397
453970
453971
453972
453974
453975
453976
453977
453978
453979
45398
453980
453981
453982
453983
453984
453985
453986
453987
453988
453989
45399
453991
453992
453993
453995
453996
453997
453998
454
4540
45400
454000
454001
454002
454005
454006
454007
454008
454009
45401
454010
454012
454013
454014
454015
454016
454017
454018
454019
45402
454020
454021
454023
454024
454025
454026
454027
454028
454029
45403
454030
454031
454032
454033
454034
454035
454036
454037
454038
454039
45404
454040
454041
454042
454043
454044
454045
454046
454047
454048
454049
45405
454051
454052
454053
454054
454055
454056
454057
454058
454059
454060
454061
454062
454063
454064
454065
454066
454067
454068
454069
45407
454070
454071
454072
454073
454075
454076
454077
454078
454079
45408
454080
454081
454082
454083
454084
454085
454086
454087
454088
454089
454090
454091
454092
454093
454094
454096
454097
454098
454099
4541
45410
454100
454101
454102
454103
454104
454105
454106
454107
454108
454109
45411
454110
454111
454112
454113
454114
454115
454116
454117
454118
454119
45412
454120
454121
454122
454123
454124
454125
454126
454127
454128
454129
45413
454130
454131
454132
454133
454134
454135
454136
454137
454138
454139
45414
454140
454141
454142
454143
454144
454145
454147
454149
45415
454150
454151
454152
454155
454157
454158
454159
454160
454161
454162
454163
454164
454165
454166
454167
454168
454169
45417
454170
454171
454172
454173
454174
454175
454176
454177
454178
454179
45418
454180
454181
454182
454183
454184
454185
454186
454187
454188
454189
454190
454191
454192
454193
454194
454195
454196
454197
454198
454199
4542
45420
454201
454203
454205
454206
454207
454208
454209
454211
454212
454214
454215
454216
454217
454218
454219
454220
454221
454223
454224
454225
454226
454227
454228
454229
454230
454231
454232
454233
454234
454235
454236
454237
454238
454239
454240
454241
454242
454243
454244
454245
454246
454247
454248
45425
454250
454251
454253
454254
454255
454256
454257
454258
454259
45426
454261
454263
454264
454265
454266
454267
454268
454269
45427
454270
454271
454272
454273
454275
454276
454277
454278
45428
454282
454283
454284
454285
454286
454287
454288
454289
45429
454290
454291
454292
454293
454294
454295
454296
454299
4543
45430
454300
454301
454303
454304
454305
454307
454308
454309
45431
454311
454312
454313
454314
454315
454316
454317
454318
454319
45432
454321
454322
454323
454325
454326
454327
454328
454329
45433
454330
454331
454332
454333
454334
454335
454336
454337
454338
454339
454340
454341
454344
454345
454346
454347
454348
454349
45435
454350
454351
454352
454353
454354
454355
454356
454357
454361
454362
454363
454365
454366
454367
454369
45437
454370
454371
454372
454373
454374
454375
454376
454377
454378
454379
45438
454380
454381
454382
454383
454384
454385
454388
454389
45439
454390
454392
454396
454398
454399
4544
45440
454400
454401
454402
454403
454404
454405
454406
454407
454408
454409
45441
454410
454411
454412
454413
454414
454415
454416
454417
454418
454419
45442
454420
454421
454423
454424
454427
454428
454429
45443
454430
454431
454432
454433
454434
454435
454437
454438
454439
45444
454440
454441
454442
454444
454445
454446
454447
454448
454449
45445
454450
454451
454452
454453
454454
454455
454456
454457
454458
454459
45446
454460
454462
454463
454465
454467
454468
454469
45447
454470
454472
454474
454475
454476
454477
454478
45448
454480
454482
454483
454484
454485
454486
454487
454488
45449
454490
454491
454492
454493
454494
454495
454496
454497
454499
45450
454501
454502
454503
454504
454505
454506
454507
454508
454509
454510
454511
454512
454513
454514
454515
454516
454517
454519
45452
454520
454522
454523
454524
454525
454526
454527
454528
454529
45453
454531
454533
454534
454535
454536
454537
454538
454539
45454
454540
454542
454543
454544
454545
454546
454547
454548
454549
454550
454551
454552
454553
454554
454555
454556
454557
454558
454559
454560
454561
454562
454563
454564
454565
454566
454568
454569
45457
454570
454571
454572
454573
454574
454575
454576
454577
454578
454579
45458
454580
454581
454582
454583
454585
454587
454588
454589
45459
454590
454591
454592
454593
454594
454595
454596
454597
454598
454599
4546
45460
454601
454602
454603
454604
454605
454607
454608
454609
454610
454611
454612
454613
454615
454616
454617
454618
454619
45462
454620
454621
454622
454624
454625
454626
454627
454628
454629
45463
454630
454631
454632
454633
454634
454635
454636
454637
454638
454639
45464
454640
454641
454642
454643
454644
454645
454646
454647
454648
454649
45465
454650
454652
454654
454655
454656
454657
454659
454661
454662
454663
454664
454665
454666
454667
454668
454669
45467
454670
454671
454672
454673
454674
454675
454676
454677
454678
454679
45468
454681
454682
454684
454685
454686
454687
454688
454689
454690
454691
454692
454693
454694
454695
454696
454697
454698
454699
4547
45470
454700
454702
454703
454704
454705
454706
454707
454708
45471
454710
454711
454712
454713
454714
454716
454718
45472
454720
454721
454722
454723
454724
454725
454726
454727
454728
454729
45473
454730
454731
454732
454733
454734
454735
454736
454737
454738
454739
45474
454740
454741
454742
454743
454744
454745
454746
454747
454748
454749
45475
454750
454751
454752
454753
454754
454755
454756
454757
454758
454759
45476
454761
454762
454763
454764
454765
454766
454768
454769
45477
454770
454771
454772
454773
454774
454775
454776
454777
454778
45478
454780
454781
454782
454783
454784
454785
454786
454787
454788
45479
454790
454791
454792
454793
454794
454796
454797
454798
454799
45480
454800
454801
454802
454805
454806
454807
454808
454809
454810
454811
454812
454813
454814
454815
454816
454817
454818
454819
45482
454820
454821
454822
454823
454824
454825
454826
454828
454829
45483
454830
454832
454833
454834
454835
454836
454837
454838
454839
45484
454840
454841
454842
454843
454844
454845
454846
454847
454848
45485
454850
454851
454853
454854
454856
454857
454858
454859
45486
454860
454861
454862
454863
454864
454865
454866
454868
454869
45487
454870
454871
454872
454873
454874
454875
454876
454877
454879
45488
454880
454882
454883
454884
454885
454886
454887
454888
454889
45489
454890
454891
454893
454896
454898
454899
45490
454900
454901
454902
454903
454904
454905
454906
454907
454908
454909
45491
454910
454911
454912
454913
454914
454915
454916
454917
454918
454919
45492
454920
454924
454925
454926
454927
454928
454929
45493
454930
454931
454932
454933
454934
454935
454936
454937
454938
454939
45494
454940
454941
454942
454943
454944
454945
454946
454947
454948
454949
45495
454950
454951
454952
454953
454954
454955
454957
454959
45496
454960
454961
454962
454963
454964
454965
454966
454967
454969
45497
454970
454971
454972
454973
454974
454975
454976
454977
454978
454979
454980
454981
454982
454983
454984
454985
454986
454987
454988
454989
45499
454990
454991
454992
454994
454995
454996
454997
454998
454999
455
4550
45500
455000
455001
455002
455003
455004
455005
455006
455007
455008
455009
45501
455010
455011
455012
455013
455014
455015
455016
455017
455018
455019
45502
455020
455021
455022
455023
455024
455025
455027
455028
455029
45503
455030
455031
455032
455033
455034
455035
455036
455037
455038
455039
45504
455040
455041
455042
455043
455044
455045
455047
455048
45505
455050
455051
455052
455053
455054
455055
455056
455057
455058
455059
45506
455060
455062
455063
455064
455065
455066
455067
455068
455069
45507
455070
455071
455072
455073
455074
455075
455076
455077
455078
455079
45508
455080
455081
455082
455083
455084
455085
455086
455087
455088
455089
45509
455090
455091
455092
455093
455094
455095
455096
455097
455098
455099
4551
455100
455101
455102
455103
455104
455105
455106
455107
455108
455109
45511
455110
455111
455112
455113
455114
455115
455116
455117
455118
455119
45512
455120
455122
455124
455125
455127
455128
45513
455131
455132
455133
455135
455137
455138
455140
455141
455142
455143
455144
455145
455146
455147
455148
455149
45515
455150
455151
455152
455153
455154
455155
455156
455157
455158
45516
455161
455162
455163
455164
455165
455167
455168
455169
455170
455171
455172
455173
455174
455175
455176
455177
455178
45518
455180
455181
455182
455183
455184
455185
455186
455187
455188
455190
455191
455192
455194
455195
455196
455197
455198
455199
4552
45520
455200
455201
455202
455203
455204
455205
455206
455207
455208
455209
455210
455211
455212
455213
455214
455215
455216
455217
455218
455219
45522
455220
455221
455222
455223
455224
455225
455226
455228
455229
45523
455230
455231
455232
455233
455234
455235
455236
455237
455238
455239
455240
455241
455242
455244
455245
455246
455247
455248
455249
45525
455251
455252
455253
455254
455256
455257
455259
455261
455262
455263
455264
455265
455266
455267
455268
455269
45527
455270
455271
455272
455273
455274
455275
455277
455279
45528
455280
455281
455283
455284
455286
455288
455289
45529
455290
455292
455293
455294
455295
455296
455297
455298
455299
4553
45530
455300
455301
455302
455303
455304
455305
455306
455307
455308
455309
45531
455310
455311
455312
455313
455314
455315
455316
455317
455318
455319
45532
455320
455322
455323
455325
455327
455328
455329
45533
455330
455332
455333
455334
455335
455336
455337
455338
455339
45534
455340
455341
455342
455343
455344
455345
455346
455347
455348
455349
45535
455350
455351
455352
455353
455354
455355
455356
455357
455358
455359
45536
455360
455361
455362
455363
455364
455365
455366
455367
455368
455369
45537
455370
455371
455372
455373
455374
455375
455376
455377
455378
455379
45538
455380
455381
455383
455384
455385
455386
455387
455388
455389
455390
455391
455392
455393
455394
455395
455396
455397
455398
455399
4554
455400
455401
455402
455403
455404
455405
455406
455407
455408
455409
455410
455411
455413
455414
455415
455417
455418
455419
455421
455422
455423
455424
455425
455426
455427
455428
455429
455430
455431
455432
455435
455436
455437
455438
455439
455440
455442
455443
455444
455445
455446
455447
455448
455449
45545
455450
455451
455452
455455
455456
455457
455458
455459
45546
455460
455461
455462
455464
455465
455466
455467
455468
455469
45547
455470
455472
455473
455474
455476
455477
455478
455479
45548
455480
455481
455482
455483
455484
455485
455486
455487
455488
455489
45549
455490
455491
455492
455493
455494
455495
455496
455497
455498
455499
4555
455500
455501
455502
455503
455504
455505
455506
455507
455508
455509
45551
455510
455511
455512
455513
455514
455516
455517
455518
455519
45552
455520
455521
455522
455523
455524
455525
455526
455527
455528
455529
45553
455531
455532
455534
455535
455536
455537
455538
45554
455540
455541
455542
455543
455544
455546
455547
455549
45555
455550
455551
455552
455553
455554
455555
455557
455558
455559
45556
455560
455561
455562
455563
455564
455565
455566
455567
455568
455569
45557
455572
455573
455574
455575
455576
455577
455578
455579
45558
455580
455581
455582
455583
455584
455585
455586
455587
455588
455589
45559
455592
455593
455594
455595
455596
455597
455598
455599
4556
455600
455601
455602
455603
455604
455605
455606
455608
455609
45561
455610
455611
455612
455613
455614
455615
455616
455617
455618
455619
45562
455620
455621
455622
455623
455624
455625
455626
455627
455628
455629
45563
455630
455631
455632
455633
455634
455635
455637
455638
455639
45564
455640
455641
455642
455643
455644
455645
455646
455647
455648
455649
45565
455650
455651
455652
455653
455654
455655
455656
455657
455658
455659
45566
455660
455661
455662
455663
455664
455665
455668
455669
45567
455670
455671
455672
455673
455674
455675
455676
455677
455678
455679
45568
455680
455682
455683
455684
455685
455686
455687
455688
455689
45569
455690
455691
455692
455693
455694
455695
455696
455697
455698
455699
4557
45570
455700
455701
455702
455703
455704
455705
455706
455707
455708
455709
45571
455712
455713
455714
455715
455716
455717
455718
455719
45572
455720
455721
455722
455723
455725
455726
455727
455728
455729
45573
455730
455731
455732
455733
455734
455735
455736
455737
455738
455739
455740
455743
455744
455745
455746
455747
455748
45575
455750
455751
455752
455753
455754
455755
455756
455757
455758
455759
45576
455760
455761
455762
455763
455765
455766
455767
455769
45577
455770
455771
455773
455775
455776
455777
455778
455779
45578
455780
455781
455782
455783
455784
455785
455786
455787
455788
455789
45579
455790
455791
455792
455793
455794
455795
455796
455797
455798
455799
4558
45580
455800
455801
455802
455803
455804
455805
455806
455807
455808
455809
45581
455810
455813
455814
455815
455817
455818
455819
45582
455820
455821
455822
455823
455824
455825
455826
455827
455829
45583
455830
455831
455833
455834
455836
455838
455839
455840
455841
455842
455843
455845
455846
455847
455848
455849
45585
455850
455851
455852
455853
455854
455855
455856
455857
455858
455859
455860
455861
455862
455863
455864
455865
455866
455867
455868
455869
455870
455871
455872
455873
455874
455875
455876
455877
455878
455879
45588
455880
455881
455882
455883
455884
455885
455886
455887
455888
455889
45589
455891
455892
455893
455894
455895
455896
455897
455898
455899
4559
45590
455900
455901
455902
455903
455904
455909
455910
455912
455913
455914
455916
455917
455918
455919
45592
455920
455921
455922
455923
455924
455925
455926
455927
455928
455929
45593
455930
455931
455932
455933
455934
455935
455936
455937
455938
455939
45594
455940
455941
455942
455943
455944
455946
455947
455948
455949
45595
455950
455951
455952
455954
455955
455956
455957
455958
455959
455960
455961
455962
455963
455965
455966
455967
455968
45597
455970
455971
455972
455973
455974
455975
455976
455978
455979
45598
455980
455981
455982
455983
455984
455985
455986
455987
455988
455989
45599
455990
455991
455992
455993
455994
455995
455996
455997
455998
455999
4560
45600
456001
456002
456003
456004
456005
456006
456007
456008
456009
45601
456010
456011
456012
456016
456017
456018
456019
45602
456020
456021
456022
456023
456025
456026
456027
456028
456029
45603
456031
456032
456033
456034
456036
456037
456038
456039
456040
456041
456042
456043
456044
456045
456046
456047
456048
456049
456050
456051
456052
456053
456054
456055
456056
456057
456058
456059
456060
456061
456062
456063
456064
456065
456066
456067
456068
456069
45607
456070
456071
456072
456073
456075
456076
456078
456079
45608
456081
456082
456083
456084
456085
456086
456087
456088
456089
45609
456090
456091
456092
456093
456095
456096
456097
456098
456099
4561
45610
456100
456101
456103
456104
456106
456108
456109
45611
456110
456111
456112
456113
456114
456115
456116
456117
456118
456119
45612
456122
456123
456125
456126
456127
456129
45613
456131
456132
456133
456134
456135
456136
456138
45614
456141
456142
456144
456145
456146
456147
456148
456149
45615
456150
456151
456152
456153
456154
456155
456156
456157
456158
456159
45616
456160
456161
456162
456163
456164
456165
456166
456167
456168
456169
45617
456170
456171
456172
456173
456174
456175
456176
456177
456178
456179
456180
456181
456182
456183
456184
456185
456186
456187
456188
456189
456190
456191
456192
456193
456194
456195
456196
456197
456198
456199
4562
45620
456200
456201
456202
456203
456204
456205
456206
456207
456208
456209
45621
456210
456211
456212
456213
456214
456215
456216
456217
456218
456219
45622
456220
456222
456225
456226
456227
456228
45623
456230
456231
456232
456233
456234
456235
456237
456238
456239
456240
456241
456243
456244
456245
456246
456247
456248
456249
45625
456250
456251
456252
456253
456254
456255
456256
456258
456259
45626
456260
456261
456262
456263
456264
456265
456266
456268
456269
45627
456270
456271
456272
456273
456274
456275
456276
456277
456278
456279
45628
456280
456281
456282
456283
456284
456285
456286
456287
456288
456289
456291
456292
456293
456294
456295
456296
456298
45630
456300
456301
456302
456303
456304
456305
456306
456307
456308
456309
45631
456310
456311
456312
456313
456314
456315
456316
456317
456318
456319
45632
456320
456321
456322
456323
456325
456326
456327
456328
456329
45633
456330
456331
456332
456333
456334
456335
456336
456337
456338
456339
456341
456342
456343
456344
456345
456346
456347
456348
456349
456350
456352
456353
456354
456355
456356
456357
456359
45636
456360
456361
456362
456363
456364
456365
456366
456367
456368
456369
45637
456370
456371
456372
456373
456374
456375
456376
456377
456378
456379
456380
456381
456382
456383
456384
456385
456386
456387
456388
456390
456391
456392
456393
456394
456395
456396
456397
456398
456399
4564
45640
456400
456401
456402
456403
456404
456405
456406
456407
456408
456409
45641
456410
456411
456412
456413
456414
456415
456416
456417
456418
456419
45642
456420
456421
456422
456423
456425
456426
456427
456428
456429
456430
456431
456432
456433
456434
456435
456436
456437
456438
456439
45644
456440
456441
456442
456444
456445
456446
456447
456448
45645
456450
456451
456452
456453
456454
456456
456458
45646
456460
456461
456462
456463
456464
456465
456467
456468
456469
45647
456470
456471
456472
456473
456474
456475
456476
456477
456478
456479
456480
456481
456482
456483
456484
456485
456486
456487
456488
456489
45649
456490
456491
456493
456495
456496
456497
456498
456499
4565
45650
456500
456501
456502
456503
456504
456505
456506
456507
456508
456509
45651
456510
456511
456512
456513
456514
456515
456516
456517
456518
456519
456520
456521
456522
456523
456526
456527
456529
456530
456531
456532
456533
456535
456536
456537
456538
456539
45654
456541
456542
456543
456544
456545
456546
456547
456548
456549
45655
456550
456551
456553
456554
456556
456557
456558
456559
456560
456561
456562
456563
456565
456566
456567
456568
456569
45657
456570
456571
456572
456574
456575
456577
456578
456579
45658
456581
456582
456583
456584
456585
456586
456587
456588
456589
45659
456590
456591
456592
456593
456594
456595
456596
456597
456598
456599
4566
45660
456600
456601
456602
456603
456604
456605
456606
456607
456608
456609
456610
456611
456613
456615
456616
456617
456618
456619
45662
456620
456621
456622
456623
456624
456625
456626
456627
456628
456629
45663
456630
456631
456632
456633
456634
456635
456636
456637
456638
456639
45664
456641
456642
456643
456644
456645
456646
456647
456648
456649
45665
456650
456651
456652
456653
456654
456655
456656
456657
456658
456659
456660
456661
456662
456663
456664
456665
456667
456668
456669
45667
456671
456672
456673
456674
456675
456676
456677
456678
456679
45668
456680
456681
456682
456684
456685
456686
456687
456688
456689
45669
456690
456691
456692
456693
456694
456695
456697
456698
456699
4567
45670
456700
456701
456702
456703
456704
456705
456706
456707
456708
456709
45671
456710
456711
456712
456713
456715
456716
456717
456718
45672
456720
456721
456722
456723
456724
456726
456727
456728
456729
45673
456730
456731
456732
456735
456736
456737
456738
456739
45674
456740
456741
456743
456744
456745
456746
456747
456748
456749
45675
456750
456751
456752
456753
456754
456755
456756
456757
456758
456759
45676
456760
456761
456762
456763
456764
456765
456766
456767
456769
45677
456770
456771
456772
456773
456774
456775
456776
456777
456779
45678
456780
456781
456782
456784
456785
456786
456787
456788
456789
45679
456790
456791
456792
456793
456794
456795
456796
456797
456798
4568
45680
456800
456801
456802
456803
456804
456805
456806
456807
456808
456809
45681
456810
456811
456812
456813
456814
456815
456816
456817
456818
456819
45682
456820
456821
456822
456823
456824
456825
456826
456827
456828
456829
456832
456834
456835
456836
456837
456838
456839
45684
456840
456841
456842
456843
456844
456846
456847
456848
456849
45685
456850
456851
456852
456853
456854
456855
456856
456857
456858
456859
45686
456860
456861
456862
456863
456864
456865
456866
456867
456868
456869
45687
456870
456871
456872
456873
456874
456875
456876
456878
456879
45688
456880
456881
456884
456885
456886
456887
456888
456890
456891
456892
456893
456894
456895
456896
456897
456898
456899
4569
45690
456900
456901
456903
456904
456905
456906
456907
456908
456909
45691
456911
456912
456914
456915
456916
456917
456918
45692
456920
456921
456923
456924
456925
456926
456927
456928
456929
45693
456930
456931
456932
456933
456934
456935
456936
456937
456938
456939
45694
456940
456941
456942
456943
456944
456945
456946
456947
456948
456949
45695
456950
456951
456952
456953
456954
456955
456956
456957
456958
456960
456961
456962
456963
456964
456965
456966
456967
456968
456969
45697
456970
456971
456972
456973
456974
456975
456976
456977
456978
456979
45698
456980
456981
456983
456984
456985
456987
456989
45699
456990
456991
456992
456993
456994
456996
456997
457
4570
45700
457000
457001
457002
457004
457005
457007
457008
457009
457010
457011
457012
457013
457014
457016
457017
457018
457019
457020
457021
457022
457023
457024
457025
457026
457027
457028
457029
45703
457030
457031
457032
457033
457034
457035
457036
457037
457038
457039
45704
457040
457041
457042
457043
457044
457045
457046
457047
457048
457049
45705
457052
457053
457054
457055
457056
457057
457058
457059
45706
457060
457061
457062
457063
457064
457065
457066
457067
457068
457069
457070
457071
457072
457073
457075
457076
457078
457079
45708
457080
457081
457082
457083
457084
457085
457086
457087
457088
457089
45709
457090
457091
457092
457093
457094
457095
457096
457097
457098
457099
4571
45710
457100
457102
457103
457104
457105
457106
457107
457108
457109
45711
457110
457111
457112
457113
457114
457115
457116
457117
457118
45712
457120
457121
457122
457123
457124
457125
457126
457127
457128
45713
457130
457131
457132
457133
457134
457135
457136
457137
457138
457139
45714
457140
457141
457142
457143
457144
457145
457146
457147
457148
457149
45715
457150
457153
457154
457155
457156
457157
457158
457159
45716
457160
457161
457162
457163
457164
457165
457166
457167
457168
457169
45717
457170
457171
457172
457173
457174
457175
457176
457177
457178
457179
45718
457180
457181
457182
457183
457184
457185
457186
457187
457188
457189
45719
457190
457191
457192
457193
457195
457196
457197
457198
457199
4572
45720
457200
457201
457202
457203
457204
457205
457206
457207
457208
457209
45721
457210
457211
457212
457213
457214
457215
457216
457217
457218
457219
45722
457220
457221
457222
457223
457224
457225
457226
457227
457228
457229
45723
457230
457231
457232
457233
457234
457235
457239
45724
457240
457241
457242
457243
457244
457245
457246
457247
457248
457249
45725
457252
457253
457255
457256
457257
457258
457259
45726
457260
457261
457262
457263
457264
457265
457266
457267
457268
457269
457270
457271
457272
457273
457274
457275
457276
457277
457278
457279
457281
457284
457285
457286
457287
457288
457289
45729
457290
457291
457292
457293
457294
457295
457296
457297
457298
457299
4573
457300
457303
457304
457305
457306
457307
457308
457309
45731
457310
457311
457312
457313
457314
457315
457316
457317
457318
457319
457320
457321
457322
457323
457324
457325
457326
457327
457328
457329
457330
457331
457332
457333
457334
457335
457336
457337
457338
457340
457341
457342
457343
457345
457346
457347
457348
457349
457351
457352
457353
457354
457355
457357
457358
457359
45736
457360
457361
457362
457363
457364
457365
457366
457367
457368
457369
45737
457370
457371
457372
457373
457374
457375
457376
457377
457378
457379
45738
457380
457381
457382
457383
457384
457385
457386
457387
457388
457389
45739
457390
457391
457392
457393
457394
457395
457396
457397
457398
457399
4574
45740
457400
457401
457402
457403
457404
457405
457406
457407
457408
45741
457410
457411
457412
457413
457414
457415
457416
457417
457419
45742
457420
457421
457423
457424
457425
457426
457427
457428
457429
457430
457431
457432
457433
457434
457435
457436
457437
457438
457439
45744
457440
457442
457443
457444
457445
457446
457447
457448
457449
45745
457450
457452
457453
457454
457455
457456
457457
457458
457459
45746
457460
457461
457462
457463
457464
457468
457470
457471
457472
457473
457474
457475
457476
457477
457478
457479
45748
457480
457482
457484
457485
457486
457487
457488
457489
45749
457490
457491
457493
457494
457495
457496
457497
457498
457499
45750
457500
457501
457502
457503
457505
457506
457507
457508
457509
45751
457510
457511
457512
457513
457514
457515
457516
457517
457518
457519
45752
457520
457521
457522
457523
457524
457525
457526
457527
457528
457529
457530
457531
457532
457533
457534
457535
457536
457537
457538
457539
457540
457541
457542
457543
457544
457545
457546
457547
457548
457549
457551
457552
457553
457554
457555
457556
457557
457558
457559
45756
457560
457561
457562
457563
457564
457565
457566
457567
457568
457569
45757
457570
457571
457572
457573
457574
457576
457577
457578
457579
45758
457580
457581
457582
457584
457585
457586
457587
457588
457589
45759
457590
457591
457592
457593
457594
457595
457596
457597
457598
457599
45760
457600
457601
457602
457603
457604
457605
457606
457608
457609
45761
457611
457612
457613
457614
457616
457617
457618
457620
457621
457622
457623
457624
457625
457626
457627
457628
45763
457630
457631
457632
457633
457634
457635
457636
457637
457638
457639
45764
457640
457644
457645
457646
457647
457648
457649
45765
457650
457651
457652
457653
457654
457655
457656
457657
457658
457659
45766
457660
457661
457662
457663
457664
457665
457666
457667
457668
45767
457670
457671
457672
457673
457674
457675
457676
457677
457678
457679
45768
457680
457682
457684
457685
457686
457687
457688
457689
45769
457690
457691
457692
457693
457694
457695
457696
457697
457698
457699
457700
457702
457703
457704
457705
457706
457707
457708
457709
45771
457710
457712
457713
457714
457715
457716
457717
457719
45772
457720
457722
457723
457724
457725
457726
457727
457729
45773
457731
457732
457733
457734
457735
457736
457737
457738
457739
45774
457740
457741
457742
457743
457744
457745
457746
457747
457748
457749
45775
457750
457751
457752
457753
457754
457755
457756
457758
457759
45776
457760
457761
457762
457763
457764
457765
457767
457768
45777
457771
457772
457774
457775
457777
45778
457781
457782
457783
457784
457785
457786
457787
457788
457789
45779
457790
457791
457792
457793
457794
457795
457798
457799
4578
45780
457800
457801
457802
457803
457804
457805
457806
457807
457808
457809
45781
457810
457811
457812
457813
457815
457817
457818
457819
45782
457820
457821
457822
457823
457824
457825
457826
457827
457829
45783
457830
457831
457832
457834
457835
457836
457837
457838
457839
45784
457840
457842
457843
457844
457845
457846
457847
457848
45785
457850
457851
457852
457853
457854
457855
457856
457857
457858
457859
45786
457860
457861
457862
457863
457864
457865
457866
457867
457868
457869
45787
457870
457871
457872
457873
457874
457875
457876
457877
457878
457879
45788
457880
457881
457883
457884
457885
457886
457887
457888
457889
45789
457890
457891
457892
457893
457894
457895
457896
457898
457899
4579
45790
457900
457902
457903
457904
457905
457906
457907
457908
457909
45791
457910
457911
457913
457914
457915
457916
457917
457918
457919
45792
457920
457921
457922
457923
457924
457925
457926
457927
457928
457929
45793
457930
457931
457932
457936
457937
457938
457939
457940
457941
457942
457943
457944
457946
457947
457948
45795
457951
457952
457955
457956
457957
457958
457959
45796
457960
457961
457962
457963
457964
457965
457966
457967
457968
457969
45797
457970
457971
457972
457973
457974
457975
457976
457977
457978
457979
45798
457980
457981
457982
457984
457985
457986
457987
457988
457989
45799
457990
457991
457992
457993
457994
457996
457997
457998
458
4580
45800
458000
458001
458002
458003
458004
458005
458006
458007
458008
458009
45801
458010
458011
458012
458013
458015
458016
458018
458019
45802
458020
458022
458023
458024
458025
458026
458027
458028
45803
458030
458031
458032
458033
458034
458035
458036
458038
458039
458040
458041
458042
458043
458044
458045
458046
458047
458048
458049
45805
458050
458051
458052
458053
458054
458055
458056
458057
458058
458059
45806
458060
458061
458062
458064
458065
458066
458067
458068
458069
45807
458070
458071
458072
458074
458075
458076
458077
458079
458080
458081
458082
458083
458084
458085
458086
458087
458088
458089
458090
458091
458092
458093
458094
458097
458098
458099
45810
458100
458101
458102
458103
458104
458105
458106
458107
458108
458109
45811
458110
458112
458113
458114
458116
458117
458118
458119
458121
458122
458123
458124
458125
458126
458128
458129
45813
458130
458131
458132
458133
458136
458137
458138
458139
45814
458140
458141
458142
458144
458145
458147
458148
458149
45815
458150
458151
458152
458153
458155
458156
458157
458158
458159
45816
458160
458162
458163
458164
458165
458166
458167
458168
458169
45817
458170
458172
458173
458174
458175
458176
458179
458180
458181
458182
458183
458185
458186
458187
458188
458189
45819
458190
458191
458192
458193
458194
458195
458196
458197
458198
458199
45820
458200
458201
458202
458203
458204
458205
458206
458207
458208
458209
45821
458210
458211
458212
458213
458214
458215
458216
458217
458218
458219
45822
458220
458221
458222
458223
458224
458225
458227
458228
458229
45823
458230
458231
458232
458233
458234
458235
458236
458237
458238
458239
45824
458240
458241
458242
458243
458244
458245
458246
458247
458248
458249
45825
458250
458251
458252
458253
458254
458255
458256
458257
458259
458263
458264
458266
458268
458269
45827
458270
458271
458272
458274
458275
458276
458277
458278
458279
45828
458280
458281
458282
458283
458284
458285
458286
458287
458289
45829
458290
458291
458292
458293
458294
458295
458296
458297
458298
458299
45830
458300
458301
458302
458303
458304
458305
458306
458307
458308
458309
45831
458310
458311
458313
458315
458316
458317
458319
458320
458321
458322
458323
458324
458325
458326
458327
458328
458329
45833
458330
458331
458332
458333
458334
458335
458336
458337
458338
458339
458340
458341
458342
458343
458344
458345
458346
458347
458348
458349
45835
458350
458351
458352
458353
458354
458355
458356
458357
458359
458360
458361
458362
458363
458364
458365
458366
458367
458368
458369
458370
458371
458373
458374
458375
458376
458377
458378
458379
45838
458380
458381
458382
458383
458384
458386
458387
458388
458389
45839
458390
458391
458392
458393
458394
458395
458396
458397
458398
458399
4584
45840
458400
458401
458402
458403
458404
458405
458407
458408
458409
45841
458410
458411
458412
458413
458414
458415
458416
458417
458419
458420
458422
458423
458424
458425
458427
458428
458429
458430
458431
458433
458436
458437
458438
458439
458441
458443
458444
458445
458446
458447
458448
458449
45845
458450
458451
458453
458454
458455
458456
458457
458458
458459
45846
458460
458461
458462
458463
458464
458467
458468
458469
45847
458470
458471
458472
458473
458474
458475
458476
458477
458478
458479
458481
458482
458483
458484
458485
458486
458487
458488
45849
458490
458491
458492
458493
458494
458495
458496
458497
458498
458499
45850
458501
458502
458503
458504
458505
458506
458507
458508
458509
45851
458510
458511
458512
458513
458514
458515
458516
458517
458519
45852
458520
458521
458522
458523
458524
458525
458529
45853
458530
458531
458532
458533
458534
458535
458536
458537
458538
458539
45854
458540
458541
458542
458543
458544
458545
458546
458547
458548
458549
458550
458551
458552
458553
458554
458555
458556
458557
458559
45856
458560
458561
458562
458564
458565
458566
458567
458568
458569
45857
458570
458572
458573
458574
458575
458576
458577
458581
458582
458583
458584
458586
458587
458588
458589
45859
458590
458591
458592
458593
458594
458595
458596
458597
458598
458599
45860
458600
458601
458602
458603
458605
458606
458607
458608
458609
45861
458611
458612
458614
458615
458616
458617
458618
458619
45862
458620
458621
458623
458624
458625
458626
458627
458628
458629
45863
458630
458631
458632
458633
458634
458635
458636
458637
458638
458639
45864
458640
458641
458642
458643
458644
458645
458646
458647
458649
45865
458650
458651
458652
458653
458654
458657
458658
458659
45866
458660
458661
458662
458663
458664
458665
458666
458667
458668
458669
45867
458670
458671
458672
458673
458674
458675
458676
458677
458679
45868
458680
458681
458682
458683
458684
458685
458686
458687
458688
458689
458690
458691
458692
458693
458694
458695
458698
4587
458700
458701
458702
458703
458704
458705
458706
458707
458708
458709
45871
458710
458711
458713
458714
458715
458716
458717
458718
458719
458720
458721
458722
458723
458724
458725
458726
458727
458728
45873
458730
458731
458732
458733
458735
458736
458737
458738
458739
45874
458740
458741
458742
458746
458747
458748
458749
45875
458750
458751
458752
458753
458754
458755
458756
458759
45876
458760
458761
458762
458763
458764
458765
458766
458767
458769
45877
458771
458772
458773
458774
458775
458776
458777
458778
458779
45878
458780
458781
458782
458783
458784
458785
458786
458787
458788
458789
45879
458790
458791
458792
458793
458794
458795
458796
458797
458798
458799
4588
45880
458800
458801
458802
458803
458804
458805
458806
458807
458808
458809
45881
458810
458812
458814
458815
458816
458817
458818
45882
458821
458822
458823
458824
458825
458826
458827
458828
458829
45883
458830
458831
458832
458833
458834
458835
458836
458837
458838
458839
45884
458840
458841
458842
458843
458844
458845
458846
458847
458849
458850
458851
458852
458853
458854
458856
458857
458858
458859
45886
458860
458861
458862
458863
458864
458865
458866
458867
458868
458869
45887
458870
458871
458872
458873
458874
458875
458876
458877
458878
458879
45888
458881
458882
458883
458884
458885
458886
458887
458888
458889
45889
458890
458891
458892
458894
458895
458896
458897
458898
458899
45890
458900
458903
458905
458906
458907
458908
458909
45891
458910
458911
458912
458913
458914
458915
458916
458917
458918
458919
45892
458920
458921
458922
458923
458924
458925
458926
458927
458928
458929
45893
458930
458931
458932
458934
458935
458936
458937
458939
45894
458940
458941
458942
458943
458945
458946
458947
458948
458949
45895
458950
458951
458953
458955
458956
458957
458958
458959
45896
458960
458961
458962
458963
458964
458965
458966
458967
458968
458969
45897
458970
