458971
458972
458975
458976
458977
458978
458979
458980
458982
458983
458984
458985
458986
458987
458988
458989
45899
458990
458991
458992
458993
458994
458995
458996
458997
458998
459
45900
459000
459002
459003
459004
459005
459006
459007
459008
459009
45901
459010
459012
459013
459014
459015
459016
459017
459018
459019
45902
459020
459021
459022
459023
459024
459025
459026
459027
459028
45903
459030
459031
459032
459033
459034
459035
459036
459037
459038
459039
45904
459041
459042
459043
459044
459045
459046
459047
459048
459049
45905
459050
459051
459052
459053
459054
459055
459056
459057
459058
45906
459060
459061
459062
459063
459064
459065
459066
459068
459069
459070
459073
459074
459075
459076
459077
459078
459079
459080
459081
459082
459083
459085
459086
459087
459088
459089
459090
459091
459092
459093
459094
459095
459096
459097
459098
459099
459100
459101
459102
459103
459104
459105
459106
459107
459108
459109
459110
459114
459115
459116
459117
459118
459119
45912
459120
459121
459122
459123
459124
459125
459126
459127
459128
459129
459130
459131
459132
459133
459135
459136
459137
459138
459139
45914
459140
459142
459143
459144
459145
459146
459147
459148
459149
45915
459150
459151
459152
459153
459154
459155
459156
459157
459158
459159
45916
459160
459161
459162
459163
459164
459165
459166
459167
459168
459169
45917
459170
459171
459172
459173
459174
459175
459176
459177
459178
459179
459180
459181
459182
459183
459185
459186
459187
459188
459189
45919
459190
459191
459192
459193
459194
459196
459198
459199
4592
45920
459200
459201
459202
459203
459204
459205
459206
459207
459208
45921
459210
459211
459212
459213
459214
459215
459216
459217
459218
459219
459220
459221
459222
459223
459224
459225
459226
459227
459228
459229
459230
459231
459232
459233
459234
459235
459236
459237
459238
459239
45924
459240
459241
459243
459244
459245
459246
459247
459248
459249
45925
459250
459251
459252
459253
459254
459255
459257
459258
459259
45926
459265
459266
459267
459268
45927
459270
459271
459273
459274
459275
459276
459277
459278
459279
45928
459280
459281
459282
459283
459284
459285
459286
459288
45929
459290
459291
459292
459293
459294
459296
459297
459299
4593
45930
459300
459301
459302
459303
459304
459305
459307
459308
459309
45931
459310
459311
459312
459313
459314
459316
459317
459318
459319
45932
459320
459321
459322
459323
459324
459325
459326
459327
459328
45933
459330
459331
459332
459333
459335
459336
459337
459338
459339
459340
459341
459342
459343
459344
459345
459346
459347
459348
459349
45935
459350
459351
459352
459353
459354
459355
459356
459357
459358
459359
45936
459360
459361
459362
459363
459364
459365
459366
459367
459368
459369
45937
459370
459371
459372
459373
459374
459375
459376
459377
459378
459379
45938
459380
459382
459383
459384
459385
459386
459387
459388
459389
45939
459390
459391
459392
459393
459394
459395
459396
459397
459398
459399
45940
459400
459401
459402
459403
459404
459405
459406
459407
459408
459409
45941
459410
459411
459412
459413
459414
459416
459417
459419
45942
459420
459422
459423
459424
459425
459426
459427
459428
459429
45943
459431
459433
459434
459435
459436
459437
459438
459439
45944
459440
459441
459443
459444
459445
459446
459447
459448
459449
45945
459450
459451
459453
459454
459455
459456
459458
459459
45946
459460
459461
459462
459463
459464
459465
459466
459467
459468
459469
459470
459471
459472
459473
459474
459475
459476
459477
459478
459479
45948
459481
459482
459483
459484
459485
459488
459489
45949
459490
459491
459492
459493
459494
459495
459496
459497
459498
459499
4595
45950
459501
459502
459503
459504
459505
459506
459507
459508
45951
459511
459512
459513
459514
459515
459516
459518
459519
45952
459520
459521
459522
459523
459524
459525
459526
459527
459529
45953
459530
459531
459532
459533
459534
459535
459536
459537
459538
459539
45954
459540
459541
459542
459543
459544
459546
459547
459548
459550
459551
459553
459555
459556
459557
459558
459559
459560
459561
459562
459563
459564
459567
459568
45957
459570
459571
459573
459574
459575
459576
459577
459578
459579
45958
459580
459581
459582
459583
459584
459585
459586
459587
459588
459589
45959
459590
459591
459592
459593
459594
459595
459596
459597
459598
45960
459600
459601
459602
459603
459604
459605
459607
459608
459609
45961
459610
459611
459614
459615
459616
459617
459618
459619
45962
459620
459621
459622
459623
459624
459625
459626
459627
459628
45963
459631
459632
459634
459635
459636
459637
459638
459639
45964
459640
459641
459642
459644
459645
459646
459647
459648
459649
45965
459650
459653
459655
459656
459657
459658
459659
45966
459660
459661
459662
459663
459665
459666
459667
459668
459669
45967
459670
459671
459672
459674
459675
459676
459677
459678
459679
45968
459680
459681
459682
459683
459684
459685
459686
459687
459688
459689
45969
459690
459691
459692
459693
459694
459696
459697
459698
459699
4597
45970
459701
459702
459703
459704
459705
459706
459707
459708
459709
45971
459710
459711
459712
459713
459714
459715
459716
459717
459718
459719
459720
459721
459722
459723
459725
459726
459727
459728
459729
45973
459730
459731
459732
459733
459734
459735
459736
459737
459738
459739
45974
459740
459741
459742
459743
459744
459745
459746
459748
459749
45975
459750
459751
459752
459753
459754
459755
459756
459757
459758
459759
45976
459760
459761
459762
459763
459764
459765
459766
459767
459768
459769
45977
459770
459771
459772
459774
459775
459776
459777
459778
459779
45978
459780
459781
459782
459783
459784
459785
459786
459787
459788
459789
45979
459790
459792
459793
459794
459795
459796
459797
459798
459799
45980
459800
459801
459802
459803
459804
459805
459806
459807
459808
459809
45981
459811
459812
459815
459816
459817
459818
459819
45982
459820
459821
459822
459823
459824
459825
459826
459827
459828
459829
45983
459830
459831
459832
459833
459834
459835
459836
459837
459838
459839
45984
459840
459841
459842
459843
459844
459845
459846
459847
459848
459849
45985
459850
459851
459852
459854
459855
459856
459857
459858
459859
45986
459860
459861
459862
459863
459864
459865
459866
459867
459868
459869
45987
459870
459871
459872
459873
459874
459875
459876
459877
459878
459879
459880
459881
459882
459883
459884
459886
459887
459889
459890
459891
459894
459895
459896
459897
459898
459899
4599
45990
459900
459901
459903
459904
459905
459906
459907
459908
459909
45991
459910
459911
459912
459913
459914
459917
459918
459919
459920
459921
459922
459923
459924
459925
459926
459929
45993
459930
459931
459932
459933
459934
459935
459936
459937
459938
459939
459940
459941
459942
459943
459944
459945
459946
459947
459948
45995
459950
459951
459952
459953
459954
459955
459956
459957
459959
45996
459960
459961
459962
459963
459964
459965
459966
459967
45997
459970
459971
459973
459974
459976
459977
459978
459979
45998
459980
459981
459982
459983
459985
459986
459987
459988
459989
45999
459990
459991
459992
459993
459994
459995
459996
459997
459999
460
46000
460000
460001
460002
460003
460004
460005
460006
460007
460008
460009
46001
460010
460011
460012
460014
460016
460019
460020
460021
460022
460023
460024
460025
460026
460027
460028
460029
46003
460030
460031
460033
460034
460035
460036
460037
460038
46004
460041
460045
460047
460048
460049
46005
460050
460051
460053
460054
460055
460056
460057
460058
460059
460060
460061
460062
460063
460064
460065
460066
460067
460068
460069
46007
460070
460071
460072
460073
460074
460075
460076
460077
460078
460079
46008
460080
460081
460082
460083
460084
460085
460086
460087
460088
460089
46009
460090
460091
460092
460093
460094
460096
460097
460098
46010
460100
460102
460103
460104
460105
460107
460108
460109
46011
460110
460111
460112
460113
460114
460116
460117
460118
46012
460120
460121
460122
460123
460124
460125
460127
460128
460129
46013
460130
460131
460132
460133
460134
460135
460136
460137
460138
460139
46014
460140
460141
460142
460143
460144
460145
460146
460147
460148
460149
46015
460150
460151
460153
460154
460155
460156
460157
460158
460159
46016
460160
460161
460163
460164
460165
460166
460167
460168
460169
46017
460170
460171
460172
460173
460174
460175
460177
460178
460179
46018
460180
460181
460182
460183
460184
460185
460186
460187
460188
460189
46019
460190
460191
460192
460193
460194
460195
460196
460197
460198
460199
46020
460200
460201
460202
460203
460204
460205
460206
460207
460208
46021
460210
460211
460213
460214
460216
460217
460218
460219
46022
460220
460221
460222
460223
460224
460225
460226
460227
460228
460229
46023
460233
460234
460235
460236
460238
460239
46024
460240
460241
460243
460244
460245
460246
460247
460248
460249
46025
460251
460252
460254
460255
460258
460259
46026
460260
460261
460262
460263
460264
460265
460266
460267
460268
460269
46027
460270
460271
460272
460273
460274
460275
460276
460277
460278
460279
46028
460280
460281
460282
460283
460284
460285
460286
460287
460288
460289
46029
460290
460291
460292
460293
460294
460295
460296
460297
460298
460299
46030
460300
460301
460302
460303
460304
460305
460306
460307
460308
460309
460310
460311
460312
460313
460315
460316
460317
460318
460320
460321
460322
460323
460324
460325
460326
460327
460328
460329
46033
460330
460331
460332
460333
460335
460336
460337
460338
460339
46034
460340
460341
460342
460343
460344
460345
460346
460347
460348
460349
46035
460350
460351
460352
460353
460354
460355
460356
460358
46036
460360
460361
460363
460364
460365
460366
460367
460368
460369
46037
460370
460371
460372
460373
460374
460375
460376
460377
460378
460379
46038
460380
460381
460382
460383
460384
460385
460386
460387
460388
460389
46039
460390
460391
460392
460393
460394
460396
460397
460398
460399
46040
460400
460401
460402
460403
460404
460405
460406
460407
460408
46041
460410
460412
460413
460414
460415
460416
460417
460418
460419
46042
460420
460421
460423
460424
460425
460427
460428
460429
46043
460430
460431
460432
460433
460434
460435
460436
460437
460438
46044
460440
460441
460442
460443
460444
460446
460448
460449
46045
460450
460451
460452
460453
460454
460455
460456
460457
460458
46046
460461
460462
460463
460465
460466
46047
460470
460471
460472
460474
460475
460476
460477
460478
460479
46048
460480
460481
460482
460483
460484
460485
460486
460487
460488
460489
46049
460490
460491
460492
460493
460494
460495
460496
460497
460498
460499
46050
460500
460501
460502
460503
460505
460506
460507
460508
460509
46051
460510
460511
460512
460513
460514
460515
460516
460517
460518
460519
460520
460521
460522
460523
460524
460525
460526
460527
460528
460529
46053
460530
460533
460534
460535
460537
460538
460539
46054
460540
460541
460542
460544
460545
460546
460547
460548
460549
46055
460550
460551
460552
460553
460554
460555
460556
460557
460558
460559
46056
460560
460561
460562
460563
460565
460566
460568
460569
460570
460571
460572
460573
460574
460575
460576
460577
460578
460579
46058
460580
460581
460583
460585
460586
460587
460588
460589
46059
460591
460592
460593
460594
460595
460596
460597
460598
460599
46060
460600
460601
460602
460603
460605
460606
460607
460608
460609
46061
460610
460611
460612
460613
460614
460615
460616
460617
460618
460619
46062
460621
460623
460624
460625
460626
460627
460629
46063
460630
460631
460632
460634
460635
460636
460637
460638
460639
46064
460640
460641
460642
460643
460644
460645
460646
460647
460648
460649
46065
460650
460651
460652
460653
460654
460655
460656
460657
460658
460659
460660
460661
460662
460663
460664
460666
460667
460668
460669
46067
460670
460671
460673
460674
460675
460677
460678
460679
46068
460680
460681
460682
460683
460684
460685
460686
460687
460688
460689
46069
460690
460691
460692
460693
460694
460695
460696
460697
460698
460699
460700
460701
460702
460705
460706
460707
460708
460709
460710
460711
460712
460713
460714
460715
460716
460717
460718
460719
460720
460721
460722
460723
460724
460725
460726
460727
460729
460730
460731
460732
460733
460734
460735
460736
460737
460738
460739
46074
460740
460741
460742
460743
460744
460745
460746
460747
460748
460749
46075
460750
460751
460752
460753
460754
460755
460756
460757
460758
46076
460760
460762
460763
460764
460765
460766
460767
460768
460769
46077
460770
460771
460772
460773
460774
460777
460778
460779
46078
460780
460781
460782
460783
460784
460785
460786
460787
460788
460789
46079
460790
460791
460792
460793
460794
460796
460797
460798
460799
460800
460801
460802
460803
460804
460805
460806
460807
460808
460809
46081
460810
460811
460812
460813
460814
460816
460817
460818
460819
460821
460822
460823
460824
460825
460826
460827
460828
460829
460830
460831
460832
460833
460835
460836
460837
460838
460839
460840
460841
460842
460843
460844
460846
460847
460848
460849
460851
460852
460854
460856
460857
460858
46086
460860
460862
460863
460864
460865
460866
460867
460868
460871
460872
460873
460874
460875
460876
460877
460879
46088
460880
460881
460882
460883
460884
460885
460886
460887
460888
460889
46089
460890
460891
460892
460893
460894
460895
460896
460897
460898
460899
460900
460901
460902
460903
460904
460905
460906
460907
460909
46091
460910
460911
460912
460913
460914
460915
460916
460917
460918
460919
46092
460920
460921
460922
460923
460924
460925
460926
460927
460928
460929
46093
460930
460931
460932
460933
460934
460935
460936
460938
460939
46094
460940
460941
460942
460943
460944
460945
460946
460947
460948
460949
46095
460950
460951
460952
460953
460954
460955
460956
460957
460958
460959
460960
460961
460962
460963
460964
460965
460966
460967
460968
460969
46097
460970
460971
460972
460976
460977
460978
460979
46098
460980
460981
460982
460983
460984
460985
460986
460987
460988
460989
46099
460990
460991
460992
460993
460994
460995
460996
460997
460998
460999
4610
46100
461000
461001
461002
461003
461004
461005
461006
461007
461008
461009
46101
461010
461011
461012
461013
461016
461017
461018
461019
46102
461020
461021
461022
461023
461024
461025
461026
461027
461028
461029
46103
461031
461032
461033
461034
461035
461036
461037
461038
461039
46104
461040
461041
461042
461044
461045
461046
461048
461049
46105
461050
461051
461052
461053
461054
461055
461056
461057
461058
461059
46106
461060
461061
461062
461063
461064
461065
461067
461068
461069
46107
461070
461071
461074
461075
461076
461077
461078
461079
46108
461080
461081
461082
461083
461084
461085
461086
461087
461088
461089
46109
461090
461091
461092
461093
461094
461095
461096
461097
461098
461099
4611
46110
461100
461101
461102
461103
461104
461105
461106
461107
461108
461109
46111
461110
461111
461112
461113
461114
461115
461116
461117
461118
461119
46112
461120
461121
461122
461123
461125
461126
461127
461128
461129
46113
461130
461131
461132
461134
461137
461139
46114
461140
461141
461142
461143
461144
461145
461146
461147
461148
461149
46115
461150
461151
461152
461153
461155
461156
461157
461158
461159
46116
461160
461161
461162
461164
461165
461166
461167
461168
461169
46117
461170
461171
461172
461173
461174
461175
461176
461177
461178
461179
46118
461180
461181
461182
461183
461184
461185
461186
461187
461188
461189
46119
461190
461191
461192
461193
461194
461195
461197
461198
461199
4612
461200
461202
461203
461204
461206
461207
461208
461209
461210
461211
461212
461213
461214
461215
461216
461217
461218
461219
46122
461220
461221
461222
461223
461224
461225
461226
461227
461228
461229
461230
461231
461232
461233
461234
461235
461236
461237
461238
461239
46124
461240
461241
461242
461244
461245
461246
461247
461248
461249
461250
461251
461252
461253
461254
461255
461256
461257
461259
46126
461261
461262
461264
461265
461266
461267
461268
461269
46127
461270
461271
461272
461273
461274
461275
461276
461277
461278
461279
46128
461281
461282
461283
461284
461285
461286
461287
461288
461289
46129
461290
461291
461292
461293
461295
461296
461297
461298
461299
4613
461300
461301
461302
461303
461304
461305
461306
461307
461308
461309
46131
461310
461311
461312
461313
461315
461316
461317
461318
461319
46132
461320
461321
461322
461323
461324
461325
461326
461328
461329
46133
461330
461331
461332
461333
461334
461335
461337
461338
461339
46134
461340
461341
461342
461343
461344
461345
461346
461347
461348
461349
46135
461350
461351
461352
461353
461354
461355
461356
461357
461358
461359
46136
461360
461361
461363
461364
461365
461366
461367
461368
461369
46137
461370
461371
461372
461374
461375
461376
461378
461379
46138
461380
461381
461382
461384
461385
461386
461387
461388
461389
46139
461390
461391
461392
461393
461394
461395
461396
461397
461398
461399
4614
46140
461400
461401
461402
461403
461404
461405
461406
461407
461408
461409
461410
461411
461412
461413
461415
461417
461419
46142
461420
461421
461423
461424
461425
461427
461428
461429
46143
461430
461431
461433
461434
461435
461437
461438
461439
46144
461440
461441
461442
461443
461444
461445
461446
461447
461448
461449
46145
461450
461452
461453
461454
461455
461456
461457
461458
461459
46146
461460
461461
461462
461463
461464
461466
461467
461468
461469
46147
461471
461472
461473
461474
461475
461476
461477
461478
461479
46148
461480
461481
461482
461483
461484
461485
461486
461487
461489
46149
461490
461491
461492
461493
461494
461495
461496
461497
461498
461499
4615
46150
461500
461501
461502
461504
461505
461506
461507
461508
461509
46151
461510
461511
461512
461513
461514
461515
461516
461517
461518
461519
46152
461520
461522
461525
461526
461527
461528
46153
461530
461531
461532
461533
461534
461535
461536
461537
461539
461540
461541
461542
461543
461544
461545
461548
461549
46155
461552
461553
461554
461555
461556
461557
461558
461559
46156
461560
461561
461562
461563
461564
461568
461569
461570
461571
461572
461573
461574
461576
461577
461578
461579
46158
461580
461581
461582
461583
461584
461585
461586
461587
461588
461589
46159
461590
461591
461594
461596
461597
461598
461599
4616
461600
461601
461602
461604
461605
461606
461607
461608
461609
461610
461611
461612
461613
461614
461615
461616
461617
461618
461619
46162
461620
461621
461622
461623
461625
461626
461627
461628
461629
46163
461630
461631
461632
461633
461634
461635
461636
461637
461638
461639
46164
461640
461641
461642
461643
461644
461645
461646
461647
461648
461649
46165
461650
461651
461654
461657
46166
461660
461662
461663
461664
461665
461666
461667
461668
461669
461670
461671
461673
461674
461675
461676
461677
461678
46168
461682
461683
461684
461685
461686
461687
461688
461689
46169
461691
461692
461693
461695
461696
461697
461698
461699
461700
461701
461702
461703
461704
461705
461706
461707
461708
461709
461710
461711
461712
461713
461714
461715
461716
461717
461718
461719
46172
461720
461721
461722
461723
461724
461727
461728
461729
46173
461730
461732
461733
461734
461735
461737
461738
46174
461741
461742
461744
461749
46175
461753
461754
461756
461757
461758
461759
46176
461760
461761
461762
461763
461764
461765
461766
461767
461768
46177
461770
461771
461772
461773
461774
461775
461776
461777
461778
461779
46178
461780
461781
461782
461783
461784
461785
461786
461787
461788
461789
46179
461790
461791
461792
461793
461794
461795
461796
461797
461798
461799
46180
461800
461801
461802
461803
461804
461806
461807
461808
461809
46181
461810
461813
461815
461816
461817
461818
461819
46182
461820
461821
461822
461823
461824
461826
461827
461828
461829
461830
461832
461833
461834
461835
461836
461837
461838
461839
46184
461841
461842
461843
461844
461845
461846
461847
461848
461849
46185
461850
461851
461852
461853
461854
461856
461857
461858
461859
46186
461860
461861
461862
461863
461864
461868
46187
461870
461871
461872
461873
461874
461875
461877
461878
461879
46188
461880
461881
461882
461883
461884
461885
461886
461887
461888
461889
46189
461890
461891
461892
461893
461894
461895
461896
461897
461898
461899
46190
461900
461901
461902
461903
461904
461905
461906
461907
461908
461909
46191
461910
461911
461912
461913
461914
461915
461916
461918
461919
46192
461920
461921
461922
461923
461924
461925
461926
461927
461928
461929
46193
461930
461931
461932
461933
461935
461936
461937
461938
46194
461940
461941
461942
461943
461946
461947
461948
461949
46195
461950
461952
461953
461955
461956
461958
461959
46196
461960
461961
461962
461963
461964
461965
461966
461967
461968
461969
46197
461970
461971
461972
461974
461975
461976
461977
461979
46198
461980
461981
461982
461983
461984
461985
461986
461987
461988
461989
46199
461990
461991
461992
461993
461994
461995
461996
461997
461998
461999
462
46200
462000
462001
462002
462003
462004
462006
462007
462009
462010
462011
462012
462013
462014
462015
462016
462017
462018
462019
462020
462021
462022
462023
462024
462026
462027
462028
462029
46203
462030
462032
462033
462034
462035
462036
462037
462038
462039
46204
462040
462041
462042
462043
462044
462045
462046
462047
462048
462049
46205
462050
462051
462052
462053
462055
462056
462057
462058
462059
46206
462060
462061
462062
462063
462064
462065
462066
462067
462068
462069
46207
462070
462071
462072
462073
462074
462075
462076
462077
462078
462079
46208
462080
462081
462082
462083
462084
462085
462086
462087
462088
462089
46209
462090
462091
462092
462093
462094
462095
462096
462097
462098
462099
46210
462100
462101
462102
462103
462104
462105
462106
462107
462108
462109
46211
462110
462111
462112
462113
462114
462116
462117
462118
462119
46212
462120
462121
462122
462123
462124
462125
462126
462127
462128
462129
46213
462130
462131
462132
462133
462134
462135
462136
462137
462138
462139
46214
462140
462141
462142
462143
462144
462145
462146
462147
462148
462149
46215
462151
462152
462156
462157
462158
462159
46216
462160
462161
462162
462163
462164
462165
462166
462167
462168
46217
462171
462172
462173
462174
462175
462176
462177
462178
462179
462180
462181
462182
462183
462184
462185
462186
462187
462188
462189
46219
462190
462191
462192
462193
462194
462195
462196
462198
462200
462201
462202
462203
462204
462205
462206
462207
462208
462209
46221
462210
462211
462212
462213
462215
462216
462218
462219
46222
462220
462221
462222
462223
462224
462225
462227
462228
462229
46223
462230
462231
462232
462233
462234
462235
462236
462237
462238
462239
46224
462240
462241
462242
462243
462244
462245
462246
462247
462248
462249
46225
462250
462251
462252
462253
462254
462255
462256
462257
462258
462259
46226
462260
462261
462262
462263
462264
462265
462266
462267
462268
462269
46227
462270
462271
462272
462273
462274
462275
462276
462277
462278
462279
46228
462280
462281
462282
462284
462285
462288
46229
462290
462291
462292
462293
462294
462295
462296
462297
462298
462299
46230
462300
462301
462302
462303
462304
462305
462306
462307
462308
462309
462310
462311
462312
462313
462314
462315
462316
462317
462318
462319
46232
462320
462321
462322
462323
462324
462325
462326
462327
462328
46233
462330
462331
462332
462333
462335
462336
462337
462338
46234
462340
462341
462342
462343
462344
462345
462346
462347
462348
462349
462350
462352
462354
462355
462356
462357
462358
462359
46236
462360
462361
462362
462363
462364
462365
462366
462367
462368
462369
462370
462372
462373
462374
462375
462376
462377
462378
462379
46238
462380
462381
462382
462383
462384
462385
462386
462387
462388
462389
46239
462390
462391
462392
462393
462395
462396
462397
462398
462399
46240
462401
462402
462403
462404
462405
462406
462407
462408
462409
46241
462410
462412
462413
462414
462415
462416
462417
462418
462419
46242
462420
462421
462422
462423
462424
462425
462426
462427
462428
462429
462430
462431
462432
462433
462434
462435
462436
462437
462438
462439
46244
462440
462442
462443
462444
462445
462446
462448
462449
462450
462451
462452
462453
462454
462455
462456
462457
462458
462459
462460
462461
462462
462463
462464
462466
462467
462468
462469
46247
462470
462471
462472
462473
462474
462475
462476
462477
462478
462479
462481
462482
462483
462484
462485
462486
462487
462488
462489
46249
462490
462491
462492
462493
462494
462495
462496
462497
462498
462499
46250
462500
462501
462502
462503
462504
462505
462506
462507
462508
462509
46251
462510
462512
462513
462514
462515
462516
462517
462518
462519
46252
462520
462521
462522
462523
462526
462527
462528
462529
46253
462530
462531
462532
462533
462534
462535
462536
462537
462538
462539
46254
462540
462541
462542
462543
462544
462545
462546
462547
462548
462549
46255
462550
462551
462552
462553
462554
462555
462556
462557
462558
462559
46256
462560
462561
462562
462563
462564
462566
462567
462568
462569
46257
462571
462573
462574
462575
462576
462577
462578
462579
46258
462580
462581
462582
462584
462585
462586
462587
462588
462589
46259
462590
462591
462592
462593
462594
462595
462596
462597
462598
46260
462600
462601
462602
462603
462604
462605
462606
462607
462608
462609
46261
462610
462611
462612
462613
462614
462616
462617
462618
462619
46262
462620
462622
462623
462626
462627
462628
462629
462630
462631
462632
462633
462634
462635
462636
462637
462638
46264
462640
462641
462642
462643
462644
462645
462646
462647
462648
462649
46265
462650
462651
462652
462653
462654
462655
462656
462658
462659
46266
462660
462661
462662
462663
462664
462665
462666
462667
462668
462669
46267
462670
462671
462672
462673
462674
462675
462676
462677
462678
462679
46268
462680
462681
462682
462683
462684
462685
462686
462687
462688
462689
46269
462690
462691
462692
462693
462694
462695
462696
462697
462698
462699
4627
46270
462700
462701
462702
462703
462704
462705
462706
462707
462708
462709
462710
462711
462712
462713
462715
462716
462717
462718
462719
462720
462721
462722
462723
462724
462725
462726
462727
462728
462729
46273
462732
462733
462734
462735
462736
462737
462738
462739
46274
462740
462741
462742
462743
462744
462745
462746
462747
462748
462749
46275
462750
462751
462752
462753
462754
462755
462756
462757
462758
462759
46276
462760
462761
462762
462763
462764
462765
462766
462767
462768
462769
46277
462770
462771
462772
462773
462774
462777
462778
462779
46278
462780
462781
462782
462783
462784
462785
462786
462787
462788
462789
462790
462791
462792
462793
462794
462795
462796
462798
4628
46280
462801
462802
462803
462804
462805
462806
462808
462809
46281
462810
462811
462812
462813
462814
462815
462816
462817
462818
462819
46282
462820
462821
462822
462823
462824
462825
462826
462828
462829
46283
462831
462832
462833
462835
462836
462837
462838
462839
46284
462840
462841
462842
462843
462844
462845
462846
462847
462848
462849
46285
462850
462851
462852
462853
462854
462855
462856
462857
462858
46286
462860
462861
462862
462863
462865
462866
462867
462871
462872
462873
462874
462876
462877
462879
46288
462880
462881
462882
462883
462884
462885
462886
462887
462888
462889
46289
462890
462891
462893
462894
462895
462896
462897
462899
4629
46290
462900
462901
462902
462903
462904
462905
462906
462907
462908
462909
46291
462910
462911
462912
462913
462914
462915
462916
462917
462918
462919
46292
462920
462921
462922
462923
462924
462926
462927
462928
462929
46293
462930
462931
462933
462934
462935
462936
462939
462940
462941
462942
462943
462944
462945
462947
462948
462949
462950
462951
462952
462953
462955
462956
462957
462958
462959
46296
462960
462962
462963
462964
462965
462966
462967
462968
462969
46297
462970
462971
462973
462974
462976
462977
462978
462979
46298
462980
462981
462982
462983
462984
462985
462987
462988
462989
46299
462990
462991
462992
462993
462994
462995
462996
462998
462999
4630
46300
463000
463001
463002
463003
463004
463005
463006
463007
463008
463009
46301
463010
463011
463012
463013
463014
463015
463016
463018
463019
46302
463020
463021
463022
463024
463025
463026
463027
463028
463029
463030
463031
463032
463036
463037
463038
463039
46304
463040
463041
463042
463043
463044
463045
463047
463048
463049
46305
463050
463051
463052
463053
463054
463055
463056
463057
463058
463059
46306
463060
463061
463062
463063
463064
463065
463066
463067
463069
46307
463070
463071
463073
463074
463075
463077
463078
463079
46308
463080
463081
463082
463083
463084
463086
463087
463088
463089
46309
463090
463091
463092
463093
463094
463095
463096
463097
463099
463100
463101
463102
463104
463105
463106
463107
463108
463109
463110
463111
463114
463115
463116
463117
463118
463119
46312
463120
463121
463122
463123
463124
463127
463128
463129
46313
463130
463131
463132
463133
463134
463135
463136
463137
463138
463139
46314
463140
463141
463142
463143
463144
463145
463146
463147
463149
46315
463150
463151
463152
463153
463154
463155
463156
463157
463158
463159
46316
463160
463161
463162
463163
463164
463165
463166
463167
463168
463169
46317
463170
463171
463172
463173
463174
463175
463177
463178
463179
463180
463181
463182
463183
463184
463185
463186
463187
463188
463190
463191
463192
463193
463194
463195
463196
463197
463198
463199
46320
463200
463201
463202
463203
463204
463205
463206
463207
463208
463209
46321
463210
463211
463213
463214
463215
463216
463217
463218
463219
46322
463220
463221
463222
463223
463224
463225
463226
463227
463228
463229
46323
463230
463231
463232
463233
463234
463235
463236
463237
463238
463239
463240
463241
463242
463243
463244
463245
463246
463247
463248
463249
463250
463251
463252
463254
463255
463256
463257
463258
46326
463260
463261
463262
463263
463264
463265
463266
463267
463268
463269
46327
463270
463271
463272
463273
463274
463275
463276
46328
463282
463283
463284
463285
463286
463287
463289
46329
463290
463291
463292
463293
463294
463295
463296
463297
463299
4633
46330
463301
463302
463303
463304
463305
463306
463307
463308
463309
463310
463311
463312
463313
463314
463315
463316
463317
463318
463319
46332
463320
463321
463322
463324
463325
463326
463327
463328
463329
46333
463330
463331
463332
463333
463334
463335
463336
463337
463338
463339
46334
463340
463341
463342
463343
463344
463345
463346
463347
463348
463349
46335
463350
463351
463352
463353
463354
463355
463356
463357
463358
463359
46336
463360
463361
463362
463363
463364
463365
463367
46337
463370
463371
463372
463373
463374
463375
463377
463378
46338
463382
463383
463386
463387
463389
46339
463390
463392
463394
463395
463396
463397
463399
46340
463401
463403
463404
463405
463406
463407
463409
46341
463410
463411
463412
463413
463414
463415
463417
463418
46342
463420
463421
463422
463423
463425
463426
463427
463429
46343
463430
463431
463432
463433
463434
463435
463436
463437
463438
463439
463440
463441
463442
463443
463444
463445
463446
463447
463448
463449
46345
463450
463451
463452
463453
463454
463455
463456
463458
463459
463460
463461
463462
463463
463464
463465
463466
463467
463468
463469
463470
463471
463472
463473
463474
463475
463476
463477
463478
463479
463480
463481
463483
463484
463485
463486
463487
463488
463489
463490
463492
463493
463494
463495
463496
463497
463498
463499
4635
463500
463501
463502
463503
463504
463505
463506
463507
463508
463509
46351
463510
463511
463512
463513
463514
463515
463516
463518
463519
46352
463520
463521
463522
463523
463524
463525
463526
463528
463529
463530
463531
463532
463533
463534
463535
463537
463539
46354
463540
463541
463542
463543
463544
463545
463546
463547
463548
463549
46355
463550
463551
463552
463553
463555
463556
463557
463558
463559
46356
463560
463561
463563
463564
463565
463566
463567
463568
463569
463570
463571
463572
463573
463574
463575
463576
463577
463578
463579
46358
463580
463581
463582
463583
463584
463585
463586
463587
463588
463589
46359
463590
463593
463594
463595
463597
463598
46360
463601
463602
463603
463604
463605
463607
463608
46361
463611
463612
463613
463614
463616
463617
463618
463619
46362
463620
463622
463623
463625
463626
463627
463628
463629
46363
463630
463631
463632
463633
463634
463635
463636
463637
463638
463639
46364
463640
463641
463642
463643
463644
463645
463646
463647
463648
463649
46365
463650
463652
463653
463654
463655
463656
463658
463659
46366
463660
463661
463663
463664
463665
463666
463667
463668
463669
46367
463670
463671
463672
463673
463675
463676
463677
463678
46368
463680
463681
463682
463684
463685
463686
463687
463688
463689
46369
463690
463691
463692
463693
463694
463695
463696
463698
463699
46370
463700
463701
463702
463703
463704
463705
463706
463707
463708
463709
46371
463710
463711
463712
463713
463714
463715
463716
463717
463718
463719
46372
463720
463721
463722
463723
463724
463725
463726
463727
463728
463729
46373
463730
463731
463732
463733
463734
463735
463736
463737
463738
463739
46374
463740
463741
463742
463743
463744
463745
463746
463747
46375
463750
463751
463752
463753
463754
463755
463756
463758
463759
46376
463760
463762
463763
463764
463765
463766
463767
463768
463769
46377
463770
463771
463772
463773
463775
463776
463777
463778
463779
46378
463780
463783
463785
463786
463787
463788
463789
46379
463790
463791
463792
463793
463794
463796
463797
463798
463799
4638
46380
463800
463801
463802
463803
463804
463805
463806
463807
463808
463809
46381
463810
463811
463812
463813
463814
463815
463816
463817
463818
463819
46382
463821
463822
463823
463824
463825
463826
463828
463829
46383
463830
463831
463832
463833
463834
463835
463839
463840
463841
463842
463843
463844
463845
463846
463847
463848
463849
46385
463850
463851
463852
463853
463854
463855
463856
463857
463858
463859
46386
463860
463861
463862
463863
463864
463865
463866
463867
463868
46387
463870
463871
463872
463873
463874
463875
463876
463877
463878
463879
46388
463880
463881
463882
463883
463884
463886
463887
463889
46389
463890
463891
463892
463894
463895
463896
463897
463899
4639
46390
463900
463901
463902
463903
463904
463905
463906
463907
463908
463909
46391
463910
463911
463912
463913
463914
463915
463916
463917
463918
463919
46392
463920
463921
463922
463923
463925
463926
463927
463928
463929
463930
463931
463932
463933
463934
463935
463938
463939
463940
463942
463943
463944
463945
463946
463947
463948
463949
463950
463951
463952
463953
463954
463955
463956
463957
463958
46396
463960
463961
463962
463963
463964
463966
463967
463968
463969
463970
463971
463973
463974
463975
463976
463977
463978
463979
46398
463980
463982
463983
463985
463986
463987
463988
463989
463990
463992
463993
463994
463996
463997
463998
464
46400
464000
464001
464002
464003
464004
464005
464006
464007
464008
464009
46401
464010
464011
464012
464013
464014
464015
464016
464017
464018
464019
46402
464020
464021
464022
464023
464024
464025
464026
464027
464028
46403
464030
464034
464035
464036
464037
464038
464039
46404
