464042
464043
464044
464045
464046
464047
464048
464049
46405
464050
464051
464052
464053
464054
464055
464056
464057
464058
464059
46406
464060
464061
464062
464063
464064
464065
464067
464068
464069
46407
464070
464071
464072
464073
464074
464075
464076
464077
464078
46408
464080
464082
464083
464085
464086
464087
464088
464089
46409
464090
464091
464092
464093
464094
464095
464096
464097
464098
464099
4641
46410
464100
464101
464102
464103
464104
464105
464106
464107
464108
46411
464110
464111
464112
464115
464117
464119
46412
464120
464121
464122
464123
464124
464126
464127
464128
464129
46413
464130
464131
464132
464133
464134
464135
464136
464137
464138
464139
46414
464140
464141
464144
464145
464146
464147
464148
464149
46415
464152
464153
464154
464155
464157
464158
464159
46416
464160
464161
464162
464163
464164
464165
464166
464167
464168
46417
464170
464171
464173
464174
464175
464176
464177
46418
464180
464183
464184
464185
464187
464188
464189
46419
464190
464193
464194
464195
464196
464197
464198
464199
46420
464200
464201
464202
464203
464204
464205
464206
464207
464208
464209
46421
464210
464211
464212
464213
464215
464216
464217
464218
464219
46422
464220
464221
464222
464223
464224
464225
464226
464227
464228
464229
46423
464230
464231
464232
464233
464234
464235
464236
464237
464238
464239
46424
464240
464241
464243
464244
464245
464246
464247
464248
464249
464250
464251
464252
464253
464254
464255
464256
464257
464258
464259
46426
464260
464261
464262
464263
464264
464265
464266
464267
464268
464269
46427
464271
464272
464273
464274
464275
464276
464277
464278
464279
46428
464280
464281
464282
464283
464284
464285
464286
464287
464288
464289
46429
464290
464291
464292
464293
464294
464295
464296
464297
464298
464299
4643
46430
464300
464301
464302
464304
464305
464306
464307
464308
464309
46431
464310
464311
464312
464313
464315
464316
464317
464318
46432
464320
464321
464322
464323
464324
464325
464326
464328
464329
46433
464331
464332
464333
464334
464335
464336
464337
464338
464339
46434
464340
464341
464343
464344
464345
464347
464348
464349
46435
464350
464351
464352
464353
464354
464355
464356
464357
464358
464359
46436
464360
464361
464362
464363
464364
464366
464367
464368
464369
46437
464370
464371
464372
464373
464375
464376
464377
464378
464379
464380
464381
464382
464383
464386
464387
464388
464389
46439
464390
464391
464392
464393
464394
464396
464397
464398
464399
4644
464400
464401
464402
464403
464404
464405
464406
464407
464408
464409
46441
464410
464411
464412
464413
464414
464415
464416
464417
464418
46442
464420
464421
464423
464424
464425
464426
464427
464428
464429
46443
464430
464431
464432
464433
464434
464435
464436
464437
464438
464439
464440
464441
464442
464443
464444
464445
464446
464447
464448
46445
464450
464451
464452
464453
464454
464455
464456
464457
464458
464459
46446
464460
464461
464462
464463
464464
464465
464466
464467
464468
46447
464470
464472
464473
464474
464476
464477
464478
464479
46448
464480
464481
464482
464483
464484
464485
464487
464488
464489
46449
464490
464491
464492
464493
464494
464495
464496
464497
464498
464499
4645
464502
464504
464507
464508
464509
46451
464510
464511
464512
464514
464515
464517
464518
464519
46452
464521
464522
464523
464524
464525
464526
464527
464529
46453
464530
464533
464534
464535
464537
464538
464539
46454
464540
464541
464542
464543
464544
464546
464547
464548
46455
464550
464551
464552
464553
464554
464555
464557
464558
464559
46456
464560
464561
464563
464565
464566
464567
464568
464569
464570
464571
464572
464573
464574
464575
464576
464578
464579
46458
464580
464581
464582
464583
464584
464586
464587
464588
464589
464590
464591
464592
464593
464594
464595
464596
464598
464599
46460
464600
464602
464603
464604
464605
464606
464607
464608
464609
46461
464610
464611
464612
464613
464614
464615
464619
46462
464620
464623
464624
464625
464626
464627
464628
464629
46463
464630
464631
464632
464633
464634
464635
464637
464638
464639
46464
464640
464642
464643
464644
464645
464646
464647
464649
46465
464650
464651
464652
464653
464654
464655
464656
464658
464659
46466
464660
464661
464663
464664
464665
464666
464667
464668
464669
46467
464670
464671
464672
464673
464674
464675
464676
464677
464678
464679
46468
464680
464681
464682
464683
464684
464685
464686
464688
464689
46469
464690
464692
464693
464695
464697
464698
464699
46470
464700
464701
464702
464704
464705
464706
464707
464708
464709
46471
464710
464711
464712
464713
464714
464715
464716
464717
464718
464719
46472
464720
464721
464722
464723
464724
464725
464726
464727
464728
464729
46473
464730
464731
464732
464733
464734
464735
464737
464738
464739
46474
464740
464741
464742
464743
464744
464745
464746
464747
464748
464749
46475
464750
464751
464752
464753
464754
464755
464756
464757
464758
464760
464761
464762
464763
464764
464765
464766
464767
464768
464770
464772
464773
464774
464775
464776
464777
464778
464779
464780
464782
464783
464784
464785
464786
464787
464789
46479
464790
464791
464792
464793
464794
464795
464796
464797
464798
464799
464800
464801
464802
464804
464805
464806
464807
464808
464809
46481
464810
464811
464812
464813
464814
464815
464816
464817
464818
464819
464820
464821
464822
464823
464824
464825
464826
464827
464828
464829
46483
464830
464831
464832
464833
464834
464835
464837
464838
464839
46484
464840
464841
464844
464845
464846
464847
464848
464849
46485
464850
464851
464853
464854
464855
464858
464859
46486
464860
464861
464862
464863
464865
464866
464867
464868
464869
46487
464870
464871
464872
464873
464874
464875
464876
464877
464878
464879
46488
464880
464881
464882
464883
464884
464885
464886
464887
464888
464889
46489
464890
464892
464893
464894
464895
464896
464897
464898
464899
46490
464900
464901
464902
464903
464904
464905
464906
464907
464908
464909
46491
464910
464911
464912
464913
464914
464915
464916
464917
464918
464919
46492
464920
464921
464923
464924
464925
464926
464927
464929
46493
464930
464931
464932
464933
464934
464935
464936
464937
464939
46494
464940
464943
464945
464946
464947
464948
464949
46495
464950
464951
464952
464953
464954
464956
464957
464958
464959
46496
464960
464961
464962
464963
464964
464966
464967
464968
464970
464971
464972
464973
464974
464975
464976
464977
464978
464979
46498
464980
464982
464983
464985
464988
464989
46499
464992
464994
464995
464996
464997
465
46500
465000
465001
465002
465003
465005
465006
465007
465008
465009
46501
465010
465012
465013
465014
465015
465016
465017
465018
46502
465021
465022
465023
465024
465025
465026
465027
465028
465029
46503
465030
465031
465032
465033
465034
465035
465036
465037
465038
465039
46504
465040
465041
465043
465044
465045
465046
465047
465048
465049
465051
465052
465054
465055
465056
465057
465058
465059
46506
465060
465062
465063
465064
465065
465066
465067
465068
465069
46507
465070
465073
465074
465075
465076
465078
465079
46508
465080
465081
465082
465083
465084
465085
465086
465087
465088
465089
46509
465090
465091
465092
465093
465094
465095
465096
465097
465099
46510
465100
465101
465102
465103
465104
465105
465106
465107
465108
465109
465110
465111
465112
465113
465114
465115
465116
465117
465118
465119
465120
465121
465122
465123
465125
465126
465127
465128
465129
46513
465130
465131
465132
465133
465134
465135
465136
465137
465138
465139
46514
465140
465141
465142
465143
465144
465145
465146
465147
465148
465149
46515
465150
465152
465153
465154
465155
465156
465157
465158
46516
465160
465161
465162
465163
465164
465166
465167
465168
465169
46517
465170
465171
465172
465173
465174
465175
465176
465177
465178
465179
46518
465180
465181
465182
465183
465184
465185
465186
465187
465188
465189
465191
465192
465193
465194
465195
465197
465198
4652
465200
465201
465202
465203
465204
465206
465207
46521
465210
465211
465212
465213
465214
465215
465216
465218
465219
46522
465220
465221
465222
465223
465226
465227
465228
465229
46523
465230
465231
465232
465233
465234
465235
465236
465237
465238
465239
46524
465240
465241
465242
465243
465244
465245
465246
465247
465249
46525
465250
465251
465252
465253
465254
465256
465257
465258
46526
465260
465261
465262
465263
465264
465265
465266
465267
465268
465269
465270
465271
465273
465274
465275
465276
465277
465279
46528
465281
465282
465283
465285
465286
465287
465289
46529
465290
465291
465292
465294
465295
465296
465299
4653
46530
465302
465303
465304
465305
465306
465307
465308
465309
46531
465310
465311
465312
465314
465315
465316
465317
465318
465319
46532
465320
465322
465323
465324
465325
465326
465327
465328
465329
46533
465330
465331
465332
465333
465334
465335
465336
465337
465338
465339
46534
465340
465341
465342
465343
465344
465345
465346
465347
465348
465349
46535
465350
465351
465352
465353
465355
465356
465357
465358
465359
46536
465360
465362
465363
465365
465366
465369
46537
465372
465375
465376
465377
465378
465379
465380
465381
465383
465384
465385
465386
465387
465388
465389
465390
465391
465392
465393
465394
465395
465396
465397
465398
465399
4654
465400
465401
465402
465403
465406
465407
465408
465409
46541
465410
465411
465412
465413
465414
465415
465416
465417
465418
465419
46542
465420
465421
465422
465423
465424
465425
465426
465428
465429
46543
465430
465431
465432
465433
465434
465435
465436
465437
465438
465439
465440
465441
465442
465443
465444
465445
465446
465447
465448
465449
46545
465450
465451
465452
465453
465454
465455
465456
465457
465458
465459
46546
465460
465461
465462
465463
465464
465465
465466
465469
46547
465472
465473
465474
465475
465477
465478
465479
46548
465480
465481
465482
465484
465485
465486
465487
465488
465489
465490
465491
465492
465493
465494
465495
465496
465497
465498
465499
4655
46550
465500
465501
465502
465503
465504
465505
465506
465508
465509
46551
465510
465511
465512
465513
465514
465515
465516
465517
465518
465519
46552
465520
465521
465522
465523
465524
465525
465526
465528
465529
46553
465530
465531
465532
465533
465534
465535
465536
46554
465540
465541
465544
465545
465546
465547
465548
465549
46555
465550
465551
465552
465553
465554
465555
465556
465557
465558
465559
46556
465562
465563
465564
465565
465566
465567
465568
465569
46557
465571
465572
465573
465574
465575
465576
465577
465578
465579
46558
465580
465581
465582
465583
465584
465585
465586
465588
46559
465590
465591
465592
465593
465594
465595
465597
465598
4656
46560
465600
465601
465602
465603
465604
465605
465606
465607
465608
465609
46561
465610
465611
465612
465614
465615
465616
465618
465619
46562
465621
465622
465623
465624
465625
465626
465627
465629
46563
465630
465631
465632
465633
465634
465635
465636
465637
465638
465639
46564
465640
465641
465642
465643
465644
465646
465647
465648
465649
46565
465651
465652
465653
465655
465656
465657
465659
46566
465660
465661
465662
465663
465664
465665
465666
465667
465668
465669
46567
465670
465671
465672
465673
465674
465675
465676
465677
465678
465679
46568
465680
465682
465683
465684
465685
465686
465687
465688
465689
46569
465690
465691
465692
465693
465694
465695
465696
465697
465698
465699
4657
46570
465700
465701
465702
465703
465704
465705
465706
465707
465708
465709
465710
465711
465712
465713
465714
465715
465716
465717
465719
465720
465723
465724
465725
465726
465727
465728
465729
46573
465730
465731
465732
465733
465735
465736
465738
465739
46574
465740
465741
465743
465744
465745
465746
465747
46575
465750
465752
465753
465756
46576
465762
465764
465765
465766
465767
465768
465769
465771
465772
465774
465777
465778
46578
465781
465782
465784
465785
465786
465787
465788
465789
465790
465791
465794
465795
465798
465799
4658
46580
465800
465801
465803
465804
465805
465806
465807
465808
46581
465810
465812
465814
465815
465818
465819
46582
465820
465821
465826
465829
46583
465831
465836
465838
46584
465840
465842
465844
465846
465847
465849
465850
465853
465857
46586
465861
465863
465864
465865
465866
465867
465868
465869
46587
465870
465871
465872
465873
465874
465875
465876
465877
465878
465879
46588
465880
465881
465883
465884
465885
465887
465888
465889
465892
465893
465894
465895
465896
465897
465899
4659
46590
465900
465901
465903
465904
465905
465906
465907
465908
465909
46591
465911
465912
465913
465914
465915
465916
465917
465918
465919
46592
465920
465921
465923
465925
465926
465927
465928
465929
46593
465930
465932
465933
465934
465935
465936
465937
465938
46594
465941
465942
465943
465944
465945
465946
465947
465948
465949
46595
465950
465951
465952
465953
465954
465955
465956
465958
465959
465960
465961
465962
465963
465964
465965
465966
465968
465969
465970
465971
465972
465973
465974
465975
465976
465977
465978
465979
465980
465981
465985
465987
465988
465989
465990
465991
465992
465993
465994
465995
465996
465997
465998
465999
466
4660
466000
466001
466002
466003
466005
466007
466008
466009
466010
466014
466015
466016
466018
466019
466022
466023
466024
466025
466026
466027
466028
466029
466030
466031
466032
466033
466034
466035
466036
466037
466038
466039
466040
466041
466042
466043
466044
466045
466046
466047
466048
466049
466050
466051
466052
466053
466054
466055
466056
466057
466058
466059
466060
466061
466062
466063
466064
466065
466067
466068
466069
466070
466071
466072
466073
466075
466076
466077
466078
466079
466080
466081
466082
466083
466084
466085
466086
466087
466088
466089
46609
466090
466091
466092
466093
466094
466095
466096
466097
466098
466099
46610
466100
466101
466103
466104
466105
466106
466107
466108
466109
46611
466110
466111
466112
466113
466114
466115
466116
466117
466118
466119
466120
466121
466122
466123
466124
466125
466126
466127
466128
466129
466130
466132
466133
466134
466135
466136
466137
466138
466139
46614
466140
466141
466142
466143
466144
466145
466146
466147
466148
466149
46615
466150
466152
466153
466154
466155
466156
466157
466158
466159
46616
466160
466161
466163
466164
466165
466166
466167
466168
466169
46617
466170
466171
466172
466173
466174
466175
466176
466177
466178
466179
46618
466180
466181
466182
466183
466184
466185
466187
466188
466189
46619
466190
466191
466192
466193
466194
466195
466196
466197
466198
466199
46620
466200
466201
466202
466203
466204
466205
466206
466207
466208
466209
466210
466211
466212
466213
466214
466215
466216
466217
466218
466219
46622
466220
466222
466223
466224
466225
466226
466227
466228
466229
46623
466230
466231
466232
466233
466234
466235
466237
466238
466239
46624
466240
466243
466244
466245
466246
466247
466248
466249
46625
466250
466251
466252
466254
466255
466256
466257
466258
466259
46626
466260
466261
466262
466263
466264
466265
466266
466267
466268
466270
466271
466272
466273
466274
466275
466276
466277
466279
466280
466281
466282
466283
466284
466285
466286
466287
466288
466289
46629
466290
466292
466293
466294
466295
466296
466297
466298
466300
466301
466302
466303
466304
466305
466306
466307
466308
466309
46631
466310
466311
466312
466313
466314
466316
466317
466318
46632
466320
466321
466323
466324
466325
466326
466327
46633
466330
466331
466332
466333
466334
466335
466336
466337
466338
466339
466340
466342
466343
466344
466345
466346
466347
466348
466349
466350
466351
466352
466353
466354
466355
466356
466357
466358
466359
466360
466361
466362
466363
466364
466365
466366
466367
466369
46637
466370
466371
466372
466373
466374
466375
466376
466378
466379
466380
466381
466382
466383
466384
466385
466386
466387
466389
46639
466390
466391
466392
466394
466396
466397
466398
46640
466400
466401
466402
466403
466404
466405
466406
466407
466409
46641
466410
466411
466412
466413
466414
466415
466416
466417
466419
46642
466420
466421
466422
466423
466424
466425
466426
466427
466428
466429
46643
466430
466431
466432
466433
466434
466436
466437
466438
466439
46644
466440
466441
466442
466443
466444
466445
466446
466447
466448
466449
46645
466451
466452
466453
466454
466455
466456
466457
466458
46646
466462
466464
466465
466466
466467
466468
466469
46647
466471
466472
466473
466474
466476
466477
466478
466479
46648
466480
466481
466483
466484
466485
466486
466487
466488
466489
46649
466490
466492
466494
466495
466496
466497
466498
466499
46650
466500
466501
466502
466503
466504
466505
466506
466507
466508
466509
46651
466510
466511
466515
466517
466518
466519
46652
466520
466521
466522
466523
466524
466525
466526
466527
466528
466529
46653
466530
466531
466532
466534
466535
466536
466537
466538
466539
46654
466540
466541
466542
466543
466544
466548
466549
46655
466550
466551
466552
466553
466554
466555
466556
466557
466558
466559
46656
466560
466561
466562
466563
466564
466565
466566
466567
466568
466569
46657
466570
466571
466572
466573
466574
466575
466576
466577
466578
466579
46658
466580
466581
466582
466583
466584
466586
466587
466588
466589
46659
466590
466591
466594
466595
466596
466597
466598
46660
466600
466601
466603
466604
466605
466606
466607
466608
466609
46661
466610
466611
466612
466613
466614
466615
466616
466617
466618
466619
46662
466620
466621
466622
466623
466624
466625
466626
466627
466628
466629
46663
466630
466631
466632
466633
466634
466635
466636
466637
466638
466639
46664
466640
466641
466642
466643
466644
466645
466646
466647
466648
466649
46665
466650
466651
466652
466653
466654
466655
466656
466657
466658
466659
46666
466661
466662
466665
466666
466667
466668
466669
46667
466670
466672
466673
466674
466676
466677
466678
466679
46668
466680
466681
466682
466683
466684
466685
466686
466687
466688
466689
46669
466690
466692
466693
466695
466696
466697
466698
466699
46670
466700
466701
466702
466703
466704
466705
466706
466707
466708
466709
46671
466710
466711
466712
466713
466714
466715
466716
466718
466720
466721
466722
466723
466724
466726
466727
466728
466729
46673
466730
466733
466735
466736
466737
466739
46674
466741
466742
466743
466744
466746
466747
466748
466749
46675
466752
466753
466754
466755
466756
466757
466759
46676
466760
466761
466762
466763
466764
466765
466766
466767
466768
466769
46677
466770
466771
466772
466773
466774
466775
466776
466777
466779
46678
466780
466782
466783
466784
466785
466787
466788
466789
46679
466791
466792
466793
466794
466795
466796
466797
466798
466799
46680
466800
466801
466802
466803
466805
466806
466807
466808
466809
46681
466810
466811
466812
466813
466814
466815
466816
466817
466818
46682
466820
466821
466823
466824
466825
466826
466827
466828
466829
466830
466831
466832
466835
466836
466838
466839
46684
466840
466845
466846
466847
466848
466849
46685
466850
466851
466852
466853
466854
466855
466856
466859
46686
466863
466864
466867
466868
466869
46687
466870
466871
466872
466873
466874
466876
466877
466878
466879
46688
466880
466881
466883
466884
466885
466886
466887
466888
466889
46689
466890
466891
466892
466895
466897
466898
46690
466900
466901
466902
466903
466904
466905
466907
466908
466909
46691
466911
466912
466913
466914
466915
466916
466917
466918
466919
46692
466920
466921
466922
466923
466924
466925
466926
466927
466928
466929
46693
466930
466931
466932
466933
466934
466935
466936
466937
466938
466939
46694
466940
466941
466942
466943
466944
466947
46695
466950
466952
466957
466959
46696
466960
466961
466962
466963
466964
466967
466968
46697
466971
466973
466974
466975
466976
466977
466979
466980
466982
466983
466984
466985
466986
466987
466988
466989
46699
466990
466991
466992
466993
466994
466996
466997
466998
466999
467
46700
467000
467002
467003
467004
467005
467006
467007
467008
467009
46701
467010
467011
467012
467014
467015
467016
467017
467019
46702
467020
467021
467022
467023
467024
467025
467026
467027
467028
467029
46703
467030
467031
467032
467033
467034
467035
467038
467039
46704
467040
467041
467043
467045
467046
467047
46705
467051
467052
467055
467056
467058
467059
46706
467060
467061
467062
467063
467064
467065
467066
467067
467068
467069
46707
467070
467072
467073
467074
467075
467076
467077
467078
467079
46708
467080
467081
467082
467083
467084
467085
467086
467087
467088
46709
467090
467091
467092
467093
467094
467095
467096
467097
467099
467100
467101
467104
467105
467106
467107
467109
46711
467110
467111
467112
467113
467114
467115
467116
467117
467118
467119
46712
467120
467121
467122
467124
467125
467127
467128
467129
46713
467130
467133
467134
467135
467136
467137
467138
467139
46714
467140
467141
467142
467143
467144
467145
467146
467147
467148
467149
46715
467151
467153
467154
467155
467156
467157
467158
467159
46716
467160
467161
467162
467163
467164
467166
467167
467168
467169
46717
467170
467171
467172
467173
467174
467176
467177
467178
467179
46718
467180
467181
467182
467183
467184
467185
467186
467187
467188
467189
46719
467190
467191
467192
467193
467194
467195
467196
467197
467198
467199
46720
467200
467201
467202
467203
467204
467205
467206
467207
467208
467209
46721
467211
467212
467213
467214
467215
467216
467217
467218
467219
46722
467220
467221
467222
467223
467224
467225
467226
467227
467228
46723
467231
467232
467233
467234
467235
467236
467237
467238
467239
46724
467240
467241
467242
467243
467244
467245
467246
467247
467248
467249
46725
467250
467251
467252
467253
467254
467255
467256
467257
467259
46726
467260
467261
467262
467263
467265
467266
467267
467268
46727
467272
467273
467274
467275
467276
467277
467278
467279
46728
467280
467284
467287
467289
46729
467290
467291
467292
467293
467294
467295
467296
467297
467298
467299
46730
467300
467301
467302
467303
467304
467305
467307
467308
467309
46731
467310
467311
467312
467313
467314
467315
467316
467317
467318
467319
46732
467320
467321
467322
467323
467324
467325
467326
467327
467328
467329
46733
467330
467331
467332
467333
467335
467336
467337
467338
467339
46734
467340
467342
467343
467344
467345
467347
467348
467349
46735
467350
467351
467352
467355
467356
467357
467358
46736
467360
467361
467362
467363
467364
467365
467366
467367
467368
467369
46737
467370
467371
467372
467373
467374
467375
467376
467377
467378
467379
46738
467380
467381
467383
467384
467385
467386
467387
467388
467389
46739
467391
467392
467393
467394
467396
467397
467398
467399
46740
467400
467401
467402
467403
467404
467405
467406
467407
467408
46741
467410
467411
467412
467413
467414
467415
467416
467417
467418
467419
46742
467420
467421
467423
467424
467425
467426
467427
467428
467429
46743
467430
467431
467432
467433
467434
467435
467436
467437
467438
467439
46744
467440
467441
467442
467443
467444
467445
467446
467447
467448
467449
46745
467450
467451
467452
467453
467454
467455
467457
467458
467459
46746
467460
467461
467462
467464
467465
467467
467468
467469
46747
467470
467471
467472
467473
467474
467475
467477
467479
46748
467480
467481
467482
467484
467485
467486
467487
467488
467489
46749
467491
467492
467493
467494
467495
467496
467497
467498
467499
46750
467500
467501
467502
467503
467504
467506
467507
467508
467509
46751
467510
467512
467513
467515
467516
467517
467518
467519
46752
467520
467521
467522
467523
467524
467525
467526
467527
467528
467529
46753
467531
467532
467533
467534
467535
467536
467537
467538
467539
46754
467540
467541
467542
467543
467544
467545
467546
467547
467548
467549
46755
467550
467551
467552
467553
467554
467555
467556
467557
467558
467559
46756
467560
467561
467562
467563
467564
467566
467567
467568
467569
46757
467570
467571
467572
467573
467575
467576
467577
46758
467580
467581
467582
467584
467585
467586
467587
467588
467589
46759
467590
467592
467593
467594
467595
467596
467597
467599
4676
46760
467600
467601
467602
467603
467604
467606
467607
467608
467609
46761
467610
467611
467612
467613
467614
467615
467616
467617
467618
467619
46762
467621
467622
467623
467624
467625
467626
467627
467628
467629
46763
467631
467632
467633
467634
467635
467636
467637
467638
467639
467640
467641
467642
467644
467645
467646
467647
467648
467649
46765
467650
467651
467652
467653
467654
467655
467657
467658
467659
46766
467660
467661
467662
467663
467664
467665
467666
467667
467668
467669
46767
467670
467671
467672
467673
467674
467675
467676
467677
467679
46768
467680
467681
467682
467683
467684
467686
467687
467688
46769
467690
467691
467692
467693
467694
467695
467696
467697
467698
467699
46770
467700
467701
467702
467703
467704
467705
467706
467707
467708
467709
46771
467710
467711
467712
467713
467714
467715
467716
467717
467718
467719
46772
467720
467721
467723
467724
467725
467727
467728
467729
46773
467730
467731
467732
467733
467734
467735
467737
467738
467739
46774
467740
467741
467742
467743
467744
467746
467747
467748
467749
467750
467751
467752
467753
467754
467755
467756
467757
467758
467759
46776
467760
467761
467762
467763
467764
467765
467766
467767
467768
467769
46777
467770
467772
467773
467774
467775
467776
467778
467779
46778
467780
467781
467782
467783
467784
467785
467786
467787
467790
467791
467792
467793
467794
467795
467796
467797
467798
467799
4678
46780
467800
467801
467802
467804
467805
467806
467808
467809
46781
467810
467811
467812
467813
467814
467815
467816
467818
467819
46782
467821
467822
467823
467824
467825
467826
467827
467828
467829
46783
467830
467831
467832
467833
467834
467835
467836
467838
467839
46784
467840
467841
467842
467843
467844
467847
467848
467849
46785
467850
467851
467852
467853
467854
467855
467856
467857
467858
467859
46786
467860
467861
467862
467863
467864
467865
467866
467867
467868
467869
46787
467870
467872
467873
467874
467875
467876
467877
467878
467879
46788
467880
467881
467882
467883
467884
467885
467886
467887
467888
467889
46789
467890
467891
467892
467893
467894
467895
467896
467897
467898
467899
4679
46790
467900
467901
467902
467903
467904
467905
467906
467908
467909
46791
467911
467912
467913
467914
467915
467916
467917
467918
467919
46792
467920
467921
467922
467923
467924
467925
467926
467927
467928
467929
46793
467930
467931
467932
467933
467934
467935
467936
467937
467938
467940
467941
467942
467943
467944
467945
467946
467947
467948
467949
46795
467950
467951
467952
467953
467954
467955
467956
467957
467958
467959
46796
467960
467961
467962
467963
467964
467965
467966
467967
467968
467969
46797
467970
467971
467972
467973
467974
467975
467976
467977
467979
46798
467980
467981
467982
467984
467985
467986
467987
467988
467989
46799
467990
467991
467992
467993
467994
467995
467996
467997
467998
468
4680
46800
468001
468002
468003
468004
468005
468006
468008
468009
46801
468010
468011
468012
468013
468014
468015
468016
468017
468018
468019
46802
468020
468021
468022
468024
468025
468026
468027
468028
468029
46803
468030
468031
468032
468033
468034
468036
468037
468038
46804
468040
468041
468042
468043
468044
468045
468046
468047
468048
468049
46805
468050
468051
468052
468053
468055
468057
468058
468059
46806
468060
468061
468062
468063
468064
468065
468066
468067
468068
46807
468070
468071
468072
468073
468074
468075
468076
468077
468078
468079
46808
468080
468081
468082
468083
468084
468085
468086
468087
468088
468089
46809
468090
468091
468092
468093
468094
468095
468096
468097
468098
468099
4681
46810
468100
468101
468102
468103
468104
468105
468106
468107
468109
468110
468112
468113
468114
468115
468116
468117
468118
468119
46812
468120
468121
468122
468124
468125
468127
468128
468129
468130
468131
468132
468133
468135
468136
468137
468139
46814
468140
468141
468142
468143
468144
468145
468146
468147
468148
468149
46815
468150
468151
468153
468154
468155
468156
468157
468158
468159
46816
468160
468161
468162
468163
468164
468165
468166
468168
468169
46817
468171
468172
468173
468174
468175
468176
468177
468178
468179
46818
468180
468181
468182
468183
468185
468186
468187
468188
468189
46819
468190
468191
468192
468193
468194
468195
468196
468197
468198
468199
4682
46820
468200
468201
468202
468203
468204
468205
468206
468207
468208
46821
468210
468211
468212
468213
468214
468215
468216
468217
468218
468219
46822
468220
468221
468222
468223
468224
468225
468226
468227
468228
468229
46823
468230
468231
468233
468234
468235
468236
468237
468238
468239
46824
468240
468241
468242
468243
468245
468247
468248
468249
46825
468250
468251
468252
468253
468254
468255
468256
468257
468258
468259
46826
468260
468261
468262
468263
468264
468265
468266
468267
468268
468269
46827
468270
468271
468272
468273
468274
468275
468276
468277
468278
468279
46828
468280
468281
468282
468283
468284
468285
468286
468287
468288
468289
46829
468290
468291
468292
468293
468294
468296
468298
468299
4683
46830
468300
468301
468302
468303
468304
468306
468307
468308
468309
46831
468310
468311
468312
468313
468314
468315
468316
468317
468318
468319
46832
468320
468321
468322
468323
468324
468326
468327
468328
468329
46833
468330
468332
468333
468334
468335
468336
468337
468338
468339
46834
468341
468342
468344
468346
468347
468348
468349
46835
468350
468351
468352
468353
468354
468355
468356
468357
468358
468359
46836
468360
468361
468362
468363
468364
468365
468366
468367
468368
468369
46837
468370
468371
468375
468376
468377
468379
46838
468380
468381
468382
468384
468385
468386
468387
468388
468389
46839
468390
468391
468392
468393
468394
468395
468396
468397
468398
468399
4684
46840
468400
468401
468403
468404
468405
468407
468408
468409
46841
468410
468411
468412
468413
468414
468415
468416
468417
468418
468419
46842
468420
468421
468422
468423
468424
468425
468426
468427
468428
46843
468430
468431
468432
468435
468436
468437
468438
468439
46844
468440
468441
468443
468444
468445
468446
468447
468448
468449
46845
468450
468451
468452
468455
468457
468458
468459
468460
468461
468462
468464
468465
468466
468467
468468
468469
46847
468470
468472
468473
468474
468475
468476
468477
468478
468479
46848
468480
468481
468482
468483
468484
468485
468486
468487
468488
468489
46849
468490
468491
468492
468493
468494
468495
468496
468497
468498
468499
4685
46850
468501
468502
468504
468505
468506
468507
468509
46851
468510
468511
468513
468514
468515
468516
468517
468518
468519
46852
468520
468522
468523
468524
468525
468526
468527
468528
468529
46853
468530
468531
468532
468533
468534
468536
468537
468538
468539
46854
468540
468541
468543
468544
468545
468546
468547
468548
468549
46855
468550
468552
468553
468555
468556
468557
468558
468559
46856
468560
468561
468562
468563
468566
468567
468568
468569
46857
468570
468571
468572
468573
468574
468575
468576
468577
468578
46858
468580
468581
468583
468584
468585
468586
468587
468588
468589
46859
468590
468591
468592
468593
468594
468595
468596
468597
468598
468599
46860
468600
468601
468603
468604
468605
468606
468607
468608
468609
46861
468610
468611
468612
468613
468614
468615
468616
468617
468618
468619
46862
468620
468621
468622
468623
468624
468625
468626
468627
468628
468629
46863
468630
468631
468632
468633
468634
468635
468636
468637
468638
468639
46864
468641
468642
468643
468644
468645
468646
468647
468648
468649
46865
468650
468651
468652
468653
468654
468655
468656
468657
468658
468659
46866
468660
468661
468662
468663
468664
468665
468666
468667
468668
468669
46867
468670
468671
468672
468673
468674
468675
468676
468677
468678
468679
46868
468680
468681
468682
468683
468684
468685
468686
468688
468689
46869
468690
468693
468694
468695
468696
468697
468698
468699
46870
468700
468701
468702
468703
468704
468705
468706
468707
468708
468709
46871
468710
468711
468712
468713
468714
468715
468716
468717
468718
468719
46872
468720
468721
468722
468723
468724
468725
468726
468727
468728
468729
46873
468730
468731
468732
468733
468736
468737
468738
468739
46874
468740
468741
468742
468743
468744
468745
468746
468747
468748
468749
46875
468750
468751
468753
468754
468755
468756
468757
468758
468759
46876
468761
468762
468763
468764
468765
468767
468768
468769
46877
468770
468771
468772
468774
468775
468776
468777
468778
468779
46878
468780
468781
468782
468783
468784
468785
468786
468787
468788
468789
46879
468790
468791
468792
468794
468796
468797
468798
468799
4688
46880
468800
468801
468802
468803
468804
468805
468806
468807
468809
468810
468811
468812
468814
468815
468816
468817
468818
468819
46882
468820
468821
468822
468823
468824
468826
468827
468828
468829
46883
468830
468831
468832
468833
468834
468835
468836
468837
468838
468839
46884
468840
468841
468842
468843
468844
468845
468846
468847
468848
468849
46885
468850
468851
468852
468853
468855
468856
468857
468858
468859
46886
468860
468862
468863
468864
468865
468866
468867
468868
468869
46887
468870
468871
468872
468874
468875
468876
468877
468879
46888
468880
468881
468883
468884
468885
468886
468887
468888
468889
46889
468890
468891
468892
468893
468894
468895
468896
468897
468899
4689
46890
468900
468901
468902
468904
468905
468906
468907
468908
46891
468910
468912
468913
468914
468915
468917
468918
468919
46892
468920
468921
468922
468924
468925
468926
468927
468928
468929
46893
468930
468931
468932
468934
468935
468938
468939
46894
468940
468941
468942
468943
468945
468947
468948
468949
46895
468950
468952
468953
468954
468955
468956
468958
468959
46896
468960
468961
468962
468964
468965
468966
468967
468968
468969
46897
468970
468971
468972
468973
468974
468975
468976
468977
468978
468979
46898
468980
468981
468982
468983
468984
468985
468986
468987
468988
468989
46899
468990
468991
468992
468993
468994
468996
468997
468998
468999
469
46900
469000
469002
469004
469005
469006
469007
469008
469009
46901
469011
469012
469013
469014
469015
469017
469018
469019
46902
469020
469021
469022
469023
469024
469025
469027
469028
469029
46903
469030
469031
469032
469033
469034
469035
469036
469037
469038
46904
469040
469041
469042
469043
469044
469046
469047
469048
469049
46905
469050
469051
469052
469053
469054
469055
469056
469057
469059
469060
469061
469062
469063
469064
469065
469066
469067
469068
469069
46907
469070
469071
469072
469073
469074
469075
469077
469078
469079
46908
469081
469083
469084
469085
469086
469087
469088
469089
46909
469090
469091
469092
469093
469094
469095
469097
46910
469100
469101
469103
469104
469105
469107
469108
469109
46911
469110
469111
469113
469114
469115
469116
469117
469118
469119
469120
469121
469122
469123
469124
469125
469126
469128
469129
46913
469130
469131
469132
469133
469134
469135
469136
469137
469138
469139
46914
469140
469141
469142
469143
469144
469146
469147
469148
469149
46915
469150
469151
469152
469153
469154
469155
469156
469157
469158
469159
46916
469160
469161
469162
469163
469164
469165
469166
469167
469168
469169
46917
469170
469171
469172
469173
469174
469175
469176
469177
469178
469179
46918
469180
469181
469183
469184
