552578
552579
552580
552582
552583
552584
552585
552586
552587
552588
552589
552590
552591
552592
552593
552595
552596
552597
552598
552599
552600
552601
552603
552604
552605
552606
552607
552609
552610
552612
552613
552614
552615
552616
552617
552618
552619
552620
552621
552622
552623
552624
552625
552626
552627
552628
552629
552630
552631
552632
552633
552634
552635
552637
552638
552639
552640
552641
552642
552643
552644
552645
552646
552647
552648
552649
552650
552651
552652
552653
552654
552655
552656
552657
552658
552659
552660
552661
552662
552663
552664
552665
552666
552667
552669
552670
552671
552672
552673
552674
552675
552676
552677
552678
552680
552681
552682
552683
552684
552685
552686
552688
552689
552690
552691
552692
552693
552694
552695
552696
552697
552698
552699
552700
552702
552703
552704
552705
552706
552707
552708
552709
552710
552711
552712
552713
552714
552716
552717
552718
552720
552721
552722
552724
552725
552726
552727
552728
552729
552730
552732
552733
552734
552735
552736
552737
552738
552739
552740
552741
552742
552743
552744
552745
552746
552747
552748
552749
552750
552751
552752
552753
552754
552755
552756
552757
552758
552759
552760
552761
552762
552763
552764
552765
552766
552767
552768
552769
552770
552771
552772
552773
552774
552775
552776
552777
552778
552779
552780
552781
552782
552783
552784
552785
552786
552789
552790
552791
552792
552793
552794
552795
552796
552797
552798
552799
552800
552801
552802
552803
552804
552805
552806
552807
552808
552809
552810
552812
552813
552814
552815
552816
552817
552818
552819
552820
552821
552822
552823
552824
552825
552826
552827
552828
552832
552834
552835
552836
552837
552838
552839
552840
552841
552842
552843
552844
552845
552846
552847
552848
552849
552850
552851
552852
552853
552854
552855
552856
552857
552858
552859
552860
552862
552863
552864
552865
552866
552868
552869
552870
552871
552872
552873
552874
552875
552876
552877
552878
552879
552880
552881
552882
552883
552884
552885
552886
552887
552888
552889
552890
552891
552893
552894
552895
552896
552897
552898
552899
552900
552901
552902
552903
552904
552905
552906
552908
552909
552910
552911
552912
552913
552914
552915
552916
552917
552918
552919
552920
552921
552922
552923
552924
552925
552926
552927
552928
552929
552930
552931
552932
552933
552934
552935
552936
552937
552938
552939
552940
552943
552944
552945
552946
552948
552949
552950
552951
552952
552953
552954
552955
552956
552957
552958
552959
552960
552961
552962
552963
552964
552965
552966
552967
552968
552969
552970
552971
552973
552974
552975
552976
552977
552979
552980
552981
552982
552983
552984
552985
552986
552987
552988
552989
552990
552991
552992
552993
552994
552995
552996
552997
552998
553000
553001
553002
553003
553004
553005
553007
553008
553009
553010
553011
553012
553014
553016
553017
553018
553019
553020
553021
553022
553023
553024
553025
553026
553027
553029
553030
553031
553033
553036
553037
553038
553039
553040
553041
553045
553049
553050
553051
553052
553053
553054
553055
553056
553057
553058
553059
553060
553061
553062
553063
553064
553066
553067
553068
553069
553070
553071
553072
553073
553074
553075
553076
553077
553078
553079
553080
553081
553082
553083
553084
553085
553086
553087
553088
553090
553091
553092
553093
553094
553095
553096
553097
553098
553099
553100
553101
553102
553106
553109
553111
553112
553113
553114
553117
553118
553119
553120
553121
553122
553123
553124
553125
553126
553127
553128
553130
553131
553132
553133
553135
553136
553137
553138
553139
553140
553141
553142
553143
553144
553145
553146
553147
553148
553149
553150
553152
553153
553154
553155
553156
553157
553158
553159
553160
553161
553162
553163
553164
553165
553166
553167
553168
553169
553170
553171
553172
553173
553174
553176
553177
553178
553179
553180
553181
553182
553183
553185
553186
553187
553191
553192
553193
553195
553196
553197
553198
553199
553200
553201
553202
553203
553204
553205
553207
553208
553209
553211
553212
553213
553214
553215
553216
553217
553219
553220
553221
553222
553225
553226
553227
553228
553229
553230
553231
553232
553233
553234
553235
553236
553238
553239
553240
553241
553242
553243
553244
553245
553246
553247
553248
553249
553250
553252
553253
553254
553255
553257
553258
553259
553260
553261
553262
553263
553264
553266
553267
553268
553269
553270
553271
553273
553274
553275
553276
553277
553278
553279
553281
553282
553283
553284
553285
553286
553287
553288
553289
553290
553291
553292
553293
553294
553295
553296
553297
553298
553299
553300
553301
553302
553303
553304
553305
553306
553307
553308
553309
553310
553312
553313
553314
553316
553317
553318
553319
553320
553321
553322
553323
553324
553325
553326
553327
553328
553329
553331
553332
553333
553334
553335
553337
553338
553339
553341
553342
553343
553345
553346
553347
553349
553350
553351
553352
553354
553355
553357
553358
553360
553361
553362
553363
553364
553365
553366
553367
553368
553369
553371
553372
553373
553376
553378
553379
553380
553381
553382
553383
553384
553385
553389
553390
553391
553392
553393
553394
553395
553396
553397
553398
553399
553400
553401
553402
553403
553404
553405
553406
553408
553409
553410
553411
553412
553413
553414
553415
553416
553417
553418
553420
553421
553422
553423
553424
553425
553426
553427
553428
553429
553430
553431
553432
553433
553434
553435
553436
553437
553439
553440
553441
553442
553443
553444
553445
553446
553447
553448
553449
553452
553453
553454
553455
553456
553457
553458
553460
553461
553463
553464
553465
553466
553467
553468
553469
553470
553471
553472
553473
553474
553475
553476
553477
553478
553479
553480
553481
553482
553483
553484
553485
553486
553487
553488
553489
553490
553491
553492
553493
553494
553495
553496
553497
553498
553499
553501
553503
553504
553505
553506
553507
553508
553509
553510
553511
553512
553513
553514
553516
553518
553519
553520
553521
553522
553523
553524
553525
553526
553527
553528
553529
553530
553531
553532
553533
553534
553535
553536
553537
553538
553539
553540
553541
553542
553543
553544
553545
553546
553547
553548
553549
553550
553551
553552
553553
553554
553555
553556
553557
553558
553559
553560
553561
553562
553563
553564
553565
553566
553567
553568
553569
553570
553571
553572
553573
553574
553575
553576
553577
553578
553579
553580
553581
553583
553585
553586
553587
553588
553589
553590
553591
553592
553593
553594
553595
553596
553597
553598
553599
553600
553602
553603
553604
553605
553606
553607
553608
553609
553610
553611
553612
553613
553614
553615
553616
553617
553618
553619
553620
553621
553622
553623
553624
553625
553626
553628
553629
553630
553631
553632
553633
553634
553635
553636
553637
553639
553640
553641
553642
553643
553644
553645
553646
553647
553648
553649
553650
553651
553652
553653
553654
553655
553656
553657
553658
553659
553660
553661
553662
553663
553664
553665
553666
553668
553671
553672
553674
553676
553677
553678
553679
553680
553681
553682
553683
553684
553685
553686
553688
553689
553690
553691
553693
553694
553695
553696
553697
553698
553699
553700
553702
553703
553704
553705
553706
553707
553708
553709
553710
553711
553712
553713
553714
553715
553716
553718
553719
553720
553721
553723
553724
553725
553726
553727
553728
553729
553730
553731
553732
553733
553734
553735
553736
553737
553738
553739
553740
553741
553742
553743
553744
553745
553746
553747
553748
553749
553750
553751
553752
553753
553754
553755
553756
553757
553758
553759
553760
553761
553762
553763
553764
553765
553766
553767
553768
553771
553772
553773
553774
553775
553776
553777
553778
553779
553780
553782
553783
553784
553785
553786
553787
553788
553789
553791
553793
553794
553795
553796
553797
553798
553799
553800
553801
553802
553803
553804
553805
553807
553808
553811
553813
553814
553815
553816
553817
553818
553819
553820
553821
553822
553823
553825
553826
553827
553828
553829
553830
553831
553833
553834
553835
553836
553837
553838
553839
553840
553841
553842
553843
553844
553846
553847
553848
553849
553850
553851
553852
553853
553854
553855
553856
553857
553858
553859
553860
553861
553862
553863
553864
553865
553866
553867
553868
553869
553870
553871
553872
553873
553874
553875
553876
553878
553879
553880
553881
553882
553883
553884
553885
553886
553887
553888
553889
553890
553891
553892
553893
553894
553895
553896
553898
553899
553900
553901
553903
553904
553905
553906
553907
553908
553909
553910
553912
553913
553914
553915
553916
553917
553918
553919
553920
553921
553922
553923
553924
553925
553926
553927
553928
553929
553930
553931
553932
553933
553934
553935
553936
553937
553938
553939
553940
553941
553942
553943
553944
553945
553946
553947
553948
553949
553950
553951
553952
553953
553954
553955
553956
553957
553958
553959
553960
553962
553963
553964
553965
553966
553967
553968
553969
553970
553971
553972
553973
553975
553976
553977
553978
553979
553980
553981
553982
553983
553984
553985
553986
553987
553988
553989
553990
553991
553992
553993
553994
553995
553996
553997
553998
553999
554000
554001
554002
554003
554004
554005
554007
554008
554009
554010
554011
554012
554013
554014
554015
554016
554017
554019
554020
554021
554022
554023
554024
554025
554026
554027
554028
554029
554030
554031
554032
554033
554034
554035
554036
554038
554039
554040
554041
554042
554043
554044
554045
554046
554047
554048
554050
554051
554052
554053
554054
554055
554056
554057
554058
554059
554060
554061
554062
554063
554064
554065
554066
554067
554068
554069
554071
554072
554073
554074
554075
554076
554077
554078
554079
554080
554081
554082
554083
554084
554085
554086
554087
554088
554089
554091
554092
554093
554094
554095
554096
554097
554098
554099
554100
554101
554102
554106
554107
554109
554110
554112
554113
554114
554115
554116
554119
554120
554121
554122
554123
554124
554125
554126
554127
554128
554129
554130
554131
554132
554133
554135
554136
554137
554138
554139
554140
554141
554142
554143
554144
554145
554146
554147
554148
554149
554150
554151
554152
554153
554154
554155
554156
554157
554158
554160
554161
554162
554163
554164
554165
554166
554167
554168
554169
554170
554171
554173
554174
554175
554176
554177
554178
554179
554180
554181
554182
554183
554184
554185
554186
554187
554188
554189
554190
554191
554193
554194
554195
554196
554197
554198
554199
554200
554201
554202
554203
554204
554205
554206
554207
554208
554209
554210
554211
554212
554213
554214
554215
554216
554217
554218
554219
554220
554221
554222
554223
554224
554225
554226
554227
554228
554229
554230
554231
554232
554233
554234
554235
554236
554237
554238
554239
554240
554241
554242
554243
554244
554245
554246
554247
554248
554249
554250
554251
554252
554253
554254
554255
554256
554257
554258
554259
554260
554261
554262
554263
554264
554265
554266
554267
554268
554270
554271
554272
554273
554274
554275
554276
554279
554280
554281
554282
554283
554285
554286
554287
554288
554289
554290
554291
554292
554293
554294
554295
554296
554297
554298
554299
554300
554301
554302
554303
554305
554306
554307
554308
554309
554310
554311
554312
554313
554314
554315
554316
554318
554319
554320
554321
554322
554323
554324
554325
554326
554327
554328
554329
554330
554331
554332
554333
554334
554335
554336
554339
554340
554341
554342
554343
554344
554345
554346
554347
554348
554349
554350
554351
554353
554354
554355
554356
554357
554358
554359
554361
554362
554363
554364
554366
554367
554368
554370
554371
554372
554374
554375
554376
554377
554378
554379
554380
554381
554382
554383
554384
554385
554386
554387
554388
554389
554392
554393
554395
554397
554398
554399
554400
554401
554402
554403
554404
554405
554406
554407
554408
554409
554411
554412
554413
554414
554415
554416
554417
554419
554420
554421
554422
554423
554425
554426
554427
554429
554431
554432
554433
554434
554435
554436
554437
554439
554440
554441
554442
554443
554444
554445
554447
554448
554449
554450
554451
554452
554453
554454
554455
554456
554457
554458
554459
554460
554461
554462
554463
554464
554465
554466
554467
554468
554469
554470
554471
554472
554473
554474
554475
554476
554477
554478
554479
554480
554481
554482
554483
554484
554485
554486
554487
554488
554489
554491
554492
554493
554494
554497
554498
554499
554500
554501
554502
554503
554504
554505
554506
554507
554509
554510
554511
554512
554513
554515
554516
554517
554518
554519
554520
554521
554522
554523
554524
554525
554526
554527
554528
554530
554531
554532
554533
554534
554535
554536
554537
554538
554539
554540
554541
554542
554543
554544
554545
554546
554547
554548
554549
554550
554551
554552
554553
554554
554555
554556
554557
554558
554559
554560
554561
554563
554564
554565
554566
554567
554568
554569
554570
554571
554572
554573
554574
554575
554576
554577
554578
554579
554580
554581
554582
554583
554584
554585
554586
554588
554589
554590
554591
554592
554593
554594
554595
554596
554597
554598
554599
554600
554602
554603
554604
554605
554606
554607
554608
554609
554610
554611
554612
554613
554615
554616
554617
554619
554620
554621
554622
554623
554624
554625
554626
554627
554628
554629
554630
554631
554632
554633
554634
554635
554636
554637
554639
554640
554641
554642
554643
554645
554646
554647
554648
554649
554650
554651
554652
554653
554654
554655
554656
554657
554658
554659
554660
554662
554663
554664
554665
554666
554667
554669
554670
554671
554672
554673
554675
554678
554679
554680
554681
554682
554683
554684
554685
554686
554687
554688
554689
554690
554691
554692
554694
554695
554696
554697
554698
554699
554700
554701
554702
554703
554704
554705
554706
554707
554708
554709
554710
554711
554712
554713
554714
554715
554716
554717
554718
554719
554720
554721
554722
554723
554724
554725
554726
554727
554728
554729
554730
554731
554732
554733
554734
554735
554738
554739
554740
554741
554742
554743
554744
554745
554746
554748
554749
554750
554751
554752
554753
554754
554755
554756
554757
554758
554759
554760
554761
554762
554763
554764
554765
554766
554767
554768
554770
554771
554772
554773
554774
554775
554776
554777
554779
554780
554781
554782
554783
554784
554785
554786
554788
554789
554790
554791
554792
554793
554794
554795
554796
554797
554798
554799
554800
554801
554802
554803
554804
554805
554806
554807
554808
554809
554810
554811
554812
554813
554814
554815
554816
554817
554818
554819
554820
554821
554822
554823
554824
554825
554826
554829
554830
554831
554832
554833
554834
554835
554836
554837
554838
554839
554840
554841
554843
554844
554845
554846
554847
554848
554849
554850
554851
554852
554853
554854
554855
554856
554858
554859
554860
554861
554862
554863
554864
554866
554867
554868
554869
554870
554871
554872
554873
554874
554875
554876
554877
554878
554879
554880
554881
554882
554883
554885
554886
554887
554888
554889
554890
554891
554892
554893
554894
554895
554896
554897
554898
554899
554900
554901
554902
554903
554904
554905
554906
554907
554908
554909
554910
554911
554912
554913
554914
554915
554916
554917
554919
554921
554922
554924
554925
554926
554927
554928
554929
554930
554931
554932
554933
554934
554935
554936
554937
554938
554939
554940
554941
554942
554943
554944
554945
554946
554947
554948
554949
554950
554951
554952
554953
554954
554955
554956
554957
554958
554959
554960
554961
554962
554963
554964
554965
554966
554968
554969
554970
554971
554972
554973
554974
554975
554976
554977
554978
554979
554980
554981
554982
554983
554984
554985
554986
554987
554988
554989
554990
554991
554992
554993
554994
554999
555000
555001
555004
555005
555006
555007
555008
555010
555011
555013
555014
555015
555016
555017
555018
555019
555020
555021
555022
555023
555024
555026
555027
555028
555029
555030
555031
555032
555033
555034
555035
555038
555039
555040
555042
555043
555044
555045
555046
555047
555048
555049
555050
555051
555052
555053
555054
555055
555056
555057
555058
555059
555060
555062
555063
555064
555065
555066
555067
555068
555069
555070
555071
555073
555074
555075
555076
555077
555078
555079
555080
555081
555082
555083
555084
555085
555086
555087
555089
555091
555092
555093
555094
555095
555097
555098
555101
555102
555103
555104
555105
555106
555107
555108
555109
555110
555111
555112
555113
555114
555115
555116
555117
555119
555120
555121
555122
555123
555125
555126
555127
555128
555129
555131
555132
555133
555135
555136
555137
555138
555139
555140
555141
555142
555143
555144
555145
555146
555147
555148
555149
555150
555151
555152
555153
555155
555156
555157
555158
555159
555160
555161
555162
555163
555164
555165
555168
555169
555170
555172
555173
555174
555175
555176
555177
555178
555179
555180
555181
555182
555183
555184
555185
555186
555187
555188
555189
555190
555192
555193
555194
555195
555196
555197
555198
555199
555200
555201
555202
555203
555204
555205
555206
555207
555208
555209
555210
555211
555212
555213
555214
555215
555216
555217
555218
555219
555220
555221
555222
555223
555224
555226
555228
555229
555230
555231
555232
555233
555235
555236
555237
555238
555241
555242
555243
555245
555246
555247
555248
555249
555250
555251
555252
555253
555254
555255
555256
555257
555259
555260
555261
555262
555263
555265
555266
555267
555268
555269
555270
555271
555272
555273
555274
555275
555276
555277
555281
555282
555283
555284
555285
555286
555287
555288
555289
555290
555291
555292
555293
555294
555295
555296
555297
555299
555301
555303
555304
555305
555306
555307
555308
555309
555310
555311
555312
555313
555314
555315
555316
555317
555318
555319
555320
555321
555322
555323
555324
555327
555328
555329
555330
555331
555332
555333
555334
555335
555336
555337
555338
555340
555341
555342
555344
555345
555346
555347
555348
555349
555350
555351
555352
555353
555354
555355
555356
555357
555358
555359
555361
555363
555364
555365
555366
555367
555368
555369
555370
555371
555372
555373
555374
555375
555376
555377
555378
555379
555380
555381
555382
555383
555384
555385
555386
555387
555388
555389
555390
555391
555392
555393
555394
555395
555396
555397
555398
555399
555400
555401
555402
555403
555404
555405
555406
555407
555408
555409
555411
555413
555414
555415
555416
555417
555418
555419
555420
555421
555423
555424
555425
555426
555427
555428
555429
555430
555431
555433
555435
555436
555437
555438
555439
555440
555441
555442
555443
555444
555445
555446
555447
555448
555449
555450
555451
555452
555453
555454
555455
555456
555457
555458
555459
555460
555461
555462
555465
555467
555468
555469
555470
555471
555472
555473
555474
555475
555476
555477
555478
555479
555480
555481
555482
555483
555484
555485
555486
555487
555488
555489
555490
555491
555492
555493
555494
555495
555496
555497
555498
555499
555500
555501
555502
555503
555504
555505
555506
555507
555509
555510
555511
555512
555513
555514
555515
555516
555517
555518
555519
555520
555521
555522
555523
555524
555525
555526
555527
555528
555529
555530
555531
555532
555533
555534
555535
555536
555537
555538
555540
555541
555542
555543
555544
555545
555546
555547
555548
555549
555550
555551
555552
555553
555554
555555
555556
555557
555558
555559
555560
555561
555564
555565
555566
555567
555568
555569
555570
555571
555572
555574
555575
555576
555577
555578
555579
555580
555581
555582
555583
555584
555585
555586
555587
555588
555589
555590
555591
555592
555593
555594
555595
555596
555597
555599
555600
555601
555602
555603
555604
555605
555606
555607
555608
555609
555610
555612
555613
555614
555615
555616
555617
555618
555620
555621
555622
555623
555624
555625
555626
555627
555628
555629
555630
555631
555632
555633
555634
555635
555636
555637
555638
555639
555640
555641
555642
555643
555644
555645
555646
555647
555648
555649
555650
555651
555652
555653
555654
555656
555657
555658
555659
555660
555661
555662
555663
555664
555665
555666
555667
555668
555669
555670
555671
555672
555673
555674
555675
555676
555677
555678
555679
555680
555681
555682
555683
555684
555686
555687
555688
555689
555690
555691
555692
555693
555694
555695
555696
555697
555698
555699
555700
555702
555703
555704
555705
555706
555707
555708
555709
555710
555711
555712
555713
555714
555715
555716
555717
555718
555719
555720
555721
555723
555724
555725
555726
555727
555728
555729
555730
555731
555732
555733
555734
555735
555736
555737
555738
555739
555740
555741
555742
555743
555744
555745
555746
555747
555748
555749
555750
555752
555753
555754
555755
555756
555757
555758
555761
555762
555763
555764
555765
555766
555767
555768
555769
555770
555771
555772
555773
555774
555775
555776
555777
555778
555779
555780
555781
555782
555783
555784
555785
555786
555787
555788
555789
555790
555791
555792
555793
555794
555795
555796
555797
555798
555799
555800
555801
555802
555803
555804
555805
555806
555807
555808
555809
555810
555811
555812
555813
555814
555815
555816
555817
555818
555820
555821
555822
555823
555824
555825
555826
555828
555829
555830
555831
555832
555833
555834
555835
555836
555837
555838
555839
555840
555841
555842
555843
555844
555845
555846
555847
555848
555849
555850
555851
555852
555853
555854
555855
555856
555857
555858
555859
555860
555861
555862
555863
555864
555865
555866
555867
555868
555869
555870
555871
555872
555873
555874
555875
555876
555877
555878
555879
555880
555881
555882
555883
555884
555885
555886
555887
555888
555889
555890
555891
555892
555893
555894
555895
555896
555897
555898
555899
555900
555901
555902
555903
555904
555905
555906
555907
555908
555909
555910
555911
555912
555914
555915
555916
555917
555918
555919
555920
555921
555922
555923
555926
555927
555928
555929
555930
555932
555933
555934
555937
555938
555939
555940
555941
555942
555943
555944
555945
555946
555947
555948
555950
555951
555952
555953
555954
555955
555956
555957
555958
555959
555960
555961
555962
555963
555964
555965
555966
555967
555968
555969
555970
555971
555972
555973
555974
555975
555976
555977
555978
555979
555980
555981
555982
555983
555984
555985
555987
555988
555989
555990
555991
555992
555993
555994
555995
555996
555997
555998
555999
556000
556001
556002
556003
556004
556005
556006
556007
556008
556009
556010
556011
556012
556013
556014
556015
556017
556018
556019
556020
556021
556022
556024
556025
556027
556028
556029
556030
556031
556032
556033
556034
556035
556036
556037
556038
556039
556040
556041
556042
556043
556044
556045
556046
556047
556048
556049
556050
556051
556052
556053
556054
556055
556056
556057
556058
556059
556060
556061
556062
556063
556064
556065
556066
556067
556068
556069
556070
556071
556072
556073
556075
556077
556078
556079
556080
556081
556082
556083
556084
556085
556086
556088
556089
556090
556091
556092
556093
556094
556095
556096
556097
556098
556099
556100
556101
556102
556103
556104
556105
556106
556107
556108
556109
556110
556111
556112
556113
556114
556115
556116
556117
556118
556119
556120
556121
556122
556123
556124
556125
556126
556127
556128
556129
556130
556131
556132
556133
556134
556135
556136
556137
556138
556139
556140
556141
556142
556143
556144
556145
556146
556147
556148
556149
556150
556151
556152
556153
556154
556155
556156
556157
556158
556159
556160
556161
556162
556168
556169
556170
556172
556173
556174
556177
556179
556181
556182
556183
556184
556185
556186
556187
556188
556190
556191
556192
556193
556195
556196
556198
556199
556200
556202
556203
556204
556205
556206
556207
556208
556209
556211
556212
556213
556214
556217
556218
556220
556221
556226
556227
556228
556229
556230
556231
556232
556233
556234
556235
556236
556237
556238
556239
556240
556243
556244
556245
556246
556247
556248
556250
556251
556252
556253
556254
556255
556256
556257
556258
556259
556260
556261
556262
556263
556264
556265
556266
556267
556268
556269
556270
556271
556273
556274
556275
556276
556277
556278
556279
556280
556281
556282
556283
556284
556285
556286
556287
556288
556289
556290
556291
556293
556294
556295
556296
556297
556298
556299
556300
556301
556302
556303
556304
556305
556306
556307
556308
556309
556310
556311
556312
556313
556314
556315
556316
556317
556318
556319
556320
556321
556322
556323
556324
556325
556326
556327
556328
556329
556330
556331
556332
556333
556334
556335
556336
556337
556338
556339
556340
556341
556342
556343
556344
556346
556347
556348
556349
556350
556351
556352
556353
556354
556355
556356
556357
556358
556359
556360
556361
556362
556363
556364
556365
556366
556367
556368
556369
556370
556371
556372
556373
556374
556375
556376
556377
556378
556379
556380
556381
556382
556383
556384
556385
556386
556387
556388
556389
556390
556391
556392
556393
556394
556395
556396
556397
556398
556399
556400
556401
556403
556404
556405
556406
556407
556408
556409
556410
556411
556412
556413
556414
556415
556416
556417
556418
556419
556420
556422
556423
556424
556425
556426
556427
556428
556429
556430
556431
556432
556433
556434
556435
556436
556437
556438
556439
556440
556441
556442
556443
556444
556445
556446
556447
556448
556449
556450
556451
556452
556453
556455
556456
556457
556459
556460
556461
556462
556463
556464
556465
556466
556468
556471
556472
556474
556477
556482
556483
556484
556485
556486
556487
556488
556489
556490
556492
556493
556494
556495
556496
556497
556498
556499
556501
556502
556509
556510
556511
556512
556514
556515
556516
556517
556520
556521
556522
556523
556525
556527
556528
556529
556530
556531
556532
556533
556534
556535
556536
556537
556539
556540
556541
556542
556545
556546
556548
556549
556550
556551
556552
556553
556554
556557
556558
556559
556560
556561
556562
556563
556564
556565
556566
556567
556568
556571
556572
556573
556574
556575
556576
556577
556578
556579
556580
556581
556582
556583
556584
556585
556586
556587
556588
556589
556590
556591
556592
556593
556594
556595
556596
556597
556598
556599
556600
556601
556602
556603
556604
556605
556606
556608
556609
556610
556613
556614
556615
556618
556619
556620
556621
556622
556623
556624
556625
556626
556627
556628
556629
556631
556632
556633
556634
556635
556636
556637
556638
556639
556640
556641
556642
556643
556644
556645
556646
556647
556648
556649
556650
556651
556652
556653
556654
556655
556656
556657
556658
556659
556660
556661
556662
556663
556664
556665
556666
556667
556668
556669
556670
556671
556672
556673
556674
556675
556676
556677
556678
556679
556680
556681
556682
556683
556684
556685
556686
556687
556688
556689
556690
556691
556692
556693
556694
556695
556697
556698
556699
556700
556701
556702
556703
556704
556705
556706
556707
556708
556709
556710
556711
556712
556713
556714
556715
556716
556717
556718
556719
556720
556721
556722
556723
556724
556725
556726
556727
556728
556730
556731
556732
556733
556734
556735
556736
556737
556738
556739
556740
556741
556742
556743
556744
556745
556746
556748
556749
556750
556751
556752
556753
556754
556755
556756
556757
556758
556759
556760
556761
556762
556763
556764
556765
556766
556767
556768
556769
556770
556771
556772
556773
556774
556775
556776
556777
556778
556779
556780
556781
556782
556783
556784
556785
556786
556787
556788
556789
556790
556792
556793
556794
556795
556796
556797
556798
556799
556800
556801
556802
556803
556805
556807
556810
556811
556812
556813
556814
556815
556816
556817
556818
556819
556820
556821
556822
556823
556824
556828
556829
556830
556831
556832
556833
556834
556835
556836
556837
556838
556839
556840
556841
556842
556843
556844
556845
556846
556847
556849
556850
556851
556852
556853
556854
556855
556856
556858
556859
556860
556861
556862
556863
556864
556865
556866
556867
556868
556869
556870
556871
556872
556873
556874
556875
556876
556877
556878
556880
556881
556882
556883
556884
556885
556886
556887
556888
556889
556890
556891
556892
556893
556894
556895
556896
556897
556898
556899
556900
556901
556902
556903
556904
556905
556906
556907
556908
556909
556910
556911
556912
556913
556914
556915
556916
556917
556918
556919
556920
556921
556922
556923
556924
556925
556926
556927
556928
556929
556930
556932
556933
556934
556935
556936
556937
556938
556939
556940
556941
556942
556943
556944
556945
556946
556947
556949
556950
556951
556952
556953
556954
556955
556956
556957
556958
556959
556960
556961
556962
556963
556964
556965
556966
556967
556968
556969
556970
556971
556972
556973
556974
556975
556976
556977
556978
556979
556980
556981
556982
556984
556985
556986
556987
556989
556990
556991
556992
556993
556994
556995
556996
556997
556998
556999
557000
557001
557002
557003
557004
557005
557007
557008
557009
557010
557011
557012
557013
557014
557015
557016
557017
557019
557020
557021
557022
557023
557024
557025
557027
557028
557029
557030
557031
557032
557033
557034
557035
557036
557037
557038
557039
557040
557041
557042
557043
557044
557045
557046
557047
557048
557049
557050
557051
557052
557053
557054
557055
557058
557059
557060
557062
557063
557064
557065
557066
557067
557068
557069
557070
557071
557072
557073
557074
557075
557076
557077
557078
557079
557080
557082
557083
557084
557085
557086
557087
557088
557089
557091
557092
557093
557094
557095
557096
557097
557098
557099
557100
557101
557102
557103
557104
557105
557106
557107
557108
557109
557110
557111
557112
557113
557114
557115
557116
557117
557118
557119
557120
557121
557122
557123
557125
557126
557127
557128
557129
557130
557131
557132
557133
557134
557135
557136
557137
557138
557139
557140
557141
557142
557146
557147
557151
557152
557153
557155
557156
557157
557158
557159
557160
557161
557162
557164
557165
557168
557169
557170
557171
557172
557173
557174
557175
557176
557177
557179
557180
557181
557182
557185
557186
557187
557188
557189
557190
557192
557193
557194
557195
557196
557197
557198
557199
557200
557201
557202
557203
557204
557205
557206
557207
557208
557209
557210
557211
557212
557213
557214
557215
557216
557217
557218
557219
557220
557221
557222
557223
557224
557225
557226
557227
557228
557229
557230
557232
557233
557234
557236
557237
557238
557239
557240
557241
557242
557243
557244
557245
557246
557247
557248
557250
557251
557252
557253
557254
557255
557256
557257
557259
557260
557261
557262
557263
557264
557268
557269
557270
557271
557273
557274
557275
557276
557277
557278
557279
557280
557281
557282
557283
557284
557286
557287
557288
557289
557290
557292
557293
557294
557296
557297
557298
557299
557300
557301
557302
557303
557304
557305
557306
557307
557308
557309
557310
557311
557313
557314
557315
557316
557318
557319
557322
557323
557324
557326
557327
557328
557329
557330
557332
557333
557334
557335
557336
557338
557339
557340
557341
557343
557344
557345
557346
557347
557348
557349
557350
557351
557352
557353
557354
557356
557357
557358
557359
557360
557361
557362
557363
557364
557365
557366
557367
557368
557369
557370
557371
557372
557373
557374
557375
557376
557377
557378
557379
557380
557381
557382
557383
557384
557385
557386
557387
557388
557389
557390
557391
557393
557394
557395
557396
557397
557398
557399
557400
557402
557404
557406
557407
557408
557409
557410
557411
557412
557413
557414
557415
557416
557417
557418
557419
557420
557421
557422
557423
557424
557425
557426
557427
557428
557429
557430
557431
557432
557433
557434
557435
557436
557438
557439
557440
557441
557442
557443
557444
557445
557446
557447
557449
557450
557451
557452
557453
557454
557455
557456
557457
557458
557459
557460
557461
557462
557463
557465
557466
557467
557468
557470
557471
557472
557473
557474
557475
557476
557478
557479
557480
557481
557482
557483
557484
557485
557486
557487
557488
557489
557490
557491
557493
557494
557495
557497
557498
557499
557500
557501
557502
557503
557504
557505
557506
557507
557508
557509
557510
557511
557512
557513
557514
557515
557517
557518
557519
557520
557521
557522
557523
557525
557526
557529
557530
557531
557532
557533
557534
557535
557536
557537
557538
557539
557540
557541
557542
557543
557544
557546
557550
557551
557554
557555
557556
557557
557558
557559
557562
557563
557565
557566
557567
557568
557569
557570
557571
557572
557573
557575
557576
557577
557578
557579
557580
557581
557582
557583
557584
557585
557586
557587
557588
557589
557590
557591
557592
557593
557594
557595
557596
557597
557598
557600
557601
557602
557603
557604
557605
557606
557607
557609
557610
557611
557612
557613
557614
557615
557616
557618
557619
557620
557621
557622
557623
557624
557625
557626
557627
557628
557629
557630
557631
557632
557633
557634
557635
557636
557638
557640
557641
557642
557643
557644
557645
557646
557648
557649
557650
557652
557653
557654
557656
557657
557658
557659
557660
557661
557662
557663
557664
557665
557666
557668
557670
557671
557672
557673
557675
557676
557678
557679
557680
557681
557683
557684
557685
557686
557689
557690
557691
557692
557693
557695
557696
557697
557698
557699
557700
557701
557703
557704
557706
557708
557709
557710
557711
557712
557713
557714
557715
557716
557717
557718
557719
557720
557721
557722
557723
557724
557725
557726
557727
557728
557729
557730
557731
557732
557733
557734
557735
557736
557737
557738
557740
557741
557742
557743
557744
557745
557747
557749
557750
557751
557752
557753
557754
557755
557756
557757
557758
557759
557760
557761
557762
557763
557764
557765
557766
557767
557768
557769
557770
557771
557772
557774
557775
557776
557778
557780
557782
557783
557784
557785
557787
557788
557789
557790
557791
557793
557796
557797
557798
557799
557800
557801
557802
557803
557804
557805
557806
557807
557808
557809
557810
557811
557812
557813
557814
557815
557816
557817
557818
557819
557820
557821
557824
557825
557826
557827
557828
557829
557830
557831
557832
557833
557834
557835
557839
557840
557841
557842
557843
557845
557846
557847
557848
557849
557850
557851
557852
557853
557854
557855
557856
557857
557858
557859
557860
557861
557862
557863
557864
557865
557866
557867
557868
557869
557870
557873
557874
557875
557876
557877
557878
557879
557880
557881
557882
557883
557884
557885
557886
557887
557888
557889
557892
557893
557894
557895
557896
557897
557899
557900
557901
557902
557903
557904
557905
557906
557907
557908
557909
557910
557911
557912
557913
557914
557915
557916
557917
557918
557920
557921
557922
557923
557925
557926
557927
557928
557929
557930
557931
557932
557934
557935
557936
557937
557938
557939
557940
557941
557942
557943
557944
557945
557946
557947
557948
557949
557950
557951
557952
557953
557955
557956
557958
557959
557960
557961
557962
557963
557964
557965
557966
557967
557968
557971
557972
557973
557974
557975
557977
557978
557979
557980
557981
557982
557983
557984
557985
557986
557987
557988
557989
557990
557991
557992
557993
557994
557995
557996
557997
557998
557999
558000
558001
558002
558003
558005
558006
558007
558008
558009
558010
558011
558012
558013
558014
558015
558016
558017
558018
558019
558022
558023
558024
558025
558026
558028
558029
558030
558031
558032
558033
558034
558035
558036
558037
558038
558039
558040
558041
558042
558043
558044
558045
558046
558047
558048
558049
558050
558051
558052
558053
558054
558055
558056
558057
558058
558059
558061
558062
558063
558064
558065
558066
558067
558068
558069
558070
558071
558072
558073
558075
558076
558077
558078
558079
558080
558081
558082
558083
558085
558086
