563658
563659
563660
563661
563663
563665
563669
563671
563672
563673
563674
563675
563676
563677
563678
563679
563680
563682
563683
563684
563685
563686
563687
563688
563689
563690
563691
563692
563693
563694
563695
563696
563697
563698
563699
563700
563701
563702
563703
563704
563705
563706
563707
563708
563709
563710
563711
563712
563713
563714
563715
563716
563717
563718
563720
563721
563722
563723
563725
563726
563727
563728
563729
563730
563731
563732
563733
563734
563735
563736
563737
563738
563739
563740
563741
563742
563743
563744
563745
563746
563747
563748
563749
563750
563752
563753
563754
563755
563756
563757
563758
563759
563760
563762
563763
563765
563766
563767
563768
563769
563770
563772
563773
563774
563775
563776
563777
563778
563781
563782
563783
563784
563785
563786
563788
563789
563790
563791
563792
563793
563794
563795
563796
563797
563798
563799
563800
563801
563802
563803
563804
563806
563807
563808
563809
563810
563811
563812
563813
563815
563816
563817
563818
563819
563820
563821
563822
563823
563824
563825
563826
563827
563828
563832
563833
563835
563836
563837
563838
563839
563840
563841
563842
563843
563844
563845
563846
563847
563848
563849
563850
563851
563852
563853
563854
563855
563857
563858
563860
563861
563862
563863
563864
563865
563866
563867
563868
563869
563871
563872
563873
563874
563875
563876
563877
563878
563879
563880
563881
563882
563883
563884
563885
563886
563887
563888
563889
563890
563891
563892
563893
563894
563896
563897
563898
563899
563900
563901
563902
563903
563904
563905
563906
563907
563908
563909
563910
563911
563912
563913
563914
563915
563916
563917
563918
563919
563920
563921
563922
563923
563924
563925
563926
563927
563928
563929
563931
563932
563933
563934
563935
563936
563937
563938
563939
563940
563941
563942
563943
563944
563946
563947
563948
563949
563950
563951
563952
563953
563954
563955
563956
563957
563958
563960
563961
563962
563963
563964
563965
563966
563967
563968
563970
563971
563972
563973
563974
563975
563976
563977
563978
563979
563980
563981
563982
563983
563984
563985
563986
563987
563988
563992
563994
563995
563996
563997
563998
564000
564002
564003
564004
564005
564006
564007
564008
564009
564010
564011
564012
564013
564014
564015
564016
564017
564018
564019
564020
564021
564022
564023
564024
564025
564026
564027
564028
564029
564031
564032
564033
564034
564035
564036
564037
564038
564039
564040
564041
564042
564043
564044
564045
564046
564047
564048
564049
564050
564051
564052
564053
564054
564055
564056
564057
564058
564059
564060
564061
564062
564064
564065
564066
564067
564068
564069
564070
564071
564072
564073
564074
564075
564076
564077
564078
564079
564080
564081
564082
564084
564085
564086
564087
564088
564090
564091
564092
564093
564094
564095
564096
564097
564100
564101
564102
564103
564104
564105
564106
564107
564108
564111
564112
564113
564114
564115
564116
564117
564118
564119
564120
564121
564123
564124
564125
564126
564127
564128
564129
564130
564131
564132
564133
564134
564135
564136
564137
564138
564139
564140
564141
564142
564144
564145
564146
564147
564148
564149
564150
564151
564152
564153
564154
564155
564156
564157
564158
564160
564161
564162
564163
564164
564165
564166
564167
564168
564169
564170
564171
564172
564173
564174
564175
564176
564177
564178
564179
564180
564181
564182
564183
564184
564185
564187
564188
564189
564190
564191
564192
564194
564195
564196
564197
564198
564199
564200
564201
564202
564203
564204
564205
564207
564208
564209
564210
564211
564212
564213
564214
564216
564220
564221
564222
564223
564224
564225
564226
564227
564229
564230
564231
564232
564234
564235
564236
564237
564238
564239
564240
564241
564242
564243
564244
564245
564246
564247
564248
564249
564251
564252
564253
564254
564255
564256
564257
564258
564259
564260
564262
564263
564264
564265
564266
564267
564268
564269
564270
564271
564272
564273
564274
564275
564276
564277
564278
564279
564280
564281
564282
564284
564285
564286
564287
564288
564289
564290
564291
564292
564293
564294
564295
564297
564298
564299
564300
564301
564302
564303
564304
564305
564307
564308
564310
564311
564312
564313
564314
564315
564317
564318
564319
564320
564321
564322
564323
564324
564325
564326
564327
564328
564329
564330
564331
564332
564333
564334
564335
564336
564337
564338
564339
564340
564341
564342
564343
564344
564345
564346
564347
564348
564349
564350
564351
564352
564353
564354
564356
564358
564360
564361
564362
564363
564364
564365
564366
564367
564368
564369
564370
564371
564372
564373
564374
564375
564376
564377
564378
564379
564380
564381
564382
564383
564384
564385
564386
564387
564388
564389
564390
564391
564392
564393
564394
564396
564397
564398
564399
564400
564401
564402
564403
564404
564405
564406
564407
564408
564409
564410
564411
564412
564413
564414
564415
564416
564417
564418
564419
564420
564421
564422
564423
564424
564425
564427
564428
564429
564431
564432
564433
564434
564436
564437
564438
564439
564440
564441
564442
564443
564444
564445
564446
564449
564450
564451
564452
564453
564454
564455
564456
564457
564458
564459
564460
564461
564462
564463
564464
564465
564467
564468
564469
564470
564471
564472
564473
564474
564475
564476
564477
564478
564479
564480
564481
564482
564483
564484
564485
564486
564487
564488
564490
564491
564492
564493
564495
564496
564497
564498
564499
564500
564501
564502
564503
564504
564505
564506
564507
564508
564509
564510
564511
564512
564513
564514
564516
564517
564518
564519
564520
564521
564522
564523
564524
564525
564526
564527
564528
564529
564530
564531
564532
564533
564534
564538
564540
564541
564542
564543
564544
564545
564547
564548
564549
564550
564551
564552
564553
564554
564555
564556
564557
564558
564559
564560
564561
564562
564563
564564
564565
564566
564567
564568
564569
564570
564571
564572
564573
564574
564575
564576
564577
564578
564579
564580
564581
564582
564583
564584
564585
564586
564587
564588
564589
564590
564591
564592
564593
564594
564595
564596
564598
564599
564602
564604
564605
564606
564607
564608
564609
564610
564611
564612
564613
564614
564615
564616
564617
564618
564619
564620
564621
564622
564623
564624
564625
564626
564627
564628
564629
564630
564631
564632
564633
564634
564635
564636
564637
564638
564639
564640
564641
564642
564643
564644
564645
564646
564647
564648
564649
564650
564651
564652
564653
564654
564655
564656
564657
564658
564659
564660
564661
564662
564663
564664
564665
564666
564667
564668
564669
564670
564671
564672
564673
564674
564675
564676
564677
564678
564679
564680
564681
564682
564683
564684
564685
564686
564688
564689
564690
564691
564692
564693
564694
564695
564696
564697
564698
564700
564701
564703
564704
564705
564706
564707
564708
564709
564710
564711
564712
564713
564714
564715
564716
564717
564718
564719
564720
564722
564723
564724
564725
564726
564727
564728
564729
564730
564731
564732
564733
564734
564735
564736
564737
564738
564739
564740
564741
564742
564743
564744
564745
564746
564747
564748
564750
564751
564752
564753
564754
564755
564756
564757
564758
564759
564760
564761
564762
564763
564764
564765
564766
564767
564768
564769
564770
564771
564772
564773
564774
564775
564776
564777
564778
564779
564780
564781
564782
564783
564784
564785
564786
564787
564788
564789
564791
564792
564793
564794
564795
564796
564797
564798
564799
564800
564801
564802
564803
564804
564805
564806
564807
564808
564810
564811
564812
564813
564814
564815
564816
564817
564818
564820
564821
564822
564823
564824
564825
564826
564827
564828
564829
564830
564831
564832
564833
564834
564835
564836
564837
564838
564840
564841
564842
564843
564844
564845
564846
564847
564848
564849
564850
564852
564853
564854
564855
564856
564860
564861
564862
564863
564864
564865
564866
564867
564868
564869
564870
564871
564875
564876
564877
564878
564879
564881
564882
564883
564884
564885
564886
564887
564888
564889
564890
564891
564892
564893
564894
564895
564896
564898
564899
564900
564901
564902
564903
564904
564905
564906
564907
564909
564910
564911
564912
564913
564914
564915
564916
564917
564918
564919
564920
564921
564922
564923
564924
564925
564926
564927
564928
564929
564930
564931
564932
564934
564935
564936
564937
564938
564939
564940
564941
564942
564943
564944
564945
564946
564947
564948
564949
564950
564951
564953
564954
564955
564956
564957
564958
564959
564963
564965
564966
564967
564968
564970
564971
564972
564973
564974
564975
564976
564977
564978
564979
564980
564981
564982
564984
564985
564986
564987
564988
564989
564990
564991
564992
564993
564994
564995
564996
564997
564998
564999
565000
565001
565002
565003
565005
565006
565007
565008
565009
565010
565011
565012
565013
565014
565015
565016
565018
565019
565020
565021
565022
565023
565024
565025
565026
565027
565028
565029
565030
565031
565032
565033
565034
565035
565036
565037
565038
565039
565040
565041
565042
565043
565044
565045
565046
565047
565048
565049
565050
565051
565052
565053
565054
565055
565056
565057
565058
565059
565060
565061
565062
565063
565064
565065
565067
565068
565069
565070
565071
565072
565073
565074
565075
565076
565077
565078
565079
565080
565081
565082
565083
565084
565085
565086
565087
565088
565089
565090
565091
565092
565093
565094
565095
565096
565097
565098
565099
565112
565114
565118
565119
565122
565123
565124
565127
565128
565131
565132
565133
565134
565137
565140
565144
565145
565146
565147
565148
565149
565150
565152
565153
565154
565155
565156
565158
565159
565160
565161
565163
565164
565165
565166
565168
565169
565170
565171
565172
565173
565174
565175
565176
565177
565178
565179
565181
565182
565183
565185
565186
565187
565188
565189
565190
565191
565192
565193
565194
565195
565196
565197
565198
565199
565200
565202
565204
565205
565206
565207
565208
565209
565210
565211
565212
565213
565214
565215
565216
565217
565218
565219
565220
565221
565222
565223
565224
565225
565226
565227
565228
565229
565230
565231
565232
565233
565234
565235
565236
565237
565238
565239
565240
565241
565242
565243
565244
565245
565246
565247
565248
565249
565250
565251
565252
565253
565254
565255
565256
565260
565261
565262
565263
565265
565266
565267
565268
565269
565270
565272
565273
565274
565275
565276
565277
565278
565279
565281
565282
565283
565284
565286
565287
565288
565289
565290
565291
565292
565294
565295
565296
565297
565299
565304
565305
565307
565308
565310
565311
565312
565313
565314
565315
565316
565317
565318
565321
565323
565324
565325
565326
565327
565328
565329
565330
565331
565333
565334
565335
565336
565337
565338
565339
565340
565341
565342
565343
565344
565345
565348
565349
565351
565352
565353
565354
565355
565356
565357
565358
565359
565360
565361
565362
565363
565364
565365
565366
565368
565370
565371
565372
565373
565374
565375
565376
565377
565378
565379
565380
565382
565383
565384
565385
565386
565387
565388
565389
565390
565391
565392
565394
565395
565396
565398
565399
565400
565401
565402
565403
565404
565405
565406
565407
565408
565409
565410
565411
565413
565414
565415
565416
565417
565418
565419
565420
565421
565422
565423
565424
565425
565426
565427
565428
565429
565430
565431
565432
565433
565434
565435
565436
565437
565438
565439
565440
565441
565442
565443
565444
565445
565446
565448
565449
565450
565454
565455
565457
565458
565460
565461
565468
565469
565470
565471
565472
565474
565475
565476
565477
565478
565479
565480
565481
565482
565483
565484
565485
565486
565487
565488
565489
565490
565491
565492
565493
565495
565496
565497
565498
565499
565500
565501
565502
565503
565504
565505
565506
565507
565508
565509
565510
565511
565512
565513
565514
565515
565516
565517
565518
565519
565520
565521
565522
565523
565524
565526
565527
565528
565529
565530
565531
565532
565533
565534
565535
565536
565537
565538
565539
565540
565541
565542
565543
565544
565546
565547
565548
565549
565550
565551
565552
565553
565554
565555
565556
565557
565558
565559
565560
565561
565563
565564
565565
565566
565567
565568
565569
565570
565572
565573
565574
565575
565576
565577
565578
565579
565580
565581
565582
565583
565584
565585
565586
565587
565589
565590
565591
565592
565593
565594
565596
565597
565598
565599
565600
565601
565602
565603
565604
565605
565606
565607
565608
565609
565610
565611
565612
565613
565614
565615
565616
565617
565618
565619
565620
565621
565623
565625
565626
565627
565628
565629
565630
565631
565632
565634
565635
565636
565637
565638
565639
565640
565641
565642
565643
565644
565645
565646
565647
565648
565649
565650
565651
565652
565653
565654
565655
565656
565657
565658
565659
565660
565661
565663
565664
565665
565666
565667
565668
565670
565672
565676
565677
565678
565679
565680
565682
565683
565684
565685
565686
565687
565688
565689
565690
565691
565693
565694
565695
565696
565697
565698
565699
565700
565701
565702
565703
565704
565705
565706
565707
565708
565709
565710
565711
565712
565714
565715
565716
565717
565718
565719
565720
565721
565722
565723
565724
565725
565726
565727
565728
565729
565730
565731
565732
565733
565735
565736
565737
565738
565739
565740
565741
565742
565743
565744
565747
565748
565749
565750
565751
565752
565753
565754
565756
565758
565760
565761
565762
565763
565764
565765
565766
565767
565768
565769
565770
565771
565772
565773
565774
565775
565776
565777
565778
565779
565780
565782
565783
565784
565785
565786
565787
565788
565789
565790
565791
565792
565793
565794
565795
565796
565797
565799
565800
565801
565802
565803
565804
565805
565807
565808
565809
565811
565812
565813
565814
565815
565816
565818
565819
565820
565821
565822
565824
565825
565826
565827
565828
565829
565830
565831
565832
565833
565834
565835
565836
565837
565838
565839
565840
565842
565843
565844
565845
565846
565847
565848
565849
565850
565851
565852
565853
565854
565855
565856
565857
565858
565859
565860
565861
565862
565863
565864
565865
565866
565867
565868
565869
565870
565871
565872
565873
565874
565875
565876
565877
565878
565879
565880
565881
565882
565883
565885
565886
565887
565888
565889
565890
565891
565892
565893
565894
565895
565896
565897
565898
565899
565901
565902
565903
565904
565906
565907
565908
565909
565910
565911
565912
565913
565914
565915
565916
565917
565918
565919
565920
565921
565922
565923
565924
565925
565926
565927
565928
565929
565930
565931
565932
565933
565934
565935
565936
565937
565938
565939
565940
565942
565943
565944
565945
565946
565947
565948
565949
565950
565952
565955
565958
565960
565961
565963
565964
565965
565966
565968
565969
565971
565972
565973
565977
565978
565979
565981
565982
565983
565984
565985
565986
565988
565990
565991
565992
565993
565995
565996
565997
565998
565999
566000
566001
566002
566003
566004
566006
566007
566008
566009
566011
566012
566013
566014
566015
566016
566017
566019
566020
566021
566022
566023
566024
566025
566026
566027
566028
566029
566030
566031
566032
566033
566034
566035
566036
566037
566038
566039
566040
566041
566042
566044
566045
566046
566047
566048
566049
566050
566052
566053
566054
566055
566056
566057
566058
566059
566060
566061
566062
566063
566064
566065
566066
566067
566068
566070
566071
566073
566074
566075
566076
566077
566078
566079
566080
566081
566082
566083
566084
566085
566086
566087
566088
566089
566090
566091
566092
566093
566094
566095
566096
566097
566098
566099
566100
566101
566102
566103
566104
566105
566106
566107
566108
566109
566110
566111
566112
566113
566114
566115
566116
566118
566119
566120
566121
566122
566123
566124
566125
566126
566127
566128
566129
566130
566131
566132
566133
566134
566135
566136
566137
566138
566139
566140
566141
566142
566143
566144
566145
566146
566147
566150
566151
566152
566153
566154
566155
566156
566157
566158
566159
566160
566161
566162
566163
566164
566165
566166
566167
566168
566169
566171
566172
566173
566174
566175
566176
566177
566179
566180
566181
566182
566183
566184
566185
566186
566187
566188
566189
566190
566191
566193
566194
566195
566196
566197
566198
566199
566200
566201
566202
566205
566206
566207
566208
566209
566210
566211
566212
566213
566214
566215
566216
566217
566218
566219
566220
566221
566222
566223
566224
566225
566226
566227
566228
566229
566230
566232
566233
566235
566236
566237
566239
566241
566242
566245
566246
566248
566250
566252
566253
566254
566255
566256
566257
566258
566259
566260
566261
566262
566263
566264
566265
566267
566268
566269
566270
566271
566272
566273
566274
566275
566276
566277
566278
566279
566280
566281
566282
566283
566284
566285
566286
566287
566288
566289
566291
566292
566293
566294
566295
566296
566298
566299
566300
566301
566302
566303
566304
566305
566306
566307
566308
566310
566311
566312
566313
566314
566315
566316
566317
566318
566319
566320
566321
566322
566323
566325
566326
566327
566328
566329
566330
566331
566332
566333
566334
566335
566336
566337
566338
566339
566340
566341
566342
566343
566344
566345
566346
566347
566348
566349
566350
566351
566352
566353
566354
566355
566356
566357
566358
566359
566360
566361
566362
566363
566364
566365
566366
566367
566368
566369
566370
566371
566372
566373
566375
566376
566377
566378
566379
566380
566381
566382
566383
566384
566385
566386
566387
566388
566389
566390
566391
566392
566393
566394
566395
566396
566397
566398
566400
566402
566404
566407
566408
566409
566410
566411
566412
566413
566414
566415
566416
566417
566418
566419
566420
566421
566422
566423
566424
566425
566426
566427
566428
566429
566430
566431
566432
566433
566434
566435
566436
566437
566438
566439
566440
566441
566442
566443
566444
566446
566447
566448
566450
566451
566452
566453
566454
566456
566457
566459
566461
566466
566467
566468
566469
566470
566471
566472
566475
566476
566478
566479
566480
566481
566482
566483
566484
566485
566486
566487
566488
566489
566490
566491
566492
566494
566495
566496
566497
566498
566499
566500
566501
566502
566503
566504
566505
566506
566508
566510
566512
566513
566514
566515
566516
566517
566518
566519
566520
566521
566522
566523
566524
566525
566526
566527
566528
566529
566532
566533
566534
566536
566537
566538
566539
566540
566541
566542
566543
566544
566545
566546
566547
566548
566549
566550
566551
566552
566553
566554
566555
566556
566557
566558
566559
566560
566561
566562
566563
566565
566566
566567
566569
566570
566571
566572
566573
566574
566575
566576
566577
566578
566579
566580
566581
566583
566587
566590
566591
566592
566593
566595
566596
566599
566600
566601
566602
566603
566605
566610
566611
566613
566614
566615
566617
566618
566619
566621
566622
566623
566626
566627
566628
566630
566631
566632
566633
566634
566635
566636
566637
566638
566639
566640
566642
566643
566644
566645
566646
566647
566648
566649
566650
566651
566652
566653
566654
566655
566656
566657
566658
566659
566660
566661
566662
566663
566664
566665
566666
566667
566668
566669
566670
566671
566672
566673
566674
566675
566676
566677
566678
566679
566680
566681
566682
566683
566685
566686
566688
566689
566690
566691
566692
566693
566694
566696
566698
566699
566701
566702
566704
566705
566706
566707
566708
566709
566711
566712
566713
566714
566715
566716
566717
566718
566719
566720
566721
566722
566723
566724
566725
566726
566727
566728
566729
566730
566731
566732
566733
566735
566736
566737
566738
566739
566740
566741
566743
566744
566745
566746
566747
566748
566749
566750
566751
566752
566753
566754
566755
566756
566757
566758
566759
566760
566761
566762
566763
566764
566765
566766
566771
566774
566777
566778
566780
566781
566782
566783
566784
566786
566787
566788
566789
566791
566792
566793
566794
566795
566796
566797
566798
566799
566800
566801
566802
566803
566804
566805
566806
566807
566808
566809
566810
566811
566812
566813
566814
566815
566816
566817
566818
566819
566822
566823
566824
566826
566827
566828
566829
566830
566831
566832
566833
566834
566835
566836
566838
566839
566840
566844
566845
566846
566847
566848
566849
566850
566851
566852
566853
566854
566855
566856
566857
566858
566859
566860
566861
566862
566863
566864
566865
566866
566867
566868
566869
566870
566872
566873
566874
566875
566876
566877
566878
566879
566880
566881
566883
566884
566885
566886
566887
566888
566889
566890
566892
566893
566894
566896
566897
566898
566900
566901
566902
566903
566904
566905
566906
566907
566908
566909
566910
566911
566913
566914
566915
566917
566918
566919
566920
566923
566924
566926
566927
566928
566929
566930
566931
566932
566933
566934
566935
566936
566937
566938
566939
566940
566941
566942
566943
566944
566945
566946
566948
566949
566950
566951
566952
566953
566954
566955
566956
566957
566958
566959
566960
566961
566962
566963
566964
566965
566966
566967
566968
566970
566971
566972
566973
566974
566975
566976
566977
566978
566979
566980
566981
566982
566983
566984
566985
566986
566987
566988
566989
566990
566991
566992
566993
566994
566995
566996
566997
566998
566999
567000
567001
567002
567003
567004
567005
567006
567007
567008
567009
567012
567013
567014
567015
567016
567017
567018
567019
567020
567021
567022
567023
567024
567025
567026
567027
567028
567030
567031
567032
567033
567034
567035
567036
567037
567038
567039
567040
567041
567042
567043
567044
567045
567046
567047
567048
567049
567051
567052
567053
567054
567055
567056
567057
567058
567059
567060
567061
567062
567063
567064
567065
567066
567067
567068
567069
567070
567071
567072
567073
567074
567076
567077
567078
567079
567080
567081
567082
567083
567084
567085
567087
567088
567090
567091
567092
567093
567094
567095
567096
567098
567099
567100
567101
567102
567103
567104
567105
567106
567107
567108
567110
567111
567113
567114
567115
567116
567117
567118
567120
567121
567122
567123
567124
567125
567126
567127
567128
567129
567130
567131
567132
567133
567134
567136
567137
567138
567139
567140
567141
567142
567143
567144
567145
567146
567147
567148
567149
567150
567151
567153
567154
567155
567156
567157
567158
567160
567161
567162
567163
567164
567167
567168
567169
567170
567171
567172
567174
567175
567176
567177
567178
567179
567180
567181
567182
567183
567184
567185
567186
567187
567188
567189
567190
567191
567192
567193
567194
567195
567196
567197
567198
567199
567200
567201
567202
567203
567204
567205
567206
567207
567208
567209
567210
567211
567212
567213
567214
567216
567217
567218
567219
567220
567221
567222
567223
567224
567225
567226
567227
567228
567229
567230
567231
567232
567233
567234
567235
567236
567237
567238
567240
567241
567242
567243
567245
567246
567247
567248
567249
567250
567251
567252
567253
567254
567255
567256
567257
567258
567259
567260
567261
567262
567263
567264
567265
567266
567267
567268
567269
567270
567272
567274
567275
567276
567277
567278
567279
567281
567282
567283
567284
567285
567286
567287
567288
567289
567290
567291
567292
567293
567294
567295
567296
567297
567298
567299
567300
567301
567302
567303
567311
567312
567313
567314
567315
567316
567317
567319
567320
567321
567322
567323
567324
567325
567326
567327
567328
567329
567331
567332
567333
567334
567336
567337
567338
567339
567340
567341
567342
567343
567344
567347
567348
567349
567352
567353
567354
567355
567356
567359
567360
567361
567362
567363
567364
567365
567366
567369
567370
567371
567372
567373
567374
567375
567377
567379
567380
567381
567382
567383
567384
567385
567386
567387
567389
567390
567391
567392
567393
567395
567397
567398
567399
567400
567401
567402
567403
567404
567405
567406
567408
567409
567410
567411
567412
567413
567414
567415
567416
567417
567418
567419
567420
567421
567422
567423
567424
567425
567427
567428
567429
567430
567431
567432
567433
567434
567435
567436
567437
567438
567439
567440
567441
567442
567443
567444
567445
567447
567448
567450
567451
567452
567454
567456
567457
567458
567459
567460
567461
567462
567463
567464
567465
567466
567468
567469
567470
567471
567472
567473
567474
567475
567476
567477
567479
567480
567481
567482
567483
567484
567485
567486
567487
567488
567489
567490
567491
567492
567493
567494
567495
567496
567497
567499
567500
567501
567506
567508
567509
567510
567511
567512
567513
567514
567515
567516
567517
567518
567520
567521
567522
567523
567524
567525
567526
567528
567529
567530
567531
567533
567534
567535
567536
567537
567538
567539
567540
567541
567542
567543
567544
567545
567546
567547
567548
567549
567550
567551
567552
567553
567555
567556
567557
567558
567559
567560
567561
567562
567563
567564
567565
567566
567567
567568
567569
567570
567572
567573
567574
567575
567576
567577
567578
567579
567580
567581
567582
567583
567584
567585
567586
567587
567588
567589
567590
567591
567592
567593
567594
567595
567596
567597
567598
567599
567600
567601
567602
567603
567604
567605
567606
567607
567608
567609
567610
567612
567613
567614
567615
567616
567617
567618
567619
567620
567622
567623
567625
567627
567628
567629
567631
567632
567633
567636
567637
567638
567639
567640
567641
567642
567643
567644
567645
567646
567647
567648
567649
567651
567652
567653
567654
567655
567656
567657
567658
567659
567660
567661
567662
567663
567665
567666
567667
567668
567669
567670
567672
567676
567677
567678
567679
567680
567681
567682
567683
567684
567685
567686
567687
567688
567689
567690
567691
567693
567695
567696
567697
567698
567699
567700
567701
567702
567703
567704
567706
567707
567708
567709
567711
567712
567714
567715
567717
567718
567719
567720
567721
567722
567723
567724
567725
567726
567727
567728
567729
567730
567731
567733
567734
567735
567736
567737
567738
567739
567740
567741
567742
567743
567744
567745
567746
567747
567748
567749
567750
567752
567754
567755
567756
567759
567760
567761
567762
567763
567764
567765
567766
567767
567768
567770
567772
567773
567774
567775
567776
567777
567778
567780
567781
567782
567783
567784
567785
567786
567787
567788
567789
567790
567791
567792
567793
567794
567796
567797
567798
567800
567801
567802
567803
567804
567805
567806
567807
567808
567809
567810
567811
567812
567813
567814
567815
567816
567817
567818
567819
567820
567822
567823
567824
567825
567826
567828
567829
567830
567831
567833
567835
567836
567837
567838
567839
567840
567841
567842
567843
567844
567845
567846
567847
567848
567849
567850
567851
567852
567853
567854
567855
567857
567858
567860
567861
567862
567864
567865
567866
567867
567868
567869
567870
567871
567872
567873
567874
567876
567877
567878
567879
567880
567881
567882
567884
567885
567886
567887
567889
567890
567891
567892
567894
567895
567896
567897
567898
567899
567900
567902
567904
567906
567907
567908
567909
567910
567911
567912
567913
567914
567915
567916
567917
567918
567919
567920
567921
567922
567923
567924
567925
567926
567927
567928
567929
567930
567931
567932
567933
567934
567935
567936
567937
567938
567939
567940
567941
567942
567943
567944
567945
567946
567947
567948
567949
567950
567951
567952
567953
567954
567955
567956
567957
567958
567960
567961
567962
567963
567964
567965
567966
567967
567968
567969
567970
567971
567972
567973
567974
567975
567976
567978
567979
567980
567981
567983
567984
567985
567986
567987
567988
567989
567990
567991
567992
567994
567997
568001
568002
568003
568004
568005
568006
568007
568008
568009
568010
568011
568012
568014
568015
568016
568017
568018
568019
568020
568021
568025
568026
568027
568028
568029
568030
568031
568032
568033
568034
568035
568036
568037
568038
568039
568041
568042
568044
568045
568047
568048
568049
568050
568052
568054
568055
568056
568057
568058
568059
568060
568061
568062
568063
568064
568065
568066
568067
568068
568070
568071
568072
568073
568074
568075
568076
568077
568079
568080
568081
568082
568083
568084
568086
568087
568088
568089
568090
568091
568092
568093
568094
568095
568096
568097
568098
568099
568100
568101
568102
568103
568104
568106
568107
568108
568109
568110
568111
568112
568113
568114
568115
568116
568117
568119
568120
568121
568122
568123
568124
568125
568126
568127
568128
568129
568130
568131
568132
568133
568134
568135
568136
568137
568138
568140
568141
568142
568143
568145
568146
568147
568148
568149
568150
568151
568152
568153
568154
568155
568156
568157
568158
568159
568160
568161
568162
568164
568165
568166
568167
568168
568170
568171
568173
568174
568175
568176
568177
568178
568179
568180
568181
568182
568183
568184
568186
568187
568188
568189
568190
568191
568192
568195
568196
568197
568198
568199
568200
568201
568202
568203
568204
568205
568206
568208
568209
568211
568212
568213
568214
568215
568216
568217
568218
568219
568220
568221
568223
568224
568225
568226
568227
568229
568230
568231
568232
568233
568234
568240
568241
568242
568244
568245
568246
568248
568249
568250
568252
568253
568254
568255
568256
568257
568260
568261
568262
568263
568264
568265
568266
568267
568268
568269
568270
568271
568272
568273
568274
568275
568276
568277
568278
568279
568280
568281
568282
568283
568284
568285
568286
568287
568288
568289
568290
568291
568292
568293
568294
568295
568296
568297
568298
568299
568300
568301
568302
568303
568304
568305
568306
568307
568308
568309
568310
568312
568313
568314
568315
568316
568317
568318
568319
568320
568321
568322
568323
568324
568325
568326
568327
568329
568330
568331
568332
568333
568334
568335
568336
568337
568338
568339
568340
568341
568342
568343
568344
568345
568346
568347
568348
568349
568350
568351
568352
568353
568354
568355
568356
568357
568358
568359
568360
568361
568362
568363
568364
568365
568366
568367
568368
568369
568370
568371
568372
568374
568375
568376
568377
568378
568379
568380
568381
568382
568383
568384
568385
568387
568388
568389
568390
568392
568393
568395
568396
568397
568398
568399
568400
568401
568402
568404
568405
568406
568407
568410
568411
568412
568413
568414
568415
568417
568418
568419
568420
568421
568422
568423
568424
568425
568426
568427
568428
568429
568430
568431
568432
568433
568434
568435
568436
568437
568438
568439
568440
568441
568442
568443
568444
568445
568446
568447
568448
568450
568451
568452
568453
568454
568455
568456
568457
568458
568459
568460
568461
568462
568463
568464
568465
568466
568467
568468
568469
568470
568471
568472
568473
568474
568475
568476
568477
568478
568479
568480
568481
568482
568483
568485
568487
568489
568490
568491
568492
568493
568494
568495
568496
568497
568498
568499
568500
568501
568502
568503
568504
568505
568506
568507
568508
568509
568510
568511
568512
568514
568515
568516
568517
568520
568521
568522
568523
568524
568525
568526
568528
568529
568530
568531
568532
568533
568534
568536
568537
568538
568540
568541
568542
568543
568544
568545
568546
568547
568548
568549
568550
568551
568552
568553
568554
568555
568556
568557
568558
568559
568560
568561
568562
568563
568564
568565
568566
568568
568569
568570
568571
568573
568574
568575
568577
568578
568579
568580
568581
568582
568583
568584
568585
568586
568587
568588
568589
568590
568591
568592
568593
568594
568595
568596
568597
568598
568599
568600
568601
568602
568603
568604
568605
568606
568607
568608
568609
568610
568611
568612
568613
568614
568615
568616
568617
568618
568619
568620
568622
568623
568624
568625
568626
568627
568628
568629
568630
568631
568633
568634
568635
568636
568638
568639
568640
568641
568642
568644
568645
568646
568647
568648
568649
568650
568651
568652
568653
568654
568655
568656
568657
568658
568659
568660
568661
568662
568663
568665
568666
568667
568668
568669
568670
568671
568672
568673
568674
568676
568677
568678
568680
568681
568682
568683
568684
568685
568686
568688
568689
568690
568691
568692
568693
568694
568696
568697
568698
568700
568701
568702
568703
568704
568705
568706
568707
568708
568709
568710
568712
568714
568715
568716
568717
568718
568719
568720
568721
568722
568723
568724
568725
568726
568727
568728
568729
568730
568731
568732
568733
568734
568735
568736
568737
568738
568739
568740
568741
568742
568743
568744
568745
568746
568747
568748
568749
568750
568751
568752
568753
568754
568755
568756
568760
568761
568762
568763
568764
568765
568766
568767
568768
568769
568770
568771
568772
568773
568774
568775
568776
568777
568778
568779
568780
568782
568783
568784
568785
568786
568787
568788
568789
568790
568791
568792
568793
568794
568796
568797
568800
568801
568802
568803
568805
568806
568807
568808
568809
568812
568813
568814
568815
568817
568818
568819
568820
568821
568822
568824
568825
568826
568827
568828
568829
568830
568831
568832
568833
568834
568835
568836
568838
568839
568840
568841
568842
568845
568846
568847
568848
568849
568850
568851
568852
568853
568854
568855
568856
568857
568859
568860
568861
568862
568863
568864
568865
568866
568867
568868
568870
568871
568872
568873
568874
568877
568878
568879
568881
568882
568883
568884
568885
568886
568888
568889
568890
568891
568893
568894
568895
568897
568898
568901
568902
568903
568905
568907
568908
568909
568910
568912
568913
568914
568915
568917
568920
568922
568923
568924
568925
568926
568927
568928
568929
568930
568932
568933
568934
568936
568937
568938
568939
568940
568941
568942
568943
568945
568946
568947
568948
568949
568950
568951
568952
568953
568954
568955
568956
568957
568958
568959
568960
568963
568964
568965
568966
568967
568968
568969
568970
568971
568972
568973
568974
568975
568976
568977
568978
568979
568980
568981
568982
568983
568985
568987
568988
568989
568990
568991
568992
568993
568994
568995
568996
568997
568998
568999
569000
569001
569002
569003
569004
569005
569006
569007
569008
569009
569011
569012
569013
569014
569015
569016
569017
569019
569020
569021
569022
569023
569025
569026
569027
569028
569031
569032
569034
569037
569038
569039
569040
569041
569042
569043
569044
569045
569046
569047
569049
569050
569051
569052
569053
569054
569055
569056
569057
569058
569060
569062
569063
569064
569065
569066
569067
569068
569069
569070
569071
569072
569073
569074
569075
569076
569077
569078
569079
569080
569081
569082
569083
569084
569085
569086
569087
569088
569089
569090
569091
569092
569093
569094
569095
569096
569097
569098
569099
569101
569102
569103
569104
569105
569106
569107
569108
569109
569110
569111
569112
569113
569115
569117
569118
569119
569120
569121
569122
569123
569124
569125
569126
569127
569128
569129
569130
569131
569132
569133
569134
569135
569136
569137
569138
569139
569140
569141
569142
569143
569145
569146
569147
569148
569149
569150
569151
569152
569153
569154
569155
569156
569157
569158
569159
569160
569161
569162
569163
569164
569165
569166
569167
569168
569170
569171
569172
569173
569174
569175
569176
569177
569178
569179
569180
569181
569182
569183
569184
569185
569186
569187
569188
569189
569190
569191
569192
569193
569194
569195
569196
569197
569198
569199
569200
569201
569202
569203
569204
569205
569206
569207
569208
569209
569211
569212
569213
569214
569215
569216
569217
569218
569219
569220
569222
569223
569224
569225
569227
569228
569229
569230
569231
569232
569233
569234
569235
569237
569238
569239
569240
569241
569247
569249
569259
569261
569267
569268
569269
569270
569271
569272
569273
569274
569275
569276
569277
569278
569279
569280
569281
569282
569283
569284
569287
569288
