489806
489807
489808
489809
48981
489810
489811
489812
489814
489815
489816
489817
489818
489819
489820
489821
489822
489823
489824
489825
489826
489827
489828
489829
489831
489832
489833
489834
489835
489836
489837
489838
489839
489840
489841
489842
489843
489844
489845
489846
489847
489848
48985
489850
489851
489852
489855
489856
489858
489859
489860
489862
489863
489864
489865
489866
489867
489868
489869
48987
489871
489872
489873
489874
489875
489876
489877
489878
489879
48988
489880
489881
489882
489883
489884
489885
489886
489887
489888
489889
48989
489890
489892
489893
489894
489895
489896
489897
489898
489899
4899
489900
489901
489902
489903
489904
489905
489906
489907
489908
489909
489910
489911
489912
489913
489914
489915
489916
489917
489918
489919
48992
489920
489921
489922
489923
489924
489925
489926
489927
489928
489929
48993
489930
489931
489932
489933
489934
489935
489936
489937
489938
489939
48994
489940
489941
489943
489944
489945
489946
489947
489948
48995
489950
489951
489952
489953
489954
489955
489956
489957
489958
489959
48996
489960
489961
489962
489963
489964
489965
489966
489967
489968
489969
48997
489970
489971
489972
489973
489974
489975
489976
489977
489978
489979
489980
489981
489982
489983
489984
489985
489987
489988
48999
489990
489991
489992
489993
489994
489995
489996
489998
489999
490
4900
49000
490000
490001
490002
490003
490004
490005
490006
490007
490008
490009
49001
490010
490011
490012
490013
490014
490015
490016
490017
490018
490019
49002
490020
490021
490024
490025
490026
490027
490028
490029
49003
490031
490032
490033
490035
490036
490037
490038
490039
49004
490040
490041
490043
490044
490045
490046
490047
490048
49005
490050
490051
490053
490054
490055
490056
490057
490058
490059
49006
490060
490061
490062
490063
490065
490066
490067
490068
490069
49007
490071
490073
490074
490075
490076
490078
490079
49008
490080
490081
490082
490083
490084
490085
490086
490088
490089
49009
490090
490091
490092
490093
490094
490095
490096
490099
4901
49010
490100
490101
490103
490104
490105
490106
490107
490108
490109
49011
490110
490111
490112
490113
490114
490115
490116
490117
490118
490119
49012
490120
490121
490122
490123
490124
490125
490126
490128
490129
49013
490130
490132
490133
490134
490135
490136
490137
490138
490139
49014
490140
490141
490142
490143
490144
490145
490146
490147
490148
490149
490151
490152
490153
490154
490155
490156
490157
490158
490159
49016
490160
490161
490162
490163
490165
490166
490167
490168
490169
49017
490170
490171
490172
490173
490174
490175
490176
490177
490179
49018
490180
490181
490182
490183
490184
490186
490187
490188
490189
490192
490194
490196
490197
4902
49020
490200
490205
490207
490208
490209
49021
490210
490212
490213
490214
490216
490217
490218
490219
49022
490220
490221
490223
490224
490225
490226
490227
490228
490229
490230
490232
490233
490234
490235
490239
490240
490241
490242
490243
490244
490246
490247
490248
490249
490250
490251
490252
490253
490255
490257
490258
490259
49026
490260
490261
490262
490263
490264
490265
490266
490267
490268
490269
49027
490270
490271
490275
490277
490278
490279
49028
490280
490282
490284
490285
490286
490287
490288
490289
49029
490290
490291
490292
490293
490294
490295
490296
490297
490298
490299
4903
49030
490300
490301
490302
490303
490304
490305
490306
490307
490308
490309
49031
490311
490313
490315
490317
490318
490319
49032
490320
490321
490323
490324
490325
490326
490327
490329
49033
490330
490332
490333
490334
490335
490336
490337
490338
490339
490340
490341
490343
490344
490345
490346
490347
490349
49035
490350
490351
490352
490353
490354
490355
490356
490357
490358
490359
49036
490360
490361
490362
490363
490364
490365
490366
490367
490368
490369
49037
490370
490371
490372
490373
490374
490375
490376
490377
490378
490379
49038
490380
490382
490384
490385
490386
490389
49039
490390
490391
490392
490393
490394
490396
490397
490398
490399
49040
490400
490401
490402
490403
490404
490405
490406
490408
490409
49041
490410
490411
490412
490413
490414
490415
490417
490418
49042
490420
490421
490422
490424
490426
490427
490428
490429
49043
490430
490431
490432
490433
490434
490435
490436
490437
490439
49044
490440
490441
490442
490443
490444
490445
490446
490447
490448
49045
490450
490452
490453
490454
490455
490456
490457
490458
490459
49046
490460
490461
490462
490463
490464
490465
490466
490467
490469
49047
490470
490471
490472
490473
490474
490475
490476
490477
490478
490479
490480
490481
490482
490483
490484
490485
490487
490488
490489
49049
490490
490491
490492
490493
490494
490495
490496
490498
490499
49050
490501
490502
490504
490505
490506
490507
490508
490509
49051
490510
490511
490512
490514
490515
490516
490517
490518
490519
49052
490520
490521
490522
490523
490525
490526
490527
490528
490529
49053
490530
490531
490532
490533
490534
490535
490536
490537
490538
490539
49054
490540
490541
490542
490543
490544
490545
490546
490547
490548
490549
490550
490551
490552
490553
490554
490555
490556
490557
490558
490559
49056
490560
490561
490562
490563
490564
490565
490566
490568
490569
49057
490570
490571
490572
490573
490574
490575
490576
490577
490578
490579
49058
490581
490582
490583
490584
490587
490588
490589
49059
490590
490591
490592
490593
490594
490595
490596
490598
490599
49060
490600
490601
490602
490603
490604
490605
490606
490607
490608
490609
490610
490611
490612
490613
490614
490615
490616
490617
490618
490619
49062
490620
490623
490624
490625
490626
490627
490628
490629
49063
490630
490631
490632
490633
490634
490635
490636
490637
490638
490639
49064
490640
490641
490642
490643
490644
490645
490646
490647
490648
490649
49065
490651
490652
490653
490654
490655
490656
490660
490661
490662
490663
490664
490665
490666
490667
490668
490669
49067
490670
490671
490672
490674
490675
490676
490677
490678
490679
490680
490682
490684
490685
490687
490688
490689
49069
490690
490691
490692
490693
490694
490695
490696
490697
490698
490699
49070
490700
490701
490702
490703
490704
490705
490706
490707
490708
490709
49071
490710
490711
490712
490713
490714
490715
490716
490717
490718
490719
49072
490720
490721
490723
490724
490725
490726
490727
490728
490729
49073
490730
490731
490732
490733
490734
490735
490736
490737
490738
490739
49074
490740
490741
490742
490743
490745
490747
490748
490750
490751
490752
490754
490755
490756
490757
490758
490759
49076
490760
490761
490762
490763
490764
490766
490767
490768
490769
49077
490770
490771
490772
490773
490774
490775
490776
490778
490779
490780
490781
490782
490783
490784
490785
490786
490787
490788
490789
490790
490791
490792
490793
490794
490795
490796
490797
490798
490799
490800
490801
490802
490803
490804
490805
490806
490807
490808
490809
49081
490810
490812
490813
490814
490815
490816
490817
490818
490819
49082
490820
490821
490822
490823
490824
490826
490827
490828
490829
490830
490831
490832
490833
490834
490835
490836
490837
490838
490839
49084
490840
490841
490842
490845
490846
490847
490848
49085
490850
490851
490852
490853
490854
490855
490856
490857
490858
490859
49086
490860
490861
490862
490863
490864
490865
490866
490867
490868
490869
49087
490870
490871
490872
490873
490874
490875
490876
490878
490879
49088
490881
490882
490883
490884
490885
490886
490887
490888
490889
490890
490891
490892
490893
490894
490895
490897
4909
49090
490903
490904
490905
490906
490907
490908
490909
490910
490911
490912
490913
490914
490916
490917
490918
490919
49092
490920
490921
490922
490923
490924
490925
490926
490927
490928
490929
49093
490930
490931
490932
490933
490934
490936
490937
490938
490939
490940
490941
490942
490943
490944
490945
490947
490948
490949
49095
490950
490951
490952
490953
490954
490955
490956
490957
490958
490959
49096
490960
490961
490962
490963
490964
490966
490967
490968
490969
49097
490970
490971
490972
490973
490974
490975
490976
490977
490978
490979
49098
490980
490981
490982
490983
490984
490985
490987
490988
490989
49099
490990
490991
490992
490993
490994
490995
490996
490997
490999
491
4910
49100
491000
491001
491002
491003
491004
491005
491006
491008
49101
491010
491012
491013
491014
491015
491016
491017
491018
491019
49102
491020
491021
491023
491024
491025
491026
491027
491028
491029
49103
491031
491032
491033
491034
491035
491037
491038
491039
49104
491041
491042
491043
491044
491045
491046
491047
491048
491049
49105
491050
491051
491052
491053
491054
491055
491056
491057
491058
491059
49106
491060
491061
491062
491063
491064
491065
491066
491067
491068
49107
491070
491071
491073
491074
491075
491076
491077
491078
49108
491080
491081
491082
491083
491084
491085
491086
491087
491088
491089
49109
491090
491091
491092
491093
491094
491095
491097
491098
491099
4911
49110
491100
491101
491102
491103
491104
491105
491106
491107
491108
491109
49111
491110
491111
491113
491114
491115
491116
491117
491118
491119
49112
491120
491121
491122
491123
491124
491125
491126
491127
491128
491129
49113
491130
491131
491132
491133
491134
491135
491136
491137
491138
49114
491140
491142
491143
491144
491145
491146
491147
491148
491149
49115
491150
491151
491152
491153
491154
491155
491156
491157
491158
49116
491161
491163
491164
491165
491166
491167
491168
491169
49117
491170
491171
491173
491174
491175
491176
491177
491178
491179
49118
491180
491181
491182
491183
491184
491185
491186
491187
491188
491189
49119
491190
491191
491192
491193
491194
491195
491196
491197
491198
491199
4912
49120
491201
491202
491203
491205
491206
491207
491208
491209
49121
491210
491211
491212
491214
491215
491216
491217
491218
491219
49122
491221
491222
491223
491224
491225
491226
491227
491228
491229
49123
491230
491231
491232
491233
491234
491235
491236
491237
491238
49124
491240
491241
491242
491243
491244
491245
491246
491247
491249
49125
491250
491253
491254
491255
491256
491259
49126
491260
491261
491262
491263
491264
491265
491266
491267
491268
491269
49127
491271
491273
491274
491275
491276
491277
491278
49128
491280
491281
491282
491283
491284
491285
491286
491287
491288
491289
49129
491290
491291
491292
491293
491294
491295
491296
491297
491298
491299
4913
49130
491300
491301
491302
491303
491305
491306
491307
491308
491309
49131
491310
491311
491312
491313
491314
491315
491317
491318
491319
49132
491320
491321
491323
491324
491325
491327
491328
491329
49133
491331
491332
491333
491334
491335
491336
491337
491338
49134
491340
491341
491342
491343
491344
491345
491346
491347
491348
49135
491350
491351
491352
491353
491354
491356
491357
491358
49136
491360
491361
491362
491363
491364
491365
491366
491367
491368
491369
49137
491370
491372
491373
491375
491376
491377
491378
491379
49138
491380
491381
491382
491383
491384
491385
491386
491387
491388
491389
49139
491390
491391
491392
491393
491396
491397
49140
491400
491401
491402
491403
491404
491405
491406
491407
491408
491409
49141
491410
491411
491412
491414
491415
491416
491417
491418
49142
491420
491421
491422
491423
491424
491425
491426
491427
491428
49143
491430
491431
491432
491433
491434
491435
491436
491437
491438
491439
49144
491440
491441
491442
491443
491444
491446
491447
491449
49145
491450
491451
491452
491453
491454
491455
491456
491457
491458
491459
49146
491460
491461
491462
491463
491464
491465
491466
491467
491469
49147
491470
491471
491472
491473
491475
491476
491477
491478
491479
49148
491480
491481
491482
491483
491484
491485
491486
491487
491488
491489
49149
491490
491491
491492
491493
491494
491495
491497
491498
491499
49150
491500
491501
491502
491503
491504
491505
491507
491508
49151
491510
491511
491512
491513
491514
491515
491516
491517
491519
49152
491520
491521
491522
491523
491524
491525
491526
491527
491528
491529
49153
491530
491531
491533
491534
491536
491538
491539
49154
491540
491545
491546
491547
491548
491549
491550
491551
491552
491553
491555
491556
491559
49156
491560
491561
491562
491563
491564
491565
491566
491567
491568
491569
49157
491570
491571
491573
491574
491575
491576
491577
491578
491579
49158
491580
491581
491582
491584
491586
491587
491588
491589
491590
491591
491592
491593
491594
491595
491596
491597
491598
491599
4916
49160
491600
491601
491602
491603
491604
491605
491606
491607
491608
491610
491611
491612
491613
491616
491617
491618
491619
49162
491620
491621
491622
491623
491624
491625
491627
491629
49163
491631
491632
491633
491634
491636
491637
491638
491639
49164
491640
491641
491642
491644
491645
491646
491647
491648
491649
491650
491651
491652
491653
491654
491655
491656
491657
491658
491659
49166
491660
491661
491662
491663
491664
491665
491667
491668
491669
49167
491670
491671
491672
491673
491674
491675
491676
491677
491678
491679
49168
491680
491681
491682
491683
491684
491685
491686
491687
491689
49169
491690
491691
491692
491693
491694
491695
491696
491697
491698
491699
4917
49170
491700
491702
491703
491705
491706
491707
491708
491709
49171
491710
491711
491712
491713
491714
491715
491716
491717
491718
491719
49172
491720
491722
491723
491724
491725
491726
491727
491728
491729
49173
491730
491731
491732
491733
491734
491735
491736
491737
491738
491739
49174
491740
491741
491742
491743
491744
491745
491746
491747
491748
49175
491750
491753
491754
491755
491756
491757
491759
49176
491760
491761
491762
491763
491764
491765
491766
491767
49177
491770
491772
491773
491774
491776
491778
491779
49178
491780
491781
491782
491783
491784
491785
491786
491788
491789
49179
491790
491791
491792
491793
491794
491795
491796
491797
491798
4918
49180
491800
491801
491802
491805
491806
491807
491808
491809
49181
491810
491811
491812
491813
491814
491815
491816
491817
491818
491819
49182
491821
491824
491825
491827
491828
49183
491830
491831
491832
491833
491834
491835
491836
491837
491838
49184
491840
491841
491843
491845
491846
491847
491848
491849
491850
491851
491852
491853
491854
491855
491857
491859
49186
491860
491861
491862
491863
491864
491865
491867
491868
491869
491870
491873
491874
491875
491876
491878
491879
491880
491881
491882
491883
491884
491885
491886
491887
491888
491890
491891
491892
491893
491894
491895
491896
491897
491898
491899
49190
491900
491901
491902
491903
491904
491905
491906
491907
491909
491910
491911
491912
491913
491914
491916
491918
491919
49192
491920
491921
491922
491923
491924
491926
491927
491928
491929
49193
491930
491931
491932
491935
491936
491937
491938
491939
49194
491940
491941
491942
491943
491944
491946
491947
491948
491949
49195
491951
491952
491954
491955
491956
491957
491958
491959
49196
491960
491961
491962
491963
491964
491965
491966
491968
491969
49197
491971
491972
491973
491974
491975
491977
49198
491982
491985
491987
491988
49199
491990
491991
491992
491993
491994
491995
491996
491997
491998
491999
492
49200
492001
492002
492003
492004
492005
492006
492007
492008
492009
49201
492010
492011
492012
492014
492015
492016
492018
492019
49202
492020
492021
492022
492023
492024
492026
492027
492028
492029
49203
492030
492031
492032
492033
492034
492035
492036
492037
492038
492039
49204
492040
492041
492042
492043
492044
492045
492049
492050
492051
492052
492053
492054
492055
492056
492057
492059
49206
492060
492063
492064
492065
492066
492067
492068
492069
49207
492071
492072
492073
492074
492075
492076
492077
492078
492079
492080
492084
492085
492086
492087
492088
49209
492090
492092
492095
492096
492097
492098
492099
4921
492100
492101
492102
492103
492104
492105
492106
492107
492108
492109
49211
492111
492114
492115
492116
492117
492118
492119
49212
492120
492121
492122
492123
492124
492126
492127
492128
492129
49213
492131
492132
492133
492134
492135
492136
492138
492139
49214
492140
492141
492142
492143
492144
492145
492146
492147
492149
49215
492150
492151
492152
492154
492155
492156
492157
492159
49216
492160
492161
492162
492163
492164
492165
492166
492168
492169
492170
492172
492173
492174
492176
492179
49218
492180
492181
492182
492183
492184
492185
492186
492187
492188
492189
49219
492190
492191
492192
492193
492194
492195
492196
492197
492198
492199
4922
49220
492200
492201
492202
492203
492204
492205
492206
492207
492208
492209
49221
492210
492211
492212
492213
492216
492217
492218
492219
49222
492220
492221
492222
492223
492224
492225
492226
492227
492228
49223
492230
492231
492232
492233
492234
492235
492236
492237
492238
492239
49224
492240
492241
492242
492243
492244
492245
492246
492247
492248
492249
49225
492250
492251
492252
492253
492254
492255
492256
492257
492258
492259
492260
492261
492262
492265
492266
492267
492268
492269
492270
492271
492272
492273
492274
492275
492276
492277
492278
492279
49228
492280
492281
492282
492283
492284
492285
492286
492288
492289
49229
492291
492292
492293
492295
492296
492297
492298
492299
4923
49230
492301
492303
492304
492305
492306
492308
492309
49231
492311
492312
492313
492317
492318
492319
49232
492321
492322
492323
492324
492325
492326
492327
492328
492330
492331
492332
492333
492334
492335
492336
492338
492339
49234
492340
492341
492342
492343
492344
492345
492346
492347
492348
492349
49235
492350
492351
492352
492353
492354
492355
492356
492358
492359
49236
492362
492363
492364
492365
492366
492367
492369
492370
492371
492372
492373
492374
492376
492377
492378
492379
492380
492382
492383
492384
492385
492386
492387
492388
492389
49239
492390
492391
492392
492393
492394
492395
492396
492398
492399
4924
49240
492400
492401
492402
492403
492404
492405
492406
492408
492409
492410
492411
492413
492414
492415
492416
492417
492418
492419
492421
492422
492424
492426
492427
492429
492434
492436
492437
492438
492439
492440
492441
492442
492443
492444
492446
492447
492448
492449
49245
492450
492451
492452
492453
492454
492455
492456
492457
492459
492460
492462
492463
492465
492468
492469
492470
492471
492473
492475
492477
492479
49248
492481
492484
492486
492487
492488
492489
49249
492490
492491
492493
492494
492495
492496
492497
492498
492499
4925
49250
492500
492502
492503
492504
492505
492506
492508
492509
492511
492512
492513
492514
492515
492516
492517
492518
492519
492521
492522
492523
492526
492527
492529
492530
492531
492532
492533
492535
492536
492537
492538
492539
492540
492541
492544
492545
492548
492549
49255
492550
492555
492556
492557
492558
492559
49256
492560
492561
492562
492563
492564
492565
492566
492567
492568
492569
49257
492571
492572
492573
492574
492575
492576
492577
492578
492579
49258
492580
492581
492582
492583
492584
492585
492587
492588
49259
492590
492591
492592
492593
492594
492598
492599
4926
49260
492600
492601
492602
492604
492605
492606
492607
492608
492609
49261
492611
492612
492613
492615
492616
492618
492619
49262
492620
492621
492622
492623
492624
492625
492626
492627
492628
492629
49263
492630
492631
492633
492634
492635
492637
492638
492639
49264
492640
492641
492643
492644
492645
492646
492647
492648
492649
49265
492650
492651
492652
492653
492654
492655
492656
492657
492658
492659
49266
492660
492661
492662
492663
492664
492665
492666
492667
492668
492669
49267
492670
492672
492673
492674
492675
492676
492677
492678
492679
49268
492680
492681
492683
492684
492685
49269
492690
492692
492693
492696
492697
492699
4927
49270
492700
492701
492702
492703
492704
492706
492707
492709
49271
492710
492711
492712
492713
492714
492715
492716
492717
492718
492719
49272
492721
492722
492723
492724
492725
492726
492727
492728
492729
49273
492730
492731
492732
492733
492735
492737
492740
492741
492742
492743
492744
492745
492746
492747
492748
492749
49275
492750
492751
492752
492753
492754
492755
492756
492757
492758
492759
49276
492760
492761
492766
492767
492768
492769
49277
492770
492771
492772
492773
492774
492775
492776
492777
492778
492779
49278
492780
492781
492782
492783
492784
492785
492786
492787
492788
492789
49279
492790
492791
492792
492793
492794
492796
492797
492798
492799
4928
49280
492800
492801
492803
492804
492805
492806
492807
492809
49281
492810
492811
492813
492815
492816
492819
49282
492821
492823
492826
492827
492828
492829
49283
492831
492832
492834
492835
492836
492837
492839
49284
492840
492842
492843
492844
492846
492847
492848
492849
49285
492850
492851
492852
492854
492855
492856
492857
492859
49286
492860
492861
492863
492864
492865
492866
492867
492868
492869
492870
492871
492872
492874
492875
492876
492877
492878
492879
49288
492880
492881
492882
492883
492886
492887
492888
492889
49289
492890
492891
492892
492893
492894
492895
492897
492898
4929
49290
492901
492902
492903
492905
492906
492907
492908
492909
49291
492910
492911
492912
492913
492914
492915
492916
492917
492918
492919
49292
492921
492922
492924
492926
492927
492928
492929
492930
492931
492933
492934
492935
492936
492937
492938
492939
49294
492940
492941
492944
492945
492946
492947
492948
492949
49295
492950
492952
492954
492955
492956
492957
492958
492959
49296
492960
492963
492964
492965
492966
492967
492968
49297
492970
492971
492972
492973
492974
492975
492976
492977
492978
492979
49298
492981
492982
492983
492984
492985
492986
492987
492988
492989
49299
492990
492991
492992
492993
492994
492995
492996
492997
492998
492999
493
4930
49300
493000
493001
493002
493003
493004
493005
493006
493007
493009
49301
493010
493012
493013
493014
493015
493016
493017
493018
493019
49302
493021
493023
493024
493027
493028
493029
49303
493030
493031
493033
493035
493036
493037
493038
493039
49304
493040
493041
493042
493043
493044
493045
493047
493048
493049
49305
493050
493051
493052
493053
493054
493055
493056
493058
493059
49306
493060
493061
493062
493063
493064
493065
493066
493067
493068
493069
49307
493071
493072
493073
493076
493078
493079
49308
493080
493083
493084
493085
493086
493088
493089
49309
493091
493092
493094
493095
493099
4931
49310
493100
493101
493102
493103
493104
493106
493107
493108
493109
49311
493110
493114
493116
493118
49312
493121
493122
493123
493124
493125
493126
493129
49313
493131
493132
493133
493134
493135
493136
493137
493138
49314
493140
493141
493142
493143
493145
493146
493147
493148
493149
49315
493150
493151
493152
493153
493154
493155
493156
493158
49316
493160
493162
493163
493165
493166
493169
49317
493171
493173
493174
493175
493176
493178
49318
493180
493182
493183
493184
493186
493187
493188
493189
49319
493190
493191
493192
493198
4932
49320
493200
493201
493202
493203
493204
493205
493206
493207
493208
493209
49321
493210
493211
493212
493213
493214
493215
493216
493217
493218
493219
49322
493220
493221
493222
493223
493224
493225
493226
493227
493228
493229
49323
493231
493232
493233
493235
493236
493237
493238
493239
49324
493240
493241
493242
493243
493246
493247
493248
49325
493251
493252
493253
493254
493255
493256
493257
493258
493259
49326
493260
493261
493262
493263
493264
493266
493267
493268
493269
49327
493270
493271
493272
493273
493274
493275
493276
493277
493278
493279
493280
493281
493282
493283
493284
493285
493286
493287
493288
493289
49329
493292
493293
493294
493295
493296
493297
493298
493299
4933
49330
493300
493301
493302
493303
493304
493305
493306
493307
493308
493309
49331
493310
493312
493314
493315
493316
493318
493319
49332
493320
493321
493322
493323
493324
493325
493326
493327
493328
493329
49333
493331
493332
493333
493334
493335
493336
493337
493338
493339
49334
493340
493341
493342
493343
493344
493345
493346
493347
493348
493349
493350
493351
493352
493353
493354
493355
493357
493358
493359
493360
493361
493362
493363
493364
493367
493368
493369
493370
493371
493372
493373
493375
493376
493377
493378
49338
493380
493381
493382
493383
493384
493385
493386
493387
493388
493389
49339
493390
493391
493392
493393
493395
493396
493397
493398
4934
493400
493401
493402
493403
493404
493405
493406
493407
493409
49341
493410
493411
493412
493413
493414
493416
493417
493418
493419
49342
493421
493422
493423
493424
493425
493426
493427
493428
49343
493430
493432
493433
493434
493435
493436
493437
493438
49344
493440
493441
493442
493443
493445
493446
493447
493448
493449
49345
493450
493451
493452
493453
493454
493455
493456
493457
493458
493459
49346
493460
493461
493462
493463
493464
493465
493466
493468
49347
493470
493472
493473
493474
493475
493476
493477
493478
493479
49348
493480
493481
493482
493483
493484
493485
493486
493487
493488
493489
49349
493490
493491
493492
493493
493494
493495
493496
493497
493498
493499
49350
493500
493501
493502
493503
493504
493505
493506
493507
493508
493509
49351
493511
493512
493513
493514
493515
493516
493517
493518
493519
49352
493520
493521
493522
493524
493525
493526
493527
493529
49353
493530
493531
493533
493534
493535
493536
493537
493538
493539
49354
493540
493541
493542
493543
493544
493545
493546
493547
493548
493549
49355
493550
493551
493552
493553
493554
493555
493556
493557
493558
493559
49356
493560
493561
493562
493563
493564
493565
493566
493567
493568
493569
49357
493570
493571
493572
493573
493574
493575
493576
493578
493579
49358
493580
493581
493582
493583
493584
493587
493588
493589
49359
493590
493591
493592
493594
493595
493596
4936
49360
493600
493601
493602
493603
493604
493605
493606
493607
493608
493609
49361
493610
493611
493612
493613
493614
493617
493618
49362
493620
493621
493622
493623
493624
493625
493626
493628
493629
49363
493631
493632
493633
493634
493635
493636
493637
493638
493639
49364
493640
493641
493642
493643
493644
493645
493647
493648
493649
49365
493650
493651
493653
493654
493655
493656
493658
493659
493660
493661
493662
493663
493664
493665
493666
493667
49367
493670
493671
493672
493673
493674
493675
493676
493677
493678
49368
493680
493681
493682
493683
493684
493685
493686
493687
493688
493689
49369
493690
493691
493693
493694
493695
493697
493698
4937
49370
493700
493703
493704
493709
493711
493712
493714
493716
493717
49372
493720
493721
493722
493724
493725
493726
493727
493729
49373
493730
493731
493732
493733
493734
493735
493736
493737
493738
493739
49374
493740
493741
493742
493743
493744
493745
493746
493747
493748
493749
49375
493750
493751
493752
493753
493754
493755
493756
493757
493758
493759
49376
493760
493761
493762
493763
493764
493766
493767
493768
493769
493770
493771
493772
493773
493774
493775
493776
493777
493779
49378
493780
493781
493782
493783
493784
493785
493786
493787
493788
493789
49379
493790
493791
493792
493793
493794
493795
493796
493797
493798
493799
4938
49380
493800
493801
493802
493803
493804
493805
493806
493807
493809
49381
493811
493812
493813
493814
493815
493816
493817
493818
49382
493820
493821
493822
493823
493824
493825
493826
493827
493828
493829
493831
493832
493833
493834
493835
493836
493837
493838
493839
49384
493840
493841
493842
493843
493844
493845
493846
493847
493848
493849
49385
493851
493852
493853
493854
493855
493856
493858
493859
49386
493860
493861
493862
493866
49387
493872
493873
493874
493875
493876
493877
493878
493879
49388
493880
493881
493884
493885
493886
493887
493888
493889
49389
493890
493891
493892
493894
493895
493896
493897
493898
493899
4939
49390
493900
493901
493902
493903
493905
493906
493907
493908
493909
49391
493910
493912
493913
493915
493916
493917
493918
493919
49392
493920
493921
493922
493924
493925
493926
493927
493929
49393
493930
493931
493933
493934
493935
493936
493937
493938
493939
49394
493940
493941
493942
493943
493945
493946
493949
49395
493950
493951
493952
493953
493954
493955
493956
493957
493958
493959
49396
493960
493961
493962
493963
493964
493965
493966
493967
493968
493969
49397
493970
493971
493972
493973
493974
493977
493978
493979
49398
493980
493981
493983
493985
493986
493987
493988
493989
49399
493990
493992
493993
493994
493995
493996
493999
494
4940
49400
494001
494002
494004
494007
494009
49401
494011
494012
494013
494014
494017
494018
49402
494020
494024
494025
494026
494027
494028
49403
494030
494031
494032
494034
494035
494036
494037
494038
494039
494040
494041
494042
494043
494044
494045
494046
494048
494049
49405
494050
494051
494052
494053
494054
494055
494056
494057
494058
494059
49406
494061
494062
494063
494064
494065
494066
494067
494068
49407
494071
494072
494073
494074
494077
494078
494079
49408
494080
494081
494082
494083
494084
494086
494087
494088
494089
49409
494090
494091
494092
494093
494094
494096
494097
494098
49410
494100
494101
494102
494103
494104
494105
494106
494107
494109
49411
494110
494111
494112
494113
494114
494115
494117
494118
494119
494120
494122
494123
494124
494125
494126
494127
494128
494129
49413
494130
494132
494133
494134
494135
494136
494137
494138
49414
494140
494141
494142
494143
494145
494146
494147
494148
494149
49415
494150
494152
494153
494154
494155
494156
494157
494158
494159
49416
494160
494161
494162
494163
494164
494165
494166
494167
494168
494169
49417
494170
494171
494172
494173
494174
494175
494176
494177
494178
494179
49418
494180
494181
494182
494183
494184
494185
494186
494188
494189
49419
494190
494191
494193
494194
494195
494197
494198
494199
4942
49420
494200
494201
494202
494203
494204
494205
494207
494208
494209
494210
494211
494212
494213
494214
494215
494216
494217
494218
494219
494220
494222
494223
494225
494226
494229
49423
494230
494231
494233
494234
494235
494236
494237
494238
494239
49424
494240
494241
494242
494243
494244
494247
494248
494249
49425
494250
494251
494252
494253
494255
494256
494259
49426
494260
494261
494262
494263
494264
494265
494266
494267
494268
49427
494270
494277
494278
494279
49428
494280
494282
494285
494286
494287
494288
494289
49429
494290
494292
494293
494294
494295
494296
494298
49430
494300
494301
494302
494303
494304
494305
494306
494308
49431
494311
494312
494313
494314
494315
494316
494317
494318
494319
49432
494321
494323
494324
494325
494326
494327
494328
494329
49433
494330
494331
494332
494333
494335
494336
494337
494338
494339
49434
494340
494341
494342
494343
494344
494345
494347
494348
49435
494350
494351
494352
494354
494355
494356
494357
494358
494359
494360
494361
494362
494363
494364
494365
494366
494367
494368
494369
49437
494370
494371
494372
494373
494374
494375
494376
494377
494379
494380
494382
494383
494384
494385
494387
494388
494389
49439
494390
494391
494392
494394
494396
494397
494398
4944
494400
494401
494402
494403
494404
494405
494406
494407
494411
494413
494414
494416
494417
494418
494419
49442
494420
494421
494422
494423
494424
494425
494426
494427
494429
49443
494430
494431
494433
494435
494436
494439
49444
494440
494441
494442
494444
494445
494446
494447
494448
494449
49445
494450
494451
494453
494455
494456
494457
494458
49446
494460
494461
494462
494463
494464
494465
494466
494467
494470
494471
494472
494473
494474
494478
494479
49448
494480
494481
494484
494485
494486
494487
494488
49449
494490
494491
494492
494493
494495
494496
494497
494498
494499
49450
494500
494501
494502
494508
494512
494513
494514
494515
494516
494517
494518
494519
49452
494520
494522
494523
494524
494525
494527
494528
494529
49453
494530
494532
494535
494537
494538
494539
49454
494540
494541
494542
494543
494544
494545
494547
49455
494550
494551
494552
494554
494555
494558
494559
49456
494560
494561
494562
494563
494564
494565
494566
494567
494569
49457
494570
494571
494572
494573
494574
494575
494576
494577
494579
49458
494580
494581
494582
494583
494584
494585
494586
494587
494588
494589
49459
494590
494591
494592
494593
494594
494595
494596
494599
4946
49460
494600
494601
494602
494603
494604
494605
494606
494607
494608
494609
49461
494612
494613
494614
494615
494616
494617
494618
494619
49462
494620
494621
494622
494623
494624
494625
494626
494627
494628
494629
49463
494632
494634
494635
494636
494637
494638
494639
494642
494644
494645
494648
49465
494653
494654
494655
494656
494657
494659
49466
494660
494661
494663
494665
494666
494667
494668
494669
49467
494670
494671
494672
494673
494674
494675
494676
494677
494678
49468
494680
494681
494682
494683
494684
494685
494686
494688
494689
49469
494690
494692
494694
494695
494696
494697
494698
494699
4947
49470
494700
494701
494702
494703
494704
494706
494707
494708
494709
49471
494710
494711
494712
494714
494715
494716
494717
494718
49472
494720
494721
494723
494725
494726
494727
494728
494729
49473
494730
494731
494733
494734
494735
494736
494737
494739
49474
494740
494741
494742
494743
494745
494746
494747
494748
494749
49475
494750
494751
494752
494753
494754
494755
494756
494757
494758
494759
49476
494760
494761
494762
494763
494764
494765
494766
494767
494768
494769
49477
494770
494771
494772
494773
494774
494775
494776
494777
494778
494779
49478
494780
494781
494782
494783
494784
494785
494786
494787
494789
49479
494790
494791
494792
494793
494794
494795
494796
494797
494798
494799
4948
49480
494801
494802
494803
494804
494805
494806
494807
494808
494809
49481
494810
494811
494812
494814
494815
494816
494817
494818
494819
49482
494821
494822
494823
494824
494826
494827
494829
49483
494832
494833
494834
494835
494836
494837
494839
49484
494841
494842
494843
494844
494845
494846
494847
494848
494849
49485
494853
494854
494855
494857
494858
494859
49486
494860
494861
494862
494863
494864
494865
494866
494867
494869
494870
494871
494872
494874
494875
494876
494877
494878
494879
49488
494880
494881
494882
494883
494884
494885
494886
494887
494888
494889
49489
494890
494891
494892
494893
494894
494895
494896
494897
494898
494899
4949
49490
494900
494902
494903
494904
494905
494906
494908
494909
49491
494911
494912
494913
494914
494915
494916
494917
494918
494919
49492
494921
494922
494923
494924
494925
494926
494929
49493
494930
494931
494932
494933
494934
494935
494936
494937
494938
494939
49494
494940
494941
494942
494943
494944
494945
494946
494947
494949
494950
494955
494957
494959
49496
494960
494961
494962
494963
494964
494965
494966
494967
494968
494969
49497
494970
494971
494972
494973
494974
494975
494976
494978
494979
49498
494981
494982
494985
494987
494988
494989
49499
494990
494991
494992
494994
494995
494996
494997
494998
494999
4950
49500
495000
495001
495002
495003
495006
495007
495009
49501
495015
495018
495019
49502
495020
495021
495023
495024
495026
495029
49503
495030
495031
495032
495033
495034
495035
495036
495037
495038
495039
49504
495040
495043
495044
495045
495047
495048
495049
49505
495050
495051
495052
495053
495054
495055
495056
495057
495058
495059
495060
495062
495063
495065
495068
495070
495071
495072
495073
495074
495075
495076
495077
495078
495079
49508
495080
495082
495083
495084
495085
495086
495087
495088
495089
495090
495091
495092
495093
495094
495095
495097
495099
4951
49510
495100
495101
495102
495103
495104
495105
495106
495107
495108
495109
49511
