500245
500246
500247
500248
500249
50025
500250
500251
500252
500253
500254
500255
500257
500258
500259
50026
500260
500261
500262
500263
500264
500265
500266
500267
500268
500269
50027
500270
500271
500273
500274
500275
500278
500279
50028
500281
500282
500284
500285
500287
500289
50029
500292
500294
500295
500296
500297
500298
500299
5003
50030
500300
500302
500303
500304
500305
500306
500307
500308
500309
50031
500310
500311
500312
500313
500314
500315
500316
500318
500319
50032
500320
500321
500323
500324
500325
500326
500327
500328
500329
50033
500330
500331
500332
500333
500334
500335
500336
500337
500338
500339
50034
500340
500341
500342
500343
500344
500345
500346
500347
500348
500349
50035
500350
500351
500353
500354
500355
500356
500357
500358
500359
50036
500360
500362
500363
500364
500365
500366
500367
500368
500369
50037
500371
500372
500373
500374
500375
500376
500377
500378
500379
50038
500380
500381
500382
500383
500384
500386
500387
500388
500389
500390
500391
500392
500393
500394
500395
500396
500397
500399
5004
50040
500400
500401
500402
500403
500404
500405
500406
500407
500408
500409
50041
500410
500411
500412
500413
500414
500415
500417
500418
50042
500422
500424
500425
500426
500427
500428
500429
50043
500430
500431
500432
500433
500434
500435
500436
500437
500438
500439
50044
500440
500441
500442
500443
500444
500445
500446
500447
500448
500449
50045
500450
500451
500454
500455
500456
500457
500458
500459
50046
500461
500462
500463
500464
500465
500466
500467
500468
500469
500470
500471
500472
500473
500474
500475
500476
500477
500478
500479
50048
500480
500481
500482
500483
500484
500485
500486
500487
500488
500489
50049
500491
500492
500494
500495
500496
500497
500498
500499
50050
500500
500501
500502
500503
500504
500506
500507
500508
500509
50051
500510
500511
500512
500513
500514
500516
500517
500518
500519
500520
500524
500525
500526
500527
500528
500529
50053
500530
500531
500532
500533
500534
500535
500536
500537
500538
50054
500540
500541
500542
500543
500544
500545
500547
500548
500549
500550
500551
500552
500553
500554
500555
500556
500557
500558
500559
50056
500560
500561
500562
500563
500564
500567
500568
50057
500571
500572
500573
500574
500575
500576
500577
500578
500579
50058
500580
500581
500582
500583
500584
500585
500586
500587
500588
500589
50059
500591
500592
500593
500594
500595
500597
500598
500599
50060
500600
500601
500602
500603
500604
500605
500606
500607
500608
500609
50061
500610
500611
500612
500614
500617
500618
500619
50062
500620
500621
500622
500623
500624
500625
500626
500627
500628
500629
50063
500631
500632
500633
500634
500635
500636
500637
500638
500639
50064
500640
500641
500642
500643
500644
500645
500646
500647
500648
500649
50065
500651
500652
500653
500654
500655
500656
500657
500658
50066
500661
500662
500663
500664
500665
500666
500667
500668
500669
50067
500671
500672
500673
500674
500676
500677
500678
500679
50068
500680
500681
500682
500683
500684
500685
500686
500687
500688
500689
50069
500690
500691
500693
500694
500695
500696
500697
500698
500699
50070
500700
500701
500702
500703
500704
500705
500706
500707
500709
50071
500710
500711
500712
500713
500714
500715
500716
500718
50072
500720
500721
500722
500723
500724
500725
500727
50073
500731
500734
500735
500736
500737
500738
500739
500740
500741
500742
500743
500744
500746
500747
500748
500749
50075
500750
500751
500752
500753
500754
500755
500756
500757
500758
500759
50076
500760
500761
500763
500764
500765
500766
500767
500768
500769
50077
500770
500771
500772
500773
500774
500776
500777
500778
500779
50078
500780
500781
500783
500784
500785
500786
500787
500788
500789
50079
500790
500791
500792
500793
500794
500795
500796
500797
500798
500799
50080
500800
500801
500802
500803
500804
500805
500806
500807
500808
500809
50081
500810
500811
500812
500813
500814
500815
500816
500817
500818
50082
500820
500821
500822
500823
500824
500825
500826
500827
500828
500829
50083
500830
500831
500832
500833
500834
500835
500837
500838
500839
50084
500840
500841
500842
500843
500844
500845
500846
500847
500848
500849
50085
500850
500851
500852
500853
500854
500855
500856
500857
500858
500859
50086
500860
500861
500862
500863
500864
500865
500866
500867
500868
500869
50087
500870
500871
500873
500874
500875
500876
500877
500878
500879
50088
500881
500882
500883
500884
500885
500886
500887
500888
500889
50089
500890
500891
500893
500894
500895
500897
500898
500899
50090
500900
500901
500902
500903
500904
500905
500906
500907
500908
500909
50091
500910
500911
500913
500914
500915
500919
50092
500920
500921
500922
500923
500924
500925
500926
500927
500928
500929
50093
500930
500931
500932
500934
500936
500937
500939
50094
500940
500941
500943
500944
500945
500946
500947
500948
500949
500950
500951
500952
500953
500954
500955
500956
500957
500958
500959
50096
500960
500961
500962
500963
500964
500965
500966
500967
500968
500969
50097
500970
500971
500972
500973
500974
500975
500978
500979
50098
500980
500982
500983
500984
500985
500986
500987
500988
500989
50099
500990
500991
500992
500993
500994
500995
500996
500997
500998
500999
501
50100
501000
501001
501002
501003
501004
501005
501006
501007
501008
501009
50101
501010
501011
501012
501013
501014
501015
501016
501017
50102
501020
501021
501022
501023
501025
501026
501028
501029
50103
501030
501031
501032
501033
501034
501035
501036
501037
501038
501039
50104
501040
501041
501042
501043
501045
501046
501047
501048
501049
50105
501050
501051
501052
501053
501054
501055
501056
501057
501058
501059
50106
501060
501061
501062
501063
501064
501065
501066
501067
501068
501069
50107
501070
501071
501073
501074
501075
501076
501078
501079
50108
501080
501081
501082
501083
501084
501085
501086
501087
501088
501089
501090
501091
501092
501093
501094
501095
501096
501097
501098
501099
50110
501102
501103
501104
501105
501106
501107
501108
501109
50111
501110
501111
501112
501113
501114
501115
501116
501117
501118
501119
501120
501121
501122
501123
501124
501125
501126
501127
501128
501129
50113
501130
501131
501132
501133
501134
501135
501136
501138
501139
50114
501140
501141
501143
501144
501145
501146
501147
501148
501149
501150
501151
501152
501153
501154
501157
501158
501159
50116
501160
501161
501162
501163
501165
501166
501167
501168
501169
50117
501170
501171
501172
501173
501174
501175
501176
501177
501178
501179
50118
501180
501181
501182
501183
501184
501185
501186
501187
501189
50119
501190
501191
501192
501193
501194
501197
501198
501199
50120
501200
501201
501202
501203
501204
501205
501206
501207
501208
501210
501211
501212
501213
501214
501215
501216
501217
501218
501219
50122
501220
501221
501223
501224
501225
501226
501227
50123
501230
501231
501233
501235
501236
501238
501239
50124
501240
501241
501242
501243
501244
501245
501246
501247
501248
501249
50125
501250
501251
501252
501253
501254
501255
501256
501257
501258
501259
50126
501261
501262
501264
501265
501266
501267
501269
501271
501272
501273
501274
501275
501276
501277
501278
501279
501280
501282
501283
501284
501285
501286
501287
501288
501289
50129
501290
501291
501294
501295
501296
501297
501298
501299
50130
501300
501302
501303
501304
501305
501307
501308
501309
501310
501311
501314
501315
501317
501318
501319
50132
501320
501321
501323
501325
501326
501327
501328
501329
50133
501330
501331
501332
501333
501334
501335
501336
501337
501338
501339
501340
501341
501342
501343
501344
501345
501346
501347
501348
501349
50135
501350
501352
501353
501355
501356
501358
50136
501360
501362
501364
501365
501366
501367
501368
501369
50137
501370
501371
501372
501373
501374
501375
501376
501377
501378
501379
50138
501381
501382
501383
501384
501385
501387
501389
50139
501390
501391
501392
501393
501394
501395
501396
501397
501398
501399
50140
501400
501401
501402
501403
501404
501405
501406
501407
501408
501409
501412
501413
501414
501415
501416
501417
501418
501419
50142
501420
501421
501422
501423
501424
501425
501426
501427
501428
501429
50143
501430
501431
501432
501433
501434
501435
501436
501437
501438
501439
50144
501440
501441
501442
501443
501445
501446
501447
501448
501449
501450
501451
501452
501453
501454
501455
501456
501457
501458
501459
50146
501460
501461
501462
501463
501464
501465
501466
501467
501469
50147
501470
501471
501472
501473
501474
501475
501476
501477
501478
501479
50148
501480
501481
501482
501483
501484
501485
501486
501487
501489
501490
501491
501492
501494
501495
501496
501497
501498
501499
50150
501500
501501
501502
501503
501504
501505
501506
501507
501508
501509
50151
501510
501511
501512
501513
501514
501515
501516
501517
501518
501519
50152
501520
501521
501522
501523
501524
501525
501526
501527
501528
501529
50153
501530
501531
501532
501533
501534
501536
501537
501538
501539
50154
501540
501541
501542
501543
501544
501545
501546
501547
501548
501549
50155
501550
501552
501553
501554
501556
501557
501558
501559
50156
501560
501561
501562
501563
501564
501567
501569
50157
501570
501571
501573
501574
501575
501577
501578
501579
50158
501581
501582
501584
501585
501586
501587
501589
501590
501591
501592
501593
501594
501596
501597
501598
501599
50160
501602
501603
501604
501605
501607
501609
50161
501610
501611
501612
501613
501614
501615
501619
50162
501620
501621
501622
501623
501624
501625
501626
501627
501628
501629
50163
501630
501631
501632
501633
501634
501636
501637
501638
501639
501640
501641
501645
501648
501649
501652
501653
501654
501655
501657
501658
501659
50166
501660
501661
501663
501664
501665
501666
501668
501669
501671
501672
501674
501675
501677
501678
501679
50168
501680
501682
501683
501685
501686
501687
501689
50169
501690
501691
501692
501693
501695
501696
501699
501700
501701
501703
501704
501705
501706
501707
501708
501709
501710
501711
501712
501713
501714
501716
501718
501720
501721
501722
501723
501724
501725
501726
501727
501728
50173
501730
501733
501734
501737
501738
501739
501740
501741
501742
501743
501745
501746
501747
501748
501749
50175
501750
501751
501752
501753
501755
501756
501757
501758
501759
50176
501760
501762
501764
501765
501766
501767
501768
501769
50177
501771
501772
501774
501775
501776
501777
501778
501779
501780
501781
501782
501783
501784
501785
501786
501787
501788
501789
50179
501790
501791
501792
501793
501794
501795
501796
501797
501798
501799
501801
501802
501803
501804
501805
501806
501807
501808
501809
50181
501810
501811
501812
501813
501814
501815
501816
501817
501818
501819
50182
501821
501822
501823
501824
501825
501826
501827
501829
50183
501830
501831
501832
501834
501835
501836
501837
501839
50184
501840
501841
501842
501845
501848
50185
501851
501853
501854
501855
501857
501858
501859
50186
501860
501861
501862
501864
501865
501866
501867
501869
50187
501870
501871
501872
501873
501874
501875
501876
501877
501878
501879
50188
501880
501881
501882
501883
501885
501886
501887
501889
50189
501890
501891
501892
501893
501894
501895
501896
501897
501898
501899
50190
501900
501901
501902
501903
501904
501905
501906
501907
501908
501909
50191
501910
501911
501912
501913
501914
501915
501916
501917
501918
501919
50192
501920
501921
501922
501923
501924
501925
501926
501927
501928
501929
50193
501930
501932
501933
501934
501935
501936
501937
501938
501939
50194
501940
501941
501942
501943
501944
501945
501946
501947
501948
501949
50195
501950
501951
501952
501953
501954
501955
501956
501957
50196
501960
501961
501962
501963
501964
501965
501967
501968
501969
50197
501970
501971
501973
501974
501975
501976
501977
501978
501979
50198
501980
501981
501982
501983
501984
501985
501986
501987
501988
501989
50199
501990
501991
501993
501995
501997
501998
501999
502
50200
502000
502001
502002
502003
502004
502005
502006
502007
502008
502009
50201
502010
502011
502012
502013
502014
502015
502016
502017
502018
502020
502021
502022
502023
502024
502025
502026
502027
502028
502029
50203
502030
502031
502032
502033
502034
502035
502036
502037
502038
502039
50204
502040
502041
502042
502044
502045
502046
502047
502048
502049
502050
502051
502052
502053
502054
502055
502056
502057
502058
502059
502060
502061
502062
502063
502064
502065
502066
502067
502068
502069
50207
502070
502071
502072
502073
502075
502076
502077
502078
502079
50208
502080
502081
502082
502083
502084
502085
502086
502087
502088
502089
50209
502090
502091
502092
502093
502094
502096
502097
502098
502099
50210
502100
502101
502102
502103
502104
502105
502106
502107
502108
502109
50211
502110
502111
502112
502113
502114
502115
502118
50212
502120
502121
502122
502123
502124
502125
502126
502127
502128
502129
50213
502130
502131
502132
502133
502134
502135
502137
502138
50214
502140
502141
502143
502144
502145
502146
502147
502149
50215
502150
502151
502152
502153
502154
502155
502157
502158
502159
50216
502160
502161
502162
502163
502164
502165
502166
502167
502168
502169
50217
502172
502173
502174
502175
502176
502177
502178
502179
502181
502183
502184
502186
502187
502188
502189
50219
502190
502191
502192
502193
502194
502195
502196
502197
502198
502199
50220
502200
502201
502202
502204
502205
502206
502207
502208
502209
50221
502210
502211
502212
502213
502214
502216
502217
502218
502219
502220
502221
502223
502224
502225
502226
502227
502228
502229
502230
502231
502232
502233
502234
502235
502236
502237
502238
502239
502240
502241
502242
502243
502244
502245
502246
502248
502249
50225
502251
502254
502255
502256
502257
502258
502259
50226
502261
502262
502263
502264
502265
502266
502267
502268
502269
50227
502270
502271
502272
502273
502274
502275
502276
502277
502278
502279
50228
502281
502282
502283
502286
502287
502288
502289
50229
502290
502291
502292
502293
502294
502295
502296
502297
502298
502299
502300
502301
502302
502303
502304
502305
502306
502307
502308
502309
50231
502310
502311
502312
502313
502314
502315
502316
502317
502318
502319
50232
502320
502321
502322
502323
502324
502325
502326
502327
502328
502329
502330
502331
502332
502333
502334
502335
502336
502337
502338
502339
502340
502341
502342
502343
502344
502345
502346
502347
502348
502349
50235
502350
502351
502352
502353
502354
502355
502356
502357
502358
502359
50236
502360
502362
502363
502364
502366
502367
502368
502369
50237
502370
502371
502372
502373
502374
502375
502376
502377
502378
502379
50238
502380
502381
502382
502383
502384
502385
502386
502389
50239
502390
502392
502393
502394
502396
502397
502398
502399
50240
502400
502402
502403
502404
502405
502406
502407
502408
502409
50241
502410
502411
502412
502413
502414
502415
502416
502418
502419
50242
502420
502421
502422
502423
502424
502425
502426
502427
502428
502429
502430
502431
502432
502434
502435
502436
502437
502438
502439
502440
502442
502443
502444
502445
502446
502448
502449
502450
502451
502452
502453
502454
502455
502456
502457
502458
502459
502462
502463
502464
502465
502466
502467
502468
502469
50247
502470
502471
502472
502473
502474
502476
502477
502478
502479
50248
502480
502481
502482
502483
502484
502485
502486
502487
502488
502489
502490
502491
502492
502493
502494
502495
502496
502497
502498
502499
50250
502500
502501
502502
502503
502504
502505
502506
502507
502508
502509
50251
502510
502511
502512
502513
502515
502516
502517
502518
502519
50252
502520
502521
502522
502524
502526
502527
502528
502529
50253
502530
502531
502532
502533
502535
502536
502537
502538
502539
50254
502541
502542
502543
502544
502545
502546
502547
502548
502549
50255
502551
502552
502554
502555
502556
502557
502558
502559
50256
502560
502561
502562
502563
502564
502565
502566
502567
502569
50257
502570
502571
502572
502573
502574
502575
502576
502578
502579
50258
502580
502581
502582
502584
502585
502586
502587
502588
50259
502590
502591
502594
502595
502596
502597
502598
502599
50260
502600
502601
502602
502603
502604
502605
502606
502607
502608
502609
50261
502610
502611
502612
502613
502614
502615
502616
502617
502619
50262
502620
502621
502622
502623
502624
502625
502626
502627
502628
502629
50263
502630
502632
502633
502634
502635
502636
502638
502639
50264
502640
502641
502642
502643
502644
502645
502646
502647
502648
502649
50265
502650
502651
502652
502653
502654
502655
502656
502657
502659
50266
502660
502661
502662
502663
502664
502665
502666
502667
502669
50267
502670
502671
502672
502673
502674
502675
502676
502677
502678
502679
50268
502680
502681
502682
502683
502684
502685
502686
502687
502688
502689
50269
502690
502691
502692
502694
502695
502696
502697
502698
502699
50270
502701
502702
502703
502704
502708
50271
502710
502711
502712
502714
502715
502716
502717
502719
50272
502720
502721
502722
502723
502724
502725
502726
502727
502728
502729
502730
502731
502732
502733
502734
502735
502736
502737
502738
502739
50274
502740
502741
502742
502743
502744
502745
502746
502747
502748
502749
50275
502750
502751
502752
502753
502754
502755
502756
502757
502758
502759
50276
502760
502761
502762
502763
502764
502765
502766
502767
502768
502769
50277
502770
502771
502772
502773
502774
502775
502776
502777
502778
502779
502780
502781
502782
502783
502784
502785
502786
502787
502789
502791
502792
502793
502794
502795
502796
502797
502798
502799
502800
502801
502802
502803
502804
502805
502807
502808
502809
502810
502811
502812
502813
502814
502816
502817
502818
502819
502820
502821
502822
502823
502824
502825
502826
502827
502829
50283
502830
502831
502832
502833
502834
502835
502836
502837
502838
502839
502840
502841
502842
502843
502844
502845
502846
502847
502848
502849
50285
502850
502851
502852
502853
502854
502855
502856
502857
502859
502860
502861
502862
502863
502864
502865
502867
502868
502869
502870
502871
502872
502873
502875
502876
502877
502878
502879
50288
502880
502881
502882
502883
502884
502885
502886
502887
502888
502889
50289
502890
502891
502893
502894
502895
502896
502897
502898
50290
502900
502901
502902
502903
502904
502905
502906
502907
502908
502909
50291
502910
502911
502912
502913
502914
502915
502916
502917
502918
502919
502920
502921
502922
502926
502927
502928
502929
502930
502933
502934
502935
502936
502937
502938
502939
50294
502940
502941
502942
502943
502944
502945
502946
502947
502948
502949
50295
502950
502951
502952
502953
502954
502956
502957
502958
50296
502960
502961
502962
502963
502964
502965
502966
502967
502968
502969
502970
502971
502972
502973
502974
502975
502977
502978
502979
50298
502980
502981
502982
502983
502984
502985
502986
502987
502988
502989
50299
502990
502991
502992
502993
502994
502996
502998
502999
503
50300
503000
503001
503002
503003
503004
503005
503006
503007
503008
503009
50301
503010
503011
503012
503013
503014
503015
503017
503019
50302
503020
503021
503022
503024
503025
503026
503027
503028
503029
50303
503030
503032
503034
503035
503037
503038
503039
50304
503040
503042
503043
503044
503047
503048
503049
50305
503050
503051
503052
503053
503054
503055
503056
503057
503058
503059
50306
503060
503061
503062
503063
503064
503065
503066
503067
503068
50307
503070
503071
503073
503074
503075
503076
503077
503078
503079
50308
503080
503081
503082
503083
503084
503085
503086
503087
503088
503089
50309
503090
503092
503093
503094
503095
503096
503097
503098
503099
50310
503100
503101
503102
503103
503104
503105
503106
503107
503108
503109
503110
503111
503112
503113
503114
503115
503116
503117
503118
503119
503120
503121
503123
503124
503125
503126
503127
503128
503129
503130
503131
503133
503136
503137
503138
503139
50314
503140
503141
503143
503144
503145
503146
503147
503148
503149
503150
503151
503152
503153
503154
503156
503157
503158
503159
503161
503162
503163
503164
503165
503166
503167
503168
50317
503170
503171
503172
503173
503174
503175
503176
503177
503178
503179
50318
503180
503181
503182
503183
503184
503185
503186
503187
503188
503189
50319
503190
503191
503192
503193
503194
503195
503196
503197
503198
503199
503201
503202
503203
503206
503207
503208
503209
50321
503210
503211
503212
503213
503214
503215
503216
503217
503218
503219
503220
503221
503222
503223
503224
503225
503226
503227
503228
503229
50323
503230
503231
503232
503233
503234
503235
503236
503237
503238
503239
503240
503241
503242
503243
503244
503245
503246
503247
503248
503249
503250
503251
503252
503253
503254
503255
503256
503257
503258
503259
50326
503260
503261
503262
503263
503264
503265
503266
503267
503268
503269
50327
503270
503271
503272
503273
503274
503276
503277
503278
503279
503280
503281
503282
503283
503284
503285
503286
503287
503288
503289
50329
503290
503291
503292
503293
503294
503295
503296
503297
503298
503299
5033
50330
503300
503301
503302
503303
503305
503306
503307
503308
503309
503310
503312
503313
503314
503315
503317
503318
503319
50332
503320
503321
503322
503323
503325
503326
503327
503328
503329
50333
503330
503331
503332
503335
503336
503338
503339
50334
503340
503341
503342
503343
503344
503345
503346
503347
503349
50335
503350
503351
503352
503353
503354
503355
503356
503357
503358
503359
50336
503360
503361
503362
503363
503364
503365
503366
503367
503369
50337
503370
503371
503372
503373
503374
503375
503376
503377
503378
503379
50338
503380
503382
503384
503385
503386
503387
503388
503389
50339
503390
503391
503392
503393
503394
503395
503396
503397
503398
503399
5034
50340
503401
503402
503403
503404
503405
503406
503407
503408
503409
50341
503410
503412
503413
503414
503415
503416
503417
503418
503419
50342
503420
503421
503422
503423
503424
503425
503426
503427
503428
503429
503430
503431
503432
503433
503434
503435
503436
503437
503438
503439
50344
503441
503442
503443
503444
503445
503446
503447
503448
503449
503450
503451
503452
503453
503454
503455
503456
503457
503458
503459
50346
503460
503461
503462
503463
503464
503465
503466
503467
503468
503469
50347
503470
503472
503473
503474
503475
503476
503477
503478
503479
50348
503480
503481
503482
503483
503484
503485
503486
503487
503488
503489
50349
503490
503491
503492
503493
503494
503495
503496
503497
503498
503499
5035
50350
503501
503502
503503
503504
503505
503506
503507
503509
503510
503511
503512
503513
503514
503515
503516
503517
503518
503519
50352
503520
503521
503522
503523
503524
503525
503526
503527
503528
503529
50353
503530
503531
503532
503533
503534
503535
503536
503537
503538
503539
50354
503540
503541
503542
503543
503544
503545
503546
503547
503548
503549
503550
503551
503552
503553
503554
503555
503556
503557
503558
503559
50356
503560
503561
503562
503563
503564
503565
503566
503567
503568
503569
50357
503570
503571
503572
503573
503574
503576
503577
503578
503579
50358
503580
503582
503583
503584
503585
503586
503587
503588
503589
50359
503590
503591
503592
503593
503594
503595
503596
503598
503599
5036
503600
503602
503603
503604
503605
503606
503607
503608
503609
503610
503611
503613
503614
503615
503616
503617
503618
503619
503620
503621
503622
503623
503624
503625
503626
503627
503628
503629
50363
503630
503631
503632
503633
503634
503635
503636
503637
503638
503639
50364
503640
503641
503642
503643
503644
503645
503646
503647
503648
503649
50365
503650
503651
503652
503653
503654
503655
503656
503657
503658
503659
503660
503661
503662
503663
503664
503665
503666
503667
503668
503669
50367
503670
503671
503672
503673
503674
503675
503676
503677
503678
503679
50368
503680
503681
503682
503683
503684
503685
503686
503687
503688
503689
503690
503691
503692
503693
503694
503695
503696
503698
503699
5037
50370
503700
503701
503702
503703
503704
503705
503706
503707
503708
503709
503710
503711
503712
503713
503714
503716
503717
503718
503719
50372
503720
503721
503722
503723
503724
503725
503726
503727
503729
50373
503730
503731
503733
503734
503735
503736
503737
503739
50374
503740
503741
503742
503743
503744
503745
503746
503747
503748
503749
50375
503750
503751
503752
503754
503755
503756
503757
503758
503759
50376
503760
503761
503762
503763
503764
503765
503766
503767
503768
503769
50377
503770
503771
503772
503773
503774
503775
503776
503777
503778
503779
50378
503781
503783
503784
503785
503786
503787
503788
503789
50379
503790
503791
503792
503793
503794
503796
503797
503798
503799
5038
50380
503800
503801
503802
503803
503804
503805
503806
503807
503809
50381
503810
503811
503812
503813
503814
503815
503816
503817
503818
503819
50382
503820
503821
503822
503823
503824
503825
503827
503828
503829
50383
503830
503832
503833
503834
503835
503836
503837
503838
503839
50384
503840
503841
503842
503844
503845
503846
503847
50385
503850
503851
503852
503853
503854
503855
503856
503857
503858
503859
50386
503860
503861
503862
503863
503864
503865
503866
503868
503869
50387
503870
503871
503872
503873
503874
503875
503877
503879
50388
503880
503881
503882
503883
503884
503885
503886
503887
503888
503889
50389
503890
503891
503892
503893
503894
503895
503896
503897
503898
50390
503900
503901
503902
503903
503904
503905
503907
503908
503909
50391
503910
503911
503913
503914
503915
503916
503917
503918
503919
50392
503920
503921
503922
503924
503925
503926
503927
503928
503929
50393
503930
503931
503932
503933
503934
503935
503936
503937
503938
503939
50394
503940
503941
503942
503943
503944
503945
503946
503947
503948
503949
50395
503950
503951
503952
503953
503954
503955
503956
503958
503960
503961
503963
503964
503965
503966
503967
503968
503969
503970
503971
503972
503973
503974
503975
503976
503978
503979
503980
503981
503982
503983
503984
503985
503987
503988
503989
503990
503991
503993
503994
503995
503996
503997
503998
503999
504
5040
50400
504000
504001
504003
504005
504006
504007
504008
504009
50401
504010
504011
504012
504013
504014
504015
504016
504018
504020
504021
504022
504023
504024
504026
504027
504028
504029
50403
504030
504031
504032
504033
504034
504035
504036
504037
504038
504040
504041
504042
504043
504045
504046
504047
504048
504049
504050
504051
504052
504053
504054
504055
504056
504058
504059
50406
504060
504061
504062
504063
504064
504065
504066
504067
50407
504070
504071
504072
504073
504074
504075
504076
504077
504078
504079
50408
504080
504081
504082
504083
504084
504085
504086
504088
504089
50409
504090
504091
504092
504093
504094
504095
504096
504097
504098
504099
5041
50410
504100
504101
504102
504103
504104
504105
504106
504107
504109
504110
504111
504112
504114
504115
504116
504118
504119
504120
504121
504122
504123
504124
504125
504126
504127
504128
504129
504130
504131
504132
504133
504134
504135
504136
504137
504138
504139
50414
504140
504141
504142
504143
504144
504145
504147
504148
50415
504150
504151
504152
504153
504154
504155
504156
504157
504158
504159
50416
504162
504163
504164
504165
504167
504168
504169
50417
504170
504171
504172
504173
504174
504175
504176
504177
504178
504179
504180
504181
504182
504183
504184
504185
504187
504188
504190
504191
504192
504193
504194
504195
504196
504197
504198
504199
50420
504200
504201
504202
504203
504204
504205
504206
504207
504209
504210
504211
504212
504213
504214
504215
504216
504217
504218
504219
504220
504221
504222
504223
504224
504225
504226
504227
504228
504229
50423
504231
504232
504233
504234
504235
504236
504237
504238
504239
504240
504241
504242
504244
504245
504246
504247
504248
504249
50425
504250
504251
504252
504253
504254
504255
504256
504257
504258
504259
50426
504260
504261
504262
504263
504264
504265
504266
504267
504268
504269
50427
504271
504273
504274
504275
504276
504278
504279
504280
504283
504284
504285
504287
504288
504289
504290
504291
504292
504293
504294
504295
504296
504297
504298
504299
50430
504300
504301
504302
504303
504304
504305
504306
504308
504309
504311
504312
504314
504316
504318
504319
50432
504320
504321
504322
504323
504324
504326
504327
504328
50433
504331
504332
504334
504335
504336
504337
504338
504339
50434
504340
504344
504345
504346
504347
504348
504349
50435
504350
504351
504352
504353
504355
504356
504358
504359
50436
504360
504361
504362
504363
504364
504365
504366
504367
504368
504369
50437
504370
504371
504372
504373
504374
504375
504376
504377
504379
50438
504380
504381
504382
504383
504384
504385
504386
504387
504388
504389
50439
504390
504391
504392
504393
504394
504395
504396
504397
504398
504399
50440
504400
504401
504402
504403
504404
504406
504407
504408
504409
50441
504410
504413
504414
504415
504416
504417
504418
504419
50442
504420
504421
504422
504423
504424
504425
50443
504437
50444
504440
504441
504443
504444
504445
504446
504447
504448
504449
50445
504450
504451
504452
504453
504454
504455
504456
504457
504458
50446
504460
504461
504462
504463
504464
504465
504467
504468
504469
50447
504470
504471
504472
504473
504475
504476
504477
504479
50448
504480
504481
504482
504483
504484
504485
504486
504487
504488
504489
50449
504491
504492
504494
504495
504496
504497
504498
504499
50450
504500
504501
504502
504503
504504
504505
504506
504507
50451
504510
504511
504512
504513
504514
504515
504516
504517
504518
504519
50452
504520
504521
504522
504523
504524
504525
504526
504527
504529
50453
504530
504532
504533
504534
504535
504536
504537
504538
504539
50454
504540
504542
504543
504544
504545
504546
504547
504548
504549
504551
504552
504553
504554
504555
504556
504557
504558
50456
504560
504561
504562
504563
504564
504565
504567
504568
504569
504570
504571
504572
504573
504574
504575
504576
504577
504578
504579
50458
504580
504581
504582
504583
504584
504585
504587
504588
504589
50459
504590
504591
504592
504593
504594
504595
504597
504599
5046
50460
504600
504601
504602
504603
504605
504606
504607
504608
504609
50461
504610
504611
504612
504613
504614
504615
504616
504617
504619
50462
504621
504622
504623
504624
504625
504626
504627
504628
504629
50463
504630
504631
504632
504633
504634
504635
504636
504637
504638
504639
50464
504640
504641
504642
504643
504645
504646
504647
504648
504649
504650
504651
504654
504656
504657
504658
50466
504660
504661
504662
504663
504664
504665
504666
504667
504668
504669
50467
504670
504671
504672
504673
504674
504675
504676
504678
504679
50468
504680
504681
504684
504685
504686
504687
504688
504689
50469
504690
504691
504692
504693
504694
504695
504696
504697
504698
504699
5047
50470
504700
504701
504702
504703
504704
504705
504706
504707
504708
504709
50471
504710
504711
504712
504713
504714
504715
504716
504717
504718
504719
50472
504720
504721
504722
504724
504725
504726
504729
50473
504730
504731
504733
504735
504737
504739
50474
504742
504743
504744
504745
504746
504747
504748
504749
50475
504750
504751
504752
504753
504754
504755
504756
504757
504758
504759
50476
504761
504762
504763
504765
504766
504767
504768
504769
504770
504771
504772
504773
504774
504775
504776
504777
504778
504779
50478
504780
504781
504782
504783
504784
504785
504786
504787
504788
504789
50479
504790
504791
504792
504793
504794
504795
504796
504797
504798
504799
5048
50480
504800
504801
504802
504803
504804
504805
504806
504807
504808
504809
50481
504810
504811
504812
504813
504814
504816
504817
504819
50482
504820
504821
504822
504823
504824
504825
504826
504827
504828
504829
50483
504830
504831
504832
504833
504835
504836
504838
504839
50484
504840
504841
504842
504843
504844
504845
504846
504847
504849
50485
504850
504851
504853
504854
504855
504856
504857
504858
504859
504860
504862
504863
504864
504865
504866
504867
504868
504869
504870
504871
504872
504873
504875
504876
504877
504878
504879
504880
504881
504882
504883
504884
504885
504886
504887
504888
504889
50489
504890
504891
504892
504893
504894
504895
504896
504897
504898
504899
5049
504900
504902
504903
504904
504905
504906
504907
504908
504909
504910
504911
504913
504914
504915
504916
504917
504918
504919
50492
504920
504921
504922
504923
504924
504925
504927
504928
50493
504930
504931
504932
504933
504934
504935
504936
504938
50494
504940
504943
504944
504945
504946
504947
504948
504949
50495
504950
504951
504952
504953
504955
504956
504957
504958
504959
50496
504960
504962
504963
504966
504967
504968
504969
50497
504970
504971
504972
504973
504974
504975
504976
504978
50498
504980
504981
504982
504983
504985
504986
504987
504988
504989
50499
504990
504991
504992
504993
504995
504996
504997
504998
504999
505
5050
50500
505001
505002
505003
505004
505007
505008
505009
50501
505010
505011
505014
505015
505016
505017
505018
505019
505020
505021
505023
505024
505025
505026
505028
50503
505030
505031
505033
505034
505035
505036
505037
505039
50504
505040
505041
505042
505043
505044
505045
505046
505047
505049
50505
505050
505052
505053
505054
505055
505057
505058
505059
50506
505060
505061
505062
505063
505064
505065
505066
505067
505068
505069
50507
505070
505071
505072
505073
505074
505076
505078
505079
50508
505080
505081
505083
505084
505085
505086
505087
505088
505089
505090
505091
505092
505093
505095
505096
505097
505099
5051
50510
505100
505101
505104
505105
505106
505107
505108
505109
505110
505111
505113
505115
505116
505117
505118
505119
50512
505121
505123
505125
505126
505127
505129
50513
505130
505131
505132
505133
505135
505136
505137
505139
505141
505142
505143
505144
505145
505146
505147
505148
505149
50515
505150
505151
505153
505158
505159
505161
505162
505163
505164
505165
505170
505171
505172
505173
505174
505175
505176
505177
505178
505179
50518
505180
505181
505183
505186
505187
505188
50519
505191
505192
505195
505196
505197
505199
5052
505200
505201
505203
505204
505205
505206
505207
505208
505209
50521
505210
505212
505213
505214
505215
505217
505218
505219
50522
505220
505221
505222
505224
505225
505227
505228
50523
505230
505231
505232
505234
505235
505236
505237
505238
505239
50524
505240
505241
505243
505245
505246
505247
505248
505249
505251
505252
505253
505254
505255
505256
505257
505258
505259
50526
505260
505262
505263
505264
505265
505266
505267
505268
505269
50527
505270
505271
505272
505273
505274
505275
505276
505277
505279
50528
505280
505282
505283
505284
505285
505286
505287
505288
50529
505290
505291
505292
505293
505294
505295
505296
505297
505298
505299
5053
50530
505300
505302
505303
505304
505305
505306
505307
505308
505309
50531
505310
505311
505312
505313
505314
505315
505316
505317
505319
50532
505320
505321
505322
505323
505324
505325
505326
505327
50533
505330
505331
505332
505333
505334
505335
505336
505337
505338
505339
50534
505340
505341
505342
505343
505344
505345
505346
50535
505350
505351
505352
505353
505354
505355
505356
505357
505358
505359
50536
505360
505361
505362
505363
505364
505365
505366
505367
505368
505369
505370
505371
505372
505373
505374
505375
505376
505377
505378
505379
50538
505381
505382
505383
505385
505387
505389
505390
505391
