505394
505395
505396
505397
505398
505399
5054
505400
505401
505402
505403
505404
505405
505406
505407
505408
505409
50541
505410
505411
505412
505413
505414
505415
505416
505417
505418
505419
50542
505420
505421
505422
505423
505424
505426
505427
505429
50543
505430
505431
505432
505433
505434
505435
505436
505438
505439
50544
505440
505441
505442
505443
505444
505445
505446
505447
505448
505449
50545
505450
505451
505453
505454
505455
505456
505457
505458
505459
50546
505460
505461
505462
505463
505464
505467
505468
505469
50547
505470
505471
505472
505473
505474
505475
505476
505477
505478
50548
505480
505481
505482
505483
505484
505485
505486
505487
505488
505489
50549
505491
505492
505493
505494
505495
505496
505497
505498
505499
5055
50550
505500
505501
505502
505503
505504
505505
505506
505507
50551
505511
505512
505513
505514
505516
505517
505518
505519
50552
505520
505521
505522
505524
505525
505526
505527
505528
505529
50553
505530
505531
505532
505533
505534
505535
505536
505537
505538
505539
50554
505540
505541
505542
505544
505546
505547
505548
505549
50555
505550
505551
505552
505553
505554
505555
505556
505557
505558
50556
505560
505562
505563
505566
505568
505569
50557
505570
505572
505576
505577
505579
505580
505581
505582
505583
505586
505587
505588
505589
505590
505591
505592
505593
505595
505596
505597
505598
505599
5056
50560
505600
505601
505602
505603
505604
505605
505606
505607
505608
505609
505611
505612
505613
505616
505617
505618
505619
50562
505620
505621
505622
505623
505624
505625
505626
505627
505628
505629
505631
505632
505633
505634
505635
505636
505637
505638
505639
505640
505641
505642
505644
505645
505646
505647
505648
505649
505650
505651
505652
505653
505656
505659
50566
505664
505669
50567
505672
505673
505674
505676
505677
505678
505679
505680
505681
505682
505685
505686
505687
505688
505689
50569
505690
505692
505693
505694
505695
505696
505697
505698
505699
5057
50570
505701
505702
505703
505704
505705
505706
505707
505708
505709
50571
505711
505713
505714
505715
505716
505717
505718
505719
50572
505720
505721
505722
505723
505724
505725
505727
50573
505730
505734
505735
505736
505738
505739
505740
505741
505742
505743
505744
505745
505746
505747
505748
505749
50575
505750
505751
505752
505753
505754
505755
505756
505758
505759
505760
505761
505762
505764
505765
505767
505768
505769
50577
505770
505771
505772
505774
505775
505776
505777
505778
505779
50578
505780
505781
505782
505783
505784
505785
505786
505788
50579
505790
505791
505793
505794
505795
505796
505797
505799
5058
50580
505801
505802
505803
505804
505806
505807
505809
50581
505810
505812
505813
505814
505815
505816
505817
505818
505819
505820
505821
505822
505824
505826
505827
505828
50583
505831
505832
505834
505835
505836
505837
505838
505839
50584
505840
505841
505842
505845
505846
505847
505848
50585
505850
505851
505852
505853
505854
505855
505856
505858
505859
50586
505860
505861
505862
505863
505864
505865
505866
505867
505868
505869
50587
505870
505871
505873
505874
505875
505876
505877
505878
505879
505880
505881
505882
505883
505884
505885
505887
505888
505889
50589
505890
505891
505892
505893
505894
505895
505896
505897
505898
505899
50590
505900
505901
505902
505903
505904
505905
505906
505908
505909
50591
505910
505912
505914
505915
505916
505917
505918
505919
50592
505920
505921
505922
505923
505924
505925
505927
505928
505929
505930
505931
505932
505933
505934
505935
505936
505937
505938
505939
50594
505941
505942
505943
505944
505945
505946
505947
505948
505949
50595
505950
505951
505952
505953
505954
505955
505956
505957
505958
505959
50596
505960
505961
505962
505963
505964
505966
505967
505968
505969
50597
505970
505971
505972
505973
505974
505975
505976
505977
505978
505979
50598
505980
505981
505982
505983
505984
505985
505986
505988
505991
505992
505993
505994
505995
505996
505998
505999
506
5060
50600
506000
506001
506002
506003
506004
506005
506006
506007
506008
506009
50601
506010
506011
506012
506013
506014
506015
506017
506018
506019
50602
506020
506021
506022
506023
506024
506025
506026
506027
506028
506029
50603
506030
506031
506032
506033
506034
506036
506037
506038
506039
50604
506040
506041
506042
506043
506045
506046
506047
506048
506049
50605
506050
506051
506053
506054
506055
506056
506057
506059
50606
506060
506061
506062
506063
506064
506065
506066
506068
506069
506070
506071
506072
506073
506074
506075
506076
506077
506078
506079
50608
506080
506081
506082
506084
506086
506087
506088
506089
50609
506090
506091
506092
506093
506094
506095
506096
506097
506098
506099
5061
50610
506100
506101
506102
506103
506104
506105
506106
506107
506108
506109
50611
506110
506111
506112
506113
506114
506116
506117
506118
506119
506120
506121
506122
506123
506124
506125
506126
506127
506129
50613
506130
506131
506132
506133
506134
506135
506136
506137
506138
506139
50614
506140
506141
506142
506144
506145
506146
506147
506148
506149
506150
506151
506152
506153
506154
506155
506156
506157
506158
506159
50616
506160
506161
506162
506163
506164
506165
506166
506167
506168
506169
50617
506171
506172
506173
506174
506175
506176
506177
506178
506179
50618
506180
506181
506182
506183
506184
506185
506186
506187
506188
506189
50619
506190
506191
506192
506193
506194
506195
506196
506197
506198
506199
5062
50620
506200
506201
506202
506203
506204
506205
506209
50621
506210
506211
506212
506213
506214
506215
506216
506217
506218
506219
50622
506220
506221
506222
506224
506226
506227
506228
50623
506230
506231
506233
506235
506236
506237
506238
506239
506240
506241
506242
506243
506244
506245
506246
506247
506248
506249
50625
506250
506251
506252
506253
506254
506255
506256
506257
506258
506259
50626
506260
506261
506262
506263
506264
506265
506266
506268
506269
50627
506270
506271
506272
506275
506276
506277
506278
506279
506280
506281
506282
506283
506284
506285
506286
506287
506288
506289
506290
506291
506292
506293
506294
506295
506296
506297
506298
506299
5063
50630
506300
506301
506302
506303
506304
506306
506307
506308
506309
506311
506312
506313
506315
506316
506317
506318
506319
50632
506320
506321
506322
506323
506324
506326
506327
506328
506329
50633
506330
506332
506333
506334
506335
506336
506337
506338
506339
506340
506341
506342
506343
506344
506345
506346
506347
50635
506350
506351
506352
506353
506354
506356
506357
506358
506359
50636
506360
506361
506362
506364
506366
506367
506368
506369
50637
506370
506371
506372
506373
506375
506376
506377
506378
506379
50638
506380
506381
506382
506383
506384
506385
506386
506387
506389
50639
506390
506391
506392
506394
506395
506396
506397
506398
506399
5064
50640
506400
506401
506402
506403
506404
506405
506406
506407
506408
50641
506410
506411
506412
506413
506414
506415
506418
50642
506420
506421
506422
506423
506425
506426
506427
506428
506429
50643
506430
506431
506432
506433
506434
506435
506436
506437
506438
506439
506440
506441
506442
506443
506444
506445
506446
506447
506448
506449
506450
506452
506453
506454
506455
506456
506457
506458
50646
506460
506461
506462
506464
506465
506466
506467
506468
506469
50647
506471
506472
506473
506474
506475
506476
506477
506479
50648
506480
506481
506482
506483
506484
506485
506486
506488
506489
506490
506491
506492
506493
506494
506495
506496
506497
506499
5065
50650
506500
506501
506504
506505
506506
506507
506509
50651
506510
506511
506512
506513
506514
506515
506516
506517
506518
506519
50652
506520
506521
506522
506523
506524
506525
506526
506527
506528
506529
50653
506530
506531
506532
506533
506534
506535
506536
506537
506538
506539
506540
506541
506542
506543
506544
506545
506546
506547
506548
506549
50655
506550
506551
506552
506553
506554
506555
506556
506557
506558
506559
50656
506560
506561
506562
506563
506564
506565
506566
506567
506568
506569
506571
506574
506575
506576
506577
506578
506579
50658
506580
506581
506582
506583
506584
506586
506587
506589
506590
506591
506592
506593
506595
506596
506597
506598
506599
5066
506600
506601
506602
506603
506604
506605
506606
506607
506609
506610
506611
506612
506613
506614
506615
506617
506619
50662
506620
506621
506622
506624
506625
506626
506628
506629
50663
506630
506631
506632
506633
506636
506637
506638
506639
50664
506640
506641
506642
506643
506644
506645
506647
506648
506649
506650
506651
506652
506653
506654
506655
506656
506657
506658
506659
50666
506660
506661
506664
506665
506666
506667
506668
506669
50667
506670
506671
506672
506674
506675
506676
506677
506678
506679
50668
506680
506681
506682
506683
506684
506685
506686
506687
506688
50669
506690
506691
506692
506693
506694
506695
506696
506697
506698
506699
5067
50670
506700
506701
506702
506703
506704
506705
506706
506707
506708
506709
50671
506710
506711
506712
506713
506714
506715
506717
506718
506719
50672
506720
506721
506722
506723
506724
506725
506726
506727
506728
506729
50673
506730
506731
506732
506734
506735
506736
506737
506738
506739
50674
506740
506741
506742
506743
506744
506745
506746
506747
506748
506749
50675
506750
506752
506753
506755
506757
506758
506759
50676
506761
506762
506763
506764
506765
506766
506767
506768
506769
50677
506770
506771
506773
506775
506776
506777
506778
506779
50678
506780
506781
506782
506783
506784
506785
506786
506787
506788
506789
50679
506790
506791
506792
506793
506794
506795
506796
506797
506798
506799
5068
50680
506800
506801
506802
506803
506804
506805
506806
506808
506809
506810
506811
506812
506815
506816
506817
506818
506819
506821
506822
506823
506825
506826
506828
506829
50683
506830
506831
506832
506833
506834
506835
506836
506837
506838
506839
50684
506840
506841
506842
506843
506844
506845
506846
506847
506848
50685
506850
506851
506853
506854
506855
506856
506857
506858
506860
506861
506862
506863
506864
506865
506866
506867
506868
506869
50687
506870
506872
506873
506874
506875
506876
506877
506878
506879
50688
506880
506881
506882
506883
506884
506885
506886
506887
506889
50689
506890
506891
506892
506893
506894
506896
506897
506899
50690
506900
506902
506903
506904
506905
506907
506908
506909
50691
506911
506912
506913
506915
506916
506919
506920
506921
506922
506923
506924
506925
506926
506927
506928
506929
50693
506931
506932
506933
506934
506935
506936
506937
506938
506939
50694
506941
506942
506943
506946
50695
506950
506951
506952
506953
506954
506955
506956
506957
506958
506959
50696
506960
506961
506962
506963
506964
506965
506967
506968
50697
506970
506971
506972
506973
506974
506975
506976
506977
506978
506979
50698
506980
506981
506982
506983
506984
506985
506986
506987
506988
506989
50699
506990
506991
506992
506993
506994
506995
506997
506998
506999
507
5070
50700
507000
507001
507002
507003
507004
507005
507006
507007
507008
507009
50701
507010
507011
507012
507013
507015
507016
507017
507018
507019
50702
507020
507021
507022
507023
507024
507025
507027
507029
507030
507032
507034
507036
507037
507039
50704
507040
507041
507042
507043
507045
507046
507048
507049
50705
507050
507051
507052
507053
507055
507056
507057
507058
507059
50706
507060
507061
507062
507065
507066
507067
507068
50707
507072
507073
507074
507075
507076
507077
507078
507079
50708
507080
507081
507082
507083
507084
507085
507086
507087
507089
50709
507091
507092
507093
507094
507095
507096
507097
507098
507099
5071
50710
507100
507101
507102
507103
507105
507106
507107
507108
507109
50711
507110
507111
507112
507113
507114
507115
507116
507117
507119
50712
507120
507121
507122
507123
507125
507126
507128
507129
50713
507130
507131
507132
507133
507134
507135
507136
507137
507138
507139
50714
507140
507141
507142
507143
507144
507145
507147
507148
507149
50715
507150
507151
507152
507153
507154
507155
507156
507157
507158
507159
50716
507160
507161
507162
507163
507164
507165
507166
507167
507168
50717
507170
507171
507172
507173
507174
507175
507176
507177
507178
507179
50718
507180
507181
507182
507183
507184
507185
507186
507187
507188
507189
50719
507190
507191
507194
507195
507196
507199
5072
50720
507200
507201
507202
507203
507204
507205
507206
507208
507209
507210
507211
507212
507213
507214
507215
507216
507217
50722
507220
507221
507222
507223
507224
507225
507226
507227
507228
507229
50723
507231
507233
507234
507236
507237
507238
507239
50724
507241
507242
507244
507245
507246
507247
507249
50725
507250
507251
507253
507255
507256
507257
507258
507259
507260
507261
507262
507263
507265
507266
507267
507269
50727
507270
507271
507272
507274
507275
507277
507278
507279
50728
507281
507282
507284
507286
507287
507288
507292
507294
507295
507296
507297
507298
507299
5073
50730
507300
507301
507303
507304
507305
507306
507307
507308
507309
50731
507310
507311
507312
507313
507314
507315
507316
507317
507318
50732
507320
507322
507324
507325
507326
507327
507328
507329
507331
507332
507333
507334
507335
507336
507337
507338
507339
507342
507343
507344
507345
507346
507347
507348
507349
507350
507351
507352
507353
507354
507355
507356
507357
507358
507359
50736
507360
507361
507362
507363
507366
507367
507368
507369
50737
507370
507371
507372
507374
507375
507376
507377
507378
507379
507380
507381
507382
507383
507384
507385
507386
507387
507389
50739
507390
507391
507392
507393
507394
507395
507396
507397
507398
507399
5074
50740
507400
507401
507402
507403
507404
507405
507406
507407
507408
507409
50741
507410
507411
507412
507413
507414
507415
507416
507417
507418
507419
50742
507420
507421
507422
507423
507425
507428
507431
507432
507433
507434
507435
507436
507437
507438
507439
50744
507440
507441
507442
507443
507444
507445
507446
507447
507448
507449
50745
507451
507452
507453
507454
507455
507456
507457
507459
50746
507460
507461
507462
507463
507464
507466
507467
507468
507469
50747
507470
507471
507472
507473
507474
507476
507477
507478
507479
507482
507484
507485
507486
507487
507489
507490
507491
507492
507493
507494
507495
507496
507497
507498
5075
507500
507501
507502
507503
507504
507505
507506
507507
507508
507509
50751
507511
507512
507513
507514
507515
507516
507517
507518
507519
50752
507520
507521
507522
507523
507524
507525
507526
507527
507528
507529
50753
507530
507531
507532
507533
507534
507536
507537
507538
507539
50754
507540
507542
507543
507544
507545
507546
507547
507548
507549
50755
507550
507551
507552
507553
507554
507555
507556
507557
507558
507559
50756
507560
507562
507563
507564
507565
507566
507567
507568
507569
50757
507570
507571
507572
507574
507575
507576
507577
507578
507579
50758
507580
507582
507584
507587
507589
50759
507592
507593
507594
507595
507596
507597
507598
507599
5076
50760
507600
507601
507602
507603
507604
507605
507606
507607
507608
507609
50761
507610
507611
507612
507613
507614
507615
507616
507617
507618
507619
50762
507621
507622
507623
507624
507626
507627
507628
507629
50763
507632
507633
507635
507637
507638
507639
507640
507641
507642
507644
507645
507646
507647
507648
50765
507651
507653
507654
507655
507656
507657
507658
507659
50766
507660
507662
507663
507664
507665
507666
507667
507668
507669
50767
507671
507673
507674
507676
507677
507678
507679
507680
507681
507682
507683
507684
507686
507687
507688
507689
50769
507692
507693
507694
507695
507696
507697
507698
507699
5077
50770
507700
507701
507702
507704
507705
507706
507708
507709
50771
507710
507711
507712
507713
507715
507716
507717
507718
507719
50772
507720
507722
507723
507724
507725
507726
507728
507729
507730
507731
507732
507733
507734
507735
507737
507738
507739
50774
507741
507742
507743
507745
507747
507748
507749
50775
507750
507751
507752
507753
507754
507755
507756
507757
507758
507759
50776
507760
507761
507762
507764
507765
507766
507767
507768
507769
50777
507770
507771
507772
507773
507774
507775
507776
507777
507778
507779
50778
507780
507781
507782
507783
507784
507785
507787
507788
507789
50779
507790
507791
507792
507793
507794
507795
507796
507797
507798
507799
5078
50780
507800
507801
507802
507803
507804
507805
507806
507807
507808
507809
50781
507810
507811
507812
507813
507814
507815
507816
507817
507818
507819
50782
507821
507824
507826
507828
507829
50783
507830
507831
507832
507833
507834
507835
507836
507837
507838
507839
507840
507841
507842
507843
507844
507845
507846
507848
507849
50785
507850
507851
507852
507853
507854
507855
507856
507857
507858
507859
507860
507861
507862
507863
507864
507865
507866
507867
507868
507869
50787
507870
507872
507873
507874
507875
507876
507877
507878
507879
50788
507880
507881
507882
507883
507884
507885
507886
507887
507888
507889
50789
507890
507891
507892
507893
507894
507895
507897
507898
507899
5079
50790
507900
507901
507902
507903
507905
507907
507908
507909
50791
507910
507911
507912
507913
507914
507915
507916
507917
507918
50792
507920
507921
507922
507923
507924
507925
507926
507927
507928
507929
50793
507930
507931
507932
507933
507934
507935
507936
507937
507938
507939
50794
507940
507941
507942
507943
507944
507945
507946
507947
507948
507949
50795
507950
507951
507952
507953
507954
507955
507958
50796
507960
507961
507962
507963
507964
507965
507966
507967
507968
507969
507970
507971
507972
507973
507974
507975
507976
507977
507979
507980
507981
507982
507983
507984
507985
507986
507987
507988
507989
50799
507990
507991
507992
507993
507994
507995
507996
507997
507998
507999
508
5080
50800
508000
508001
508002
508003
508004
508005
508006
508007
508008
50801
508011
508012
508013
508014
508015
508016
508017
508018
508019
50802
508020
508021
508022
508023
508024
508025
508026
508027
508029
508030
508031
508032
508033
508034
508035
508036
508037
508038
508039
50804
508040
508041
508042
508043
508044
508045
508046
508047
508048
508049
50805
508050
508051
508052
508053
508054
508055
508057
508058
508059
50806
508060
508061
508062
508063
508064
508065
508066
508067
508068
508069
50807
508070
508071
508072
508073
508074
508075
508076
508077
508078
508079
50808
508080
508081
508082
508083
508084
508085
508086
508087
508088
508089
50809
508090
508091
508093
508094
508095
508096
508097
508098
508099
5081
50810
508100
508101
508102
508103
508104
508105
508106
508107
508108
508109
508110
508111
508112
508113
508114
508115
508116
508117
508118
508119
50812
508120
508121
508122
508123
508124
508125
508126
508127
508129
50813
508130
508131
508132
508134
508135
508136
508137
508138
508139
508140
508141
508142
508143
508144
508145
508146
508147
508149
50815
508150
508151
508152
508153
508154
508155
508156
508157
508159
508160
508161
508162
508163
508164
508165
508166
508167
508168
508169
50817
508170
508171
508172
508173
508174
508175
508176
508177
508179
50818
508180
508181
508182
508183
508184
508185
508186
508187
508188
508189
50819
508190
508191
508192
508194
508195
508196
508197
508198
508199
5082
50820
508200
508201
508202
508203
508204
508205
508206
508207
508208
508209
50821
508210
508211
508212
508213
508214
508215
508216
508217
508218
508219
508220
508221
508222
508223
508225
508226
508227
508231
508232
508233
508234
508236
508237
508238
508239
50824
508242
508243
508244
508245
508246
508247
508248
508250
508251
508252
508253
508254
508255
508257
508258
508259
50826
508260
508261
508262
508263
508264
508265
508266
508267
508268
508269
50827
508272
508274
508275
508276
508277
508278
508279
50828
508280
508281
508285
508286
508287
508288
508289
50829
508292
508293
508294
508295
508297
508298
5083
50830
508300
508301
508302
508303
508304
508305
508306
508307
508308
508309
508311
508312
508313
508314
508315
508316
508317
508318
508319
508320
508321
508322
508323
508325
508326
508328
508330
508331
508332
508333
508335
508336
508337
508338
508339
50834
508340
508341
508343
508344
508345
508346
508347
508348
508349
50835
508350
508351
508352
508353
508354
508355
508356
508357
508358
508359
50836
508360
508361
508362
508363
508364
508365
508367
508368
508369
50837
508370
508371
508372
508373
508374
508375
508376
508377
508378
508379
50838
508380
508381
508382
508383
508384
508385
508386
508387
508388
508389
50839
508390
508392
508393
508394
508395
508396
508397
508398
5084
50840
508400
508401
508402
508403
508404
508405
508406
508407
508408
508409
50841
508412
508413
508414
508415
508416
508417
508418
508419
508420
508421
508422
508425
508426
508427
508428
508429
508430
508431
508432
508433
508434
508435
508436
508437
508438
508439
508440
508442
508444
508446
508447
508449
50845
508450
508451
508452
508453
508455
508456
508457
508458
508459
508462
508463
508464
508466
508467
508469
508471
508472
508473
508474
508476
508477
508478
508479
50848
508480
508481
508482
508483
508485
508486
508487
508488
508489
50849
508490
508492
508493
508494
508495
508496
508497
508498
508499
5085
50850
508500
508501
508502
508503
508504
508505
508506
508507
508508
508509
50851
508511
508512
508513
508514
508515
508516
508518
508519
50852
508521
508522
508523
508524
508525
508526
508528
50853
508530
508533
508537
508539
50854
508540
508542
508543
508544
508545
508546
508547
50855
508550
508551
508552
508553
508556
508557
50856
508561
508562
508563
508564
508565
508566
508568
508569
50857
508570
508572
508573
508574
508575
508576
508577
508578
508579
50858
508581
508584
508585
508586
508587
508588
50859
508590
508591
508592
508593
508594
508595
508596
508597
508599
5086
50860
508600
508601
508602
508603
508605
508606
508607
508608
508609
50861
508610
508611
508612
508613
508614
508615
508616
508617
508618
508619
50862
508620
508621
508622
508623
508624
508625
508626
508627
508629
50863
508630
508631
508632
508633
508634
508635
508636
508637
508638
508639
50864
508640
508641
508642
508643
508644
508645
508647
508648
508649
50865
508650
508651
508652
508654
508655
508658
508659
50866
508660
508661
508662
508663
508664
508665
508666
508667
508668
508669
50867
508670
508672
508673
508674
508675
508676
508677
508678
508679
50868
508680
508681
508682
508683
508684
508685
508686
508687
508688
508689
50869
508690
508691
508692
508693
508694
508695
508696
508697
5087
50870
508700
508701
508702
508703
508705
508706
508708
508709
50871
508710
508711
508713
508714
508715
508716
508717
508718
50872
508720
508721
508722
508723
508724
508725
508726
508727
508728
508729
50873
508730
508731
508732
508733
508735
508736
508737
508738
508739
50874
508741
508742
508743
508744
508745
508746
508747
508748
508749
50875
508750
508751
508752
508753
508754
508755
508756
508757
508758
508759
50876
508760
508761
508762
508763
508764
508767
508768
508769
508770
508771
508772
508773
508774
508775
508776
508777
50878
508780
508781
508784
508785
508786
508787
508788
508789
50879
508790
508791
508792
508793
508794
508795
508796
508798
508799
508800
508801
508802
508804
508805
508806
508807
50881
508812
508813
508814
508815
508816
508817
508818
508819
50882
508820
508821
508822
508823
508824
508825
508826
508827
508828
508829
50883
508830
508831
508832
508833
508834
508835
508838
508839
508840
508843
508845
508846
508847
508848
508849
50885
508850
508851
508852
508853
508854
508855
508857
508858
508859
508860
508861
508862
508863
508864
508865
508866
508868
508869
50887
508871
508873
508874
508875
508876
508877
508879
50888
508880
508881
508882
508883
508884
508885
508887
508888
508889
50889
508890
508891
508892
508893
508894
508895
508897
508898
508899
50890
508900
508901
508902
508903
508904
508905
508906
508907
508909
50891
508910
508911
508912
508913
508914
508915
508917
508918
508919
50892
508921
508923
508928
50893
508933
508935
508936
508937
50894
508940
508942
508943
508947
508949
50895
508951
508952
508954
508955
508956
508957
508958
50896
508960
508961
508962
508963
508965
508967
508969
50897
508970
508971
508972
508973
508975
508976
508977
508978
508979
50898
508980
508982
508983
508984
508985
508986
508989
50899
508990
508991
508992
508993
508995
508996
508997
508998
508999
509
50900
509000
509001
509002
509003
509004
509005
509006
509008
509009
50901
509010
509011
509012
509013
509014
509015
509016
509017
509018
509019
50902
509020
509021
509022
509023
509024
509025
509026
509027
509028
509029
50903
509030
509031
509032
509033
509034
509035
509036
509037
509038
50904
509040
509041
509042
509043
509044
509045
509046
509047
509048
509049
509051
509052
509053
509054
509055
509057
509058
509059
50906
509060
509061
509062
509063
509064
509065
509066
509067
50907
509072
509073
509074
509075
509076
509077
509078
509079
50908
509080
509081
509082
509083
509085
509087
509088
509089
50909
509090
509091
509092
509094
509095
509096
509097
509098
509099
50910
509100
509101
509102
509103
509104
509105
509106
509107
509108
509109
50911
509114
509115
509116
509117
509118
509119
50912
509120
509121
509122
509123
509125
509126
509127
509128
509129
509130
509131
509132
509133
509134
509135
509136
509137
509138
509139
50914
509140
509141
509142
509144
509145
509146
509147
509148
509149
50915
509151
509152
509153
509154
509155
509156
509157
509158
50916
509161
509162
509163
509164
509165
509166
509168
50917
509172
509173
509174
509175
509176
509177
509178
509179
50918
509180
509181
509188
509189
50919
509190
509191
509192
509193
509194
509195
509196
509197
509199
50920
509200
509201
509202
509203
509206
509207
509209
50921
509210
509211
509212
509213
509214
509216
509217
509219
50922
509220
509221
509222
509223
509224
509225
509226
509227
509228
509229
50923
509230
509231
509232
509234
509237
509238
509239
50924
509240
509243
509244
509245
509246
509248
509249
50925
509250
509251
509252
509254
509255
509256
509257
509258
509259
50926
509260
509261
509262
509263
509264
509265
509266
509267
509268
509269
50927
509270
509272
509273
509274
509276
509277
509278
509279
50928
509280
509281
509282
509283
509284
509285
509286
509287
509288
509289
50929
509290
509291
509293
509294
509295
509296
509297
509298
509299
50930
509300
509301
509302
509308
509309
509310
509311
509312
509313
509314
509315
509316
509317
509318
509319
50932
509320
509321
509322
509323
509324
509325
509326
509327
509328
509329
50933
509330
509331
509332
509333
509335
509336
509337
509338
509339
50934
509340
509341
509342
509343
509344
509345
509347
509349
50935
509351
509352
509353
509354
509355
509356
509358
50936
509360
509361
509362
509363
509364
509365
509366
509367
509368
509369
509370
509371
509372
509373
509374
509375
509376
509377
509378
509379
50938
509380
509381
509382
509384
509385
509386
509387
509388
509389
50939
509390
509391
509392
509393
509395
509396
509397
509398
509399
50940
509401
509402
509403
509404
509405
509407
509409
50941
509410
509411
509413
509414
509415
509416
509417
509419
509420
509421
509422
509423
509424
509425
509426
509427
509428
509429
50943
509430
509431
509432
509433
509435
509436
509437
509438
509439
50944
509441
509442
509443
509444
509445
509446
509447
509448
509449
50945
509451
509452
509453
509454
509455
509456
509457
509458
509459
50946
509460
509461
509462
509463
509464
509465
509466
509467
509468
509469
50947
509470
509471
509472
509473
509474
509478
509479
50948
509480
509481
509482
509483
509484
509486
509487
509488
509489
50949
509490
509491
509492
509493
509495
509496
509497
509498
509499
50950
509500
509502
509503
509504
509505
509506
509507
509508
509509
50951
509510
509511
509512
509513
509515
509516
509517
509518
509519
50952
509520
509521
509522
509523
509524
509525
509526
509528
509529
50953
509531
509532
509533
509534
509536
509537
509538
509539
50954
509541
509543
509547
509548
509549
50955
509554
509557
509558
509559
50956
509560
509561
509562
509563
509564
509565
50957
509570
509575
509576
509579
50958
509583
509585
509586
509587
509588
50959
509590
509591
509593
509594
509595
509597
509598
509599
50960
509600
509601
509602
509603
509604
509605
509606
509607
509608
509609
50961
509611
509612
509613
509615
509616
509617
509618
50962
509620
509621
509623
509624
509625
509626
509627
509628
509629
50963
509632
509633
509634
509635
509636
509637
509638
509639
50964
509640
509641
509642
509643
509644
509645
509646
509647
509648
509649
509650
509651
509652
509654
509656
509657
509658
509659
50966
509660
509661
509662
509663
509665
509667
509668
509669
50967
509670
509671
509672
509673
509674
509675
509676
509678
509679
50968
509681
509682
509683
509684
509687
509688
509689
509690
509692
509693
509694
509695
509696
509697
509698
50970
509700
509701
509702
509703
509704
509705
509706
509707
509708
509709
50971
509710
509711
509712
509713
509714
509715
509716
509717
509718
509719
50972
509723
509724
509725
509727
509728
509729
50973
509730
509731
509732
509733
509734
509736
509738
509739
50974
509740
509741
509742
509743
509744
509745
509746
509747
509748
509749
50975
509750
509751
509752
509753
509755
509756
509757
509758
509759
509760
509761
509762
509763
509765
509766
509767
509768
509769
50977
509770
509771
509772
509773
509775
509776
509777
509778
509779
50978
509780
509781
509783
509784
509785
509786
509787
509788
509789
50979
509790
509791
509792
509793
509794
509795
509796
509797
509798
509799
50980
509800
509801
509802
509804
509805
509806
509807
509808
509809
50981
509810
509811
509812
509813
509814
509815
509816
509817
509818
509819
50982
509820
509821
509822
509823
509824
509825
509826
509827
509828
509829
50983
509830
509831
509832
509833
509834
509835
509836
509837
509838
509839
50984
509840
509841
509842
509843
509845
509846
509847
509848
509849
50985
509850
509851
509852
509853
509854
509855
509856
509857
509859
50986
509860
509861
509862
509863
509865
509867
509868
509869
50987
509870
509871
509873
509874
509875
509876
509877
509878
509879
50988
509880
509881
509882
509885
509888
50989
509892
509893
509896
509897
509898
509899
50990
509900
509901
509902
509903
509904
509905
509906
509907
509908
509909
509910
509913
509914
509915
509916
509918
50992
509920
509921
509922
509923
509924
509925
509927
509928
509929
509930
509931
509932
509933
509934
509936
509937
509939
509940
509941
509942
509943
509944
509946
509947
509948
509949
50995
509950
509952
509953
509955
509957
509959
509961
509965
509966
509967
509968
509969
509970
509971
509972
509974
509975
509976
509978
509979
509980
509982
509983
509984
509985
509986
509987
509988
509990
509991
509992
509993
509995
509997
509999
510
51000
510000
510001
510002
510003
510005
510007
510009
510010
510012
510014
510015
510016
510017
510018
510019
510020
510021
510022
510024
510025
510026
510028
510029
510030
510031
510032
510033
510034
510036
510037
510040
510041
510042
510043
510044
510046
510047
510048
510055
510058
510059
51006
510060
510061
510062
510064
510065
510066
510067
510068
510069
51007
510070
510071
510072
510073
510076
510077
510079
51008
510082
510084
510085
510086
510088
510089
51009
510092
510093
510094
510095
510096
510098
51010
510100
510102
510103
510104
510105
510106
510107
510108
510109
51011
510110
510111
510112
510113
510115
510116
510117
510118
510119
51012
510120
510121
510122
510123
510124
510125
510126
510128
510129
51013
510130
510131
510132
510133
510134
510135
510136
510137
510138
510139
51014
510140
510141
510144
510145
510146
510147
510148
51015
510150
510151
510152
510153
510154
510155
510156
510157
510158
510159
51016
510160
510161
510162
510163
510164
510165
510166
510167
510168
510169
51017
510171
510172
510173
510174
510175
510176
510177
510178
510179
51018
510180
510181
510182
510183
510184
510185
510186
510187
510188
510189
51019
510190
510191
510192
510193
510195
510196
510197
510198
510199
51020
510200
510201
510202
510203
510204
510205
510206
510207
510208
510209
51021
510210
510211
510212
510213
510214
510215
510216
510217
510218
510219
51022
510220
510222
510223
510224
510225
510226
510227
510228
510229
51023
510230
510231
510232
510233
510234
510235
510236
510237
510238
510239
51024
510240
510241
510242
510243
510244
510245
510246
510247
510248
510249
510250
510251
510252
510253
510254
510255
510256
510257
510258
510259
51026
510260
510261
510262
510263
510264
510265
510266
510267
510268
510269
510270
510271
510272
510273
510274
510275
510276
510277
510278
510279
51028
510280
510281
510282
510283
510284
510285
510287
510288
510289
510290
510291
510292
510293
510294
510295
510296
510298
510299
51030
510300
510301
510302
510303
510304
510305
510306
510308
510309
510310
510311
510312
510313
510314
510315
510316
510317
510318
510319
510320
510321
510322
510323
510324
510326
510327
510328
510329
510330
510331
510332
510333
510334
510335
510336
510337
510338
510339
510341
510342
510343
510344
510345
510346
510347
510348
510349
510350
510351
510352
510353
510355
510356
510357
510358
510359
51036
510362
510363
510364
510365
510366
510367
510368
510369
51037
510370
510371
510372
510374
510375
510376
510377
510378
510379
51038
510380
510381
510382
510383
510384
510385
510386
510387
510388
510389
51039
510391
510392
510393
510394
510395
510396
510397
510398
51040
510400
510401
510402
510403
510405
510406
510407
510408
510409
51041
510410
510411
510412
510414
510415
510416
510417
510419
510420
510421
510422
510423
510424
510426
510427
510428
510429
51043
510431
510432
510433
510434
510435
510436
510437
510438
51044
510440
510441
510442
510443
510444
510445
510446
510449
51045
510450
510451
510452
510453
510454
510455
510456
510457
510458
510459
51046
510460
510461
510464
510465
510466
510467
510468
510469
51047
510470
510471
510472
510473
510474
510475
510476
510477
510479
51048
510480
510481
510482
510484
510485
510486
510487
510488
510489
51049
510490
510491
510492
510493
510494
510495
510496
510497
510498
510499
510500
510501
510502
510503
510504
510505
510506
510507
510509
51051
510510
510511
510512
510513
510515
510516
510517
510518
510519
51052
510520
510521
510522
510523
510524
510525
510526
510527
510528
510529
510531
510532
510533
510534
510535
510536
510537
510538
510539
51054
510541
510542
510544
510545
510546
510548
510549
51055
510550
510551
510552
510553
510554
510555
510557
510558
510559
51056
510560
510561
510562
510563
510565
510566
510567
510568
510569
510570
510571
510572
510573
510575
510576
510577
510578
510579
51058
510580
510581
510582
510583
510584
510585
510586
510587
510588
510589
51059
510590
510592
510593
510595
510596
510597
510598
510599
510600
510601
510602
510603
510604
510605
510606
510607
510608
510610
510611
510612
510613
510615
510616
510617
510618
510619
51062
510620
510621
510622
510623
510624
510626
510627
510628
510629
51063
510630
510631
510632
510633
510634
510635
510636
510637
510638
510639
510641
510642
510643
510644
510645
510646
510647
510648
510649
51065
510650
510651
510652
510653
510654
510655
510656
510657
510658
510659
51066
510660
510662
510663
510664
510665
510667
