603107
603108
603109
603110
603111
603112
603113
603115
603117
603118
603119
603120
603121
603122
603123
603125
603126
603127
603128
603129
603131
603132
603134
603135
603136
603137
603138
603140
603141
603142
603143
603144
603145
603146
603147
603149
603150
603151
603152
603153
603154
603155
603156
603157
603158
603159
603160
603161
603162
603163
603164
603166
603167
603168
603169
603170
603171
603172
603173
603174
603175
603176
603177
603178
603179
603180
603181
603182
603183
603184
603185
603186
603187
603188
603189
603191
603192
603193
603194
603195
603197
603198
603199
603200
603201
603202
603203
603204
603205
603206
603208
603209
603210
603211
603212
603213
603214
603215
603216
603217
603218
603219
603220
603221
603222
603223
603224
603225
603226
603227
603228
603229
603230
603231
603232
603233
603234
603235
603236
603237
603238
603239
603240
603241
603242
603244
603245
603246
603247
603248
603249
603250
603251
603252
603254
603255
603257
603258
603259
603260
603261
603263
603264
603265
603267
603268
603269
603270
603271
603272
603273
603275
603276
603277
603278
603280
603281
603282
603283
603284
603285
603286
603287
603288
603289
603290
603291
603292
603293
603294
603295
603296
603297
603298
603299
603301
603302
603303
603304
603305
603307
603312
603313
603314
603315
603316
603317
603319
603320
603322
603323
603324
603325
603326
603327
603328
603329
603331
603332
603333
603334
603335
603336
603337
603338
603339
603340
603341
603342
603345
603346
603347
603349
603350
603351
603353
603354
603355
603356
603357
603358
603360
603361
603362
603363
603364
603365
603366
603367
603368
603369
603370
603372
603373
603374
603375
603376
603379
603380
603381
603382
603383
603385
603386
603387
603388
603389
603390
603391
603392
603393
603394
603397
603398
603399
603400
603403
603404
603407
603409
603411
603412
603415
603417
603418
603419
603420
603421
603424
603425
603426
603428
603429
603430
603431
603432
603433
603435
603436
603437
603438
603439
603440
603441
603442
603443
603444
603446
603447
603448
603449
603450
603452
603453
603454
603456
603457
603458
603459
603460
603461
603462
603464
603465
603466
603467
603469
603470
603471
603472
603473
603474
603475
603476
603477
603478
603479
603480
603481
603482
603484
603485
603487
603488
603489
603490
603491
603492
603493
603494
603495
603497
603498
603499
603500
603501
603503
603505
603506
603508
603511
603512
603513
603514
603515
603516
603517
603518
603519
603520
603521
603522
603523
603524
603525
603526
603527
603528
603529
603531
603532
603533
603534
603535
603536
603537
603538
603540
603541
603542
603543
603544
603545
603546
603547
603548
603550
603551
603552
603553
603555
603556
603557
603559
603561
603562
603563
603564
603565
603566
603567
603568
603569
603570
603571
603572
603573
603575
603576
603577
603578
603579
603580
603582
603583
603585
603586
603587
603588
603590
603591
603592
603594
603595
603597
603598
603599
603602
603603
603604
603605
603606
603607
603608
603609
603610
603611
603612
603613
603614
603615
603616
603617
603618
603619
603621
603622
603623
603624
603625
603626
603627
603628
603629
603631
603632
603633
603635
603636
603637
603638
603639
603640
603641
603642
603643
603644
603645
603646
603647
603648
603649
603651
603652
603653
603654
603655
603656
603657
603658
603659
603660
603661
603662
603663
603664
603665
603666
603667
603668
603669
603671
603672
603673
603674
603676
603678
603680
603681
603682
603683
603684
603685
603686
603687
603688
603689
603690
603691
603692
603693
603696
603697
603698
603699
603700
603701
603702
603703
603704
603705
603707
603708
603709
603710
603711
603712
603713
603714
603715
603716
603718
603719
603720
603721
603722
603723
603724
603725
603726
603727
603728
603730
603731
603732
603734
603735
603736
603737
603739
603740
603741
603742
603743
603744
603745
603746
603747
603748
603749
603750
603751
603752
603753
603754
603756
603760
603761
603762
603764
603765
603766
603767
603768
603769
603770
603771
603772
603774
603776
603777
603778
603779
603780
603781
603782
603783
603785
603786
603787
603788
603789
603790
603791
603792
603793
603794
603795
603796
603797
603798
603799
603800
603801
603802
603803
603804
603806
603807
603808
603809
603810
603811
603812
603813
603814
603815
603816
603817
603818
603819
603820
603821
603822
603823
603824
603825
603826
603827
603828
603829
603831
603832
603833
603834
603835
603836
603838
603839
603840
603841
603842
603843
603844
603845
603846
603847
603849
603850
603851
603853
603854
603855
603856
603857
603858
603859
603860
603861
603862
603863
603864
603865
603866
603867
603868
603869
603870
603871
603872
603873
603874
603875
603876
603877
603878
603879
603880
603881
603882
603883
603884
603885
603886
603887
603888
603889
603890
603891
603892
603893
603894
603895
603896
603898
603899
603901
603902
603903
603904
603905
603907
603908
603909
603910
603911
603912
603914
603915
603916
603917
603918
603920
603921
603922
603923
603924
603925
603926
603927
603928
603929
603930
603931
603932
603935
603936
603937
603938
603939
603940
603941
603942
603943
603944
603945
603948
603949
603950
603953
603954
603955
603956
603957
603958
603959
603960
603961
603962
603963
603964
603965
603966
603967
603968
603969
603970
603971
603972
603973
603974
603975
603976
603978
603979
603981
603982
603983
603984
603985
603986
603987
603988
603989
603991
603993
603994
603995
603997
603998
603999
604000
604001
604002
604003
604004
604005
604006
604007
604008
604009
604010
604012
604013
604014
604016
604017
604018
604019
604021
604022
604023
604024
604026
604027
604028
604029
604030
604031
604032
604033
604034
604035
604036
604037
604038
604039
604040
604041
604042
604043
604044
604045
604046
604047
604048
604049
604050
604051
604052
604053
604054
604055
604056
604057
604058
604059
604060
604061
604062
604063
604064
604066
604067
604068
604069
604070
604071
604072
604073
604074
604075
604076
604077
604078
604079
604080
604081
604084
604085
604086
604087
604089
604091
604092
604093
604094
604095
604096
604098
604099
604100
604103
604104
604106
604107
604108
604109
604110
604111
604113
604114
604115
604116
604117
604118
604120
604121
604122
604124
604125
604127
604128
604129
604130
604131
604132
604133
604134
604135
604136
604137
604138
604139
604140
604141
604142
604143
604144
604145
604146
604147
604148
604149
604150
604152
604153
604154
604155
604157
604158
604159
604160
604161
604162
604163
604164
604166
604167
604168
604169
604170
604171
604172
604173
604174
604175
604176
604177
604181
604182
604183
604184
604185
604186
604188
604189
604190
604191
604192
604193
604195
604196
604197
604198
604199
604200
604201
604202
604203
604204
604205
604206
604207
604208
604209
604210
604211
604212
604213
604214
604215
604216
604217
604218
604219
604220
604221
604222
604223
604224
604225
604226
604227
604228
604229
604232
604233
604234
604235
604236
604237
604238
604239
604240
604242
604243
604244
604245
604248
604249
604250
604251
604252
604255
604256
604257
604259
604260
604261
604262
604263
604264
604265
604266
604267
604268
604269
604270
604271
604272
604273
604274
604275
604276
604277
604278
604279
604280
604281
604282
604283
604284
604285
604286
604287
604288
604289
604290
604291
604292
604294
604296
604297
604298
604299
604300
604302
604303
604304
604305
604306
604308
604309
604310
604311
604312
604317
604318
604320
604321
604322
604323
604324
604325
604326
604327
604328
604329
604330
604331
604332
604333
604334
604335
604337
604338
604339
604340
604341
604342
604343
604344
604345
604346
604347
604348
604349
604350
604351
604352
604354
604355
604356
604357
604358
604359
604360
604361
604362
604363
604364
604365
604366
604367
604368
604369
604370
604371
604372
604373
604374
604375
604376
604377
604378
604379
604380
604382
604383
604384
604385
604386
604387
604388
604389
604390
604391
604392
604393
604395
604396
604397
604398
604399
604400
604401
604403
604404
604405
604406
604407
604408
604409
604410
604411
604412
604413
604414
604415
604416
604417
604418
604419
604420
604421
604422
604423
604424
604426
604427
604428
604431
604432
604434
604436
604437
604438
604439
604440
604441
604443
604444
604445
604446
604449
604451
604452
604453
604455
604456
604457
604458
604460
604461
604462
604463
604464
604465
604466
604467
604468
604469
604473
604476
604477
604478
604480
604482
604483
604485
604486
604487
604488
604489
604491
604492
604493
604494
604495
604496
604497
604498
604500
604501
604502
604503
604504
604505
604506
604507
604508
604509
604510
604511
604512
604513
604514
604515
604516
604517
604518
604520
604521
604522
604523
604524
604526
604529
604531
604532
604533
604534
604535
604536
604537
604538
604539
604540
604541
604542
604544
604545
604546
604547
604548
604549
604550
604551
604552
604553
604554
604555
604556
604557
604558
604559
604560
604561
604562
604563
604564
604565
604566
604567
604568
604569
604570
604571
604572
604573
604574
604575
604576
604577
604578
604579
604580
604581
604582
604583
604584
604588
604589
604590
604591
604592
604593
604594
604595
604596
604597
604598
604599
604600
604602
604603
604605
604606
604607
604608
604609
604610
604611
604612
604613
604614
604615
604617
604619
604620
604621
604622
604623
604624
604625
604626
604627
604628
604630
604631
604632
604633
604634
604635
604636
604637
604638
604639
604640
604641
604643
604644
604645
604646
604647
604648
604649
604650
604652
604653
604655
604656
604658
604659
604661
604662
604663
604665
604666
604668
604673
604674
604675
604676
604677
604678
604679
604680
604682
604683
604684
604685
604686
604687
604688
604689
604692
604693
604694
604695
604696
604697
604698
604699
604700
604701
604702
604703
604704
604705
604706
604707
604708
604709
604710
604711
604712
604713
604714
604716
604719
604720
604721
604722
604723
604724
604725
604726
604727
604728
604729
604730
604731
604732
604733
604734
604735
604736
604738
604739
604740
604741
604742
604744
604745
604746
604748
604749
604750
604751
604752
604753
604754
604755
604756
604757
604758
604759
604760
604761
604762
604763
604764
604766
604767
604768
604769
604770
604771
604772
604773
604774
604775
604776
604777
604778
604779
604780
604781
604782
604783
604784
604785
604787
604788
604789
604790
604791
604792
604793
604794
604795
604796
604797
604798
604799
604800
604801
604802
604803
604804
604805
604806
604807
604808
604809
604810
604811
604812
604813
604814
604815
604816
604817
604818
604820
604821
604822
604823
604824
604825
604828
604829
604830
604831
604835
604836
604837
604839
604840
604841
604842
604843
604845
604846
604847
604848
604849
604850
604851
604852
604853
604854
604855
604856
604857
604858
604859
604860
604861
604862
604863
604864
604866
604867
604868
604869
604870
604871
604872
604873
604874
604875
604876
604877
604878
604879
604880
604881
604882
604883
604887
604888
604889
604890
604892
604893
604894
604895
604896
604897
604899
604900
604901
604902
604904
604905
604906
604907
604908
604909
604910
604911
604912
604913
604914
604915
604916
604917
604918
604919
604920
604921
604922
604923
604924
604925
604926
604927
604928
604929
604931
604932
604933
604934
604935
604936
604937
604938
604939
604940
604941
604943
604944
604945
604946
604947
604948
604949
604950
604951
604952
604953
604954
604955
604957
604958
604959
604960
604961
604962
604963
604964
604966
604967
604968
604969
604970
604971
604972
604973
604974
604975
604976
604977
604979
604980
604981
604982
604983
604984
604985
604986
604987
604988
604989
604990
604991
604992
604993
604994
604995
604996
604997
604998
604999
605000
605001
605002
605003
605004
605005
605006
605007
605008
605009
605011
605012
605013
605014
605015
605016
605017
605018
605019
605020
605021
605022
605023
605024
605025
605026
605027
605029
605030
605031
605032
605033
605034
605035
605037
605038
605039
605041
605042
605045
605046
605048
605049
605051
605052
605053
605054
605055
605057
605058
605059
605060
605061
605062
605063
605064
605065
605066
605067
605069
605070
605072
605073
605074
605075
605076
605077
605078
605079
605080
605081
605082
605083
605084
605086
605087
605088
605089
605090
605091
605092
605093
605094
605095
605096
605097
605098
605099
605100
605103
605104
605105
605106
605107
605108
605109
605110
605111
605112
605113
605114
605116
605117
605118
605119
605120
605121
605122
605123
605124
605125
605126
605127
605128
605129
605130
605132
605133
605134
605135
605136
605138
605139
605140
605141
605143
605145
605146
605147
605148
605149
605150
605151
605152
605153
605154
605155
605156
605157
605158
605159
605160
605161
605162
605163
605164
605165
605166
605167
605168
605169
605170
605171
605172
605173
605174
605175
605176
605177
605178
605179
605180
605181
605182
605183
605184
605185
605186
605187
605188
605189
605190
605191
605192
605193
605194
605196
605197
605198
605199
605201
605202
605203
605204
605205
605206
605208
605209
605211
605212
605214
605215
605216
605217
605218
605219
605220
605222
605223
605224
605225
605226
605227
605228
605229
605230
605231
605232
605233
605234
605235
605236
605237
605239
605240
605241
605242
605243
605244
605245
605246
605247
605248
605249
605250
605251
605252
605253
605254
605255
605256
605257
605258
605259
605260
605261
605262
605263
605264
605265
605266
605267
605268
605269
605270
605271
605272
605273
605274
605275
605276
605277
605278
605279
605280
605281
605282
605283
605284
605285
605286
605287
605288
605289
605290
605291
605292
605294
605295
605296
605297
605298
605299
605300
605301
605302
605304
605305
605306
605307
605309
605310
605311
605312
605313
605314
605315
605316
605317
605318
605319
605320
605321
605322
605323
605324
605325
605327
605328
605329
605330
605331
605332
605333
605334
605335
605336
605337
605338
605339
605340
605341
605342
605343
605344
605345
605346
605347
605348
605350
605352
605353
605354
605355
605356
605357
605358
605360
605361
605362
605363
605364
605365
605366
605367
605368
605369
605370
605371
605372
605373
605375
605376
605377
605378
605379
605381
605382
605383
605384
605385
605386
605387
605388
605389
605390
605391
605392
605394
605397
605398
605402
605403
605404
605405
605406
605407
605409
605410
605411
605412
605413
605414
605415
605416
605417
605418
605419
605420
605421
605422
605423
605424
605425
605426
605427
605429
605430
605431
605432
605433
605435
605436
605437
605438
605439
605440
605441
605442
605443
605444
605445
605446
605447
605448
605449
605450
605451
605452
605453
605454
605455
605456
605457
605458
605459
605460
605461
605462
605463
605464
605465
605466
605467
605468
605469
605470
605471
605472
605473
605474
605475
605476
605477
605478
605479
605480
605482
605483
605484
605486
605487
605488
605491
605492
605493
605494
605495
605496
605497
605498
605499
605500
605501
605502
605503
605504
605505
605506
605507
605508
605509
605510
605511
605512
605513
605514
605515
605516
605517
605519
605521
605523
605524
605525
605526
605527
605529
605530
605532
605533
605534
605536
605537
605538
605539
605540
605542
605544
605545
605546
605547
605548
605549
605550
605551
605552
605553
605554
605555
605556
605557
605558
605559
605560
605561
605562
605563
605564
605565
605566
605567
605568
605569
605570
605571
605572
605573
605574
605575
605576
605577
605578
605579
605580
605581
605582
605583
605584
605585
605586
605587
605588
605589
605591
605592
605593
605594
605595
605596
605597
605598
605599
605600
605601
605602
605603
605604
605605
605606
605607
605608
605609
605610
605611
605612
605613
605614
605615
605616
605617
605618
605619
605620
605621
605622
605623
605624
605625
605627
605628
605629
605630
605631
605632
605633
605634
605635
605636
605638
605639
605640
605641
605642
605643
605644
605645
605646
605647
605648
605649
605650
605651
605652
605653
605654
605655
605656
605657
605658
605659
605660
605661
605662
605663
605664
605665
605666
605667
605668
605669
605670
605671
605672
605674
605675
605676
605677
605679
605680
605681
605682
605683
605684
605686
605687
605688
605689
605690
605691
605692
605693
605694
605695
605697
605698
605699
605700
605701
605702
605703
605704
605705
605706
605707
605708
605709
605710
605711
605712
605713
605714
605715
605716
605718
605719
605720
605721
605722
605723
605724
605725
605726
605727
605728
605729
605730
605731
605732
605733
605734
605735
605736
605737
605738
605739
605740
605741
605742
605743
605744
605745
605746
605747
605748
605749
605751
605752
605753
605754
605755
605756
605757
605758
605759
605760
605762
605763
605764
605765
605766
605767
605768
605769
605771
605772
605773
605774
605775
605776
605777
605778
605779
605780
605781
605782
605783
605784
605785
605786
605787
605788
605789
605790
605791
605792
605793
605794
605796
605798
605799
605800
605801
605802
605804
605807
605808
605809
605810
605811
605812
605813
605814
605815
605816
605817
605818
605819
605820
605821
605822
605823
605824
605826
605827
605828
605829
605830
605831
605832
605833
605834
605835
605836
605837
605838
605839
605840
605841
605842
605843
605844
605845
605846
605847
605848
605849
605850
605851
605852
605854
605855
605856
605857
605858
605859
605860
605862
605863
605864
605865
605866
605867
605868
605869
605870
605871
605873
605874
605875
605876
605877
605878
605879
605880
605882
605883
605885
605886
605887
605888
605889
605890
605891
605892
605893
605894
605895
605896
605897
605898
605899
605900
605901
605902
605903
605904
605905
605906
605907
605908
605909
605910
605911
605912
605913
605914
605915
605916
605917
605918
605920
605921
605922
605923
605924
605925
605926
605927
605928
605929
605930
605931
605932
605933
605934
605935
605936
605937
605938
605939
605940
605941
605942
605943
605944
605945
605946
605947
605948
605950
605951
605952
605953
605954
605955
605956
605957
605958
605959
605960
605961
605962
605964
605965
605966
605967
605968
605969
605970
605971
605972
605973
605974
605975
605976
605977
605978
605979
605982
605983
605986
605987
605988
605989
605990
605991
605992
605993
605994
605995
605996
605997
605998
605999
606000
606001
606002
606003
606004
606005
606006
606007
606009
606010
606012
606013
606014
606015
606017
606018
606019
606020
606021
606022
606023
606024
606025
606026
606027
606028
606029
606030
606031
606032
606033
606034
606035
606036
606038
606040
606041
606042
606043
606044
606045
606046
606047
606048
606049
606050
606051
606053
606054
606055
606056
606057
606058
606059
606060
606061
606062
606063
606064
606065
606066
606067
606068
606069
606070
606071
606072
606073
606074
606075
606076
606077
606078
606079
606080
606081
606082
606083
606084
606085
606086
606087
606088
606089
606090
606091
606092
606093
606094
606095
606096
606097
606098
606099
606100
606101
606102
606103
606104
606105
606107
606108
606109
606110
606111
606112
606113
606114
606115
606116
606117
606118
606119
606120
606121
606122
606123
606124
606125
606126
606127
606128
606129
606130
606131
606132
606133
606134
606135
606136
606137
606138
606139
606140
606141
606142
606143
606144
606146
606147
606148
606149
606150
606151
606152
606153
606154
606155
606156
606157
606158
606159
606160
606161
606162
606163
606164
606165
606166
606167
606168
606169
606170
606171
606172
606173
606174
606175
606176
606177
606178
606179
606181
606182
606183
606184
606185
606186
606187
606188
606189
606190
606191
606192
606193
606194
606195
606196
606197
606198
606199
606200
606201
606202
606203
606204
606205
606206
606207
606208
606209
606211
606212
606213
606214
606215
606216
606217
606219
606221
606222
606223
606224
606225
606226
606227
606228
606229
606230
606231
606232
606233
606234
606235
606236
606237
606238
606239
606240
606241
606242
606243
606244
606245
606246
606247
606249
606250
606251
606252
606254
606255
606256
606257
606258
606259
606260
606261
606262
606263
606264
606265
606266
606267
606268
606269
606270
606271
606272
606273
606274
606275
606276
606277
606278
606279
606280
606283
606284
606286
606287
606288
606289
606290
606291
606292
606293
606294
606295
606296
606297
606298
606299
606302
606303
606304
606305
606306
606307
606308
606309
606310
606311
606312
606313
606314
606315
606316
606317
606318
606319
606320
606321
606322
606323
606324
606325
606326
606327
606328
606329
606331
606333
606334
606336
606337
606338
606339
606340
606341
606342
606343
606344
606345
606346
606347
606348
606349
606350
606351
606352
606353
606354
606355
606356
606357
606358
606359
606360
606361
606363
606364
606365
606366
606367
606368
606369
606370
606371
606372
606373
606374
606375
606376
606377
606378
606379
606380
606381
606382
606383
606384
606385
606386
606387
606388
606389
606390
606391
606392
606393
606395
606396
606398
606399
606400
606401
606402
606403
606404
606405
606406
606407
606408
606409
606410
606411
606412
606413
606414
606415
606416
606417
606418
606419
606421
606422
606423
606424
606425
606426
606427
606428
606429
606430
606431
606432
606433
606435
606436
606437
606438
606439
606440
606441
606442
606443
606446
606447
606448
606449
606450
606451
606452
606453
606454
606455
606456
606457
606458
606459
606460
606461
606462
606463
606464
606465
606466
606467
606468
606469
606470
606471
606472
606473
606474
606475
606476
606477
606478
606479
606480
606481
606482
606483
606484
606485
606486
606487
606488
606489
606490
606492
606493
606494
606495
606496
606497
606498
606499
606500
606501
606502
606503
606504
606505
606506
606507
606508
606509
606510
606511
606513
606514
606515
606516
606517
606518
606519
606520
606521
606522
606523
606524
606525
606526
606527
606528
606529
606530
606531
606532
606533
606534
606535
606536
606537
606538
606539
606540
606541
606542
606543
606545
606546
606547
606548
606549
606550
606551
606552
606553
606554
606555
606556
606557
606558
606559
606560
606561
606562
606563
606564
606565
606567
606568
606569
606570
606571
606574
606575
606576
606577
606578
606579
606580
606581
606582
606583
606584
606585
606586
606587
606588
606589
606590
606591
606592
606593
606594
606595
606596
606597
606598
606599
606600
606602
606603
606604
606605
606606
606607
606608
606609
606610
606611
606612
606614
606615
606616
606617
606618
606619
606620
606621
606624
606625
606626
606627
606628
606630
606631
606632
606633
606634
606635
606636
606637
606638
606639
606640
606641
606642
606643
606644
606645
606646
606647
606648
606649
606650
606651
606652
606653
606654
606655
606656
606657
606658
606659
606660
606661
606662
606663
606666
606667
606668
606669
606670
606671
606672
606673
606674
606675
606677
606678
606679
606680
606681
606682
606683
606684
606685
606686
606687
606688
606689
606690
606691
606692
606693
606694
606695
606696
606697
606698
606699
606700
606701
606702
606703
606704
606705
606706
606707
606708
606709
606710
606711
606713
606714
606715
606716
606717
606718
606720
606722
606724
606726
606730
606731
606732
606733
606734
606736
606737
606738
606739
606740
606741
606742
606743
606744
606745
606746
606751
606752
606753
606754
606755
606756
606757
606759
606760
606761
606762
606763
606764
606766
606767
606768
606769
606770
606771
606772
606773
606775
606776
606777
606778
606779
606780
606781
606782
606783
606784
606785
606786
606787
606788
606789
606790
606791
606792
606793
606794
606795
606796
606797
606798
606799
606800
606801
606802
606803
606804
606805
606806
606807
606808
606809
606810
606811
606812
606813
606815
606816
606818
606819
606820
606821
606823
606824
606825
606826
606827
606828
606829
606830
606831
606832
606833
606834
606835
606836
606837
606838
606839
606840
606843
606844
606845
606846
606847
606848
606849
606850
606851
606852
606853
606854
606855
606856
606857
606858
606859
606860
606862
606863
606864
606865
606867
606868
606869
606870
606871
606872
606873
606874
606875
606876
606877
606878
606879
606880
606881
606882
606883
606884
606887
606888
606889
606891
606893
606894
606896
606898
606899
606900
606901
606902
606903
606904
606905
606906
606907
606908
606909
606910
606912
606913
606914
606915
606916
606917
606918
606919
606920
606921
606922
606924
606925
606926
606927
606928
606929
606930
606931
606932
606933
606934
606935
606936
606937
606939
606940
606941
606942
606943
606944
606945
606946
606947
606948
606949
606950
606951
606952
606953
606954
606956
606957
606958
606960
606961
606962
606963
606964
606965
606966
606967
606968
606969
606970
606971
606972
606973
606974
606975
606976
606977
606978
606979
606980
606981
606982
606983
606984
606985
606987
606988
606989
606990
606991
606992
606993
606994
606995
606996
606997
606998
606999
607000
607001
607002
607003
607004
607005
607006
607007
607008
607009
607010
607011
607012
607014
607015
607016
607017
607018
607019
607020
607021
607022
607023
607024
607025
607026
607027
607028
607029
607030
607031
607032
607033
607034
607035
607036
607037
607038
607039
607040
607041
607042
607043
607044
607045
607046
607047
607048
607049
607050
607051
607052
607053
607054
607055
607056
607058
607059
607060
607061
607062
607063
607064
607065
607066
607067
607068
607069
607070
607071
607072
607073
607074
607075
607076
607077
607079
607081
607082
607085
607086
607087
607088
607089
607090
607091
607092
607093
607094
607097
607098
607099
607100
607101
607102
607103
607104
607105
607106
607107
607108
607109
607110
607111
607113
607114
607115
607116
607117
607118
607119
607120
607121
607122
607123
607124
607125
607126
607127
607129
607130
607134
607135
607136
607137
607138
607139
607140
607141
607142
607143
607144
607145
607146
607147
607148
607149
607150
607152
607153
607154
607156
607157
607158
607159
607160
607162
607163
607164
607165
607166
607167
607168
607169
607170
607171
607172
607173
607174
607175
607176
607177
607179
607180
607181
607182
607183
607184
607185
607186
607188
607189
607190
607191
607192
607193
607194
607195
607196
607197
607198
607199
607201
607202
607203
607204
607205
607206
607207
607208
607209
607210
607211
607212
607213
607214
607215
607216
607217
607218
607219
607220
607221
607222
607223
607224
607225
607226
607227
607228
607229
607230
607231
607232
607233
607234
607235
607236
607237
607238
607239
607240
607241
607242
607243
607244
607245
607246
607247
607248
607249
607250
607251
607252
607253
607254
607255
607256
607257
607258
607259
607260
607261
607262
607264
607266
607267
607268
607269
607270
607271
607272
607273
607274
607275
607276
607277
607278
607279
607280
607281
607282
607283
607284
607285
607288
607289
607290
607291
607292
607293
607294
607295
607297
607298
607299
607300
607302
607304
607305
607306
607307
607308
607310
607311
607312
607313
607314
607315
607316
607317
607318
607319
607320
607321
607322
607323
607326
607327
607328
607329
607330
607332
607333
607334
607335
607336
607337
607338
607339
607340
607344
607345
607346
607347
607348
607349
607351
607352
607353
607354
607356
607357
607359
607360
607361
607362
607363
607364
607365
607366
607367
607368
607369
607370
607371
607372
607373
607374
607375
607376
607377
607378
607379
607380
607381
607382
607383
607384
607385
607386
607387
607388
607390
607391
607392
607393
607394
607395
607396
607397
607398
607399
607400
607401
607402
607403
607404
607405
607406
607407
607408
607409
607410
607411
607412
607413
607415
607416
607417
607418
607420
607421
607422
607423
607424
607425
607426
607427
607428
607429
607430
607431
607433
607434
607435
607436
607437
607438
607439
607440
607441
607442
607443
607444
607445
607446
607447
607448
607449
607450
607451
607452
607453
607455
607456
607457
607458
607459
607460
607461
607462
607463
607464
607465
607466
607467
607468
607469
607471
607472
607473
607474
607475
607476
607477
607478
607479
607480
607481
607482
607483
607484
607485
607486
607487
607488
607489
607490
607491
607492
607493
607494
607495
607498
607499
607500
607501
607504
607505
607506
607507
607508
607509
607510
607511
607512
607513
607514
607518
607519
607520
607521
607522
607523
607524
607525
607526
607527
607528
607529
607530
607531
607532
607533
607534
607535
607536
607537
607538
607539
607540
607541
607542
607543
607544
607546
607547
607548
607549
607550
607551
607552
607553
607554
607555
607556
607557
607558
607559
607560
607561
607562
607563
607564
607565
607566
607567
607568
607569
607570
607571
607572
607573
607574
607575
607576
607577
607578
607580
607581
607583
607585
607586
607587
607588
607589
607590
607591
607592
607593
607595
607596
607597
607599
607600
607601
607602
607603
607604
607605
607606
607607
607612
607613
607614
607615
607616
607619
607620
607621
607622
607623
607624
607625
607626
607627
607628
607629
607630
607631
607632
607633
607634
607635
607636
607637
607638
607639
607640
607641
607642
607644
607645
607647
607648
607649
607650
607651
607652
607653
607655
607656
607657
607658
607659
607660
607661
607662
607663
607664
607665
607666
607667
607668
607669
607670
607671
607672
607673
607674
607675
607676
607677
607678
607679
607680
607681
607682
607683
607684
607685
607686
607687
607688
607689
607690
607691
607692
607693
607694
607695
607696
607697
607698
607699
607700
607701
607702
607703
607704
607705
607706
607707
607708
607709
607710
607711
607712
607713
607714
607715
607716
607717
607718
607719
607720
607721
607722
607723
607724
607725
607726
607727
607728
607729
607730
607731
607733
607734
607735
607736
607737
607738
607739
607740
607741
607742
607743
607744
607746
607748
607749
607750
607751
607752
607753
607754
607755
607756
607757
607758
607759
607761
607762
607764
607765
607766
607768
607769
607770
607771
607772
607773
607774
607775
607776
607777
607778
607779
607780
607781
607782
607783
607784
607785
607786
607787
607788
607789
607790
607791
607792
607793
607794
607795
607796
607797
607798
607799
607800
607801
607802
607803
607804
607805
607806
607807
607808
607810
607811
607812
607813
607814
607815
607816
607817
607819
607820
607821
607822
607823
607824
607825
607827
607828
607829
607831
607832
607833
607835
607836
607837
607838
607839
607840
607841
607842
607843
607844
607845
607847
607848
607849
607850
607851
607852
607853
607854
607856
607857
607858
607859
607860
607861
607862
607863
607864
607865
607866
607867
607869
607870
607871
607872
607873
607874
607875
607877
607878
607879
607880
607881
607882
607883
607884
607885
607886
607887
607888
607889
607890
607891
607892
607893
607894
607895
607896
607897
607898
607900
607901
607902
607903
607904
607905
607906
607907
607908
607910
607911
607912
607913
607914
607915
607916
607917
607918
607919
607920
607921
607922
607923
607924
607926
607927
607928
607929
607930
607931
607932
607933
607934
607935
607936
607937
607938
607939
607940
607941
607942
607944
607945
607946
607947
607948
607950
607951
607952
607953
607954
607955
607956
607957
607958
607960
607961
607962
607963
607964
607965
607966
607967
607968
607969
607970
607971
607972
607973
607974
607975
607976
607977
607978
607979
607980
607981
607982
607983
607984
607986
607987
607988
607989
607990
607991
607992
607993
607994
607995
607996
607997
607998
607999
608000
608001
608002
608003
608004
608005
608006
608007
608008
608009
608010
608011
608012
608013
608014
608015
608016
608017
608018
608019
608020
608021
608023
608024
608025
608026
608027
608028
608029
608030
608031
608032
608033
608034
608035
608036
608037
608038
608039
608040
608041
608043
608044
608045
608046
608047
608050
608052
608054
608055
608056
608057
608058
608059
608060
608061
608062
608063
608064
608065
608067
608068
608069
608070
608071
608072
608073
608074
608075
608077
608078
608079
608080
608081
608082
608083
608084
608085
608086
608087
608088
608089
608090
608091
608092
608093
608094
608095
608096
608097
608098
608099
608100
608102
608104
608105
608106
608108
608109
608110
608111
608112
608113
608114
608115
608116
608117
608119
608120
608121
608122
608123
608124
608125
608127
608129
608130
608131
608132
608133
608134
608136
608139
608140
608143
608145
608146
608147
608148
608149
608150
608151
608152
608153
608154
608155
608156
608157
608158
608159
608160
608161
608162
608164
608165
608166
608167
608168
608169
608170
608171
608174
608175
608176
608177
608178
608179
608180
608181
608182
608183
608184
608188
608190
608191
608192
608194
608195
608196
608197
608198
608199
608200
608202
608203
608204
608205
608206
608207
608208
608209
608210
608211
608212
608213
608214
608215
608216
608217
608218
608219
608220
608221
608222
608223
608224
608225
608226
608227
608229
608230
608231
608232
608233
608234
608235
608236
608237
608238
608240
608241
608242
608243
608244
608245
608246
608247
608249
608250
608251
608252
608253
608254
608255
608256
608257
608258
608259
608260
608261
608262
608263
608264
608265
608267
608268
608269
608270
608271
608272
608273
608274
608275
608276
608277
608278
608279
608280
608281
608282
608283
608284
608285
608287
608288
608289
608290
608291
608292
608293
608294
608295
608296
608298
608299
608300
608301
608302
608303
608304
608305
608306
608307
608308
608309
608310
608311
608312
608313
608314
608315
608317
608318
608319
608320
608321
608322
608323
608325
608326
608327
608328
608329
608330
608331
608332
608333
608334
608335
608337
608339
608340
608341
608342
608343
608344
608345
608346
608347
608348
608349
608350
608351
608352
608353
608355
608356
608357
608358
608359
608360
608362
608363
608364
608365
608366
608367
608368
608369
608371
608372
608373
608374
608375
608376
608378
608379
608380
608381
608382
608384
608385
608386
608387
608388
608389
608390
608391
608392
608393
608394
608395
608396
608397
608398
608399
608400
608401
608402
608403
608404
608405
608406
608407
608408
608409
608410
608411
608412
608413
608414
608415
608416
608417
608418
608419
608420
608421
608422
608423
608424
608425
608426
608427
608428
608429
608430
608431
608433
608434
608435
608436
608437
608438
608439
608440
608441
608442
608443
608444
608445
608446
608447
608448
608449
608450
608451
608452
608453
608454
608455
608456
608457
608458
608459
608460
608461
608462
608463
608464
608465
608466
608467
608468
608469
608470
608471
608472
608473
608474
608475
608476
608477
608478
608479
608480
608481
608482
608483
608484
608485
608486
608487
608488
608489
608490
608491
608492
608493
608494
608495
608496
608497
608498
608499
608501
608502
608503
608504
608505
608506
608507
608508
608509
608510
608511
608512
608513
608514
608515
608516
608517
608518
608519
608520
608521
608522
608523
608524
608525
608526
608527
608528
608529
608530
608531
608532
608533
608534
608536
608537
608538
608539
608540
608541
608542
608543
608544
608545
608546
608547
608548
608549
608550
608551
608552
608553
608554
608558
608559
608561
608562
608563
608564
608565
608566
608567
608568
608569
608570
608571
608572
608573
608574
608575
608576
608577
608578
608579
608581
608582
608583
608584
608585
608588
608589
608590
608591
608592
608593
608594
608595
608596
608597
608598
608599
608600
608601
608602
608603
608604
608605
608606
608607
608608
608609
608610
608611
608612
608613
608614
608615
608616
608617
608618
608619
608620
608621
608623
608624
608625
608626
608627
608628
608630
608631
608632
608633
608634
608635
608636
608637
608638
608639
608640
608641
608642
608643
608645
608647
608648
608649
608650
608652
608653
608654
608655
608656
608657
608658
608659
608660
