608661
608662
608663
608664
608665
608666
608667
608668
608669
608670
608671
608672
608673
608674
608675
608676
608677
608678
608680
608681
608682
608683
608684
608686
608687
608688
608689
608690
608691
608692
608693
608694
608695
608696
608698
608699
608700
608701
608703
608704
608705
608706
608707
608708
608709
608710
608711
608712
608713
608714
608715
608716
608717
608718
608719
608720
608721
608722
608723
608724
608725
608726
608727
608728
608729
608730
608731
608732
608733
608734
608735
608736
608737
608738
608739
608740
608741
608742
608743
608744
608745
608746
608747
608748
608750
608751
608752
608753
608754
608756
608757
608758
608759
608760
608761
608762
608763
608764
608765
608767
608768
608769
608770
608771
608772
608773
608774
608775
608776
608778
608779
608780
608781
608782
608783
608784
608785
608786
608787
608789
608790
608791
608792
608793
608794
608796
608797
608798
608799
608800
608801
608802
608803
608804
608805
608806
608807
608808
608809
608810
608811
608812
608813
608814
608815
608816
608817
608818
608819
608820
608821
608822
608823
608824
608825
608826
608827
608828
608829
608830
608831
608832
608833
608834
608835
608836
608837
608838
608839
608840
608841
608842
608843
608844
608845
608846
608847
608848
608849
608850
608852
608853
608854
608855
608856
608857
608858
608859
608860
608861
608862
608863
608865
608866
608867
608868
608869
608870
608871
608872
608873
608874
608875
608876
608877
608878
608879
608881
608882
608883
608884
608885
608886
608887
608888
608889
608890
608891
608893
608894
608895
608897
608898
608899
608900
608901
608904
608905
608906
608907
608908
608909
608910
608911
608912
608913
608914
608915
608916
608917
608918
608919
608920
608921
608922
608923
608924
608925
608926
608927
608928
608929
608930
608931
608932
608933
608934
608935
608936
608937
608938
608939
608940
608941
608942
608943
608944
608945
608946
608947
608949
608950
608951
608952
608953
608954
608955
608956
608957
608958
608959
608960
608962
608963
608964
608965
608966
608967
608968
608969
608971
608972
608973
608975
608976
608977
608978
608979
608980
608981
608982
608984
608985
608986
608987
608988
608989
608990
608991
608992
608993
608994
608995
608996
608997
608998
608999
609000
609001
609002
609003
609004
609005
609006
609007
609008
609009
609010
609011
609012
609013
609014
609015
609016
609017
609018
609019
609023
609024
609025
609026
609027
609028
609029
609030
609031
609032
609033
609034
609035
609036
609037
609038
609039
609040
609041
609042
609043
609044
609046
609047
609048
609049
609050
609051
609052
609053
609054
609055
609056
609057
609058
609059
609060
609061
609062
609063
609064
609066
609067
609068
609069
609070
609071
609072
609073
609075
609076
609077
609078
609079
609080
609081
609082
609083
609084
609085
609086
609087
609088
609089
609090
609091
609092
609093
609094
609095
609096
609097
609098
609099
609100
609101
609102
609103
609104
609105
609106
609107
609108
609109
609110
609111
609112
609113
609114
609115
609116
609117
609118
609119
609120
609121
609122
609123
609124
609125
609126
609127
609128
609129
609131
609132
609133
609134
609135
609137
609138
609139
609141
609143
609144
609145
609146
609147
609148
609149
609150
609152
609153
609154
609155
609156
609157
609158
609159
609160
609161
609162
609163
609164
609165
609166
609167
609168
609169
609170
609171
609172
609173
609174
609175
609176
609177
609178
609179
609180
609181
609182
609183
609184
609185
609186
609187
609188
609189
609190
609191
609192
609194
609195
609196
609197
609198
609201
609202
609204
609206
609207
609209
609210
609211
609212
609213
609214
609215
609216
609219
609220
609222
609223
609224
609225
609226
609227
609228
609229
609230
609231
609232
609234
609235
609236
609237
609238
609239
609240
609241
609242
609243
609244
609245
609246
609248
609249
609250
609251
609252
609254
609255
609256
609257
609258
609260
609261
609262
609263
609264
609265
609266
609267
609268
609269
609270
609271
609272
609273
609274
609275
609276
609277
609278
609279
609281
609282
609286
609287
609288
609289
609290
609291
609292
609293
609294
609295
609297
609298
609299
609300
609301
609302
609303
609304
609305
609306
609307
609308
609309
609310
609311
609312
609313
609314
609315
609316
609317
609318
609319
609320
609321
609322
609323
609324
609325
609326
609327
609328
609329
609330
609331
609332
609333
609335
609336
609337
609338
609339
609340
609341
609342
609343
609344
609345
609346
609347
609349
609350
609351
609352
609353
609354
609355
609357
609358
609359
609360
609361
609362
609363
609364
609365
609366
609368
609369
609370
609371
609372
609373
609374
609375
609376
609377
609378
609379
609380
609381
609382
609383
609384
609385
609386
609387
609388
609389
609390
609391
609392
609393
609394
609395
609396
609397
609398
609400
609401
609402
609403
609404
609405
609406
609407
609408
609409
609410
609411
609412
609413
609414
609415
609416
609417
609418
609419
609420
609421
609422
609423
609424
609425
609426
609427
609428
609429
609430
609431
609433
609434
609435
609437
609438
609439
609440
609441
609442
609443
609444
609445
609447
609448
609449
609450
609451
609452
609453
609454
609455
609456
609457
609458
609459
609460
609461
609462
609463
609464
609465
609466
609467
609468
609469
609470
609471
609472
609473
609474
609475
609476
609477
609478
609479
609480
609481
609482
609483
609484
609486
609487
609488
609489
609490
609491
609492
609493
609494
609495
609496
609497
609498
609499
609500
609501
609502
609503
609504
609505
609506
609507
609508
609510
609511
609512
609513
609514
609515
609516
609517
609518
609519
609520
609521
609522
609523
609524
609525
609526
609527
609528
609529
609530
609531
609532
609533
609534
609535
609536
609537
609538
609539
609541
609542
609543
609544
609545
609546
609547
609548
609549
609550
609551
609552
609553
609555
609556
609557
609558
609559
609560
609561
609562
609563
609564
609565
609566
609567
609569
609570
609571
609572
609573
609574
609575
609576
609577
609578
609579
609581
609582
609583
609584
609585
609586
609587
609589
609590
609591
609592
609593
609594
609595
609596
609597
609598
609599
609600
609601
609602
609603
609604
609605
609606
609607
609608
609609
609610
609611
609612
609613
609614
609615
609616
609617
609618
609619
609620
609621
609622
609623
609624
609625
609626
609627
609628
609629
609630
609631
609633
609634
609635
609636
609637
609639
609640
609641
609642
609643
609644
609645
609646
609647
609648
609649
609650
609651
609652
609653
609654
609655
609656
609657
609659
609660
609661
609662
609663
609664
609665
609666
609667
609668
609669
609670
609671
609672
609673
609674
609675
609677
609678
609679
609680
609681
609682
609683
609685
609686
609687
609688
609690
609691
609692
609693
609694
609695
609696
609698
609699
609700
609701
609704
609705
609706
609707
609708
609710
609712
609713
609715
609717
609718
609720
609721
609722
609723
609724
609725
609726
609727
609728
609729
609730
609731
609732
609733
609734
609735
609736
609737
609738
609739
609740
609741
609742
609743
609744
609745
609746
609747
609748
609749
609750
609752
609753
609754
609755
609756
609757
609758
609759
609760
609761
609762
609763
609764
609765
609766
609767
609768
609770
609771
609772
609773
609774
609775
609776
609777
609778
609779
609780
609781
609782
609783
609784
609785
609786
609787
609788
609789
609790
609791
609793
609794
609795
609796
609797
609798
609800
609801
609802
609803
609805
609806
609807
609808
609809
609810
609812
609813
609814
609815
609816
609817
609818
609819
609820
609821
609823
609824
609826
609827
609828
609829
609830
609831
609832
609833
609834
609835
609836
609837
609838
609839
609840
609841
609842
609843
609844
609846
609847
609848
609849
609852
609853
609854
609855
609856
609857
609858
609859
609860
609861
609862
609863
609864
609865
609866
609867
609868
609869
609870
609871
609872
609873
609874
609875
609876
609877
609878
609879
609880
609881
609882
609884
609885
609886
609887
609888
609889
609890
609891
609892
609893
609894
609895
609896
609897
609898
609899
609900
609902
609903
609904
609905
609906
609907
609908
609909
609910
609911
609913
609914
609915
609916
609917
609918
609919
609921
609922
609925
609927
609928
609930
609931
609932
609933
609934
609935
609936
609937
609938
609939
609940
609941
609943
609944
609945
609946
609947
609948
609949
609950
609951
609953
609954
609955
609956
609957
609958
609959
609960
609961
609962
609963
609964
609965
609966
609967
609968
609969
609970
609971
609972
609973
609974
609975
609976
609977
609978
609979
609980
609981
609982
609983
609984
609985
609986
609987
609988
609989
609990
609991
609993
609994
609995
609996
609997
609998
609999
610000
610002
610003
610004
610005
610006
610007
610008
610009
610010
610011
610012
610013
610014
610015
610016
610017
610018
610019
610020
610022
610023
610024
610025
610026
610027
610028
610029
610030
610031
610032
610034
610035
610036
610037
610038
610039
610040
610042
610043
610044
610045
610046
610047
610048
610049
610050
610051
610052
610053
610054
610055
610056
610057
610059
610060
610061
610062
610063
610064
610065
610066
610067
610068
610069
610070
610071
610072
610073
610074
610075
610076
610077
610078
610079
610080
610081
610082
610083
610084
610085
610086
610087
610088
610089
610090
610091
610092
610093
610094
610095
610096
610097
610099
610102
610103
610104
610105
610106
610109
610110
610113
610114
610115
610116
610117
610118
610119
610120
610121
610122
610123
610124
610125
610126
610127
610128
610130
610131
610133
610134
610135
610138
610141
610142
610143
610144
610145
610146
610147
610148
610149
610150
610151
610152
610153
610154
610155
610156
610157
610158
610159
610160
610161
610162
610163
610164
610166
610167
610168
610169
610170
610171
610172
610173
610174
610175
610176
610177
610178
610179
610180
610181
610182
610183
610184
610185
610186
610187
610189
610190
610191
610192
610194
610195
610196
610197
610198
610199
610200
610201
610202
610203
610205
610207
610208
610209
610210
610211
610212
610213
610214
610215
610216
610217
610218
610219
610221
610222
610223
610224
610225
610226
610227
610228
610229
610230
610231
610232
610233
610235
610236
610237
610238
610239
610240
610241
610242
610243
610244
610245
610246
610248
610249
610250
610251
610252
610253
610254
610255
610256
610257
610258
610259
610261
610262
610263
610264
610265
610266
610268
610270
610271
610272
610273
610274
610275
610276
610277
610278
610279
610280
610281
610283
610284
610285
610287
610288
610289
610290
610291
610292
610293
610294
610295
610296
610297
610298
610299
610300
610301
610302
610303
610304
610305
610306
610307
610308
610309
610310
610311
610312
610313
610314
610315
610316
610317
610318
610319
610320
610321
610322
610323
610324
610325
610326
610327
610328
610329
610330
610331
610332
610333
610334
610335
610336
610337
610338
610339
610340
610341
610342
610343
610344
610345
610346
610347
610349
610350
610351
610352
610353
610354
610355
610356
610357
610358
610359
610360
610361
610362
610363
610364
610365
610366
610367
610368
610369
610370
610371
610372
610374
610375
610376
610377
610378
610379
610380
610382
610383
610384
610385
610386
610387
610388
610389
610390
610391
610392
610393
610394
610395
610396
610397
610398
610399
610400
610401
610402
610403
610405
610406
610409
610410
610411
610412
610413
610414
610415
610416
610417
610418
610419
610420
610421
610422
610423
610424
610425
610426
610427
610428
610429
610430
610431
610432
610433
610434
610435
610436
610437
610438
610439
610440
610441
610442
610443
610445
610446
610447
610449
610451
610452
610453
610454
610455
610457
610458
610459
610460
610461
610462
610463
610464
610465
610466
610468
610469
610470
610471
610472
610473
610475
610476
610477
610478
610479
610480
610481
610482
610484
610485
610486
610487
610488
610489
610490
610491
610492
610493
610494
610495
610496
610497
610498
610499
610500
610501
610502
610503
610504
610505
610506
610507
610508
610509
610510
610511
610512
610513
610514
610515
610516
610518
610519
610520
610521
610522
610523
610524
610525
610526
610528
610530
610531
610533
610534
610537
610538
610539
610540
610541
610542
610543
610544
610545
610546
610547
610549
610550
610552
610553
610554
610555
610556
610557
610558
610559
610560
610561
610562
610564
610565
610566
610567
610568
610569
610570
610571
610572
610573
610574
610575
610576
610578
610579
610580
610581
610582
610583
610584
610585
610586
610587
610588
610590
610591
610592
610593
610595
610596
610597
610598
610599
610600
610601
610602
610603
610604
610605
610606
610607
610609
610610
610611
610613
610614
610615
610616
610617
610618
610619
610621
610622
610623
610624
610625
610626
610627
610629
610630
610631
610632
610633
610634
610635
610636
610637
610638
610639
610640
610641
610643
610644
610646
610647
610648
610649
610650
610651
610652
610654
610655
610657
610658
610659
610660
610661
610662
610663
610664
610665
610666
610667
610668
610669
610670
610671
610672
610673
610674
610675
610676
610677
610678
610679
610680
610681
610682
610683
610684
610685
610686
610687
610688
610689
610690
610691
610692
610693
610694
610695
610696
610697
610698
610699
610700
610701
610702
610703
610704
610705
610706
610707
610708
610709
610710
610711
610712
610713
610714
610715
610716
610717
610718
610719
610720
610721
610722
610723
610724
610725
610726
610727
610728
610729
610730
610731
610732
610733
610734
610735
610736
610737
610738
610739
610740
610741
610742
610743
610744
610745
610746
610747
610748
610749
610750
610751
610752
610753
610754
610755
610756
610757
610758
610759
610760
610761
610762
610763
610764
610765
610766
610767
610768
610769
610770
610771
610772
610773
610774
610775
610776
610777
610778
610779
610780
610781
610782
610783
610784
610786
610787
610788
610789
610790
610791
610792
610793
610794
610795
610796
610797
610798
610799
610800
610801
610802
610803
610804
610805
610806
610807
610808
610809
610810
610811
610812
610813
610814
610815
610816
610817
610818
610819
610820
610822
610823
610825
610827
610828
610830
610831
610833
610834
610835
610836
610837
610839
610840
610841
610843
610844
610845
610846
610847
610848
610849
610850
610851
610852
610853
610854
610855
610857
610858
610859
610860
610861
610862
610863
610864
610865
610866
610867
610868
610869
610870
610871
610872
610873
610874
610875
610877
610879
610880
610881
610884
610885
610886
610888
610889
610890
610891
610892
610893
610894
610895
610896
610897
610898
610899
610900
610901
610902
610903
610904
610905
610906
610907
610908
610909
610910
610911
610912
610913
610914
610915
610916
610917
610918
610919
610920
610921
610922
610923
610924
610925
610926
610927
610928
610929
610930
610931
610932
610933
610934
610935
610937
610940
610941
610942
610943
610944
610945
610946
610948
610949
610950
610951
610952
610953
610954
610956
610958
610959
610960
610961
610962
610963
610964
610965
610966
610967
610968
610970
610971
610972
610973
610974
610975
610976
610977
610978
610979
610980
610981
610983
610984
610985
610986
610987
610988
610989
610990
610991
610992
610993
610994
610995
610996
610999
611000
611001
611002
611003
611004
611005
611008
611009
611010
611011
611012
611013
611014
611015
611016
611017
611018
611019
611020
611021
611022
611023
611024
611025
611026
611027
611028
611029
611030
611031
611036
611040
611041
611042
611043
611044
611045
611046
611047
611048
611049
611051
611052
611053
611054
611055
611056
611057
611058
611059
611060
611061
611062
611064
611065
611066
611067
611068
611069
611070
611071
611072
611073
611074
611075
611076
611077
611078
611079
611080
611081
611082
611083
611084
611085
611086
611087
611088
611089
611090
611091
611092
611093
611094
611095
611097
611098
611099
611101
611102
611103
611106
611107
611109
611111
611113
611114
611117
611119
611120
611121
611122
611123
611124
611125
611126
611127
611128
611129
611130
611131
611132
611133
611134
611135
611136
611137
611138
611139
611140
611141
611142
611143
611144
611145
611146
611147
611148
611149
611150
611151
611152
611153
611154
611155
611156
611157
611158
611159
611160
611161
611162
611163
611164
611165
611166
611167
611168
611169
611170
611171
611172
611173
611174
611176
611177
611179
611180
611181
611182
611183
611185
611186
611187
611188
611189
611190
611191
611192
611193
611194
611195
611196
611197
611198
611199
611200
611201
611202
611204
611205
611206
611207
611208
611210
611211
611212
611213
611214
611215
611216
611217
611218
611219
611220
611222
611223
611224
611225
611226
611227
611228
611229
611231
611232
611233
611234
611235
611236
611237
611238
611239
611240
611241
611244
611245
611246
611247
611248
611249
611250
611251
611252
611253
611254
611256
611257
611258
611259
611261
611262
611263
611264
611265
611266
611267
611268
611269
611270
611271
611273
611274
611275
611276
611277
611278
611279
611280
611281
611282
611283
611284
611286
611287
611288
611289
611290
611291
611292
611293
611294
611296
611297
611298
611299
611300
611301
611303
611304
611305
611306
611308
611309
611310
611311
611312
611313
611314
611315
611316
611317
611318
611319
611320
611321
611322
611323
611324
611325
611326
611327
611328
611329
611330
611331
611332
611333
611337
611338
611339
611340
611342
611343
611344
611345
611346
611347
611348
611349
611350
611351
611352
611353
611354
611355
611356
611357
611358
611359
611361
611362
611363
611364
611365
611366
611367
611368
611369
611370
611371
611372
611373
611374
611375
611376
611378
611379
611380
611381
611382
611383
611384
611385
611386
611387
611388
611389
611390
611391
611393
611395
611396
611399
611401
611402
611403
611404
611406
611407
611408
611409
611410
611411
611412
611414
611415
611416
611417
611418
611419
611420
611421
611423
611424
611425
611426
611427
611428
611429
611431
611432
611433
611434
611435
611436
611437
611439
611440
611441
611443
611444
611445
611446
611447
611448
611449
611450
611451
611452
611453
611454
611455
611456
611457
611458
611459
611460
611461
611462
611463
611464
611465
611466
611467
611468
611469
611470
611471
611472
611473
611474
611476
611477
611479
611480
611481
611482
611483
611484
611485
611486
611487
611488
611489
611490
611491
611492
611493
611494
611495
611496
611497
611498
611499
611500
611501
611502
611503
611504
611505
611506
611507
611509
611510
611512
611513
611514
611515
611516
611517
611518
611519
611520
611521
611522
611523
611524
611525
611526
611527
611528
611529
611530
611531
611532
611533
611534
611535
611536
611537
611538
611539
611540
611541
611542
611543
611545
611548
611551
611552
611553
611554
611555
611556
611557
611558
611559
611560
611561
611562
611563
611564
611565
611566
611567
611568
611569
611571
611572
611573
611574
611575
611576
611577
611578
611579
611580
611581
611582
611583
611584
611585
611586
611587
611588
611589
611590
611591
611592
611594
611595
611596
611597
611598
611599
611600
611601
611602
611603
611604
611605
611606
611607
611608
611609
611610
611611
611612
611614
611615
611616
611617
611618
611619
611620
611621
611622
611623
611624
611625
611626
611627
611628
611629
611630
611631
611632
611633
611634
611636
611638
611639
611640
611641
611642
611643
611644
611645
611646
611648
611649
611650
611651
611652
611653
611654
611655
611657
611658
611659
611660
611661
611662
611664
611665
611666
611667
611668
611669
611670
611671
611672
611673
611674
611676
611677
611678
611679
611680
611681
611682
611683
611684
611685
611686
611687
611688
611689
611690
611691
611692
611693
611694
611695
611696
611697
611698
611699
611700
611701
611702
611703
611704
611705
611706
611708
611709
611710
611711
611712
611713
611714
611715
611716
611717
611718
611719
611722
611723
611724
611725
611726
611727
611730
611731
611732
611733
611734
611735
611736
611737
611738
611739
611740
611741
611742
611743
611744
611745
611746
611747
611748
611749
611750
611751
611752
611753
611754
611755
611756
611757
611759
611760
611761
611762
611763
611764
611766
611768
611769
611770
611771
611772
611774
611776
611777
611778
611779
611780
611782
611783
611784
611785
611786
611787
611788
611789
611790
611791
611792
611793
611794
611795
611796
611797
611798
611799
611800
611802
611803
611805
611806
611807
611808
611809
611810
611811
611812
611813
611814
611815
611816
611817
611818
611819
611820
611821
611822
611823
611824
611825
611826
611827
611828
611829
611830
611831
611832
611833
611835
611836
611838
611839
611840
611841
611842
611843
611844
611845
611846
611847
611848
611849
611850
611851
611852
611853
611854
611855
611856
611858
611859
611860
611861
611862
611863
611864
611865
611866
611867
611868
611869
611870
611871
611873
611874
611876
611879
611880
611881
611882
611883
611884
611885
611886
611887
611888
611889
611890
611891
611892
611894
611895
611896
611897
611900
611901
611902
611903
611904
611905
611906
611907
611908
611909
611910
611911
611912
611913
611914
611915
611917
611918
611920
611921
611922
611923
611924
611925
611926
611927
611928
611929
611930
611931
611932
611933
611934
611935
611936
611937
611938
611939
611940
611941
611942
611943
611944
611945
611946
611947
611948
611951
611952
611955
611956
611957
611958
611959
611960
611961
611962
611963
611964
611965
611966
611967
611968
611969
611970
611971
611972
611973
611974
611975
611976
611977
611978
611979
611980
611981
611982
611983
611984
611985
611986
611987
611988
611989
611990
611991
611992
611994
611995
611996
611997
611998
611999
612000
612001
612003
612004
612005
612006
612007
612008
612009
612010
612011
612012
612013
612015
612016
612017
612018
612019
612020
612021
612022
612023
612024
612025
612026
612027
612028
612029
612030
612031
612033
612034
612035
612036
612038
612039
612040
612041
612042
612043
612044
612045
612046
612047
612048
612049
612051
612052
612053
612055
612056
612057
612058
612059
612060
612061
612062
612063
612064
612065
612066
612067
612068
612069
612070
612071
612072
612073
612074
612076
612077
612078
612079
612080
612081
612082
612083
612084
612087
612088
612089
612090
612091
612092
612093
612094
612095
612096
612097
612098
612099
612100
612101
612102
612103
612104
612105
612106
612107
612108
612109
612110
612111
612112
612113
612114
612115
612116
612117
612118
612119
612120
612121
612122
612123
612124
612125
612126
612127
612128
612129
612130
612131
612132
612133
612134
612135
612136
612137
612138
612139
612141
612142
612143
612144
612145
612146
612147
612148
612151
612152
612153
612154
612156
612158
612159
612160
612161
612162
612163
612164
612165
612166
612167
612168
612169
612170
612171
612172
612173
612174
612175
612176
612177
612178
612179
612180
612181
612182
612183
612184
612185
612186
612187
612188
612189
612191
612193
612194
612195
612196
612197
612198
612199
612200
612201
612202
612203
612205
612206
612207
612208
612209
612210
612211
612212
612213
612214
612215
612216
612217
612218
612219
612220
612221
612222
612223
612224
612225
612226
612227
612228
612230
612231
612232
612233
612234
612235
612236
612237
612238
612239
612240
612241
612242
612243
612244
612245
612246
612247
612248
612249
612250
612251
612252
612253
612254
612255
612256
612257
612258
612259
612260
612261
612262
612263
612264
612265
612266
612268
612269
612270
612271
612272
612273
612274
612275
612276
612277
612278
612279
612280
612281
612282
612283
612284
612285
612286
612287
612288
612289
612290
612291
612292
612293
612294
612295
612296
612297
612298
612299
612300
612301
612302
612303
612304
612305
612306
612307
612308
612309
612310
612311
612312
612313
612314
612315
612317
612318
612319
612320
612321
612322
612323
612324
612325
612326
612327
612329
612330
612331
612332
612333
612334
612335
612336
612337
612338
612339
612340
612341
612342
612343
612344
612345
612346
612347
612348
612349
612350
612351
612352
612353
612354
612355
612356
612357
612358
612359
612360
612361
612362
612364
612365
612366
612367
612369
612371
612374
612375
612376
612377
612378
612379
612380
612381
612382
612383
612384
612385
612386
612387
612388
612389
612390
612392
612393
612394
612395
612396
612397
612398
612399
612400
612402
612403
612404
612405
612406
612407
612408
612410
612411
612412
612413
612414
612415
612416
612417
612418
612419
612420
612421
612422
612423
612424
612425
612426
612428
612429
612430
612431
612432
612433
612434
612435
612436
612437
612438
612439
612440
612441
612442
612443
612444
612445
612446
612447
612448
612449
612450
612451
612452
612453
612454
612455
612457
612459
612461
612462
612463
612464
612465
612466
612467
612468
612469
612470
612471
612472
612473
612474
612475
612476
612477
612478
612479
612480
612481
612482
612483
612484
612485
612486
612487
612488
612489
612490
612491
612492
612493
612494
612495
612496
612497
612498
612501
612502
612503
612504
612505
612506
612507
612508
612509
612511
612512
612513
612514
612515
612516
612518
612519
612520
612521
612522
612523
612525
612526
612527
612528
612529
612530
612531
612533
612534
612535
612536
612537
612538
612540
612541
612542
612543
612544
612547
612548
612549
612550
612552
612553
612554
612555
612556
612558
612559
612560
612561
612564
612565
612566
612567
612568
612569
612570
612571
612572
612573
612574
612575
612576
612577
612578
612579
612580
612581
612582
612584
612585
612586
612587
612588
612590
612591
612592
612593
612594
612595
612596
612597
612598
612599
612600
612602
612603
612604
612605
612606
612607
612608
612609
612610
612611
612612
612613
612614
612615
612616
612617
612618
612619
612620
612621
612622
612623
612624
612625
612626
612627
612628
612629
612630
612631
612632
612633
612634
612635
612636
612637
612638
612639
612640
612641
612642
612643
612644
612645
612646
612647
612648
612649
612650
612652
612653
612654
612655
612656
612657
612658
612659
612660
612661
612662
612663
612664
612665
612666
612668
612669
612670
612671
612672
612673
612675
612677
612678
612679
612680
612681
612682
612683
612684
612685
612686
612687
612688
612689
612690
612691
612692
612693
612694
612696
612697
612698
612699
612700
612701
612702
612703
612704
612705
612706
612707
612709
612710
612711
612712
612713
612714
612715
612716
612717
612719
612720
612721
612723
612724
612725
612726
612727
612728
612729
612730
612731
612732
612733
612734
612735
612736
612737
612738
612739
612740
612741
612743
612744
612745
612746
612747
612748
612749
612750
612751
612753
612754
612756
612757
612758
612759
612760
612761
612762
612763
612764
612765
612766
612767
612768
612769
612770
612771
612772
612773
612774
612775
612776
612777
612778
612779
612780
612781
612782
612783
612784
612785
612786
612787
612788
612789
612791
612792
612793
612794
612795
612796
612797
612799
612803
612804
612805
612806
612807
612808
612809
612810
612811
612812
612813
612814
612815
612816
612817
612819
612820
612821
612822
612823
612824
612825
612826
612828
612829
612830
612832
612833
612834
612835
612836
612837
612838
612839
612840
612841
612842
612843
612844
612845
612846
612848
612849
612850
612851
612852
612853
612854
612855
612856
612857
612858
612859
612860
612861
612862
612863
612864
612865
612866
612867
612868
612869
612870
612871
612872
612873
612874
612876
612877
612878
612879
612880
612881
612882
612883
612884
612885
612886
612887
612888
612889
612890
612891
612892
612893
612894
612895
612896
612897
612899
612900
612901
612902
612903
612904
612905
612906
612907
612908
612909
612910
612911
612912
612913
612914
612915
612916
612917
612919
612920
612921
612922
612923
612924
612925
612926
612927
612928
612929
612930
612931
612932
612934
612935
612936
612937
612938
612939
612940
612941
612942
612943
612944
612945
612946
612948
612949
612950
612952
612953
612954
612955
612956
612958
612959
612960
612961
612962
612963
612964
612965
612966
612967
612968
612969
612970
612971
612972
612973
612974
612975
612976
612977
612978
612979
612980
612981
612982
612983
612984
612985
612986
612987
612988
612989
612990
612991
612992
612993
612994
612995
612996
612998
612999
613000
613001
613002
613003
613004
613005
613006
613007
613008
613009
613010
613011
613012
613013
613014
613015
613016
613017
613019
613020
613021
613022
613023
613024
613025
613026
613027
613028
613029
613030
613031
613032
613033
613034
613035
613036
613037
613038
613039
613040
613041
613042
613043
613044
613045
613046
613047
613049
613050
613051
613052
613053
613054
613055
613056
613057
613058
613059
613060
613061
613062
613063
613064
613065
613068
613069
613070
613071
613072
613073
613074
613075
613076
613077
613078
613079
613080
613081
613082
613083
613084
613085
613086
613087
613088
613089
613090
613091
613092
613093
613094
613095
613096
613097
613098
613099
613100
613101
613102
613103
613104
613105
613106
613107
613108
613109
613110
613111
613112
613113
613114
613115
613116
613117
613118
613119
613120
613121
613122
613123
613124
613125
613126
613127
613128
613129
613130
613131
613132
613133
613134
613135
613136
613137
613138
613140
613141
613142
613143
613144
613145
613146
613147
613148
613149
613150
613151
613153
613154
613155
613156
613157
613158
613160
613162
613163
613164
613165
613169
613170
613171
613172
613173
613174
613175
613176
613177
613178
613179
613180
613181
613182
613183
613184
613185
613186
613187
613188
613189
613190
613192
613194
613196
613197
613198
613199
613200
613201
613202
613203
613204
613205
613206
613207
613208
613209
613210
613211
613213
613214
613215
613216
613218
613219
613220
613221
613222
613223
613224
613225
613226
613227
613228
613231
613232
613233
613234
613235
613236
613237
613238
613240
613241
613242
613243
613245
613246
613247
613248
613249
613250
613251
613252
613253
613254
613255
613256
613257
613258
613259
613260
613261
613262
613263
613264
613265
613266
613267
613268
613269
613271
613272
613273
613274
613276
613277
613278
613279
613281
613282
613283
613284
613285
613286
613287
613288
613289
613290
613291
613292
613293
613294
613295
613296
613297
613298
613299
613301
613302
613303
613304
613306
613307
613308
613309
613310
613311
613312
613313
613315
613316
613317
613319
613321
613322
613324
613325
613326
613327
613328
613329
613330
613332
613333
613334
613335
613336
613337
613338
613339
613342
613343
613344
613345
613346
613347
613348
613349
613350
613351
613353
613354
613355
613356
613357
613358
613359
613360
613361
613362
613363
613364
613365
613366
613367
613368
613370
613371
613372
613373
613374
613375
613376
613377
613378
613379
613380
613381
613382
613383
613384
613385
613386
613387
613388
613389
613390
613391
613392
613393
613394
613395
613396
613397
613398
613399
613400
613401
613402
613403
613404
613405
613406
613407
613408
613409
613410
613411
613412
613413
613414
613415
613416
613417
613418
613419
613420
613421
613423
613424
613425
613428
613431
613432
613433
613434
613435
613436
613437
613438
613439
613440
613443
613444
613445
613446
613447
613448
613450
613451
613452
613453
613454
613455
613456
613457
613459
613460
613461
613462
613464
613465
613466
613467
613468
613469
613470
613472
613474
613475
613476
613477
613478
613479
613480
613481
613482
613483
613484
613485
613486
613487
613488
613489
613490
613491
613492
613493
613494
613495
613496
613497
613498
613499
613500
613501
613502
613503
613504
613506
613507
613508
613509
613510
613511
613512
613513
613514
613515
613517
613518
613519
613520
613521
613522
613523
613524
613525
613526
613527
613529
613530
613531
613532
613533
613535
613538
613539
613540
613541
613542
613543
613545
613546
613547
613548
613549
613550
613552
613554
613555
613556
613557
613558
613559
613560
613561
613562
613563
613564
613565
613566
613567
613568
613569
613570
613571
613573
613574
613576
613577
613578
613579
613580
613581
613582
613583
613584
613585
613586
613587
613588
613589
613591
613592
613593
613594
613595
613596
613597
613598
613599
613600
613601
613602
613603
613605
613606
613607
613608
613610
613612
613613
613614
613615
613616
613617
613618
613619
613620
613621
613622
613623
613624
613625
613626
613627
613628
613629
613630
613631
613632
613633
613634
613635
613636
613637
613638
613639
613642
613643
613644
613645
613646
613647
613648
613649
613650
613651
613652
613653
613654
613655
613657
613658
613659
613660
613661
613662
613663
613665
613666
613667
613668
613669
613670
613671
613672
613673
613674
613675
613676
613677
613678
613679
613680
613681
613682
613683
613685
613686
613687
613688
613689
613690
613691
613692
613693
613694
613695
613696
613697
613698
613699
613700
613701
613702
613703
613704
613705
613706
613709
613710
613711
613712
613713
613714
613716
613717
613719
613720
613721
613722
613724
613725
613726
613727
613728
613729
613730
613731
613732
613733
613734
613735
613736
613737
613738
613739
613740
613741
613742
613743
613744
613745
613746
613747
613748
613749
613750
613751
613752
613753
613754
613755
613756
613758
613759
613760
613761
613762
613763
613764
613765
613766
613767
613768
613770
613771
613772
613773
613774
613775
613776
613777
613778
613779
613780
613781
613782
613783
613784
613785
613786
613787
613788
613789
613790
613791
613792
613793
613794
613795
613796
613798
613800
613801
613802
613803
613804
613805
613806
613807
613808
613810
613811
613812
613814
613815
613816
613817
613818
613819
613820
613821
613822
613823
613824
613826
613827
613828
613829
613830
613831
613832
613833
613834
613835
613836
613837
613838
613839
613840
613842
613843
613844
613845
613846
613847
613850
613851
613852
613853
613854
613856
613857
613858
613859
613860
613863
613864
613865
613866
613867
613868
613869
613870
613871
613872
613873
613874
613875
613876
613877
613878
613879
613880
613881
613883
613884
613885
613886
613887
613888
613889
613890
613891
613892
613893
613894
613895
613896
613897
613898
613899
613900
613901
613902
613903
613904
613905
613906
613907
613908
613909
613910
613911
613912
613913
613914
613915
613916
613917
613918
613923
613924
613925
613926
613927
613928
613929
613930
613931
613932
613933
613934
613935
613936
613937
613938
613939
613940
613941
613943
613944
613945
613946
613947
613948
613949
613950
613951
613952
613953
613954
613955
613956
613957
613958
613959
613961
613963
613964
613965
613967
613968
613969
613970
613971
613972
613973
613975
613976
613977
613978
613979
613980
613981
613982
613983
613984
613985
613987
613988
613989
613990
613991
613992
613993
613994
613995
613996
613997
613998
613999
614000
614001
614002
614003
614004
614005
614006
614008
614009
614010
614011
614012
614013
614014
614015
614017
614018
614019
614020
614021
614022
614023
614024
614025
614026
614027
614028
614029
614030
614031
614032
614033
614034
614035
614036
614037
614038
614039
614040
614041
614042
614043
614044
614045
614046
614047
614048
614049
614050
614051
614052
614053
614054
614055
614056
614057
614058
614059
614060
614061
614062
614063
614064
614065
614067
614070
614071
614072
614073
614074
614075
614076
614077
614078
614082
614084
614085
614086
614087
614088
614089
614090
614091
614092
614094
614095
614096
614097
614098
614099
614101
614102
614104
614105
614106
614107
614108
614109
614111
614112
614113
614114
614115
614116
614117
614118
614119
614120
614121
614122
614123
614124
614125
614126
614128
614129
614130
614131
614132
614133
614134
614135
614136
614137
614138
