531459
53146
531460
531461
531462
531463
531464
531465
531466
531467
531468
531469
53147
531470
531471
531472
531473
531474
531475
531476
531477
531478
531479
53148
531480
531481
531482
531484
531485
531486
531487
531488
531489
53149
531490
531491
531492
531493
531494
531495
531496
531497
531498
531499
53150
531500
531501
531502
531503
531504
531505
531506
531507
531508
531509
53151
531510
531511
531512
531513
531514
531515
531517
531518
531519
53152
531521
531523
531524
531525
531526
531527
531528
531529
53153
531530
531531
531532
531533
531534
531535
531536
531537
531538
531539
531541
531542
531543
531544
531545
531546
531547
531548
531549
53155
531550
531551
531552
531553
531554
531555
531556
531557
531558
531559
53156
531560
531561
531562
531563
531564
531565
531567
531568
531569
53157
531570
531571
531572
531573
531575
531576
531577
531579
53158
531580
531581
531582
531583
531584
531586
531587
531588
531589
531590
531591
531592
531593
531594
531595
531596
531597
531598
531599
53160
531600
531601
531602
531603
531604
531605
531606
531607
531608
531609
53161
531610
531611
531612
531613
531614
531615
531616
531617
531618
531619
531620
531621
531622
531623
531624
531625
531626
531627
531628
531629
53163
531630
531631
531632
531633
531634
531635
531636
531637
531638
531639
53164
531640
531643
531647
531648
531649
53165
531650
531651
531652
531653
531654
531655
531656
531657
531658
531659
53166
531660
531661
531662
531663
531664
531666
531667
531668
53167
531670
531671
531673
531674
531678
53168
531680
531681
531682
531683
531685
531686
531687
531688
531689
53169
531690
531692
531694
531695
531696
531697
531698
531699
53170
531700
531701
531702
531703
531704
531705
531706
531707
531708
531709
531710
531711
531712
531713
531714
531715
531716
531717
531718
531719
53172
531720
531721
531722
531723
531724
531725
531726
531727
531729
53173
531730
531731
531732
531733
531735
531736
531737
531738
531739
53174
531740
531741
531742
531743
531745
531746
531747
531748
531749
53175
531750
531752
531753
531754
531755
531756
531757
531758
531759
531760
531761
531763
531764
531765
531766
531767
531768
531769
53177
531770
531771
531772
531774
531775
531776
531777
531778
531779
53178
531780
531781
531782
531783
531784
531785
531786
531787
531788
531789
53179
531790
531792
531793
531794
531795
531798
531800
531801
531802
531803
531804
531805
531806
531807
531809
53181
531810
531811
531812
531813
531814
531815
531816
531818
531819
53182
531820
531821
531822
531823
531824
531825
531826
531827
531829
53183
531830
531831
531832
531833
531834
531835
531836
531837
531838
531839
53184
531840
531841
531842
531843
531844
531847
531848
531849
53185
531851
531852
531853
531854
531855
531856
531857
531858
531859
53186
531860
531861
531862
531863
531864
531865
53187
531875
531876
531877
531878
531880
531881
531882
531883
531884
531885
531886
531887
531888
531889
53189
531890
531892
531894
531895
531896
531897
531899
5319
53190
531900
531901
531902
531904
531905
531906
531907
531908
531909
53191
531910
531911
531912
531913
531914
531915
531916
531917
531919
53192
531920
531921
531922
531923
531924
531925
531926
531927
531928
53193
531930
531931
531932
531933
531934
531935
531936
531937
531938
531939
53194
531940
531941
531943
531944
531945
531946
531947
531948
531949
53195
531950
531951
531952
531953
531954
531955
531956
531957
531958
531959
53196
531960
531961
531962
531964
531965
531966
531967
531968
531969
53197
531970
531972
531973
531976
531977
531978
531979
53198
531980
531981
531982
531983
531984
531985
531986
531988
531989
53199
531990
531991
531992
531993
531994
531995
531996
531997
531998
531999
532
53200
532000
532001
532002
532003
532004
532005
532006
532007
532008
532009
532010
532013
532014
532016
532017
532018
53202
532020
532021
532022
532023
532024
532025
532026
532028
532029
53203
532030
532031
532032
532034
532035
532036
532037
532038
532039
53204
532040
532041
532043
532044
532045
532046
532047
532048
532049
53205
532051
532052
532053
532054
532055
532056
532058
532059
53206
532060
532061
532062
532063
532064
532065
532066
532067
532068
532069
53207
532070
532071
532072
532073
532074
532075
532077
532078
532079
532080
532081
532082
532083
532085
532086
532087
532088
532089
53209
532090
532092
532093
532094
532095
532096
532097
532098
532099
53210
532100
532101
532102
532103
532104
532105
532106
532107
532108
532109
53211
532110
532112
532113
532114
532116
532118
532120
532121
532122
532123
532125
532126
532127
532128
532129
53213
532130
532131
532132
532133
532135
532136
532137
532138
532139
53214
532140
532142
532144
532145
532146
532147
532148
532149
53215
532150
532151
532153
532154
532155
532158
532159
53216
532160
532161
532163
532164
532166
532167
532168
532169
53217
532170
532171
532172
532173
532175
532177
532178
53218
532180
532181
532182
532183
532184
532185
532186
532187
532189
53219
532190
532191
532192
532193
532195
532196
532197
532198
532199
53220
532200
532201
532202
532203
532204
532205
532206
532207
532208
532209
532210
532211
532212
532213
532214
532215
532216
532217
532218
532219
53222
532220
532221
532223
532224
532225
532226
532227
532228
532229
53223
532231
532232
532233
532234
532235
532236
532237
532238
53224
532240
532242
532243
532244
532245
532248
532249
53225
532252
532253
532254
532255
532258
532259
53226
532260
532261
532262
532263
532264
532265
532266
532267
532269
53227
532270
532271
532273
532274
532275
532276
532277
532278
532279
532280
532282
532283
532284
532285
532286
532287
532288
532289
53229
532291
532292
532293
532294
532295
532296
532297
532298
532299
53230
532300
532301
532302
532303
532304
532305
532306
532307
532308
532309
53231
532310
532311
532312
532313
532314
532315
532316
532317
532318
532319
53232
532321
532322
532323
532324
532326
532327
532329
532330
532331
532332
532333
532334
532335
532336
532337
532338
53234
532340
532341
532342
532344
532346
532348
532350
532352
532353
532354
532355
532356
532357
532358
532359
53236
532360
532361
532362
532363
532364
532365
532366
532367
532368
532369
53237
532370
532371
532372
532373
532374
532375
532376
532378
53238
532380
532381
532382
532383
532384
532385
532386
532387
532388
532389
532390
532391
532392
532393
532395
532396
532397
532398
532399
53240
532400
532401
532402
532403
532404
532406
532407
532408
532409
532410
532412
532414
532419
532421
532423
532424
532425
532426
532427
532429
532430
532431
532432
532433
532434
532435
532436
532437
532438
532439
53244
532441
532444
532445
532446
532447
532448
53245
532450
532451
532453
532454
532455
532456
532457
532459
53246
532461
532462
532463
532464
532465
532466
532467
532468
532469
532470
532471
532472
532473
532475
532476
532477
532479
53248
532480
532481
532482
532483
532484
532485
532486
532487
532489
532490
532491
532492
532493
532494
532495
532496
532497
532498
532499
53250
532500
532501
532502
532503
532506
532507
532508
532509
53251
532512
532514
532515
532516
532518
532519
53252
532520
532521
532522
532523
532524
532525
532526
532527
532528
532529
53253
532532
532533
532534
532535
532536
532537
532538
532539
53254
532540
532541
532542
532543
532544
532545
532546
532547
532548
532549
532550
532551
532552
532553
532554
532555
532556
532557
532558
532559
53256
532560
532561
532563
532564
532566
532567
532569
532571
532572
532573
532574
532575
532577
532578
532579
53258
532580
532582
532583
532584
532585
532586
532587
532588
53259
532590
532591
532593
532594
532595
532596
532597
532598
532599
532600
532601
532602
532603
532604
532605
532606
532607
532608
532609
53261
532610
532611
532612
532613
532614
532615
532616
532617
532618
532619
53262
532620
532621
532622
532623
532625
532627
532628
532629
53263
532630
532631
532632
532634
532635
532636
532637
532638
532639
53264
532640
532641
532642
532643
532644
532645
532646
532647
532648
532649
53265
532650
532651
532652
532653
532654
532655
532656
532657
532658
532659
53266
532661
532662
532663
532664
532666
532667
532668
53267
532671
532672
532674
532675
532676
532677
532678
53268
532680
532681
532682
532683
532684
532686
532687
532688
53269
532690
532691
532692
532693
532694
532695
532696
532697
532698
532699
532701
532703
532704
532705
532706
532707
532709
53271
532710
532711
532712
532713
532714
532716
532717
532718
532719
53272
532720
532721
532722
532723
532724
532725
532727
532728
532729
53273
532730
532731
532732
532733
532734
532735
532738
532739
53274
532740
532741
532742
532743
532744
532745
532746
532747
532748
53275
532751
532752
532753
532754
532755
532756
532757
532758
532759
53276
532760
532761
532762
532763
532765
532766
532768
532769
532770
532771
532772
532773
532776
532778
532779
53278
532781
532783
532784
532785
532786
532787
532788
532789
53279
532790
532791
532792
532793
532794
532795
532796
532797
532798
532799
532800
532802
532803
532804
532805
532806
532807
532808
532809
53281
532810
532811
532812
532813
532814
532817
532818
532819
53282
532821
532822
532824
532825
532826
532827
532828
53283
532830
532831
532832
532833
532834
532835
532836
532837
532838
532839
53284
532842
532843
532846
532847
532848
532849
532850
532851
532852
532854
532855
532857
532859
532860
532861
532862
532863
532864
532865
532866
532867
532868
532869
53287
532870
532872
532873
532875
532876
532877
532878
532879
532880
532881
532882
532884
532885
532886
532887
532888
532889
53289
532890
532891
532892
532893
532894
532895
532896
532897
532898
532899
53290
532900
532901
532902
532903
532904
532906
532907
532908
532909
53291
532910
532911
532912
532913
532914
532915
532916
532917
532918
532919
532920
532921
532922
532923
532924
532925
532926
532928
532929
53293
532930
532933
532934
532935
532936
532937
532938
53294
532940
532941
532942
532943
532944
532946
532947
532948
532949
532950
532952
532953
532954
532955
532956
532957
532958
532959
53296
532960
532961
532962
532963
532964
532965
532966
532967
532968
532969
53297
532970
532971
532972
532973
532974
532975
532976
532977
532978
53298
532980
532981
532983
532984
532985
532986
532987
532988
532989
53299
532990
532991
532992
532994
532996
532997
532999
533
53300
533000
533001
533002
533003
533004
533005
533006
533007
533008
533009
53301
533010
533011
533012
533013
533015
533016
533017
533018
533019
533020
533021
533022
533024
533025
533026
533027
533028
533029
533030
533031
533032
533034
533035
533036
533037
533038
533039
533040
533041
533043
533044
533045
533046
533047
533048
533049
53305
533050
533053
533054
533055
533058
533059
533060
533062
533063
533064
533065
533066
533067
533069
533070
533071
533072
533074
533075
533076
533077
533078
533079
533080
533081
533082
533083
533084
533085
533086
533088
533089
53309
533091
533092
533093
533094
533095
533096
533097
533098
533099
53310
533100
533101
533102
533103
533104
533105
533106
533108
533109
53311
533110
533111
533112
533113
533114
533115
533116
533117
533118
533119
533120
533121
533122
533123
533124
533125
533127
533129
53313
533130
533131
533132
533134
533135
533136
533137
533138
533139
53314
533140
533141
533142
533143
533144
533145
533146
533147
533148
533149
53315
533150
533151
533152
533153
533154
533155
533156
533158
533159
53316
533160
533162
533163
533164
533165
533166
533167
533168
533169
53317
533170
533171
533172
533174
533175
533176
533179
53318
533180
533181
533182
533183
533184
533185
533186
533187
533189
53319
533190
533191
533192
533193
533194
533195
533196
533198
5332
53320
533200
533201
533202
533205
533206
533207
533208
533209
53321
533210
533211
533212
533213
533215
533216
533217
533219
53322
533220
533221
533222
533223
533224
533225
533226
533227
533228
533229
53323
533230
533231
533232
533233
533234
533235
533236
533237
533238
533239
533240
533242
533243
533244
533245
533247
533248
53325
533250
533251
533252
533253
533254
533255
533256
533257
533258
533259
53326
533260
533261
533262
533263
533264
533265
533266
533267
533268
533269
533270
533272
533273
533274
533275
533276
533279
53328
533280
533281
533282
533283
533284
533285
533287
533288
533289
533290
533291
533293
533294
533295
533296
533298
533299
5333
53330
533300
533301
533302
533303
533304
533305
533306
533307
533308
533309
533310
533311
533312
533313
533314
533315
533317
533318
533319
533321
533322
533323
533324
533325
533326
533327
533328
533329
53333
533330
533332
533333
533334
533335
533336
533337
533338
533339
533340
533341
533342
533344
533345
533346
533348
533349
53335
533350
533351
533352
533353
533354
533355
533356
533357
533358
533359
53336
533360
533361
533362
533363
533364
533365
533366
533367
533368
533369
533370
533372
533373
533374
533375
533376
533377
533378
533379
53338
533380
533381
533382
533383
533384
533385
533386
533387
533388
533389
533391
533392
533393
533394
533395
533396
533397
533398
533399
5334
53340
533400
533403
533404
533405
533406
533407
533408
533409
53341
533410
533412
533413
533414
533415
533416
533417
533418
53342
533420
533421
533422
533423
533424
533425
533426
533427
533428
533429
533431
533432
533433
533434
533435
533436
533437
533438
533439
53344
533440
533442
533443
533444
533445
533446
533447
533448
533449
53345
533450
533451
533452
533453
533454
533455
533456
533457
533458
533459
53346
533460
533462
533463
533464
533465
533466
533467
533468
533469
53347
533470
533471
533472
533473
533474
533475
533476
533478
533479
53348
533480
533481
533482
533483
533484
533485
533487
533488
53349
533490
533491
533492
533493
533494
533495
533496
533497
533498
533499
5335
533500
533501
533502
533503
533504
533506
533507
533508
533509
53351
533510
533511
533512
533513
533514
533517
533518
533519
53352
533520
533521
533523
533524
533525
533526
533527
533528
533529
533530
533531
533532
533533
533534
533535
533536
533537
533538
533539
53354
533540
533541
533542
533543
533544
533545
533546
533547
533548
533549
53355
533550
533551
533552
533553
533554
533555
533556
533557
533558
533559
53356
533560
533561
533562
533563
533564
533565
533566
533567
533568
533569
53357
533570
533571
533572
533573
533574
533575
533576
533577
533578
533579
53358
533580
533581
533583
533584
533585
533586
533587
533588
533589
53359
533590
533591
533592
533593
533594
533596
533598
533599
5336
53360
533600
533601
533602
533604
533605
533606
533607
533608
533609
533610
533611
533612
533613
533614
533615
533616
533617
533618
533619
53362
533620
533621
533622
533623
533624
533625
533626
533628
533629
53363
533630
533631
533633
533634
533635
533636
533637
533638
533639
53364
533640
533641
533642
533643
533644
533645
533646
533647
533649
533650
533651
533652
533654
533655
533656
533657
533658
53366
533660
533661
533662
533663
533664
533665
533666
533667
533668
533669
53367
533670
533671
533672
533673
533674
533676
533677
533678
533679
53368
533680
533682
533683
533684
533685
533686
533687
533688
533689
53369
533690
533691
533692
533693
533694
533695
533696
533697
533698
533699
53370
533700
533701
533702
533703
533705
533706
533709
53371
533710
533712
533713
533714
533715
533717
533718
533719
53372
533720
533721
533722
533723
533724
533725
533726
533727
533728
533729
53373
533730
533731
533732
533733
533734
533736
533738
533739
53374
533741
533742
533743
533744
533745
533746
533747
533748
533749
53375
533750
533752
533753
533755
533756
533757
533758
533759
53376
533760
533761
533762
533763
533764
533765
533766
533767
533768
533769
53377
533770
533771
533772
533773
533774
533775
533776
533777
533778
533779
53378
533780
533781
533782
533783
533784
533785
533786
533787
533788
533789
533790
533791
533792
533793
533794
533795
533796
533797
533798
533799
5338
53380
533800
533801
533802
533803
533804
533806
533807
533808
533809
53381
533810
533811
533812
533813
533814
533815
533816
533817
533818
533819
533820
533821
533822
533823
533824
533825
533826
533827
533828
533829
53383
533830
533831
533832
533833
533834
533835
533836
533837
533838
533839
53384
533840
533841
533842
533843
533844
533845
533846
533847
533848
533849
53385
533850
533851
533852
533853
533854
533855
533856
533857
533859
53386
533860
533861
533862
533863
533865
533866
533867
533868
533869
53387
533870
533871
533872
533873
533874
533875
533876
533877
533878
533879
53388
533880
533881
533882
533883
533884
533885
533886
533887
533888
533889
53389
533890
533891
533892
533893
533894
533895
533896
533897
533898
533899
53390
533900
533901
533902
533903
533904
533905
533906
533907
533908
533909
53391
533911
533912
533913
533914
533915
533916
533917
533918
533919
53392
533920
533921
533922
533923
533926
533927
533928
533929
53393
533930
533931
533932
533933
533934
533935
533936
533938
533939
53394
533941
533942
533943
533944
533945
533946
533947
533948
533949
533950
533951
533952
533953
533954
533955
533957
533958
533959
53396
533960
533961
533962
533963
533964
533965
533966
533967
533968
533969
53397
533970
533971
533972
533978
533979
53398
533980
533981
533982
533983
533984
533985
533986
533987
533988
533989
53399
533990
533992
533993
533994
533997
533998
534
53400
534000
534001
534002
534003
534004
534005
534006
534007
534008
534009
53401
534010
534011
534012
534013
534014
534015
534016
534017
534018
534019
53402
534020
534022
534023
534024
534026
534027
534028
534029
53403
534030
534032
534033
534034
534035
534036
534037
534038
534039
53404
534040
534041
534042
534043
534044
534045
534046
534047
534048
534049
53405
534050
534051
534052
534053
534055
534056
534057
534058
534059
53406
534060
534061
534062
534063
534064
534066
534068
534069
53407
534070
534071
534072
534073
534074
534075
534076
534077
534078
53408
534080
534081
534082
534083
534084
534085
534086
534087
534088
534089
53409
534090
534091
534092
534093
534094
534095
534096
534097
534098
534099
53410
534100
534101
534102
534103
534105
534106
534107
534109
53411
534110
534111
534113
534114
534115
534116
534117
534118
53412
534120
534121
534122
534124
534125
534126
534127
534129
53413
534131
534132
534133
534134
534139
53414
534140
534142
534143
534144
534145
534146
534147
534148
534149
53415
534150
534151
534152
534153
534154
534155
534156
534157
534158
534159
53416
534160
534161
534162
534163
534164
534165
534166
534167
534168
534169
53417
534170
534171
534172
534173
534174
534175
534176
534177
534178
534179
53418
534181
534182
534183
534184
534185
534186
534187
534188
53419
534190
534191
534192
534193
534194
534197
534198
534199
53420
534200
534201
534202
534203
534204
534205
534206
534207
534208
534209
53421
534210
534211
534212
534213
534215
534216
534217
534218
534219
53422
534220
534221
534222
534223
534224
534225
534226
534227
534228
53423
534230
534231
534232
534233
534234
534235
534237
534238
534239
53424
534240
534241
534243
534245
534246
534247
534248
534249
53425
534250
534251
534252
534253
534254
534255
534256
534257
534258
534259
53426
534260
534261
534262
534263
534268
534269
53427
534270
534271
534273
534274
534275
534277
534278
534279
53428
534281
534282
534283
534284
534285
534286
534288
534289
53429
534290
534292
534293
534294
534295
534296
534298
534299
53430
534300
534301
534302
534303
534304
534306
534307
534308
53431
534310
534311
534312
534313
534314
534316
534317
534318
534319
53432
534320
534321
534323
534325
534326
534327
534329
53433
534330
534331
534332
534333
534334
534335
534336
534337
534338
534339
53434
534340
534341
534342
534343
534344
534345
534346
534347
534348
534349
53435
534350
534351
534352
534353
534354
534356
534357
534358
534359
53436
534360
534362
534363
534364
534365
534366
534367
534368
534369
53437
534371
534373
534374
534376
534377
534378
534379
53438
534384
534387
534388
534389
534390
534391
534392
534393
534394
534395
534396
534397
534399
53440
534400
534401
534402
534405
534406
534408
534409
53441
534410
534411
534412
534413
534414
534415
534416
534417
534419
53442
534420
534422
534424
534425
534426
534427
534428
534429
53443
534430
534431
534432
534433
534434
534435
534436
534437
534438
534439
53444
534440
534441
534442
534443
534444
534445
534446
534447
534448
534449
53445
534451
534452
534453
534454
534455
534456
534457
534459
53446
534461
534462
534463
534464
534465
534466
534467
534469
53447
534470
534471
534472
534473
534474
534475
534476
534477
534478
534479
534480
534481
534482
534483
534484
534485
534486
534487
534488
534489
53449
534490
534491
534492
534493
534494
534495
534496
534498
534499
53450
534500
534502
534503
534505
534506
534507
534508
534510
534511
534512
534513
534514
534515
534516
534517
534518
534519
53452
534520
534521
534522
534523
534525
534527
534528
534529
53453
534530
534532
534533
534534
534535
534536
534538
53454
534541
534542
534543
534544
534545
534546
534547
534548
534549
53455
534550
534551
534552
534553
534554
534555
534556
534557
534558
534559
53456
534560
534561
534562
534563
534564
534565
534566
534567
534568
53457
534570
534571
534573
534578
534579
53458
534581
534582
534583
534585
534588
534589
53459
534590
534592
534593
534594
534596
534597
534598
53460
534601
534602
534603
534604
534607
534608
534609
53461
534610
534611
534612
534613
534614
534615
534616
534617
534618
53462
534621
534622
534623
534624
534625
534626
534627
534628
53463
534630
534632
534633
534634
534635
534637
534638
534639
53464
534641
534642
534643
534644
534645
534646
534647
534648
534649
53465
534650
534651
534653
534654
534655
534656
534657
534658
53466
534660
534661
534662
534663
534664
534665
534666
534667
534668
534669
534670
534671
534672
534674
534675
534676
534677
534678
53468
534680
534682
534683
534684
534685
534686
534687
534688
534689
53469
534690
534691
534693
534694
534695
534696
534697
534698
534699
534700
534701
534702
534703
534704
534706
534707
534708
534709
53471
534710
534711
534712
534713
534714
534715
534716
534717
534718
534719
53472
534720
534721
534722
534723
534724
534726
534727
534728
534729
534730
534731
534732
534733
534734
534735
534736
534737
534738
534739
53474
534740
534741
534742
534743
534744
534745
534746
534747
534748
534749
534750
534751
534752
534753
534754
534755
534756
534757
534758
534759
534760
534761
534762
534763
534764
534765
534766
534767
534768
534769
534770
534771
534772
534773
534775
534776
534778
534779
53478
534780
534781
534783
534784
534785
534786
534787
534788
534789
534790
534791
534792
534793
534794
534795
534796
534797
534798
534799
534800
534801
534803
534804
534805
534806
534807
534808
534809
53481
534810
534811
534812
534813
534814
534815
534816
534817
534818
534819
53482
534820
534821
534822
534823
534824
534825
534826
534827
534828
534829
534830
534831
534832
534833
534834
534835
534836
534837
534838
534839
53484
534840
534841
534842
534843
534844
534845
534846
534847
534848
534849
53485
534850
534851
534852
534853
534854
534855
534856
534857
534858
534859
53486
534860
534861
534862
534863
534864
534865
534866
534867
534868
53487
534870
534871
534872
534873
534874
534875
534876
534878
534879
534880
534881
534882
534883
534884
534885
534886
534887
534888
534889
534890
534891
534892
534893
534894
534895
534896
534897
534898
53490
534900
534901
534902
534904
534905
534906
534907
534908
534909
53491
534910
534911
534912
534913
534914
534915
534916
534917
534918
534919
534921
534922
534923
534924
534927
534928
534931
534932
534933
534934
534935
534936
534937
534938
534939
53494
534940
534941
534942
534943
534944
534945
534946
534947
534948
534949
534950
534951
534952
534953
534954
534955
534956
534958
534959
53496
534960
534961
534963
534964
534965
534966
534968
534969
53497
534970
534972
534973
534974
534975
534976
534977
534978
534979
53498
534981
534982
534984
534985
534986
534988
534989
53499
534990
534991
534992
534993
534994
534995
534996
534997
534998
534999
535
53500
535000
535001
535002
535003
535004
535005
535006
535007
535008
535009
53501
535012
535013
535014
535015
535016
535017
535018
535019
53502
535020
535021
535022
535023
535024
535025
535026
535027
535028
535029
53503
535030
535031
535032
535033
535034
535035
535036
535037
535038
535039
53504
535040
535041
535042
535044
535045
535046
535047
535048
535049
53505
535050
535051
535052
535053
535054
535055
535056
535057
535058
535059
535060
535061
535062
535063
535064
535065
535066
535067
535068
535069
535073
535074
535075
535076
535077
535078
535082
535083
535084
535085
535086
535088
535089
535090
535091
535092
535093
535095
535096
535098
535099
53510
535100
535101
535102
535103
535105
535106
535107
535108
53511
535110
535113
535114
535115
535116
535117
535118
53512
535120
535122
535123
535124
535125
535126
535127
535129
53513
535130
535131
535133
535134
535135
535136
535137
535138
535139
53514
535140
535141
535144
535145
535146
535147
535148
535149
53515
535150
535151
535152
535153
535154
535155
535156
535157
53516
535160
535161
535162
535163
535164
535167
535169
53517
535170
535171
535172
535173
535175
535176
535177
535178
535179
53518
535180
535181
535182
535184
535186
535187
535188
535189
53519
535190
535191
535192
535193
535195
535196
535197
535199
53520
535200
535201
535202
535203
535205
535206
535208
535209
53521
535210
535212
535213
535214
535215
535216
535217
535218
535219
53522
535220
535221
535222
535223
535224
535225
535226
535227
535228
535229
53523
535230
535231
535232
535233
535235
535236
535237
535238
535239
53524
535240
535241
535242
535243
535245
535247
535249
53525
535250
535252
535253
535254
535255
535256
535257
535258
53526
535261
535262
535263
535265
535266
53527
535271
535272
535273
535275
535276
535277
535278
535279
53528
535280
535281
535283
535284
535285
535286
535288
535289
53529
535290
535291
535292
535293
535295
535296
535297
535298
5353
53530
535300
535301
535302
535303
535304
535305
535306
535307
535308
535309
53531
535310
535311
535314
535315
535316
535317
535318
535319
53532
535320
535321
535322
535323
535324
535327
535328
535332
535333
535334
535335
535336
535337
535338
535339
535340
535341
535347
535348
535349
53535
535350
535351
535352
535354
535355
535356
535357
535358
535359
53536
535361
535362
535364
535366
535367
535369
53537
535370
535371
535372
535373
535374
535375
535376
535377
535378
535379
53538
535380
535381
535382
535383
535384
535385
535387
535388
535389
53539
535390
535391
535392
535394
535395
535396
535397
535398
535399
5354
53540
535400
535401
535402
535403
535404
535405
535406
535407
535408
535409
53541
535412
535413
535414
535415
535416
535417
535418
535419
53542
535420
535421
535422
535424
535426
535427
535428
535429
53543
535430
535432
535433
535434
535435
535436
535437
535438
535439
53544
535440
535441
535442
535443
535444
535445
535447
535448
535449
53545
535450
535451
535452
535453
535455
535456
535457
535458
535459
53546
535460
535461
535462
535463
535464
535466
535467
535470
535471
535472
535473
535474
535475
535476
535477
535478
535479
535480
535481
535482
535485
535486
535487
535488
535489
535490
535491
535492
535493
535494
535495
535496
535497
535498
535499
535500
535501
535503
535504
535505
535506
535508
535509
535510
535511
535512
535513
535514
535515
535517
535520
535522
535523
535524
535525
535526
535527
535528
535529
53553
535530
535531
535532
535533
535534
535535
535536
535537
535539
53554
535540
535541
535542
535543
535544
535545
535546
535547
535548
535549
535550
535551
535552
535553
535554
535555
535556
535557
535559
535560
535561
535562
535563
535564
535565
535566
535567
535568
535569
535570
535571
535572
535573
535574
535575
535576
535577
535578
53558
535580
535581
535582
535583
535584
535585
535586
535588
535589
53559
535591
535592
535593
535594
535595
535596
535598
535599
535600
535602
535603
535604
535605
535606
535607
535608
535609
535610
535611
535612
535613
535614
535615
535616
535617
535618
535619
535620
535621
535622
535623
535624
535625
535626
535628
535629
535630
535631
535632
535633
535634
535635
535636
535637
535638
535639
535641
535642
535643
535644
535645
535647
535648
535649
53565
535650
535651
535652
535654
535655
535656
535657
535658
53566
535660
535661
535662
535663
535664
535667
535668
535669
53567
535670
535671
535672
535673
535674
535675
535676
535677
535678
535679
53568
535680
535683
535684
535685
535686
535687
535688
535689
53569
535690
535691
535692
535693
535694
535695
535696
535697
535698
535699
53570
535700
535701
535702
535703
535704
535705
535707
535708
535709
53571
535711
535713
535714
535716
535717
53572
535720
535722
535724
535725
535726
535728
53573
535730
535731
535732
535734
535736
535737
535738
53574
535740
535741
535742
535744
535745
535746
535747
535749
53575
535750
535751
535752
535753
535754
535755
535756
535757
535759
53576
535760
535761
535762
535763
535764
535765
535766
535767
535768
535769
53577
535770
535771
535773
535774
535775
535776
535777
535778
535779
53578
535780
535781
535782
535783
535784
535785
535786
535787
535788
535789
53579
535791
535792
535793
535794
535795
535796
535797
535798
535799
53580
535800
535801
535802
535803
535804
535805
535806
535807
535808
535809
53581
535810
535812
535813
535815
535816
535818
535819
53582
535820
535821
535822
535823
535824
535825
535826
535827
535828
535829
53583
535830
535831
535832
535833
535834
535835
535838
53584
535840
535841
535842
535843
535844
535845
535846
535847
535848
535849
53585
535850
535851
535852
535853
535854
535856
535857
535858
535859
53586
535860
535861
535862
535863
535864
535865
535866
535867
535868
535869
53587
535870
535871
535872
535873
535874
535875
535876
535877
535878
535879
53588
535880
535881
535882
535883
535884
535885
535886
535887
535888
535889
535890
535891
535892
535893
535894
535895
535896
535897
535898
535899
53590
535900
535901
535902
535904
535906
535907
535909
535910
535913
535914
535915
535916
535917
535918
535919
53592
535920
535921
535922
535923
535924
535925
535926
535927
535928
535929
53593
535930
535931
535932
535933
535934
535937
535939
53594
535940
535941
535942
535943
535944
535945
535946
535947
535948
535949
53595
535950
535951
535952
535953
535954
535955
535956
535957
535958
535959
53596
535960
535961
535962
535963
535964
535965
535966
535967
535968
53597
535970
535972
535974
535975
535976
535978
535979
53598
535980
535983
535984
535986
535987
53599
535990
535992
535993
535994
535995
535997
536
53600
536000
536003
536004
536005
536006
536007
536008
536009
53601
536010
536011
536012
536013
536014
536015
536016
536018
536019
53602
536020
536021
536023
536024
536025
536026
536027
536028
536029
53603
536030
536031
536032
536033
536035
536036
536038
536039
53604
536041
536042
536043
536044
536045
536046
536049
53605
536050
536052
536053
536054
536055
536056
536057
536058
536059
53606
536060
536061
536062
536063
536065
536066
536068
536069
53607
536070
536071
536075
536077
536078
53608
536080
536081
536082
536083
536084
536087
536088
536089
53609
536090
536093
536094
536095
536096
536097
536098
536099
53610
536101
536102
536103
536104
536105
536106
536107
536108
536109
53611
536110
536111
536112
536113
536114
536118
536119
53612
536121
536122
536123
536124
536125
536126
536127
536128
536129
53613
536130
536131
536132
536133
536134
536135
536136
536137
536138
536139
53614
536140
536141
536142
536144
536145
536146
536147
536148
536149
53615
536151
536152
536153
536154
536155
536156
536157
536159
53616
536160
536161
536162
536163
536164
536165
536166
536167
536169
53617
536170
536171
536174
536175
536176
536177
536178
53618
536180
536181
536182
536183
536184
536185
536186
536187
536188
536189
53619
536190
536191
536192
536194
536195
536196
536197
536198
536199
53620
536200
536201
536203
536204
536205
536208
53621
536210
536212
536213
536214
536215
536216
536217
536218
536219
53622
536221
536222
536223
536224
536225
536226
536227
536228
536229
53623
536230
536231
536232
536233
536234
536235
536236
536237
536238
536239
53624
536241
536242
536243
536244
536245
536246
536247
536248
536249
536250
536251
536253
536254
536255
536256
536257
536258
536259
53626
536260
536261
536262
536263
536264
536265
536266
536267
536268
536269
53627
536270
536271
536272
536273
536274
536275
536276
536277
536278
536279
53628
536281
536283
536284
536286
536287
536288
536289
53629
536290
536291
536293
536294
536295
536296
536297
536298
536299
536300
536301
536302
536303
536304
536306
536307
536308
536309
536310
536311
536312
536313
536314
536317
536318
53632
536320
536321
536322
536323
536324
536325
536326
536327
536328
536329
53633
536330
536331
536332
536333
536334
536336
536337
536338
53634
536340
536341
536342
536343
536344
536345
536346
536347
536348
536349
53635
536350
536351
536352
536353
536354
536358
536359
53636
536360
536361
536362
536363
536365
536366
536367
536368
536369
53637
536370
536371
536372
536373
536374
536375
536378
536379
53638
536380
536381
536383
536384
536386
536388
536389
53639
536391
536392
536393
536394
536395
536396
536397
536399
53640
536400
536401
536402
536403
536404
536405
536406
536407
536408
536409
53641
536410
536411
536412
536413
536414
536415
536416
536417
536419
53642
536420
536421
536422
536424
536425
536426
536427
536428
536429
53643
536430
536431
536432
536433
536434
536435
536436
536437
536438
536439
53644
536440
536442
536443
536444
536445
536446
536447
536448
536449
53645
536450
536451
536452
536454
536456
536457
536458
53646
536460
536461
536462
536463
536464
536465
536466
536467
53647
536470
536471
536472
536473
536474
536475
536476
536477
536478
536479
53648
536480
536481
536482
536483
536484
536486
536488
53649
536490
536491
536492
536494
536495
536496
536498
536499
53650
536500
536501
536502
536503
536504
536505
536506
536507
536508
536509
53651
536510
536511
536512
536513
536514
536515
536516
536517
536518
536519
536523
536524
536525
536526
536527
536528
536529
53653
536532
536533
536535
536536
536537
536538
536539
53654
536540
536541
536542
536543
536544
536545
536546
536548
536549
53655
536550
536551
536552
536553
536554
536555
536559
53656
536560
536562
536563
536564
536565
536566
536567
536568
536569
53657
536570
536571
536572
536573
536574
536575
536576
536577
536578
536579
53658
536580
536581
536582
536583
536584
536585
536586
536587
536589
53659
536590
536591
536592
536593
536594
536595
536596
536597
536598
53660
536601
536602
536603
536604
536605
536606
536607
536608
536609
53661
536610
536613
536616
536617
536618
536619
53662
536620
536621
536622
536623
536624
536625
536626
536628
536629
53663
536630
536631
536632
536633
536634
536636
536637
536639
53664
536640
536641
536642
536643
536645
536647
536648
536649
53665
536650
536651
536652
536653
536654
536655
536656
536657
536658
536659
53666
536660
536661
536662
536663
536664
536665
536666
536667
536669
53667
536671
536672
536673
536674
536675
536676
536678
53668
536681
536682
536684
536685
536686
536687
536688
536689
53669
536691
536695
536698
53670
536700
536702
536703
536704
536705
536706
536707
536708
536709
53671
536710
536711
536712
